-0.246478681186706 -1.24970729798639
-0.667346186149549 -0.929791755997003
1.68470323575197 -0.564114682386942
-0.0862453440402544 0.500195391889386
-1.95955495461712 -0.301184511552913
1.17898707070453 0.275725466610147
-0.809469002600179 0.963634732678647
-0.946083983516892 -1.16799410614201
-1.3205131892282 -0.154100375383857
0.71354338808103 -0.22399598069409
-0.618561381657935 -1.5630296323501
0.235452137044057 -1.03823421445459
-1.1128122143844 0.362302474881923
-0.406552297213783 -1.55735387435665
-1.27706037187299 0.202778979412557
0.803862674849928 -0.549239218027949
-1.3279586355056 0.124887452789229
-0.0371055582078136 0.457911396353281
-1.35286467346524 1.03586233035258
1.8619923053109 0.982585842115935
1.2406161611481 -0.879918294457951
-1.70145409806558 -0.791462566090047
-0.510500950131956 0.37575832897421
1.24181863854429 0.145140461872922
-0.653215831415584 -1.12031976325374
0.194081336759928 -1.12572722214443
0.994041305752236 -0.367303796302864
0.708459900774981 0.0623853121092697
0.0466949433302117 1.86000071368422
0.430991681292567 -0.619023322698822
0.105953345496807 1.36051872951086
-0.27092248960913 -0.724777527831167
-0.00950681638880804 0.599119790177236
-1.08554033259393 1.92887124129433
0.5698617556671 1.97438701727412
-1.16823920938994 -1.13733240605872
0.188052276356082 -0.97059002140594
-0.791287419185004 1.57324194397217
-0.199273557738616 1.38844229852185
-0.0573405790510005 -0.516358139453908
-1.27292617452735 -0.411329800895669
-1.84121731756129 0.928346898883964
-0.936605327257647 -1.45886511195941
0.384091865907563 0.0907314006566646
0.356710427009079 0.0161051954173005
0.175025750310547 0.510126479660205
-0.114143408422761 2.05818281182151
0.548885701412358 -1.75796810024606
-0.246897132411332 1.80871511185575
0.391775121698028 -0.938570621331639
1.6021980019229 -0.325778763924818
0.0490088535262355 -0.707810776642702
-0.34153142130246 1.26182398681035
-0.724475853805001 0.774926185456532
0.157963181496372 0.44814336820613
-0.00229132348884206 0.0124933139000876
-0.0585144101901209 1.09707321997837
-1.36862269549544 1.03715857986217
1.07605182787031 -0.564105115183109
1.1488383598512 1.1350490484491
-0.140121255035764 0.308995429462811
2.88509407034656 -0.336565305035993
2.33062273480368 -0.0996764118271704
-0.871451179649986 1.60262319891901
-1.20591146765938 -0.9289371335469
0.0550887489512165 0.119801216859015
1.73914535499211 -1.24169011846803
-0.737111932790619 0.983168195968329
0.174216016400626 1.03477244722176
-1.43528517972842 0.00579892450463081
-0.105404522297434 1.59292927797347
-1.24088293478459 0.659585696536287
0.301301115383206 -1.33926328400788
-0.11273477512874 2.63878806909215
-0.643471062945249 0.255273726978549
0.15195445963172 -0.314949276579483
-1.35574228475995 -2.10790697280452
-0.329927123006763 -0.583866529585437
0.908386646232907 0.890879372103584
-0.364400354590359 1.47567429661033
-1.07199543668443 0.245658990011249
-0.718936000262043 0.228810380439319
1.39189083899445 -0.262065539197363
0.906240489055714 0.349365143341437
-1.94326989237894 0.909080885265825
-1.270326201891 0.0953506812088571
-1.50489299186406 -0.954769104927861
-1.06384584138482 -0.180839971556119
1.84543081419068 0.268904992396392
1.45920937830174 0.705039529860437
2.07653826736633 0.822953023459814
-1.05423109602941 -0.437319080283957
-0.156909884464848 0.262126563359017
0.00729118121966482 -0.389763954365051
0.688035084179421 1.91270546036562
-0.964975762696457 0.513051222357961
0.043497803061967 -0.767253925016953
2.42590633218521 0.0797760109460051
-0.329244104606624 0.0108681448498856
0.338320207943319 0.450454344181216
0.0169558298860498 -0.918897047027434
0.800496853658692 -0.355777849895823
-0.778491469221906 -0.530300628672054
0.0167455249576937 -0.23169440592062
-1.66721186465295 0.0339221601885568
-1.55847951334581 -0.233781811755381
0.650558001880146 0.379680616283569
-1.19627119248978 -0.978320256969944
-0.0883916678024751 2.25697006648078
1.39325689221205 1.14328368092954
-0.634763902372445 0.385872823312949
-1.57462440364409 -0.385305022146699
0.719535527594952 1.13808751366195
0.442229762397998 -0.990866148091754
1.52401769331771 -0.4450347768504
0.902138542115401 -0.715262156669074
0.140465633370112 0.445939737967321
-1.73091610409681 0.434850483874312
0.3052356472096 2.35926520617126
0.0823919810022991 1.05375975968999
0.0820214559289306 0.420432176758406
-1.43851074823758 -0.161581239280184
1.21797783360638 0.422649452783469
0.239135816921772 -1.33929032970193
0.244026638882799 -0.319254735711229
1.18969695824453 0.950467761800613
-0.768748962449573 0.740282872306095
0.493519325365879 0.165181208383182
-0.79316827665333 0.110619526062341
1.64844818085644 -0.370428899325176
1.46129424473 -0.340703465317815
0.950776819418392 -0.0858707434393529
0.212041542145674 -0.261687255139781
-1.2664071271123 -0.130729823233712
-2.3287462183618 0.362939349737762
-1.60377208561336 0.224189462351001
-1.2332564391035 -1.16235923593348
0.498331710441408 -0.0889645225597333
-1.2439782603194 0.329570132870795
-0.514541243941544 0.669523885251456
0.432031669786746 0.20054484545709
-0.191280985487408 0.313017216276804
1.78906735825369 -0.394548306641026
0.247637217939077 0.745667491593873
0.0208907960926036 1.49203998553484
0.113536380082852 -1.92232890434826
1.19755974783414 -0.0726135853055407
-0.472970226070842 0.664298391774186
-0.118994503889335 -1.10448410839047
0.63710527720113 0.554741065117483
1.05298121490596 -0.960423158288368
0.99343812658291 -0.223870910698708
0.753181521005181 -0.846663570925071
-0.917644346746747 0.962174012689849
-0.336836799749709 -0.912434831154771
1.15715913479501 -0.610523074197358
-0.930325679366534 0.8490052021609
-0.150247464784825 0.177702407532471
-1.42571386911335 -1.41255302775562
0.362154161162614 -1.68480974571275
0.935715600826596 -0.0830220278557928
2.01817598502806 1.18411727236046
0.113788490599841 -0.248973933729869
-1.03451199770435 1.11623419089468
-0.796219807520653 1.27816265313108
0.245429395267992 -0.131342677412145
1.08676548324896 -0.172378239738388
0.541924776100557 -1.82630733654345
0.748272271283751 0.0869042274196978
1.0649087872348 -0.845513512939154
-0.471071456046394 1.10312324743305
0.913614162930053 1.22676706666792
0.870597865072509 1.1709268154402
-0.105479838014237 -0.0616422218153246
-0.482562207665675 -0.222252820803124
0.493853576707623 -0.531359389659541
-0.360915054869656 0.663009565822979
0.141219216794641 -0.241224756343953
-0.047734133208842 -1.80523310182879
0.423841303236173 2.1709985603784
-0.123730445263378 0.570305534381532
-0.440032069569347 -1.70418942887516
1.57000051368356 0.515160160087607
0.740087754313441 -0.296691886343336
-0.34399537540819 0.51523261480356
2.50200180299487 -0.788006976707345
-0.404753931890117 -0.367513773976159
0.197375076013476 0.196017859281554
1.63275964938456 0.433425440359378
0.9016555342502 -0.626052298028425
0.0846651956777351 -0.0633694479774909
-0.0616888159040809 -0.2662402825941
0.503487665370729 0.0851080038107462
-0.259384506093547 0.644863376419118
1.03874094911235 0.964842181663698
0.223488067959041 0.381900463117278
0.239551888866997 0.612912598141688
0.77673175407221 0.186502800412001
0.772690103966726 -0.130633196340761
0.352168548413496 0.888781059848967
-1.92620584346318 1.03283598886918
-1.23367779249929 2.22164180760679
1.64689371641704 0.201269741557228
3.05023642894985 -1.59881375186924
1.06195014710979 -0.84489719884523
-0.147353192756634 0.892484108703777
-1.17882716731867 -0.763546521587502
-0.12767166528565 0.351305818136394
-1.01325397117107 0.8011672477179
-0.311144280781873 1.49775463393659
-0.983569501174213 1.61830768880552
1.55914906906124 -0.445795248817421
0.201602319828109 0.49852190115802
-0.522084999648792 0.712611845925852
-1.40572746575515 0.623690651718644
0.203333614259589 -0.367832510234519
0.359221421865969 -0.543241831347691
-1.27734167907026 0.342081691737683
-1.98265541360401 -0.576301051375256
-0.985837252587841 0.860707709494321
-0.331421177857549 -0.324038784228257
-0.76287909200859 1.00157053186306
-1.86616303763756 0.616330665614217
0.163429722702178 -1.25577237240472
-0.448737177364608 0.549119995766737
0.295109286163895 0.178942893386156
0.795050877272041 -1.18340070049729
-1.36359500045411 0.169712440678815
1.48812174015828 1.39849708286977
1.06170644304879 0.256131841461628
0.0268488359673446 -1.07508563527861
0.777270196838608 -0.841826887044524
-1.59003621833445 0.10974054250629
-0.1779140687086 2.1293912501621
0.748526605314821 -0.247536444424853
-0.651165895858255 -0.908503231965608
-0.337674453691062 2.10507610178709
-1.17397544258771 1.10952088379815
-0.642336000594535 0.56875684870342
1.12641976651175 -0.493335957637337
-0.639701203370176 -1.12914778126058
0.960566176964348 0.0654577623599427
-0.0124641118713939 -0.731141747092022
-0.200791271150587 -0.399556139341001
1.4509052397565 0.674452321309006
2.04798883091627 -0.972430786310373
0.338732389247239 1.37249411971921
-0.85771346792519 1.86876407794868
0.21041582304447 -0.196797116296475
0.0438455265479149 -0.954922086374268
-1.22724444834913 -0.115707033012337
2.53449985337454 0.950206565872518
-0.38815052679676 0.389020104777447
-0.819198279245403 -1.51783853716696
0.772600695267141 -0.160388124256424
1.63443597063336 1.43303793061099
1.97666490958204 -0.562253858313545
-0.318054616641481 1.4359675290521
0.131779682595785 -1.20086899397987
0.863262349401264 1.20251364477361
0.589529253952939 -0.155783246152727
-0.921176468838707 0.46757479474334
1.12014624855661 -1.49393428361653
1.83871728881244 0.519279950388265
-2.72262301535621 -0.41995215824159
0.459605567767048 -0.203058105664437
0.47289934845278 0.345137575320346
-1.11449592005245 0.23193574223751
0.826488228077723 1.31902092759753
0.10218772559052 -0.107816612287593
0.287590489135905 -1.06775167892492
0.87818845336361 -1.8093612139892
0.202968649821544 -1.49883401124296
-0.386118456711865 0.232628964604622
1.19094946568596 0.761754945350491
-1.12105563017443 0.674780344545731
0.684533677958161 -1.49968315887046
-1.46518308990059 0.819722030135061
0.0961706936633737 1.37272254816537
-0.942264164623429 0.40806402862632
0.195799543756497 -0.309928271258799
0.272652477587352 -0.9525703870895
-1.26813381007748 -0.029118670109369
1.25311936745246 0.231028044605153
-0.202481190918817 -0.146905991855902
-2.28964331911276 0.157942275902672
-0.634851531216786 1.00201766175631
0.439885959157289 -0.249332205083643
-0.054769931261996 1.33174718968582
-0.465221180626641 0.409391211790179
-1.05392460620264 1.15869319596001
0.180549175037431 1.41250721881185
0.316106628788795 0.568881871473869
-0.809526606766864 0.0596616836954912
0.0931440478731245 -0.303962442393253
1.64231286624233 -0.318432381669223
0.278195582387215 0.0080346000658113
-1.06077577275061 -0.664460396748904
-0.356111470944726 0.995161022951329
0.158990178388632 -1.56092029977732
-0.413087971315448 -1.50026091404202
-0.549335401469344 1.20635394059703
1.36622893968654 0.730346923310846
-2.2515152464338 -0.322437358540525
-1.03414110352275 -0.148198627080443
-1.10943940641997 -0.444251697467982
-0.569504474619588 -0.475394970099319
1.14266211327 0.401599225969369
-0.285954691564095 0.679657575726935
0.00466590000340239 0.0934955666002056
-1.19770679733968 -0.0731407253951266
-0.610901290310409 0.451688375222225
2.23521139660023 0.779356087934919
-0.0594751997819742 2.78773672832542
1.34365005720804 -0.512342592682808
-0.432749268116285 -0.863945218529194
0.513882536844988 -1.25692559081553
0.445468103241857 -0.025921877657872
-0.187028947702433 -1.28357837915698
0.782553254402346 0.0606050606898274
0.00146741202048961 -1.46162353884332
-0.825961206753841 0.998438583155992
0.0825036760883071 -1.89523458127145
-1.03094885011394 0.97790273916367
0.0725463328536219 1.21603597756756
-1.066252070793 -0.9809127679186
-1.220001477974 -0.039216229868395
0.324727428695783 -0.836967340293535
-1.44122160856573 0.651865080598122
-0.641307438546684 -0.950027029017561
0.222500479418775 -0.00616862659244505
-0.0679472569166268 0.590387737363576
-1.07101272266142 0.245055367121438
0.404756454611147 0.542655001607244
1.02216934272716 -1.40621454250584
-1.35477801331533 0.583870127964191
-2.21097568586749 -0.418451775938059
0.530634064060196 0.945344642369067
0.350799751990465 0.962579034649714
0.124918133007861 -0.369541844371114
-0.949644506675353 0.0620785391973724
-0.467855927038366 0.072748229065439
0.634075803791791 -1.11179622521592
-0.438317134534346 0.248409150538435
1.89307254428339 0.139253256976165
-0.83802726498989 -0.0205621109901414
-0.16959931471123 -1.47339814996474
0.62566462124582 -1.08705084608783
0.430199922647835 -0.275141538007466
1.35367971023376 -0.780350678711576
-0.481782075065504 1.42780960959405
0.963571707551457 -0.0871144430770959
0.0192760991839969 0.425492968647961
-0.34888104745156 -0.139208030938623
0.940438352541776 -1.41309684864421
0.750467610914002 0.12987663486508
-1.11242558774558 -2.18747577804686
-0.526414935166709 -1.75107261728651
-0.307790184764596 1.41255259046722
0.913372851672551 -0.311410649285709
-1.01431561548959 0.462816141019415
-0.578686020507816 -0.928716707778475
0.76794427556611 -1.4739818601895
0.0759078034999226 0.100392409686866
0.596408175970132 0.710281136190079
-0.178265640428347 -0.112846828257946
0.394311594787715 -1.14448245143043
-0.137309422188075 -0.180660972304045
0.449005681504404 0.490107245335685
1.72129054785566 1.61709605823775
-0.98177217697253 1.48707353037863
0.748875725784358 -0.170529103953679
-0.262291722767332 0.0259224993766087
1.48341880289288 0.126426538759689
-1.77918410091177 0.471595285726271
-1.77000990572514 -0.0975951512140936
0.0888418518736187 0.233482887846984
-0.77790099159217 1.12631462342073
-1.77810523514975 -0.312004492412238
-0.662832677300064 1.7224021789474
-0.512685455150979 0.480478940000421
-2.13172672891127 -0.689647045479516
1.93505496931193 0.18216837884699
-0.518204594517303 0.606297120799485
-0.436545634221586 -0.868872754593147
-0.551487419289372 -0.895455442680206
-0.288913148438138 1.32943034812976
2.06763540604636 -1.21621578536734
-0.633600716496797 -0.477156578242312
-1.2575543644551 1.10148282566234
1.16411914712574 2.94776318862602
-0.886799128336495 0.562939780180567
-0.783471682989215 0.658255033545667
-1.61374956320991 -0.172770071001275
-0.428963212784286 -0.653441417177067
0.575203262858256 0.692651580029214
0.6299885432227 0.112620018457638
0.519939629377983 0.619526405938815
-0.133688392317396 -1.42974776032063
0.0139237455845616 0.340338382381782
0.272918866569085 -0.714281242069451
-0.23915763129633 -0.344137606278272
2.10659257821252 -0.478543452442588
1.52339023462308 -0.96985310158131
0.659181293821699 1.45440627520674
0.408400660554342 1.72176876033086
1.10695236922283 -2.24988829444618
0.653046588498873 -0.972088890139947
-1.04494684103759 -0.163571291298043
-0.881745695044516 0.441313980983795
0.0544214786429875 0.702987713073449
0.0160061066731223 1.92057104161553
0.136239612758354 -0.248161427322378
0.709434079637384 1.1748413787004
-0.974068855078167 -0.186991469358355
-0.127240007856122 -0.0467542797386605
-0.156369951643282 0.570929620403556
0.589289306249384 -0.391085741124491
0.14328180526924 -0.380676675433164
0.246994043426445 -0.759035067220231
0.53609792351707 1.86751433960183
0.159612732679065 -2.00066084420688
-0.703620215290438 0.990679450110885
1.1177918203995 -0.780795272654421
-1.02172859886829 -0.109218257356675
-0.305588879480689 -0.0723533480165653
-0.0960186088451439 0.70815384539818
0.0944500708735651 0.0496819277240082
1.38405783900305 1.33042550756596
1.64315334199108 -0.88976292145036
0.408297124700393 1.38787747029724
0.0157275159848967 0.305472410429311
-0.626540350098241 0.542328224083511
1.80773893388199 -0.581015464186523
-0.284575223304996 1.09128247122955
0.805485320227157 -0.0971436801633406
-1.16247308910773 -0.00757228171656066
-1.39733631122113 0.258731932340474
-0.471522599598029 0.528816566278351
-1.43806096955129 1.42159471784913
-0.843252253685418 -0.0153162625156625
1.07291200739983 -0.327507698522451
-0.692024472049961 -1.16952297227985
-3.02696930913851 -0.386490898333594
-0.970205575173722 1.93156208724144
0.612453290410081 -1.00111463341632
0.775418996732379 0.0771922397862491
-0.0707360436865434 -0.853447863521984
0.0873181344920211 -0.901621641645987
0.539068568037825 -0.714759272562797
-0.80052938814412 0.150262298931383
-1.27507622285461 0.211814764640531
1.34031485206761 0.222813059677193
0.69586217852911 -1.35238420557576
1.44869968261697 -0.948565334564322
-2.0674089944961 1.85158964581688
0.327157524478642 0.0771943487551275
-0.574932301342595 -0.165770509666688
-0.568299234658378 0.90774744206794
0.235678216696462 0.715067349188036
1.01858079000951 -0.138488287271221
0.13164411854468 0.941887094119528
-0.502717378493638 0.250652708554548
1.09103152826244 0.212167472323901
0.308987294508906 -0.146661971107496
-0.818813282797419 -1.44017026860185
-0.459224786694918 -0.370241558783141
-0.0521357363351708 -1.86508318225279
0.949366255050568 -1.10702701617215
0.766639246812142 -0.379461447739995
0.173199408888671 0.227028640273083
-1.1227274646375 -0.488239700398742
-0.25429500073222 1.5749871586791
-0.310255658973177 0.399127256900598
1.24810529271111 -0.743098213155913
1.47873543561723 1.53397464012812
-0.709102933707956 0.330651823445678
-0.327190428543804 -1.61218846579357
-1.99094640614185 -1.78046198780122
-0.536013920900186 -0.729795852213085
-1.24044934200385 -0.653062555176078
0.0294083525364387 -1.25345832058027
0.783066152213856 0.640835204786143
-1.44594148904389 -3.1218432669562
0.640686741639908 -0.712715770451183
0.937408256726207 -1.48019726964754
-1.31383119452182 0.334178073085363
-0.0754715038325857 -2.04322610153479
0.152902177991181 -0.0699897156399722
-0.493007894835162 0.601870904115457
0.7093977662531 0.266418835365482
0.406461023872968 -1.28780169525206
1.97583916880327 -0.0600800288012762
-1.47390726983569 0.336833558995752
0.916376857953851 -0.53903900060723
-0.901003085165814 0.710960121817877
0.790166076688291 -0.238911973447094
-0.70164579572116 1.10912570334377
0.314463417394348 -0.788838570573732
0.160071708953115 1.47877811579201
-1.90447464950195 1.43239333992994
-0.272318518545391 -0.200516114828555
-0.255064692999907 0.554494240069644
-1.56811009756699 -0.311835598790403
1.43810634558652 2.14093276791442
-0.654339428377348 -0.0789438242341156
-1.12407232861266 -0.715687292850743
0.758964285715125 0.0777440991984574
-0.212303038547098 0.212866679156749
-0.905348288067231 0.677567972405458
-0.212827148046692 1.14595983761628
1.43232735306789 -1.91278610196735
0.58510773061149 -0.0984587883787157
1.22912581287338 0.0107924314585538
1.0464350294458 1.26723067617473
-0.506769944695315 -0.68689931581419
0.758213308140045 0.980085894504093
1.3454619235979 -0.728321334879944
-0.330162104315397 -0.655596384431762
-0.135031656950484 0.194134655006189
0.822920958676855 1.41014233612466
0.372908934176643 -0.303427992992064
0.553928124266527 0.186728387905198
0.712602627429981 0.844007447863267
1.2761908843936 0.925264331084541
-0.867182221564484 1.57422551716153
3.12659934636394 -1.4216150908269
-0.267810341787358 0.327772423275432
0.733016505581491 1.28714149445211
1.06081214970835 -0.906508592498213
0.528831664576585 0.928816740903209
-0.101045987000843 -0.106362356585211
-0.935941143045866 -2.03633868845213
0.0519660112213524 -0.11768103799316
-0.358503596984926 -1.00619163136669
0.100518775273836 0.521425002383283
0.883639520372469 -0.808021502413849
-0.0693533324614193 -1.39797589511819
0.466719667092638 0.179273469361596
1.83253048773015 -0.867615384664788
0.520833199739323 -0.185768710050665
-0.214073704174473 1.35417811759872
1.65560006934656 1.83986605366125
0.919558613512278 -0.440273451456899
1.68120311534891 0.330882673070304
-0.125312920341158 0.209138305495408
0.117354212193833 -1.18871590617434
-0.136284350394895 0.935063229932699
1.13262015819018 0.525125297109003
0.539608413764841 -1.20405591338058
-0.672737140271313 0.834081994122579
0.120640372656461 -1.2382823438531
1.6764609262207 -1.08085839855635
-0.181434767286241 0.225106806321967
1.41759274364224 0.320794972523707
-1.04932751014999 -0.629315653550697
-0.746351286831277 -0.0279876861032409
2.51936248829694 0.271751518810524
-0.933875289835521 1.18822349497532
-0.923618491966017 0.537975652808221
-0.381559087208159 -0.29096300201557
-1.58632454364186 0.89702825481906
-0.63499337552995 1.35268815733275
0.629534992441793 1.38906028695353
-0.166298038060317 0.171467366736571
0.64395357153528 -0.839299459079678
2.01244464118796 -1.1132323585019
1.21543623854225 -0.62101955172214
0.316002444357897 -0.362682167524021
-0.93120803554412 0.675275344629106
1.99367015956251 -0.0995233681508795
-0.611666154312421 0.350268435581926
1.26291959255036 0.0134543981299671
-0.688307979786232 -0.387784292432002
1.30932185562461 1.38512067718215
-1.09304345988778 1.88908806666094
0.039372199059983 0.758819941570632
-0.83451565713472 -1.01789519268412
-0.125320402742456 1.52612401839528
-0.993445548348043 -1.0168244949133
1.22870792362331 1.24207288580932
-0.133004712851445 1.41437571860302
0.147830764791099 -0.087587514858849
-0.4820369743935 -0.371786901015474
-0.46490380648404 0.88692040892261
0.904109656386147 -1.31848058774279
1.12979103129487 0.720744841534477
0.402896318617434 3.65851259094726
-0.0391447050799365 0.512562834859033
-0.182937718585491 0.274193009836005
-0.117258061904295 0.824535318500384
-0.0591351630031003 0.153489559852277
-0.20666618538068 -0.422280448963607
0.493526625788704 -0.76140160300398
-1.82385798984798 -0.373673162061659
0.846444753265828 0.0513663754333545
-0.216383603920132 -1.13919627391112
-0.220584227647844 -0.165045274981841
-0.210461427032161 0.925880379206883
-1.17287922138698 1.52177121585472
0.676377789376787 -2.00452484789136
-0.983930739184866 -1.00603308078691
-0.503781034825881 -1.19543568288087
0.823731209860996 -0.521726129595889
-1.05936734675564 0.625285891618807
1.36161908370465 -0.898728556550579
-1.00684799953405 0.938127729718021
-0.18090258947832 0.719480913615674
1.05616891562228 -0.8506067645833
-0.0236478707097972 1.18607255682716
1.37633175869813 0.275806456945167
-0.0159899901065472 -0.945818054739568
1.51451470218841 1.28485882069604
-0.728132040117198 -0.549978031490304
0.570385951479062 -2.15467118671678
-0.798538706404459 -1.91066505461225
1.32489922342134 0.0236838887651041
0.638505075851863 -0.315787828524972
-0.0257699709481127 0.781488479048914
0.95614186286007 -0.429986855964085
0.111772657972914 -0.33406980443544
-0.312533661752669 -0.11042180947294
-1.14309692081405 -0.0903077679797838
-0.58706017764014 -1.14855047253959
0.312378789895419 -2.74725585162991
0.699299647174294 -1.14353596082796
1.47469624581892 1.22690953583613
-0.849687355593494 -0.00124672375176127
0.739853201004018 -0.96275473165617
0.239330238585684 -0.198862648999875
-1.7858244551612 0.494093428960011
1.39298740405255 0.138193269237001
0.357954299824126 -1.03090230619386
0.480287796610048 -1.42674191056124
0.552396749037382 1.29325476573854
-0.494837926247657 0.966455227196531
-0.108309270543339 1.65147905262379
-1.28345828849084 0.900441628799315
0.569146520092493 -1.82074777340914
0.735648382830197 -1.54095864422261
0.239466998390771 0.0455441172454358
0.102467977574034 -0.261114708463922
0.0315031844712106 -1.50108240199117
-2.85297785082536 -0.561406109885592
2.0796787293648 0.831237723457972
1.41128434627055 -0.301949554228333
-0.0491207831316072 0.62210621440047
1.50205307840641 -1.43337513745782
-0.59370166223626 -2.26629761466009
-0.226896204269515 -1.52252286937394
-2.14003255164094 1.04421535641107
-1.4776683173903 -0.382382611573112
0.965084789905444 -1.7010286622456
-0.771413092990258 0.557840082798009
0.288555525691764 1.39124506139747
0.44619610656552 -0.67014895671916
0.446025134315366 0.208733832714299
-0.596974467746467 -1.89839390340626
0.293781053915719 -0.113326000759303
-0.478169303403124 -1.16902901471625
1.08935355735358 1.32100565596379
-2.18170988072535 -1.91770274083989
0.640425477203687 0.982935975705434
0.463208557228548 0.423058808376276
-1.04884996549683 -2.36184889396507
-1.10181664063243 0.247678448469509
-0.961484904948173 -0.129738469747978
0.69026076822806 0.253570202750002
-0.0735482597503804 0.929055398592387
0.113432856493253 1.49046182378718
0.738522441785629 0.386983099978571
0.912054800289719 -1.52186803404358
-0.556189523158386 -0.159159257860508
1.25366772748704 0.314985286851875
-0.590416060394462 0.520111312005763
-0.152981489517019 -0.585479226940025
-1.00342922200548 -0.274866895461674
0.756581135860626 -2.71492596221611
-0.283117445191695 0.0499049684346838
-0.833036555907513 0.648823797916075
-0.912304796283199 0.64111867159667
-0.90521125619713 -0.227447051941695
1.41247907956783 0.857880654497981
-1.38840480013753 0.122822198458066
1.39566536887178 -0.781335813994999
-2.040850151061 -2.25323255443999
-0.145638511623894 1.35054801502797
-0.945232943694389 0.0453005859807368
0.706787474782366 2.04507502750739
-0.647793158552456 0.138817590913352
1.02922239000827 -1.21977862168844
0.472367248599924 -1.12855190896237
-0.415505214904294 -0.492925243090915
0.361447694226519 2.09233549763326
-0.512321242123924 -0.392672995537588
-0.0271786376704737 -0.0862899521337807
0.448887309862049 1.56661455787519
-0.00714994163264351 0.147477303960322
-0.144992829338366 -0.975971295131115
-1.82390775772399 -1.717206786538
-0.43841712148048 -0.666905367275757
-0.127267953229436 1.0688711654321
0.868262572742405 0.820590135316355
0.838195302511764 -0.0788923949510321
-0.679974108339637 -1.05337362701106
0.686552389965774 -2.04664940339816
-0.183742102321566 0.480124429289961
-0.00210645497959661 -0.251123460319715
-1.37369481552646 0.677165993544867
2.16195022896004 -0.973924867189565
-1.26160961284784 -0.733974997492869
2.00135998674456 0.914086217807094
0.550094507234465 -0.423700327549313
0.654147770717833 -1.55004425511895
-0.998660851972002 0.396777152419834
0.060178385472977 0.143362324339986
1.5562249981438 -0.446854344954247
0.144159437721806 0.952512363988824
0.590695858219154 0.483534659100317
0.368432674634937 1.44334126880218
-1.0126953139771 -1.99475952134394
-0.0471484860951654 -0.856399468567708
-0.290182410373357 0.667878698860396
-0.391951715287737 0.869397264915772
-1.2946854219948 1.14150592536396
0.297754667332947 0.0972197402056988
-1.45491597242705 0.0558558420528997
-1.50318631221097 -1.3754093446948
-0.19022662228569 -0.780081827583968
1.38669949241446 -0.232143308298908
-1.09843548423874 0.645002803342147
0.0179853133196719 -2.50574231430904
0.531381630122873 1.75459364256625
-0.815744031634826 -0.00158874567853118
1.12740101324389 -1.14447125709577
0.235294862275493 2.48134084440519
-2.87196760718268 -0.423215464280558
0.663017711606917 1.08091975712472
-0.919084903682827 1.50283414744344
-2.41479391767188 -0.626004398510486
-0.992166338004824 -0.303249078780867
0.0481577847403468 0.157846062383537
-0.283131967476308 0.250759480418917
-0.245142819014756 0.756277756134294
-0.681497329259413 -0.281894790481409
1.43521291107949 0.346921377954926
1.60429945845124 -0.102062066790693
0.00827544192765219 -0.357766447115808
0.268677703800621 -1.04449579364156
0.335733953795727 -1.66172713183632
-1.06292160285504 -0.579426415807297
0.877658822577672 0.970547430186957
-0.881725988401254 -2.62846741808713
-0.788209018662996 -0.464372448295501
0.66882581950551 1.04814487838391
-0.779412003167501 1.33526246129108
0.479923672433579 -1.39466945072276
0.883322358319357 0.466718268328283
-2.33029723476647 1.19759671843724
1.98825966697702 0.115610551375595
0.387186073793782 1.98809586755283
0.902964803453855 1.00881307931713
2.04085422816379 -1.29668668859875
-0.0923934195210964 -0.817546151950296
-0.605752363835415 -0.339309333849385
-0.732185013020263 -0.481081216240744
1.65253641570766 0.140255392442719
-1.58215971080824 1.36881062274016
-0.192708083732945 1.57119583963424
0.778252041934945 -0.0607589471957552
3.2538391972481 0.172184090214242
-0.368577077890191 0.370936226454898
1.32914243717328 -2.60656127398942
0.171762889737858 -0.0906897522158145
0.637196882416579 -0.156328966398218
0.150738661059331 0.0251637618302407
1.40413352031113 0.506517905884158
-0.502474495157681 0.198684286186848
0.38142146925727 -0.0842642816116576
-0.915851455567279 -0.347125147267304
0.00345719795154797 -0.485059942297246
0.794819513106278 0.171391202928378
0.830972998972735 0.794542804513393
-1.58015238920433 0.782507249331022
-1.14006108167235 0.642310565527783
0.386719169203598 2.11459341896154
-0.270114313650304 -0.133122821876155
-1.648022536803 -1.80181722063805
0.811100937293927 0.991297924537937
0.0299826691737835 -1.85464420160923
0.0454613521549331 0.828576705770208
-1.24653211567262 -2.34848954563987
0.892887038063321 1.65530886835178
1.51253473096283 -2.01871494132022
0.316204606154393 -2.05340472833941
1.07326778168968 -0.151808369955082
0.806268291817865 1.63604786221773
-0.720296072040701 0.213703928459543
0.334607072288382 -1.04243924780504
-0.898034068439385 -0.66227650976526
0.655803283618999 0.0824184344446427
-0.69029140926718 0.72441408750358
-1.40772787262802 -0.879835813077456
-0.314003072678062 0.592568706847321
-1.31786306150727 -1.14795580459665
-2.12791672956778 -1.44154271889659
-1.01441947941928 0.848274727246394
-0.437061556268653 -0.340145538731058
0.0938475754581621 -0.0478738340309006
-0.497609985105372 0.164590768404245
-0.0988871654800725 -1.26084257494286
-0.718109103142057 0.361634999339441
0.115780847604306 -1.26459585345012
0.416878595444629 0.887665157196306
-1.45436743966165 -1.58132524978687
-0.263494598020182 -0.900620837134541
-1.38793387785544 0.953389313775684
1.2540114574333 0.511387596293984
0.291480268307183 0.174254386460763
0.541185958419402 0.0118401588406395
2.15298523816567 1.67354702572934
-0.255278549091646 -1.85287154827421
0.157471129897398 -2.00065035161427
-0.115455094027647 2.16526752876904
1.1821386434302 1.46796331797151
-0.959070533718979 0.1041386355546
-0.206022269391159 -0.222666923834596
2.18930183539411 1.77459199478418
-0.385311888270032 0.360143119421003
-0.319311869832612 0.989155460160716
1.55228038510632 -0.00614192591616047
-0.450474555164141 -0.0776802935951852
0.220428347681017 -0.116664256347768
-0.726180315330551 -0.0668389968164749
0.402185070866375 -0.61922517429267
-0.0676690379032226 -1.15351533410942
0.928875575308767 0.642022962964485
-0.248655603640638 -0.369944705251608
1.97926473150533 -1.61934912863632
0.724733857207883 1.5304874572324
-0.383150970041481 0.00554986574552394
0.785194479267732 -0.362848485214052
0.683059534333639 0.654506888732551
-0.410475757433891 -1.81359148981712
-2.44072179048025 -1.03551507542722
-0.380609118967166 -0.116489070816119
0.0811838747553413 0.813307770218984
-0.261946141881606 1.15519953430277
0.336901988352156 0.0415387554960493
-0.0845492910124326 0.238694083649978
-0.270338265326818 1.00511054337492
0.0731046421894615 -0.980677213003611
0.905655362438544 -1.73239591978656
-1.02603709761647 1.0244162528339
1.51311498116123 0.571285652810742
-0.0660234386089192 0.132521908894805
-0.990869052909494 -0.776156285882808
0.374484921169516 1.18580582163353
0.627848868408376 -0.362854601386245
-0.79660704027146 0.233979116431947
0.067019279588573 -1.03306557662609
-0.375449249428287 -0.284004280133518
-0.280794712417477 1.15875938757016
-1.18153568418817 -1.27188626905059
0.0893446500723635 0.156418996616441
0.42835230570691 1.2259693039208
-0.201599181655378 -0.811722376455974
-1.74396178253858 -0.114285833855246
0.359256328912489 -2.12562850557334
-0.660672854021526 -1.36843838344522
0.562478853488085 0.164510155528537
1.37674411590578 0.957080834802299
-0.75803544686282 0.525911492185425
-1.50681790934035 -1.05920840135383
-0.929278870667484 0.543315290091627
1.53416443495483 1.07517618098268
1.48133917658488 0.597386981791725
-0.625853429895183 0.802573355856837
1.17758560003917 -0.71050460438849
1.92060094876443 0.54307442345189
1.25981077816562 -0.693109922183041
-0.128262268094652 1.71177767856254
-2.83487449016734 -1.74654348627616
-1.03736198230686 -2.3253829211738
-0.10926234663918 -0.0554752186661734
0.294820786297189 -1.29449577492602
0.0610815217532909 -0.0651412883264749
0.375389790988026 -0.38334372793326
0.706178588026616 0.535292726727189
0.346764448953697 -0.404213017731238
0.576795635591257 -0.168872560160367
-0.472228284969637 0.788584852810356
-0.30980065691287 0.888317822549762
-1.1922608532321 -0.331014460572499
-0.444367521104871 0.166415975175315
1.4576536325305 0.569680597988822
-1.23354671502995 -0.362026824027653
0.027340155872383 -1.676003412778
-0.633031842583561 0.416872531065665
-0.28499655615737 -0.470634547488623
-0.672116060149958 2.08681664165927
1.72921989785399 -0.198248625702573
1.40638906559625 0.148213859389328
0.581839687598381 -0.365891630683075
1.48056101304271 -1.0887228935677
1.17948847768268 1.46299262974852
-0.666921006408572 0.319805906436473
1.06577222312652 0.164110356185825
-0.318414465136465 -0.0896504884299121
-0.716577717468497 -0.241428429338467
1.2265077166146 -0.489171519953745
-1.47732959044366 -0.479318967429353
0.89087407135574 -0.921783499505407
-1.03573983770064 -1.18670220646595
1.04789456557577 0.309321552840375
0.869675028435244 -0.0181382247435176
-1.01068594019405 1.9597691852471
-0.274842321194191 -0.94268422049485
1.55328589675231 -1.49814229256173
1.47738648660996 -1.84570782383983
-1.18672340265932 0.769491437992016
1.87076305516983 0.185277982378755
0.361080676327184 1.17687717401702
-0.0857219283702312 0.203890673916538
-1.36777596313303 0.534340211355515
1.51797804393738 2.54343354865943
1.01903219808321 -0.469530403186116
0.262569307110396 -1.72725344895573
-0.288717232598825 0.130305974261933
0.719344125804984 -0.475798357170857
-1.17387735059063 -0.229064835793031
-1.68257146092186 0.115324277578734
-1.32700349333129 -0.198066725807787
0.475093385750675 -1.43551065928623
0.257901267201629 -0.612172956585561
-0.000661402223197216 -1.4730991403264
-0.0576583193647525 -0.392768500092637
-1.13216387860662 1.04220361692486
0.500433145668315 2.41544887353738
0.137120418891806 2.22204807152431
-1.13902337144526 -0.733335668771326
-0.737287138082351 0.267906769170862
0.17027595306486 0.882785052109301
-1.72280823965049 -0.783491486189922
-1.6235832643854 0.589072638982411
0.136042347933397 0.633258843828321
-0.709169520341471 1.11063159407366
-0.519781956313073 1.67390726859173
-0.379242149493427 0.430101517430044
0.309774066267599 0.80044975157769
0.735752947085949 1.04655426907975
0.182035028720757 -0.701849900859629
-2.55379687347126 0.254814935239627
-1.63674811997258 -0.293043182498995
0.277791793815467 0.934044164914868
-1.86246998110368 0.953177421585469
0.174230605275262 -2.16180577595194
-0.593212122326536 -0.854106466047401
-0.619244487029603 -0.191344227435973
0.142912118156721 -0.378940277619258
-0.141729956251508 -0.978576521061732
-0.0872739936109046 -0.878479298428378
-1.06444972449771 -1.02817399715837
0.834888380534576 -0.694434006958964
1.28497214704034 -1.15691116877335
0.46137718221086 0.27082560997341
-0.150057448289681 -0.361789099953806
-0.595712465728065 0.453997975217275
0.450153118800384 -0.908331535145136
0.468936054038322 -0.900466177250208
0.641399944502486 0.347371718078801
-1.2576755417115 -0.100440819384644
0.606913158920142 -0.0719368823379746
0.271459199433596 0.682581967756994
-1.74809451189553 -1.58254655523944
-2.39016140524209 -0.276459768687395
-0.554346175232374 0.472171670434148
0.289184676672144 -1.63972694537333
1.13014512612447 0.734913961756411
2.36069963929784 0.189285904935383
0.550100624831672 0.121453138709104
-0.743625176337904 1.71226725069206
-2.24813708768501 -1.45054983982886
0.721867583688972 -0.651130542590586
-0.366082293200286 -0.0824856176728476
-0.689885437893269 -1.29351562882919
-1.80784313723681 1.09518555677412
-1.98885308723399 -0.552899020746896
0.549045341893608 0.94844097337027
-0.213904072702739 0.330851269240277
-2.24059286323122 -2.19423897697339
0.270780504231577 -0.0366895607123001
-0.542618479924203 0.106130735707341
-0.146729267516737 0.249034165597152
0.382357794445286 -0.158915012963897
1.34557462804903 -1.26138443320947
0.35861809728041 -1.56807438975527
0.141396521946325 0.51369095894808
-0.539540139667367 -0.101733908712248
-1.15766285873137 1.5507776732694
