-0.046676829820706 1.61212659012504
-0.32569906212839 -0.21911434323889
0.757869705073025 0.381381340175692
-0.457745680139771 -0.714690404004379
0.934673695529149 0.019978088298772
-0.206961481532452 0.400442917405672
-0.791594148371637 0.18739662974284
2.01701850175266 -0.369424511824986
-2.33176528085416 1.02242599689651
1.09793702719989 -0.623665494623167
0.0547129653508168 -1.5594862376893
0.0774486906686948 0.343598147513749
0.6301012353269 1.41650377462373
0.183818826571281 0.562999930593741
-0.529189810084376 -0.492921472706411
0.195069255975018 -0.613412315606264
-0.210216383286551 1.44787307020732
-0.533417843937338 -0.339429047162354
1.07071533727135 0.0312402870452775
0.616841460638641 1.79604296190373
-0.342986407857644 1.5937331645013
1.18129050004727 0.657901700775116
-1.19730955860331 -0.154818009448613
0.194543814434812 -1.56607792861272
0.121473154658363 0.877679743501867
0.628413152397153 0.942324636677726
-0.670809037022507 1.18147043309242
2.3025140878504 -0.914606727861113
-0.707649380098315 0.0989995175374453
0.998600229428362 -1.67514520487081
0.963809909530963 0.0577258712387488
0.109048257981111 -0.993405711711233
-1.18480559523958 0.152172087509972
-0.736936941332281 0.900638119095024
1.79554396258178 -0.74999989449595
-0.431028307090688 -0.209741903053469
-2.69216935269871 1.21714512225907
2.03849277410581 -1.36064700050723
2.0556976476286 0.140791497695825
2.28437384481069 -1.5848896181448
-1.18176577574794 -0.738719221159385
-1.23380208590732 1.35333942754252
0.875364840235263 -1.32428889410779
-1.03601477208013 0.141640138326497
-0.415602879082837 -0.810962919382979
-0.0259128065891177 -0.320320131352092
0.541239345003315 1.69821986047585
-0.100945632692584 0.31344488605337
1.19258470665537 0.95377441506358
-0.533968027590416 1.67799960911479
-0.446339490620801 0.88819372938581
-1.27661332849573 1.30781914615451
0.0753187480763352 -1.59295023410066
-0.132770823068192 0.556624717763401
-0.0231570037489019 0.748929074993058
-0.401236675536585 -0.631150988058348
-0.405788047065297 1.3586941279201
0.489809283770355 -0.451159537584458
0.237810956955385 1.22725881306208
-0.520220755559669 -0.658335176412459
0.239210940051085 -0.212050313630771
-2.39271982172212 -1.04030139098161
0.251781423951741 -0.351084307291156
-1.34062622776475 0.0746547370442041
-0.443471740012615 1.69025057444621
0.681217688753812 0.18855130320548
-0.616735149604572 0.0800868347106569
-1.68267752690594 -1.07489953547088
-1.22768464058972 -1.87250662211371
0.672026934856401 -0.965010000688695
0.115315543443514 -0.325542036421475
-0.958246870252209 0.0796098750338316
0.63132831204338 0.171251490286608
0.14965434612468 0.945369742479835
1.21816367613408 -1.20575367723294
-1.3120841294328 -0.743049156843552
0.881711831401075 1.24219473187806
-0.510285001457166 0.336706121804587
0.794965946222189 -0.303830382620687
-1.17941085942706 1.06565876423075
0.333803814216977 0.500866438443334
0.13431748519579 1.38119065060954
-0.864005130660224 0.010384993518589
0.930246549852284 -0.362864384127278
-0.960996532341107 1.42284365064341
-0.0560716235678082 0.595002822403635
-0.51949033759151 -0.326322194903569
2.29459402151681 -0.976100690295762
-0.0853428902815698 -2.19433109780095
-1.07462414354795 0.615944333228569
1.45326723820799 1.58007575567406
1.03787843679106 -0.233468759620735
-0.777970311378351 -0.839880445098952
0.722684572771111 1.67069854987567
-1.97385055488752 0.230930925214785
0.259551402249299 -0.637686193618889
0.29235643721411 -0.977671271493985
-2.58402934284293 -0.16514562655755
-2.45707682249947 0.373875077904684
0.451718809465542 -0.5902889336466
1.35473488734215 1.23754589082305
-1.69803225611756 1.5518887436099
-1.37943788682746 -1.76634282999537
-0.934281556782763 -1.00671064873314
-0.0381780809244696 -0.374613524823547
-0.041473813427209 1.77675041588856
1.05607909760267 0.927473724063552
0.10079459799706 0.786975996159022
-1.46351692827709 0.859513029055948
-0.851389733462244 0.372978462063627
0.599150504195534 -0.460394304847495
0.709763212398295 1.22803109219417
1.03927332964237 2.09623098605522
0.54438607133986 -0.757784070128213
-1.80311311431201 -0.448996376279872
-0.350704294695497 -1.4832220744608
-1.33122050919414 0.353876304874725
0.34881175703751 1.12227338279748
0.791023594333354 -0.0488631501063042
-1.53181250904496 -0.209226309854024
-1.46462677131216 0.795454674209312
-0.236715904774343 1.21256547634098
1.93679274606685 -0.275713753807153
-1.175221356134 0.0701322599892069
-0.964956115017064 0.751298251700952
-1.34836520005526 -1.64682414234249
-0.0174609214843662 0.629928289187143
-1.09618232106937 1.04751093127795
-0.310326904982741 -0.0534625097351857
-1.77642962868543 -0.357706212917155
-0.553885696121424 -0.860559340706304
-0.064033772962633 0.780750047016572
1.45911215161825 -0.961156888270281
-0.104199672733945 -0.14750482864903
0.377891998252526 -0.641113730781578
-2.46001495126298 0.364782586110598
-0.0591586822698839 0.486957122046833
-0.692288128667153 -1.27382370045612
-2.55142736206439 0.435608897037642
-0.274861286097672 -0.106737568574919
-1.72315925340695 0.739479397597947
-0.274987509495987 -1.60043052306888
-3.21344144958102 0.0592754302886471
-0.114353730384649 0.16047100843529
0.270819814658013 0.424255304764451
0.802117810880656 -0.807686395814203
0.0286498664031214 -0.103050327256616
0.310730232355859 -0.694285327216269
0.531940297326608 -0.263974328725336
0.318716568303946 -1.52643782955803
-0.0557559022784541 -0.505816504400341
-0.385699087483884 0.514311641316824
1.18349487898733 -1.61302676452644
1.34223114949432 -1.35875359493026
-0.836334703684254 0.832489745015091
-0.218434995962618 0.238938399159661
1.55472806060365 -1.62096032290589
0.108325411375239 0.35108677387673
0.655554396734881 -0.828625023499058
-0.0383758507073943 0.48482595474632
-0.890046753979109 0.332725503985161
-0.786348935520539 0.751075427057985
-1.58038442599193 0.279393403065579
0.590321686428308 -1.14029471949855
1.13139659759363 0.874693450661756
-1.02627171112964 0.101062998151396
-0.811382809454304 -1.30407215396462
-0.742022271081674 0.718936221115406
-0.658619641163185 -0.0810722482901398
0.382520598712518 2.65143699927064
-0.153582343247806 -1.38614382812839
0.751928557388574 -0.665038193287087
1.21213028803019 -0.601416480241942
-0.81546026439564 0.654046146701373
-0.338138687993273 1.90055869498182
0.794060771634883 0.548506424898844
0.602445177625049 0.643835552108078
0.641017707042014 1.77868511574915
-1.25602236714225 0.227982451128271
-0.308653038797321 1.07762941546736
1.7057702611277 0.144216700272245
0.867900025938135 -1.78404469108109
1.36781711296783 0.548637186115319
0.823436905777227 1.26654382589308
-0.184803039402279 1.09493671984735
-0.521852847352057 -1.74309968773794
-0.142059457127167 -0.183297989076021
1.05043165898741 -1.1938371913664
0.0455987955322799 -0.162499667655281
0.164196110954358 0.0704735379036716
1.08240406648395 -0.978012715319319
-1.10801316635336 -0.413025516080104
0.498255817985506 -0.431408048686803
-1.32453798088759 -1.49385598809402
0.766226927579989 0.11290067322361
2.24002413345804 3.17804188245904
-0.64932399206929 0.966916104236241
-0.925796607332574 -0.198428338421378
0.175557187128437 0.137492218565291
-1.60049011104005 1.20820245966464
1.60554526001633 1.02800646080727
0.67243247756769 -1.05257188911906
1.54360509524109 -0.938119923878604
0.998908123271601 0.225387404248975
0.289139418921054 0.147972499014594
0.828783461943946 -0.993068584573643
1.08387222183557 0.654758787931963
-1.43884838157236 -1.29336048755187
0.380482880995385 0.359594518335426
-1.30601588781389 -0.90631904711864
0.73805823043408 0.757792418699028
1.10896591096887 -0.834907067028113
-0.559887552530195 0.188219389366052
0.0669890140545112 0.440752179172767
0.0286476069452811 -1.3051512587757
-0.706198012172533 -1.11483573751812
0.755421176176536 -0.23111288473526
-0.281610889312968 -0.0697179856634682
-0.173968542358449 0.493300725901976
-0.329657093989835 0.317824742026496
0.45256900215736 -1.26967611128122
0.933540671533884 2.17981675106839
0.538858424885591 -0.121591135237237
-1.19535371681927 -1.31736081978906
-0.446590511786567 -1.00527117669645
-0.454590918290487 0.582566890017532
-0.130637569385658 -0.872139697373916
0.679514659276832 -0.130558520479606
-0.537153795347028 2.79450427439722
-1.99561062718153 -0.305857791477999
-0.266485790257434 -0.946130748558077
0.547759409655842 0.330418995295518
-1.09651226062484 -1.22559116440504
-1.62044618275283 0.0465545302696588
1.2372490716378 -0.120800675905253
0.27457998009689 0.669935259882579
0.936694706925429 0.686880082401498
0.801912634571472 -0.417200524992542
2.40929526512553 -0.203197611714901
0.262102061881312 -0.500041413362942
-1.57972530955158 -0.619910426232349
-0.672929216879073 -1.3446703357072
-2.54226244461683 0.427149276831809
-0.237111615782785 0.683416462438645
-0.135286765212891 0.866352652410927
1.13247832095604 -0.0455689683613953
0.268921629646049 1.17021698333369
-0.994146021155624 1.52717236919192
0.609120038171783 0.0724168076104672
0.528632498101795 1.15332490074236
-0.131256899504481 -0.323456364786731
0.583611419257351 -0.0857667635716846
-1.35334358038591 0.611670592725677
-0.751582148847755 -0.244940975626346
-2.26232018432766 0.42229063912234
0.111095346094032 0.380166789555105
-0.489971943561278 -0.970688415628912
0.202286657458388 0.565933125067292
-0.873412352427024 2.91202541792081
-0.691916316961619 -0.661043728162272
-0.013426215805719 -0.631878783460076
0.501520322330159 -1.40983193536684
0.452351004370476 -1.73441839236197
-0.517645301685082 -0.0103945852674219
-1.95457504047853 0.412759230642687
-0.280712136880789 0.202348401209652
1.1889930308496 -0.577577239171106
-0.80684606872689 -0.0734522307174055
0.677190692181101 -1.72215176596829
-0.696270998487197 -0.299362153056336
0.543232947660104 0.587112572901862
-1.73921246908596 1.36711956966773
0.227526872871747 -0.203721481338934
-0.975398340823538 -1.40529476020079
-0.94722180815572 -1.48439723192207
-0.40918193949595 1.75135594495934
1.20042668595064 -0.799709608767995
0.952995314827062 -0.177454707011067
0.170655791209163 0.854462090986475
-0.940527714762953 -1.31998240639422
0.37481372355277 0.728195506860561
0.561765943078765 0.137805884211501
1.5131819192241 0.134464071716542
-0.412599897328056 1.1499514284397
0.0389142945929115 -0.0994961455219763
-0.545494350485263 -2.56429942008817
0.321611878120648 0.144252719694878
0.779326455400642 -0.777628071282794
-0.142570123006703 0.850481003602302
1.97372948441129 0.504111268624885
-1.92491271268863 -1.58996808242186
-0.58295240221853 0.277519612224096
1.00396475610571 -0.248657407025247
-0.730225552546589 -0.206170458336059
0.073764396788111 0.290314400383201
0.399651912512634 -0.533048212219649
-0.748655037328177 -0.0373128381359699
0.135801655640204 -1.32895707089982
0.820783990620095 0.419377880952848
-1.33087358892119 -0.14613201665783
0.850353502538383 0.24197603539557
0.506894992334784 0.464831441021695
-0.255081449987148 -0.240556956492319
2.20333593080989 1.72758573309353
-0.0310241291209533 0.00579182110018295
-0.176297795859021 0.718240401091482
1.23996712908262 0.13034294704839
0.974330238253584 0.905098616177615
1.54032292437786 -1.13174753290663
-0.417002076911534 -1.30350088563618
0.587514764610136 -0.145297297600285
-0.0333975153099751 -0.568928333225956
0.331623744412561 -0.260976697701209
-0.651171793010302 -1.95591185731465
0.305554635705291 0.73807393682664
-1.34890461311087 -0.984505099049985
0.115831001718402 0.573007866922651
0.0505971902691492 1.22818980165847
1.50317437306716 -2.85559813872042
1.68924130679545 0.184767689310225
-0.657470844556777 -0.112708234197758
0.465094183163011 0.925533351716802
-0.710533906347043 0.0265486409540433
1.57486695568007 -0.014597238342689
-0.617050318892495 -0.0399385429916734
-0.85969385597024 0.197695116066409
-0.412453028127702 0.347599172003115
-0.886269754297254 -0.502741286493725
0.0317140367672427 -0.632545533392232
-0.950165827138053 1.13736984473383
0.470214835162291 -1.19930902251052
-1.39682404899794 0.371463792290156
-0.52848678978968 1.81525791559453
-0.101385596661332 0.396450937283542
1.68508656755546 0.611086738174959
0.760086767739174 1.79213910180797
0.47431382777639 -0.302848649575863
-0.285432570412517 1.02699631814255
-0.510498797758 -0.518167482866066
1.37559181549008 -0.30820950802743
0.0482017994246819 0.0570377974987907
0.000821090535165436 0.848869110728234
0.0245733474524155 -0.978639876043257
1.14075283851283 -0.581230398006225
-1.27594923951394 0.81907785670977
-0.312281619714816 -0.801911083399965
-0.994435115646813 -0.904044787900603
0.566133730054363 -0.527766439004048
-0.0621697091621154 -0.789280146315255
1.27312018016308 -0.271133266294525
-1.03124500442204 -0.192026134789355
2.24026159946 -1.07815549573019
-1.50716540936547 0.370882600321732
0.134400246017161 0.764952004856674
0.410200208337166 -1.41335104808196
-0.229057110004799 -1.13122328095143
-1.53452377243902 -1.11960923303721
0.277173077961481 -1.48270869448245
-0.371509750302036 0.544573966597826
0.0454827911280915 -1.46491107337495
2.10917762797729 0.331827220331229
0.430432043921741 -0.382256711930506
-0.865462420463743 0.234869942344691
0.842383319543129 0.944041916958566
0.818549811986885 -0.92482114786941
-1.90463489483855 0.489785532057106
-0.993082464863292 0.0750330910495117
0.632504810855517 -1.47518275251467
1.51063229739049 -0.990832234063786
0.583014398250876 -0.80336412706144
0.0409777390211155 -0.72218729283988
-0.362885064534565 -0.264209612489704
-0.563131276662298 1.15339798876169
-0.0447245778875532 -0.951813782825988
-2.27870414127716 0.900875158840798
0.870082001583244 2.25822198214897
0.00889429066406777 2.11732173544302
0.681820024273196 0.644368977658181
-0.547371854670433 -0.267557565458618
-2.23932064583028 0.340055788829567
0.369483076431139 0.788291944806823
0.425230060431655 -0.0933225322293471
-1.04574709820357 -0.194094862088424
1.23592484142803 -0.415435843979964
1.12718884068437 0.848424738391752
0.109479583181643 0.176339088807127
0.66522429652447 -0.260427492928857
-0.736929712966813 -0.859814297534771
0.245382647652444 0.619555147926759
0.645844995505372 -0.131423482438177
0.593367112183878 0.342998442795762
-0.902421911414537 -1.37476798326228
-0.389128690440948 0.281437096581412
1.46174032747379 0.1317893761103
-0.749858422535058 -0.626412835243764
-0.200853969985085 -0.416675629443926
-1.23039198955805 -0.110527834146297
-0.264270308848112 -0.920471332727166
-1.93702985511413 -1.10360891900604
0.294730101705279 1.1837567194053
-0.421519657761879 -1.39836892484685
-0.656065250688131 0.113591202407178
1.30831283078311 -0.762788764328168
0.626569129872949 0.19801458415922
-1.259194657328 -0.545886109128883
-0.0928316115701762 1.83485745492454
0.941748771458791 1.49178870220201
0.728239759771904 -2.04081584992976
-0.133718567640179 1.44904547860887
-1.18991222695612 -0.0928903402771982
0.842450374231118 -1.34603273945175
0.616026320565481 -0.169764288073788
1.33829382194703 -0.617877755777298
-0.165817140809473 0.355232324742812
0.325789724419276 -0.536445179806767
0.00539494966973963 0.58585222274473
0.586362435670974 1.62763565070266
-0.488360765813711 -1.53005098989935
-0.519651223045529 2.10236977050412
-0.685249303743492 0.816542884161094
0.0749058080124755 -0.675635515525869
-0.533144464774599 0.35134254694535
-1.68659258859951 0.478035322070829
-0.573291350824238 0.144428429492122
-1.43917193245352 -0.631239597081254
-0.263090816238725 0.325572373255475
-0.0395710544656447 -0.636397597023451
-0.213181519410789 1.08210332865025
-1.46455522464373 -0.442551700486916
1.19733825424751 0.0387316513256122
1.76586344120952 -0.741132321843601
0.930799832406831 0.546268842489893
0.618980940681013 0.748485527108227
0.107256266473135 -0.476367557905333
-2.26667981164015 -2.12765269911676
0.266676857654381 1.21430797103903
0.108607789730972 0.43915557742906
0.38101188952088 0.112180783273442
-0.358326974456841 -1.5711533242593
1.38170548553583 0.420711411113218
1.23469705294064 0.426893028613373
0.735309261834016 0.574577936210786
-0.672690151936786 -0.250473782501475
0.296780484273125 0.0179643591304147
0.410974399668349 0.898950579298469
1.2982977988507 -2.52706885103373
-0.163976390042726 0.378912788943268
1.4178096824169 -0.839491473105996
0.253915620660769 -0.529236534755629
-0.0971587868298939 -0.491833281193512
-0.555053405365489 -1.01720829564826
2.01584886444446 1.17804295961732
1.14293040068999 0.777717514177363
-0.258191458876642 2.65506527059169
-0.106907363374626 1.23984766342296
1.36748613776657 -0.0604723458873427
-0.351857909369821 -1.6516216683285
0.165950125542435 -1.7942651335644
-0.940997168476897 1.03450070279608
0.520904287055159 -1.39762957291621
0.731604752770972 -0.995318284411284
0.243824510103291 -0.529158353575151
2.48251637792744 0.458093089133083
-1.3102119393052 0.0214528753168253
-0.899467825826121 -0.450527152045735
0.788169889573469 -0.0935809653940642
-0.835204118695604 0.882617211202768
-0.557090415033046 0.623974463339094
-0.165136116760741 0.363044171831751
-0.697582766161512 0.76861365551331
1.59190267265116 -1.70581380368067
0.448573625850189 1.22717787693025
0.206186928942108 -0.0698531502843222
0.0059636868889731 1.00178472292402
-0.0986051601603135 1.17016700377124
0.292137353557229 -1.15378925220373
0.82275757768059 -1.67537686139167
-1.33187518718275 -1.29893747699817
0.113229522623001 -0.169030794714882
-0.251423210405308 -0.969426827812926
0.149590491276394 0.0269157327006143
0.170722758874506 -2.31403714083807
0.546602060511432 0.0555138660867107
0.593010324194264 -0.754955943302305
0.57199045331867 -0.678960911509536
0.519400987873035 0.841170296377113
-1.1389268193112 0.487745536685645
0.945831323675969 1.96997693576678
1.55261046604176 -0.392894575930548
-0.255110627326214 -0.403226823998892
0.7369986461048 0.863721169983507
0.231326371544748 -1.33384923023274
-0.317185541006203 0.12596867498144
0.591516520278433 0.629279163751726
0.0518112936528301 1.26546059286025
0.565347389979943 1.41562614730774
-0.546191862369996 -0.287425936892041
0.351046437135923 -0.504444889586291
0.264674862050696 0.0845918893988476
0.368094143793236 0.897808530542862
1.44372014742217 -1.0341811549149
-0.72698272187976 -0.323055263680965
0.310258058837637 0.413954292761282
0.355238657723117 0.291466257243872
-0.901495932861927 -0.351765059328368
-0.863330127186299 0.344627356120791
-0.242464471460926 -0.517869155691729
0.918807511939213 0.331851512107621
1.5625221318065 -0.564653926868592
0.823014219335475 0.784840524640888
-2.49614761063723 0.747603042493677
0.257647856647285 -0.427491630866615
-1.3825638303123 1.08894633086071
-0.133745319740507 1.36069361701308
-2.34664655022478 -0.441746817785479
-0.163213551362603 0.552336925482716
0.416145635637371 0.638859397344226
-0.454167884368949 -0.639559160322674
0.47020911076503 -1.28429358282572
-0.328983213563744 1.38258172311412
-0.01961879960776 -1.81061251548085
-0.138655042607708 -0.620500817616094
0.562732300756278 0.525773232914728
-0.557124690011076 0.415083819504716
-0.272428064417629 0.0603199948334413
-1.19834651294583 1.94645891376906
-0.675025000678575 -1.31450633370048
1.57976172533272 0.402304137208347
-0.92749304621173 0.687289499478434
-0.698154048449572 -0.0449055491981395
0.482391859702626 0.286454550052637
2.13823009385344 0.517373849748927
-0.183986974948411 0.433265070987717
0.0955808609663559 -1.14810162096892
0.377967633038125 0.493737100528616
0.311217430426154 -0.119040450719312
0.734347803857612 -0.515835456333782
0.547796897811852 1.30999653634717
0.0536395691170997 -1.41120375473653
2.0037902660313 0.649470858296298
1.03802218330408 1.11103064755634
-0.48451968300683 -1.8699260291466
0.151363638811621 0.732316144781203
0.200340525330515 -0.0584483971942016
-0.422576979094346 1.28778875846011
0.500969889402511 0.930244642020244
-1.20109757635804 -0.169207421442748
-1.66268047726909 1.2689334921564
-0.0493014877299566 -0.464470210521284
-0.915922809135714 -0.646723243045698
1.42404496285338 -1.30078133887305
2.7087720858361 -0.0307804077738481
1.29795478148067 -2.29370997610847
-0.58642369265488 -0.810729062515257
-0.0994638391978281 -1.37964738570353
0.025329745879707 0.370461183163675
-0.035585666589402 -0.880984999263193
-0.747437817252438 -0.182190324799154
-1.99046861670363 1.08431285468741
1.89980884343299 0.109869995979436
-1.05418290405438 1.77362029262809
0.460613316662008 0.548709629699411
-0.968484207203927 1.18834692453556
0.968517664009712 -1.29925039210449
0.894568561286484 -0.339282083171586
-1.61471130472911 0.14524357051667
2.20868894424203 -0.182572913249271
-1.74049061212713 -0.332778362432433
-0.684224914361094 3.53386259898651
0.240274662724032 1.70465283471167
-0.841291294320664 0.701675813807526
-0.48538149991504 -0.532856607956379
-0.12162013845208 -1.11261745249349
0.422727580060011 -0.676260998089116
-1.38866959639699 0.956369006026426
-0.309733600197082 0.95586871227027
0.358670164410948 1.44446204889811
-0.268244640677935 -2.53863762743593
-1.37181727816913 0.948576938089232
0.683466386904604 1.72039145853046
0.872920594625434 0.19151551127118
-0.333216032112646 -1.15436853461991
0.505924667180553 -0.955415080176375
-0.463344936203209 1.14934973905254
0.553325277159495 -0.703999843975278
0.773355681611582 0.197905297236214
-0.54610233843871 0.237173917644259
0.953026364871103 1.14667312084349
0.998288088385828 0.256089691840023
-0.320387486686566 0.522549383598358
1.13106612501207 -0.83816239722483
0.660237403737026 1.18332344845987
-0.323824224636895 -1.30709808742467
-0.284251313586683 -1.01605539061546
2.36918786988114 -0.221571872480425
0.973298104513822 -0.692466181981212
-1.03298091723778 1.02050903505927
0.259007765576904 -1.57029652335534
2.63368112827293 0.807010433152919
-2.41604085227634 0.280647577617656
0.990500807109317 -1.678667883976
0.936201158677033 -0.339363737950222
-0.730686238234842 1.00843460900852
-0.199989611123103 -0.344001067404774
1.10319426356327 0.977302295238673
0.0202818184590124 -0.263481251843437
-0.522311868509515 -0.563733075878836
1.47877222941696 2.07145669132535
1.30198996404176 -0.0422769431249024
0.346184604748966 -1.21457969611447
-0.525739555690561 0.341643487437089
-0.111049147644803 0.357146501655811
1.12243144795934 -0.622308490566554
-0.898916486151902 -0.520507795185549
-0.446370614952787 0.0100511395488893
-0.684549744525056 0.00795969154108012
-0.70198926786863 0.268928141400388
-0.666431804665563 -0.0626459264920252
0.525344168786403 -0.323635331666376
2.49840681031111 -0.913292681129726
0.606023011307054 -0.164534446815431
-0.000239212662282717 2.07353417987567
-0.00958130614195504 0.656161794223101
-0.667848770367418 4.342769292219
-0.414259194862516 -0.697790878138779
-0.756957026671895 0.595440011064207
0.697781798214305 0.168990640970568
-0.514354308103757 -1.42082252858661
-0.450872543802291 -0.251910092472971
-0.122965069927775 0.0686821459878017
-0.519686040210554 0.0529024408932502
-0.694558407921847 0.993266002252967
-0.967172712798879 -0.173433676017162
-1.88613623101704 -0.26176659774482
-0.951606174480496 -2.5894097429902
-1.86985386569028 1.41819534407421
0.406412342816259 -1.78703462343501
-1.08410173236586 -1.15999669322407
1.13514611013058 -0.140636892455076
0.843625966267445 -0.0248011448497058
0.582549082925876 0.358459705685765
1.18345830478245 0.214106690375753
-1.49377719540895 0.895391969003787
-1.50148444629233 1.94379568248039
-0.0643430733938912 0.370421442945037
-0.382031579736115 -1.1660665718137
1.65489773783909 1.14385999789393
-2.47965490665818 -1.83073488010706
0.487470827125885 -0.594106041844465
-0.369609134201772 -0.477964903474939
-2.04088405126262 -0.105691990981657
0.617219479532963 0.689214636042738
-1.93316696739569 -1.56846351439465
0.912641019256763 0.376043506465447
0.646597586576727 0.219118990518665
-0.969798234526342 0.350910127300778
-1.84210020385178 0.957366684846926
0.363594951239119 1.01920256661771
-1.66415726451787 0.689326213474959
1.64801853361438 0.539805940708907
-2.11441888983783 0.46881581402152
-0.265895431709935 0.0924538694611741
1.98037229248415 1.97868583119505
0.736395868139722 -0.494752084511482
-0.68277168243588 -0.79851620652998
0.277360704564926 -1.04477291011721
0.939826229869162 -1.05436975100649
0.541261176792814 0.298235329459413
0.397184185652838 -0.378057488266902
-1.9537135275503 1.4407578639766
-0.0710493310751943 -0.356597324457379
1.21607672174194 -0.165046892011196
-0.0488505512709173 2.10017919420944
-0.704579425254593 0.568250832751264
-0.0672172176609375 0.623802066740599
0.26713880010699 -0.564156071581853
0.462112612012954 -0.107569816097882
0.271433312593618 -0.611541289993783
0.157972063488679 0.526722760878175
-0.084664029107902 0.292959486880586
0.684202576401689 2.18968533272704
-0.136284773769545 0.10605631287925
-1.41548512100289 -0.64218853505713
-1.00778080821989 -0.781817178010223
0.898392878775922 0.480694787798387
1.60558863031446 -1.35826964997377
-0.188751894276656 -1.90328236264498
-0.120783348728997 -0.786416261602953
-3.3788935148793 -0.787484112130509
0.187611632891114 0.00263073007099113
-0.0221134839976057 0.740061452093155
-0.741020009971471 0.317826720443292
-3.5820033118355 0.0642772906609554
0.419036725884504 1.13808392186203
0.324173826887111 -0.182733589783586
1.22067466050106 -0.0532488934114927
0.406263068375822 0.143260563172716
0.457550933503792 0.752790149794956
0.148775298455655 0.218411513780673
0.0637959069953482 -0.739701465754735
-0.363557961071234 -1.4389235401118
-1.15751110228131 -1.47997398570228
0.0394517567563043 -1.31322453872289
0.298798112254745 0.0111651267187326
0.663841566406694 -0.34931615887358
-1.23518068491396 -0.73820148107779
-0.748959410719897 -0.613912989864846
0.00549782888636735 -0.825639971423272
-0.354777515791469 0.0788358788400312
1.06529753472565 1.16494814150514
-0.182026703417813 0.674411539125612
1.11807902099045 0.261834842407658
1.572555646806 -0.215233302388065
0.0381251377652381 -0.338075872005627
-0.015248573936995 0.68200737114034
-1.14808111071404 0.0945395406284471
-0.900589068769183 -0.0810827809922464
1.30292519562548 1.58154072346152
0.460694892032664 1.00446392615939
0.00594067866386463 -1.79501702197256
0.118580878730241 0.0677405509032964
-1.19681662693415 -1.46266449779752
-1.01202493166542 -0.693208583960357
-0.0563701893757106 0.18963734985483
-1.87407953657481 0.0895043114485035
-0.599569655863057 1.13968251982775
-0.419388173571552 1.33825213635261
1.13721561644233 -1.65194379315729
0.29803222519182 2.59267417412089
0.393371156880297 -0.879095523203728
0.60761006986099 0.675517980076606
-1.53690303963743 -0.0488520275737136
0.624764472472959 1.61532421545804
0.561021476011583 -0.126779038878154
1.44697986791233 0.263095262173805
-1.19086907278766 -0.258286282287109
-0.258772726283845 -0.86885665704523
-1.10478376094081 0.891601586875168
-1.78739280220107 -0.31453830364397
-0.0673894558749636 -0.336193466333022
-0.840704923136455 -0.43344391768537
-1.44238168806091 -0.404605060897948
0.571062546937916 2.86611833905925
-0.141680810802309 -1.99298223799571
-1.57117640207993 1.10456201397152
-0.269360461189849 -0.381866466046372
1.08131717561682 -0.977545937091518
0.00537010730712861 0.221113509564969
1.61283865449716 -0.393910408307807
-1.52125106204265 -0.131217801947143
-0.371208883133149 0.330855463890297
-0.225735603705121 -0.697308031812678
0.929057042228559 -0.579392236059997
0.981997618768374 -0.3538888063046
0.625362394493822 -1.4658845612335
1.42334333398898 -1.53748892483551
0.587055802084591 0.841551166292838
0.891442314878166 -0.0563251776260991
1.26644606099637 2.75880783960744
0.739985325106741 0.558566628150482
-0.120850338402169 -0.0115869769205017
0.165677701020091 0.10630375755693
-0.859577131676879 -1.10843527692259
-1.44876358779206 1.77031747829568
1.59197089032727 -1.50165369772637
-1.59478217961672 0.386619018598692
-0.723634134810223 -0.401924645420882
-0.566366215617665 1.35594344117503
-1.48144807696704 -0.0382524333226596
-0.633504442095424 -1.36543121358071
-1.04751616977181 0.27999027879883
0.511758267030139 0.00493470112354338
0.0407871916492993 -1.03737565426908
-0.218157493029456 0.41398466105594
-0.269057984291067 -1.12267271811386
0.17198534223395 0.124302869930266
-1.54726081649261 -0.895562319200547
0.535344894742521 0.606296440678004
-0.229592749883797 -1.82578302131756
-0.586205399120617 -0.138605320786552
1.41277810808201 -0.724668574962965
0.20725982683672 -0.546702291424028
0.104379328860691 0.20139523003863
-0.7688674644758 0.44749978374946
0.289861053905305 -0.519368841215727
1.40525005523882 0.025031045210462
-1.26919682808247 1.68156737631335
1.32990092104564 -0.300317908034266
-1.60663209897997 -1.4477937170951
-0.982697036895872 -0.124744798545613
0.602726325000924 -0.141578272869541
0.895956860221987 -0.424407761083286
0.809656876609685 2.05263785821479
0.747999070614051 -0.918148395354486
-0.958128522136749 0.683629994799524
-0.398558908400591 0.0408167285642357
-1.84444854131363 -0.475550598433574
-0.760590281629238 1.91659438769395
1.34502969557219 -0.688010242438367
0.368503246703319 -1.83877076239064
0.0300235480070599 -1.46291526168584
-0.537862784211844 -1.04756904652325
1.1021126473449 0.357321456615248
2.94912547157455 0.869011419978352
-0.992914711401548 1.28680584864137
-0.0890836370045175 -1.61845913122272
-1.92148743812836 -0.0506422002497561
2.03822791642819 -0.150444266182567
0.678361898265938 -1.10892590282832
-0.520141137104669 0.552472347469235
-0.101592651842889 0.12891596621805
1.19192447103557 -0.429004917496606
-0.936855069244503 0.499042034591783
-0.600459533661911 -0.701692815005806
0.00844105299361161 0.547734184827971
0.0945338741824668 0.495532105775264
-1.06280363511047 -2.23979082930323
-1.15909220595648 -0.976527361310613
-0.621073486853375 0.735356148149129
0.48164237671155 0.425548711900079
0.923236843707055 0.795836121332997
0.543600719118283 -0.314155314119473
1.34838331247906 0.793185020489664
0.787941340321779 -0.00622030380041472
1.69751685973354 1.15981024784784
-0.0348398343449148 1.10081110290768
0.172767436283153 -1.54089635310549
1.36950575966198 0.305396244579154
-0.322789500643469 0.102810101653431
-1.17793810237246 0.501078442568756
0.487068252254239 0.0611001339160998
-0.581097113212608 1.71840147235616
-0.923318914062995 -0.0205359130213882
1.20827807080087 1.70199073892383
0.471113237974927 0.164149856989542
0.138409035314445 2.65252452640252
-1.02512137205645 -0.555908665803783
0.558927520020127 0.527731116363099
0.587765380397051 -1.24774462588794
0.702597391562429 2.06068560070248
-0.287033178362998 -1.08660214538052
-0.239377775496929 -1.85307841681068
0.238099740665248 0.413212980846978
-0.393429969570892 -0.0867483965889296
1.04518538897272 -0.463814299345503
-1.02007124336381 -0.249152720786586
1.30812239869166 1.21816420084267
0.582253399259228 0.704413292270737
1.42072799655056 -0.736332732017494
0.0531137767427106 0.146719009316374
0.276815605050136 0.664442372703797
-0.603526779598925 -2.31657867255608
-1.21979550580382 0.506568152167196
0.522272866281102 0.998777437295962
-0.412047858218365 0.213303552508205
0.390905085671746 -1.13737915261379
-1.41159753545646 -0.531558793974044
0.0509048257644313 0.277199577638416
0.851302300123842 0.202909955424975
-0.230466245162837 1.34430225731588
-0.33187611748401 -1.57374152137563
1.58314595700768 0.00307896758359255
-1.56716829323617 -0.605544805113616
0.696076060456769 1.03638513849703
-1.68473163578703 1.62589917125049
-1.74002152905424 -1.40725660651771
-0.437325960405835 0.575743772941981
-0.520735202153131 0.697063116334305
-0.128796016496827 0.676650642261541
1.6040018137786 -2.98376179208863
0.0163726387331111 -0.615849607502203
0.932033219805786 -0.399889804723673
0.253659567429898 0.844786350894186
-1.93471762052734 -0.225649266364952
0.4777724739485 -0.707869649576566
1.4585581654142 0.850391599907727
-0.49628970732519 -0.16665124500819
1.4026236369403 0.16691263474841
0.182349082889766 1.14371252860869
1.22603748589408 -0.0768980364846622
0.0741055930193097 0.0726614182199035
-0.0185328437357142 -0.128071443516081
0.997571837882374 0.532852839900946
2.26485458184449 -0.288301630159499
-0.422180445438978 -0.0955911084154874
0.628703223678461 2.15712826512625
1.84954662243216 -1.60844171968757
0.569277360423334 1.09868462620745
-0.575355466528487 1.02682661057698
-0.59522890881658 -0.628070005715167
1.1369657735585 -0.0320716736093892
0.727761842708831 -2.02980846986739
0.401675043529516 -0.312730536877303
-0.415813378066691 -1.40617521684
-1.05042803337586 -0.553321767234908
-0.319543689066995 -0.704224780613137
0.87752434261205 -0.849384791679699
0.822297319120947 0.365212558756127
-0.388033168620503 0.136987394132282
-0.7321250974508 0.52652446416442
-0.914520168876797 0.568597768846676
-1.58183719514849 0.56765432297168
0.886117801572904 0.122924564232765
0.200318625931661 -0.759488824799327
0.87345152860213 0.46305074482406
-1.12427745835667 -2.182914350449
-0.926762831562403 -2.16016606729926
-0.097435667898638 0.429181139037241
-0.315274205828666 0.275798806363169
0.65523154489071 0.160683197055649
0.241536693916749 -0.999816631706096
0.610357043852328 -2.59369503797393
-0.0903294606811847 -0.0896707541636234
-0.792754970868097 -0.896821951054073
1.12890721042423 -0.256095642167792
-0.836434945891416 -1.98808367741392
-1.63557941139368 0.435098697231896
-0.0945852413162374 0.487126828248197
-1.09414549266433 -0.593395627010922
0.338230559415141 1.89965587962516
-1.49638542187495 -1.85557181410435
-0.569309156949073 1.29211185251001
1.45276280907544 0.982973911671894
0.48410358060134 0.208264778635339
0.832304128037814 -0.0229651383246231
-0.519696172717666 1.12958107175274
-0.534360932951686 0.781398624640034
-0.606470520474997 -0.971239839863039
0.506775093390848 -0.413338049084827
0.753667635523817 -0.995981021052616
1.19911776852891 -0.437915635338295
1.4394480003433 -0.69513019442328
2.21162691253322 -1.53378651066096
0.342147683014909 0.213936839618035
1.22770939641374 -0.259370501755216
-0.554082146593925 -0.331962587242553
-2.23769113288917 0.661687447786409
2.36044419108173 -0.58502285760678
-1.15996397653711 0.111319781568805
-0.220705469760861 1.64519389695415
0.853633592300491 0.977435102288848
1.32834484530384 -1.38483306760813
-0.303520086207072 -1.40572054751553
1.59395719821312 1.20348653734819
-0.586301870761851 -1.0206997938838
-0.84687437135522 0.327770293342887
0.520185529476336 -0.0606339947899879
1.24022593693037 0.592301893137235
-0.168031258865817 0.27996177524662
-0.67020549249788 0.75585367202593
-0.311803213780982 0.672947418522307
1.06456483053703 1.26630284176843
1.39633914468404 0.722218787874648
-0.71038836185445 -0.988018459994962
-0.926734472896613 0.487305652807802
0.715807556074029 0.348729343149153
0.545827467151696 -0.0579502184322481
1.42433885568929 0.217248318904437
0.340327180399111 1.21514415621684
1.0616753215467 2.46915637294066
-0.0529300404638791 0.816451625474753
-0.737433138864385 1.04458255557785
-0.0316200013212496 0.878212739765468
0.734257232400625 -0.828012842593161
-1.30872301126673 0.843758354821281
1.29579631394367 -1.41017545838642
-0.702414058021087 -0.129761001601532
-0.864508807561869 -0.218287741887758
-0.625472753367723 -1.02458252482829
0.434888477827249 0.8269422695413
0.286367915388383 1.14321589113499
1.21268888212339 -0.10585296452796
-1.31515105044693 -0.765067793751663
0.610916998901091 0.0445873594231647
0.693357603401453 0.286792793785253
0.0649209135051862 0.910369535971996
-0.0814104890628377 -0.782378362575134
0.160495479509496 0.0648379114286763
-0.46679780861093 -0.0916153324107862
1.16556410516454 -0.385967395638379
-2.4489503195499 -0.452993017418054
-0.680238573312624 -2.93611183128116
0.227364480199849 0.191004058356716
0.310963956731394 1.71123299190761
-1.25644378949983 -0.233173217633352
2.37677572496011 0.49080000374173
0.0433782432578824 -1.5720617028718
-1.87292851144983 -0.497520615753835
-1.17910678315812 -1.96518849161046
1.496054694458 2.00056842769567
-0.26699764571675 0.459118984293893
0.442329949363396 -0.211660743077876
0.527500485246124 0.449419614743183
0.754951709178888 -0.80003250687099
0.760025038023661 0.927840029214534
-0.313779075933309 0.868999036558583
0.467166405860749 0.513498531285131
-0.374484624057771 -1.23547073420616
-1.92110217769199 1.27229186218777
0.242345605969459 -1.3876185983296
