0.0453377437993671 0.142904681429627
-0.748002646188557 -0.449028402124083
0.212217670593941 -0.560163915756571
1.68672550013536 -1.32508494679006
-0.306719828430892 0.0761562752500188
-1.6363112072303 -0.869540494713814
0.445626200770764 0.723312472610009
-0.727476520738501 -0.109246902072556
-1.37235306849865 0.215407414503089
-0.582053135650922 0.0494300513253971
0.883464081449176 0.0722193815308017
1.33012413857412 0.519864809618673
-1.27869280607192 -0.178159208307312
0.113125033488873 -0.373631957856117
0.530418026315981 -0.554622132399488
0.82360670703843 -2.34313314570445
1.10406267220668 2.09511486143299
-0.214208044542693 0.601716480499254
-1.16073146530182 0.256628848562781
0.580999618714256 1.05089305920133
0.789456834777484 0.536753214347455
-0.0343103708029422 -0.405777363965702
-0.0901959292368719 -0.876522985406338
1.16921333447853 -0.75519863999455
1.07254494833579 -0.0172239389887687
-0.742125539610254 1.37182832659215
0.749058025712514 -0.707846068743859
0.673902771763716 -0.674995141767899
1.16010852356055 -0.983767553388605
0.285762909910301 0.454145321127588
0.0235258216208872 1.59808187524054
-1.14901275166706 0.749090943932935
1.03569510358215 -1.23523337851166
0.537646584958438 0.891818514507188
0.985758584599667 -1.16754205024576
1.34075250675814 0.250763628443559
-0.487432987548449 1.0785429821029
1.18468167977358 -0.869114878317917
-0.898945582638004 -1.40301881705584
-0.350010254710503 0.395135460355538
0.147146596462945 -0.439477228070912
-1.02486907538396 0.610072040784573
-0.426846900634701 -0.696294019380275
-2.22553071444246 0.248498484934839
-1.15266587899785 0.513986472115908
0.125446503129395 -0.720299655338988
0.982919349735598 -0.332537311855372
-0.90594033829639 0.889755754890559
-0.790979898292247 -2.22464891541078
-0.137245941098159 1.88822652044914
-1.079410531568 0.936971908597932
-0.782392048216205 0.698013104568207
0.165190229015305 0.0512651121342659
-0.291095270212935 0.318225809887254
3.67340752155612 -1.25004265367654
-1.11340301961608 1.63198934848052
-0.11656893012891 1.0191506773781
1.89546307143097 1.0578872732323
0.024228728144082 0.254762814274322
-0.348611207009933 0.886602570611141
0.95830639438155 -1.24788162117457
-0.410746452356679 -0.178040289523435
-0.265268658987742 -1.95442716038687
0.427173410985623 -1.50096214284988
0.145541772510242 0.1164630837105
1.00744461818112 -0.071225443012647
-0.130316812379128 1.46104640485884
-0.0196369760888984 0.896911152442238
1.27589671502387 -0.674233213460283
-1.44246384254328 1.72835373002928
0.339926870931888 0.210753039551581
1.09155726936142 1.30424845466312
-0.905447715928784 -0.125158674361956
-1.6630650191917 0.680010463334289
0.277221191272615 -0.488767380128474
-1.03909422594871 -0.334589248370817
1.41766481407694 0.203770953980141
-0.204818361889956 1.30955456386598
0.643865961186497 0.417942598834291
0.499697501053427 -1.22325458225146
-0.619266745707833 -0.663123145402371
-0.761987707707295 2.29811652647144
0.41483443733793 0.743946781189072
0.214417288147298 -2.44995511974777
0.577015892729693 0.940746330862747
-1.91037062436062 1.85496330193225
0.51187127812826 -0.167621615647012
0.684939028602217 0.650682195041964
-0.504415429333493 1.7990582930826
-1.23357037685485 -0.648142552899295
0.371115046476721 -0.401686056673161
-1.18206937739059 -0.302240479719951
0.242483777661899 -0.0986140807216408
-0.912326062767033 -1.01746383373523
0.369118827028264 -1.20803637133617
1.24363800744944 0.894240406699169
-1.65248909365165 -2.3687183016666
-0.364257633630888 0.00303456246350364
0.361944410483412 -0.306537227389384
-1.04673853356641 -1.52969991796513
-2.05709191062895 0.134626861300534
1.02364545904188 0.534160386766707
0.0392926422528671 -0.223782840509076
1.24095929757095 0.248650218545096
-0.239032029768135 -1.87083452928186
-1.34567568247918 0.0604795337099093
0.0882733318848482 1.75732314571928
0.451488437323834 -0.1583033965604
0.903357375437678 0.765202550769345
1.74295826200548 -0.401172980571575
-1.11392853835091 1.02597683905898
-0.594774342370817 0.225419810428323
-0.758780653450271 -0.152340872401061
0.601164897060269 -0.822754797107712
0.69782168136998 -0.126041482431473
-1.344959300977 -0.176233920784428
-0.173222437737027 -0.820792281235549
0.503542870539925 0.0508133132037449
-2.06605006562246 0.156720066777107
-0.354868155535385 1.71984416375477
-0.345271665358602 -0.533820383123185
-0.645791025096879 -0.0782841157925794
-1.19181836551432 0.230190668692231
0.835934491832186 -0.34297861456583
-1.10473048232718 -0.309716001358269
-0.459537623854058 0.311551551621335
-1.35171499584358 -0.0934710556801122
1.0174595752169 2.19639295926773
-0.295087176503666 0.824440569678402
0.248970374280096 -0.0875245125443148
-0.0983906549453041 1.5802906519072
-0.27394825331219 0.76143653122918
-0.10421566613095 -1.20220139117313
-0.145045908534966 1.38521763904056
-0.572941418442933 1.76422488999562
-0.632310923771859 -2.38985944369253
-1.68647904056275 0.149469926262347
0.608805883442025 -1.08215960596153
2.20357130392307 0.465357628935858
1.83964277842026 -0.490413496457602
0.809505544566013 -0.984559817263166
-0.930604404078875 -0.643127786859994
0.472427510526549 -0.00717248717822117
1.01441522994668 -0.182497363726432
-1.13390003888052 -2.52851444941361
-2.3590082855925 -0.440480244726817
-0.555565538418375 -0.458666211319649
-1.16748272057851 1.42973052014566
1.87762584510184 0.150197350066859
-0.414048698769891 -0.409623436012142
-0.425782234335766 -0.50783994435212
-0.692243661084274 1.71048441578359
-0.153305580900256 -0.106555172719763
0.176567811441312 1.33088255966583
-0.0253145222027831 -0.550298415051457
2.52109593744371 2.14911166832957
1.09464898252937 1.03312456535285
-0.0399942197294112 0.385701318441691
0.287935650941494 -2.2460833955037
1.6145877012234 -0.517075281242326
-0.551522950395072 1.02545582297454
0.770549311290773 1.12654465323585
-0.88226300319754 -0.980247206290534
0.469547538619315 -0.488242462809137
-0.668611466322058 -0.048218817612169
0.88519140558702 -1.50258357277982
1.98849567666405 0.986707749419441
1.86457417777085 0.0508902871675494
-0.348322171000876 1.69435623150194
-0.486811047929406 0.192534325748242
-1.06411481254795 -0.562766307033016
-2.1434874093251 -0.33490069380964
1.42448467394631 1.86044152438317
-1.50121642367937 1.00713926439764
0.430746278403471 -0.725180204070961
0.552345080826977 -0.323131103967831
1.43992030281905 0.550160238315498
-0.260101283490486 1.10992220371477
1.66679969463008 0.0741975655254286
-1.19302234595028 0.0524880823828755
0.404089866194199 -0.233493269699242
-0.832399655678325 0.582167269250084
1.46214970068918 -0.726716807724976
0.604187934561354 -1.14963531473607
-1.75177942809578 0.252564008257896
0.572901840339744 0.749265598954048
0.0184710614154433 -0.943245738219513
-0.153096971369632 0.110998702963255
-0.389853652302495 -0.616904302870804
2.08233148174334 0.601936827667476
1.57480938239834 -0.313616834572047
-0.497925670122499 -0.0268150390853297
1.0216341728782 -2.6679149338828
-0.0105490450413896 0.761031053980329
-0.499708315119379 -1.59291871158116
-0.268769007982111 -0.273076400881993
0.65125859887146 1.99146572353829
0.387543168399177 -1.26484594029854
-0.120126566417677 -1.48697628116247
-1.75068944236622 -0.0437412704116162
0.100422432188058 -0.355842349532527
-1.64088870371708 -1.77141702237686
-1.0218673299494 2.77808611452807
0.291501670228207 0.695439832681149
-0.673084018058521 0.52878211843012
-1.046980469302 1.23550337378199
-0.448145296967435 0.85653637914238
0.0238364844134371 0.737205082789185
-0.375049330208031 -0.618808978537248
-0.478467286613984 -0.427847931237584
-0.00293768267123229 1.55594274341071
-2.04428724691447 0.991582024431286
-1.63665222260188 0.719277551843372
-0.68301273187982 0.4724930070143
-0.459771716750407 -2.35666529138964
0.254106231891565 -0.103770824698087
-0.0495092576791021 -1.03756783285094
-0.825107902933473 1.30109317652094
0.488965185437003 3.4570851902115
-0.352546117422627 1.45242947173752
-0.661520132665948 -0.221396359897441
-0.436496451619908 -0.981789599588129
-0.660466333579687 1.32807585307902
0.670330299697731 0.15540685209423
0.885225307395596 0.230943331557016
1.14002425380421 0.712529817632794
-0.984687540267019 -0.276200249468424
-0.304991877083168 -0.938464586336351
-1.73525723991181 0.327665945002579
1.1153606537062 0.735940003297394
1.88581044674776 0.0735837315047509
0.857956059985387 -1.29760963169018
-0.149691045489842 0.0238666026753894
1.99845244250162 -0.873936153610566
-2.4603624220125 -0.620709879281614
-0.876983166276175 -1.84536311466816
-0.525799497413042 0.524672123596677
-0.0719286060616006 -0.565447772018288
0.0254516554923028 0.671456179672465
1.62781242165481 1.51411381720155
-0.304337126714569 1.051276860578
0.518055922343294 0.0323078771876921
-0.679868911018392 0.260174588386787
-1.55322306798562 0.608799001217147
-1.00891753502175 0.00202152032338365
0.524805164654209 0.284536397040396
-0.0900521105112819 -0.500011826901342
-0.0738196302767853 -0.888316854157994
0.356025801506208 0.0824898615429612
-0.094860850339225 0.0085168353806151
-1.01013746656626 -0.634085023959239
-2.2430129588323 0.613090534179562
-0.481338756093785 -1.30840677983179
-0.565576355122492 0.162551618725622
-0.0785693490575761 0.941183010148521
-1.62589293079513 0.0661806423732765
0.158196240285236 1.5648840325035
0.975844485735865 -1.56398127252927
-0.412910942363439 -1.4507434425441
-0.241955201217254 -0.667973162368876
0.54087613060654 0.849491223710716
-0.0549708023199531 2.17868051915389
0.545206174318686 1.98694609877494
-0.553933922761409 -0.735105573879836
-0.337707751812334 -1.144426182906
-0.504440268479656 1.15321320062206
1.38131000988872 0.270898012503424
0.173477322054286 -0.385979342841618
-0.695120649997242 1.30134286583452
-1.43224612680982 0.166473672282578
-0.727274325967431 0.715805984622763
0.781237561794159 2.19172967571237
-1.58230340913713 2.17712391851649
-0.487677589915926 -0.790188937873962
1.09724115649151 -0.0953137948897939
0.217735942196526 -1.42944787939603
-1.50790520431357 1.58932795427882
-1.06025283360029 0.0617257532305511
-0.47704345718076 0.937179745692169
-0.452336692596794 -0.740616775012305
1.04769739206253 -1.11271058684888
-2.02378136823601 0.576002362195144
0.543829214551053 -0.809703944399307
1.71517644734638 -1.46519257792591
-1.37292017544451 -0.63682365903683
-1.42944843172175 -0.162990868996317
-0.314712505036533 0.12590592576934
0.773688787696957 -2.11152011342647
-0.0312649930441162 -0.261525448209166
0.880064004420256 1.51869459749204
-0.542191514359398 0.0918752775888599
1.09143297509398 -0.44456791501452
-0.234851014370896 -1.56387693368639
-1.58992114744598 -1.00028836978985
0.470673946111834 0.200389396187912
0.738008134084145 1.40393225336962
-0.0230324544989863 0.766509533873005
0.189705912716042 -0.363971677429186
-0.0340744111029355 1.096585757429
0.673078470511796 0.455523007855934
0.248802986830695 0.0436357894312903
0.732034608702918 -0.00734414074653689
0.0335616177569651 1.59112489373557
-0.0887564561028984 2.29026286260585
0.957515124357931 0.890063156245993
-0.947314253184253 1.80833028409871
0.909773398373096 0.0169303126129735
-0.224593325362319 0.619571370846205
-0.450713736948692 -0.0155064747650832
0.241330937435386 1.97600710561217
-0.743898527573548 -0.156836905292253
-0.72744233343257 -0.810832915651959
0.775047761764832 -1.05168953114054
1.54116949534087 -0.586668711753649
0.327342961881436 -0.481250264186708
0.338578399159807 -1.63694153840113
0.376167197208067 -1.43608140074827
-0.804274210143105 1.21749310005293
-0.0728160403249971 0.412417074169744
1.24285131813628 1.0002456823623
1.0321072017995 0.409207103816229
-1.70489111439086 -0.293715276881014
-0.773855013923108 -0.466741736364887
-0.53309236240561 0.483012447006017
-1.04854858854639 -1.72749042422747
-0.721283670225723 -2.58252307555981
-0.426803138033257 1.53295417379373
1.4603103510473 0.784029237864884
-1.21802035635628 -2.01914913982597
-0.00530519557676842 -0.0488081585124913
0.126929968598688 0.681075821348133
0.505202780522103 0.329188897518979
-0.594720755761733 -1.09876109821102
1.95616112950412 -1.29537808190049
1.8467515491277 -0.0199864606546178
-1.17667701005847 0.96104190842468
-0.931273575550639 -0.516278299064714
-0.230452044636213 -0.995584132275925
-0.561313727977827 1.82621882059109
0.568631022637795 -0.943343494332337
-0.685617775882019 -0.385911418989776
0.836121724275854 0.406586353365487
-1.09861247206084 0.761574985134245
-0.403217950537016 -0.108276960148282
0.0373865685190252 0.084919642331041
-0.496269295408136 -1.42552971888653
-0.91355595915059 -0.34970482155973
1.08540723768137 -0.217200222407186
2.88088720414086 -0.879064378419482
0.11780840684095 -0.854986907249672
1.24029200010896 -0.219724050376776
0.695411969567192 -0.997841144403925
-0.263292495988019 0.723775352693292
-0.952860829273098 2.8548431780566
-0.886260201704417 -0.0116052475707646
1.0495428640761 -0.0488519987108538
-2.45179936701707 -0.567582678183631
-0.412092563004431 -0.320790540642212
0.576498057319722 0.0507361244798489
-1.68322707648688 -2.2176564129689
-0.684247502140204 0.466067523406702
1.07686560102449 -1.23277766265257
-0.532473463336451 -0.599565303366494
-0.344966722857692 0.25222950831822
0.670671275533078 -0.624471711592584
-0.708016813911876 0.386680175105645
-1.78088120320355 0.789750518787872
-1.09901321505886 -0.0659682352075359
-1.06056938028936 1.57413977911764
0.991180288258657 -0.872523621156017
-1.17624592053284 1.63720210606512
0.512897168401251 -0.95549074238925
-0.295710876665831 0.354426540855013
-0.0384668217983253 0.409126135444816
0.106599185650453 0.876475903346153
-0.962585251466814 -0.36629350952458
0.854798319585542 0.406814966417101
-0.822019560998672 0.00143177853047532
1.19489795346571 0.766688816757694
-0.0194007409491945 1.22255813032785
0.877420843327335 0.0709127114716717
0.482220150775988 -0.8507896451169
1.48809412784504 0.439381410647504
-1.19403023606975 -0.823425816389141
0.636317342165229 0.10951428363677
1.17415164347772 0.673028071524105
0.529458052863355 2.04444109905339
1.05109388434526 1.44779236238346
0.178060392460419 -1.2836622382751
-0.232121896033679 -1.12612994311418
1.07895265772509 1.94166693320773
-0.392909199779363 0.207570780964853
0.486652425899695 0.126824221596834
-0.371048055171264 -0.129537784221053
-0.00422086883874279 -0.548147833673609
-0.352187625053387 -0.0208931391900105
1.01425012858916 -0.434939636918944
-0.120482028862701 1.61414385605512
-0.481136880970523 0.157320380705491
0.13787378542903 -0.620456681385913
0.599772706830843 0.3544539428384
0.0303539006890202 1.46771590091169
0.65508007155272 2.32695499609137
-0.233404199924986 -0.620151628945347
-0.499683079834483 0.725893283525954
1.40660039269203 0.364787495558704
1.01724528054493 -1.02786016603496
-0.612479049304344 1.15882832575508
0.330592683478756 1.02153559126485
-1.21381290642624 0.637727524791979
1.69439040333891 -0.528150763895625
0.558931377066699 -2.09725555568298
0.0359240289477425 1.24563046958601
-1.7149714559752 0.0036698478294401
0.421207222093431 0.942935230956649
-0.981131168953507 0.814577492248026
-0.210257403453976 0.679414359075337
-1.27512470109643 -0.638748761540783
-0.204373257394277 -0.151934040860396
-0.426429711750459 -1.05227121348726
0.356067516027527 0.468208362706561
-0.0689669623603976 0.149889139013762
1.00079674208218 -0.808110896973726
1.13582769851142 -1.13413228271571
0.121074853352893 0.376413348033031
-0.217606805077408 1.16534480005869
-1.81522576694207 0.962804334852113
-0.23256938089456 -0.456779690825764
1.55779534246343 -0.182750631908443
0.985975431203833 -0.446135328597277
0.362551266739175 0.262598009856437
0.369118356831727 0.346961160514948
1.10049940094603 0.347981541671812
-0.618093626198808 -2.02924528896107
0.312840690941919 0.623837785989574
-0.45422024544349 0.531107355093019
0.86758062939103 1.79078850929701
1.34142126340276 -0.538105671600057
0.298828911099317 -0.212665179915033
0.318557714810085 -0.707366652104918
-1.0631371158554 0.0817351239362948
-1.4705148677582 0.121910373258919
0.545789081753742 1.55449458812488
-0.826881151767834 -0.761151787807451
-0.42727457649953 0.0772002792269078
0.765803000242992 0.215016172395843
-1.49545535225932 1.06672490364935
-0.799656776603187 0.261183862378419
0.283168016850291 1.05535048594056
-1.30604245761881 -0.586974254342274
1.17573466206704 -0.658390431198197
2.21862188591168 -0.564702938434096
-1.42135332021192 -0.409084690759517
-0.987769400891932 -1.9736066976828
1.14075148314717 -1.14116837266095
-0.559377092561062 -1.93830365772366
1.97597819086725 1.06933158821148
0.285645859502538 2.45249100079804
0.169885995570859 -0.0229024895195049
-0.451534526255269 -0.477238305422182
1.68198087647508 -1.68566354565397
-1.28375237698588 -2.19843959683827
-2.57850193706538 0.464989541247521
0.563001005334077 -0.189272305655073
0.733802373900535 0.761338534988977
1.12494217947272 0.225221762480868
0.669795534630597 1.25165056366438
-0.806436305126074 0.0570092503181525
0.595270157336173 0.128346758790354
1.10513930915707 1.25805137214782
1.00745915937204 -0.30872210983228
0.827274033579047 -0.71933364440825
-0.0642585653741231 -0.968367226936294
-2.48555795944653 -0.66576961207449
1.76532183756547 0.507882016218431
0.604667918373771 0.770131900419731
-1.16515001031315 0.237987162200814
0.716111967057557 0.0745953268142368
0.518989557831913 0.643096733585959
0.0024072854515772 1.33378832222253
-1.73949676343287 0.0214662478016173
1.71015842453715 -1.7568630049443
1.11238170955345 0.839985285941951
-0.0122766112069497 -1.33044556652886
0.362634849018813 -1.23552641556738
1.17499660980242 -0.339025198563845
-0.218943637214309 0.0867244921206656
0.524836385270262 -1.97599496013692
-1.4816995397651 -0.0821357108428797
0.706662313787966 1.14079353577613
-0.511142133421286 -0.991129664842722
0.984978463769214 -0.355650561079085
-0.765480333180436 1.60060599218101
0.215483012568746 -0.323821071654213
-0.660439717773466 1.55754503358805
1.76316537106792 -1.13047133398322
-0.666755165391716 0.222745370231587
-0.769388226015181 -0.930526829081654
-1.87367916204615 0.434752912359209
-1.94421349012344 0.194566834747377
-0.165564502216518 -0.405769523667096
0.336154962561196 -0.960151069545175
-0.536298295071604 -0.790848045662078
-0.64152748928579 1.74416801573107
-0.0285339962094217 0.309787683497206
-1.11546084431887 -0.201085836589879
-0.738024495657881 -1.59417175834057
0.824705635949914 -0.949043719224634
-1.18611732238243 0.532508507044042
-0.288526074088767 -0.768762886493959
-1.09282786676626 -0.191963905960645
-1.20434389379532 0.77180741114004
-0.0713140029865952 0.109588431740923
0.9068393435769 -1.07804913590468
0.296268784569867 1.21761404088404
0.873253323994189 -0.898722469200658
2.57898870088182 -0.225713893324066
0.201095730669895 -0.614550167196529
0.131530558833934 -0.604935384679052
0.22082008596246 -1.3650620614031
-0.904247788093992 0.559134372101146
1.11833641095666 -0.248311517599079
0.77550661656228 -1.04399949098299
0.839083160356615 0.84148511195281
0.570906839566977 -0.403588715292942
0.470212861698492 -1.11550039973917
0.0988556695845302 -0.0938918240693556
0.0466047235130766 -1.51964892546704
-0.0552929134061539 -0.395888276166652
-0.00818239629863943 0.042759857631113
-0.689868801389462 0.594553792279249
-0.117131316125471 0.444715866843334
-0.111229648844161 -1.37472076886758
0.0549518374841687 -1.67655964696556
0.127444321024354 -0.932261102491027
-0.84694407763326 -2.27838564752103
-0.424812229195038 -0.70104626365475
-1.59858905648944 0.102190547626967
2.00914960277637 -1.37341384594606
-2.09918678302591 -0.531856426788516
-0.00876641693822033 1.08920721851223
-0.0292838773513694 0.348195026409944
1.27224019556689 -0.320385194413303
0.711176838877873 0.814894362196867
0.495222177966974 -2.34732173049719
-1.01887799745414 -0.0890430043956313
-0.106686569908066 -1.14526039897873
2.05677608206694 -0.0263819542795962
-0.308100106438464 1.39059452458433
-1.7241147927002 0.0469410986947884
-0.354155552104404 -0.543176637590243
-1.02148868844918 0.768750481405409
-0.0954367755389057 0.565732772582333
-1.17456677878105 -0.857112899394075
0.213052513748393 -0.0325773561295698
0.123740190898387 -1.62578484837016
-0.493472314229913 0.738357712312697
1.04289058265701 0.371589257383173
0.411397089907174 -0.0134071052398125
1.87207618624191 -0.890034485332856
-0.807669724901426 1.29521078267987
0.631873408755595 -1.41607642687997
0.86254423187533 -0.126859295235667
-0.41008241969099 0.0207969200802138
0.933740113569393 -0.972383465165405
-1.25590266427859 -0.222749077086019
0.666419595824586 1.03609818487909
0.527758764326154 -0.596638719353631
0.0729864155114003 1.26331893681287
-1.21783042559165 -0.49984847063788
0.142467096451729 -0.468256191435111
0.335183552909718 0.565989392411242
-1.30043258542402 -1.0901319494382
-1.05454219259382 -0.0765595983695585
0.142717049078743 1.59099713173082
-0.798923296493407 0.301429717034708
0.679571145174594 -0.292532988017871
-0.00205341455694996 1.70395522210749
-0.678088468945461 -1.18104404355146
0.667710574163889 -0.310447803088574
0.823594741947482 -1.8661657860533
0.470024315229878 0.487176155029116
-3.43542895820606 -1.95415243036527
-0.868023315059858 0.186187302370227
0.750726520795653 0.907410909324825
-0.874996515860145 -0.607128083410694
-0.582545855587474 0.0799999961379996
0.0641494322513457 -0.634755912317902
0.751646937582218 -2.77579448228694
-1.01549557936768 0.555479062715931
0.763496946209527 -0.285817631441594
0.142613894837824 0.505781044948832
1.1509828547895 0.119188886130199
-0.512462464084945 0.719374393347979
-1.81343520301802 -0.280917947373382
-0.364636893624613 -0.727512238054052
-1.23964893362551 0.931241868270204
0.79895934551019 1.36055070168563
-1.28777599259886 -1.05189627076038
-0.244413635079133 -0.287209814110649
0.324395306027941 0.720926146711713
2.22183280723878 1.30854816374012
0.0510416089418763 0.43950368054198
-0.137660208625724 0.118366388614086
0.163760783416461 -0.749989944727387
-1.75934771177337 -0.243155835159437
0.680886886165673 1.53386300878305
-0.107230741796516 -0.913739119093321
0.46700125396973 -0.693908633866121
1.11294753213418 0.503987670548568
1.65051935295117 -0.342597804565623
0.54138485431614 -0.802197783337907
-1.87540784276004 0.628852801985478
1.15476697781226 -0.382584125289483
0.502167068163129 0.879987390554803
1.61271350542946 1.069785604796
-0.136537489881145 -0.43978240249696
-0.235985305588776 -0.873938441234546
-0.0530611834976819 -0.766046714837021
0.0132868902505546 -0.39116203027229
1.32670824483568 -0.370043559228209
-0.0734764821131161 1.30618258405217
-0.299561097325967 0.809483128629532
0.195713472107678 1.74522293858639
0.0886360028825319 -0.933307396969835
0.287297772995248 -0.593338016679422
0.346279212461387 0.223050504760346
1.03073479618149 1.52068744460982
-0.694202976614461 -1.38964253521697
1.5834530444349 0.801681633621409
0.127240555780129 -0.595436224337275
0.254208193495733 -1.45454442686365
-0.297344185504707 -1.86761769025679
1.24897067203668 -0.510328674418423
-0.219470048499197 0.64384051053016
2.11209036439035 -2.58592319655145
0.961147922053626 0.391498221948078
2.29863773957353 -2.81924473778218
0.277503473390247 -0.0482199471635821
-0.0807188301541445 -0.707389005640826
1.75048685018769 1.73334906711282
-1.11816760622607 1.71747128843114
0.489157406046659 -0.391514059555664
0.0379742788435219 -0.00482241873622125
-1.81329140675718 1.48385687172227
0.33144054794659 1.6303788797255
-0.445812464605319 -0.772985676269333
0.368445631746237 0.434751803908609
-1.17573109105034 1.11242661536816
-0.572140930592047 -1.09247817756117
0.30652637419305 0.879084275044578
-0.651571814255369 -0.433292228207548
1.28132683727284 -0.167119831882617
-1.63540132201648 -0.0858550243714093
0.55039494886971 0.658779628886096
0.247152283426322 0.432229153769688
-0.644449244245194 -0.507230314695223
0.359520767793969 -0.392529845719187
-0.0476664868774309 1.92362447509089
-0.105724010008291 0.0481857091831972
-0.426872021529042 0.569789758648352
1.70247448293887 0.331147485769768
0.24330300300095 -0.95933604461292
-1.25737523776743 -0.92404017514686
-0.3129966987668 -1.17208887610621
-0.875681441685307 -1.51553708637006
-0.624457585057573 1.85403571822754
-0.098462131093566 0.816149073202785
-1.20538298870647 0.455269906920501
-0.0422534247075295 1.03968397375452
0.628453440062999 0.352210917585152
0.013375103374381 -2.08228523607826
-1.40964523710608 -0.284530170241017
-1.01006907306695 1.16634063924967
0.226914470446704 0.350815195451142
0.280901447081537 -0.235075084287026
1.60808017307029 -0.968680869878203
1.21698352588027 0.824811082967278
-0.960700098456379 -0.496439235475515
-2.04626585125748 -1.36095120551793
0.870274641181439 0.0901352286335591
-0.74472145846937 1.01658965267669
1.16900865285352 0.34401520452871
0.542481377331484 1.62425965711636
-1.51281362641108 0.362975819816101
-0.578378198044676 -0.269571761112749
-0.407331123069803 -0.11671229317794
0.87105712984122 0.11825526113467
0.0607076678290228 -1.1029816701579
1.82399586141002 0.0432657241384832
0.819607795434556 1.16056640337413
0.349036889157665 -0.295008404663654
-1.43262872035488 -0.329883999709612
-0.2345245021666 -1.05289933616844
0.0204755137521269 1.33203634659169
-0.30487874371823 -2.12705842066382
0.453666425440259 0.0894182112473203
-0.271519561482955 1.79968153091175
0.559081025703159 0.496926001697371
0.396130620293794 1.94919830172751
0.280934012255521 -0.935417498230336
-1.52804989324536 -1.93266747973616
1.75774421429394 0.202771853682119
0.976072372445159 -0.135046044506663
-0.759956452623745 0.127281169582677
0.85276516076636 -0.33417779379135
0.142237200770391 0.131012978519113
0.624403001386281 -0.580138195603366
1.30372760347398 -0.24496642306907
0.959850742494071 -1.09499492097214
0.0813293198361995 -0.357571543898753
1.08986682407934 -1.63095876513454
-0.0184562523799077 1.18319992237194
0.705474213742373 -1.79467465889677
1.14568516149474 -0.287109822017152
-0.487229559265178 -0.368918753622817
-0.100008404798985 -0.41855739721462
-0.403232495721368 0.446343624680203
-0.515380306511162 -0.0985536874880087
-0.308825907618627 -1.38727094561623
-1.21953797156365 0.783399886432209
0.0249364728793069 -0.749267335267307
0.343644647234166 -1.88502343465513
-0.862662370082588 -0.418540723424033
-1.19507440963538 -0.898425567069734
-0.804378378385423 -1.08969965620287
0.309080506159354 -0.831591587843916
0.115124421260896 -0.598038092603266
-0.962834539307164 0.985150103892979
-0.661600425291068 -0.0799165272742125
-1.68042170013324 0.154319672123981
-1.84003021861182 -0.928669464245806
0.255468553382212 0.714148615307009
0.106959904418098 0.232127816267039
0.140122621112146 -1.62557264357099
0.665421390157867 -0.480782573166035
-1.48659692818887 0.0485494602608453
-0.702514292713757 -0.579852222827561
0.0420297261232172 -0.950927628726074
-1.40590879192013 0.610498075312258
-0.416666345934431 0.562068721776184
-0.954702035378037 0.894991921197732
0.107788490843202 -1.35937042836653
-0.724818314718906 0.263872747325471
1.33957553857878 -0.0277025415988209
-0.444414164034498 0.626707757649591
0.356038379697003 0.38702823517864
-1.40373239115099 0.431520625275979
0.429085044602846 0.569640620249098
0.28254085237773 -0.0822718340255783
-1.2949048587228 0.0370284283955853
-0.8137659058516 -0.487779630655383
0.301766097455674 0.937884799630562
-1.99679705373512 0.962664926248702
1.15375097440807 1.58840193666447
0.0019708376234133 0.102624333390582
1.41130855081911 -0.1770782311116
-0.281754835958434 0.268655104864627
-0.562803829533284 0.412408771344158
0.413286743965409 0.179477102612057
0.798048552823488 0.398600164118249
-0.0584964545002721 -0.793381387707332
-1.08329990757613 0.366516101202331
-1.40819545719225 0.233331905483077
-1.52334072944557 -0.0811301631311354
2.80155546065951 -0.262879822207784
-1.55612379439012 -1.70123978289275
1.096065586329 1.28057226474853
0.469336766031349 0.599157667598267
-0.756561685752818 0.828595561887018
-1.50172743548938 1.50215957971092
-1.18623944671961 0.715894123239587
-0.604464074112347 -0.976362499822354
-1.51716266994909 2.11653852079053
-0.138719671106287 1.49581323240004
-1.67123571603473 -0.69731759959066
0.859153190013673 -0.702521939084418
1.13160568298241 0.00548049275876628
1.33590934141929 -0.534051231308517
0.0917924220474977 9.64471156591346e-06
0.341069727142279 -0.317947838841745
-2.51862123684741 -1.45218443062784
0.470709883153847 1.04718796550701
0.0856238297932344 0.590686441158894
-0.468760254575773 1.35662082602648
-0.66781195792303 -0.554236698715577
1.26154439173444 1.43243925583752
0.511725649026401 0.131947452296303
-0.0260193053701407 -0.714667394006509
-1.52500678227515 0.723057138831698
-1.49673116049909 -1.29341189047334
0.416567006153527 -0.101449366704839
2.83990763890239 -0.166560702721465
0.546082474745247 -0.632542461675978
0.947544047339355 -0.316835027953938
0.539542319942682 -1.22402688431453
1.81333664536464 1.09316200690726
0.879256770414543 -0.60296643205429
2.43037706069123 0.364375037932729
0.0941800537328844 -1.30505546436291
0.76448876063077 0.0524071490221784
-0.102379107061547 -1.91008699545753
-1.51560997022053 -1.12265276557338
1.86954544450731 0.749173732950637
0.430459199525452 0.414243872280374
1.05845133182501 0.370905155541853
-0.106327480893702 1.03256089541795
-1.95422148131971 -0.942035554350892
0.706691827312315 1.31898031774135
-1.45881044375951 -0.609508287466473
0.487375072157804 0.636433005463501
0.320984336524306 0.0929180788262681
-0.0437155191292876 1.09291142868012
1.73750357242958 0.404612514696845
0.47113537924371 0.859698367532743
1.18978224691852 1.33783949374794
0.132189096130756 -0.887192188928307
-0.856281347363706 1.3123597065522
-0.95942272087078 -0.272607303147181
-1.45496012420535 -1.02055531354925
-0.806875011419734 0.284971382691474
2.00772902505039 0.62236010682614
1.43432041445353 -0.945563532576532
-1.97446443428813 0.0481019629112656
-0.822223037882778 0.8914322452576
1.55630839280453 0.833323832575505
-1.32550574419179 -2.04602933641463
-0.154112633681767 0.00745992430983816
1.1970396713559 -0.216110324743271
2.23696401150024 0.439179308278247
1.9997762499152 0.194585937829278
-1.22037046637772 0.728333946718916
0.396622199885931 -0.760796139345775
1.06947402612212 -0.300618356950671
1.36061971913394 -0.0765917043923261
1.55736392958218 -0.275696877611604
1.39237252029409 0.615676764531151
-1.91277718313845 0.543266179298694
-0.953139818196435 -0.0165698280925044
0.482077034058333 -0.0207348203715244
0.0255374191169825 1.10145344265203
-0.207819514662621 -0.41810276658843
0.733300551491403 -0.804615372050677
-0.120941168187026 0.8344551084065
2.44085870204908 0.639796661243846
-0.912892460539884 0.630486242177422
1.65759627405459 -0.58683266885954
1.13233818457671 1.42074209227266
1.69864127786862 0.982289354510234
0.134013736398582 0.163086900754392
1.2163858750039 -2.56075287904124
0.443344244570064 -2.14127596650602
-1.31207380711536 0.437601158759924
-0.970401398091587 -0.348806423032026
-0.335900259717245 -0.0915852313347289
-0.811942751946978 -2.88851045536709
0.373568673144379 0.884477127514718
-0.303324265446624 -0.254390628017871
-0.115133839680973 -0.333656984927657
0.611786238956897 0.0130188555939072
0.398300175032236 -0.219767433919881
-0.703006821277664 0.527737733099061
1.29376504775217 -0.411471342749419
0.356427744778226 -0.881509145389681
-0.164723547861734 0.956675723310525
0.526340553811646 -0.0853480546921461
-0.069991796806988 0.00716196768132632
1.04217346917004 -1.62975460062608
-0.568068363719771 -0.608797713526666
-1.16932424023088 -0.805698160233584
1.33875593974803 2.14251517280758
-0.752619830622558 0.264417266810934
-0.0134398216878268 -0.0590277897414952
-1.9377147197134 -1.81285834942512
0.507228891170386 0.0408682084233692
-0.970438648800085 -0.502894264139838
0.35785173174085 0.693413694855031
0.471353676268881 1.65134368708184
2.21556578527633 -0.322753803904697
1.23992414036531 -1.84780858891868
-0.824970472219663 0.0479157589495728
-0.473146426782748 0.603244801643982
-0.6394789766102 0.542232358409045
0.812281019301768 0.266753532997041
-1.97529962571562 1.0855676535114
-0.506038955916687 -0.896716383792614
0.474133700820417 -0.254097228628566
0.541484081269925 0.462613912408531
0.21204515215093 -0.668133642429074
0.0566730181027348 0.630972413676822
0.0619800424549594 0.688991446545479
0.950007260603327 -0.0362917003425342
0.596405367228014 -0.221752728555254
0.19441795668177 1.0729705978842
-0.246626586020772 0.993564350976853
-1.61079479018742 -0.315163231231542
0.309735064202085 1.0141206052199
-0.131962609569917 0.744891246491686
0.768883824061317 -0.820424306313666
1.93305921053368 -0.21383319984804
1.19364843662057 -0.817575595961855
-1.59790334783467 -0.126791526313949
-0.907550060528165 -0.405425011440151
0.387523476638119 0.243208030483824
0.264202991117584 -1.28544246122544
-0.627546532241939 -0.0462556116323673
-1.51601515073512 -0.443474056151681
0.583167809384985 -0.68416653022115
-1.22043424021051 -0.580934535377018
-0.592097386588837 -0.0219337262117509
0.178133665449822 -0.405950024392167
-1.35005219371718 1.73339364748658
0.778145912342393 1.66339782420599
-0.987378764673789 -1.5197982497433
-0.298616998056926 0.540257615976464
1.23278578306876 0.533797767924524
-1.08583083281216 -2.11701642592383
-0.511458731950496 0.130009971565314
-0.0526414108071725 0.476156109983769
-0.740862048975078 2.07506914210846
0.21269976323875 0.964730596044109
1.59837203104962 0.619747308824878
-0.0743394461924352 -0.340422184948708
-0.471586129265199 0.219817231400364
-0.124017785144666 1.20037323442689
-1.24127019257513 -0.51482269717944
0.0961774570434756 0.613245542997918
0.830355595006217 1.79522372923687
0.571539647020126 0.210780781520326
-1.27024217364135 -0.139956124238881
-0.0502390745508323 -1.37802186358039
-1.0017180454994 0.0264147521301161
-0.498434496339901 2.08433460160937
-0.610760929327914 -0.131800421642542
-0.199107983785738 1.29129133629839
-0.453252001377232 0.249069541062783
-2.29225496527691 -0.394721487898389
1.57104918115589 -0.204274368140569
-1.80006595559759 2.13785072532753
-0.0853695499576825 -0.704277069112231
0.429437163597548 -0.846031638987774
1.56353696886609 1.65876241449946
0.434524525694006 0.235923225658618
-0.55264474444184 -0.110817960795373
0.770924511336751 -0.483553054767015
-2.76265024109249 -0.630439411352613
1.03604133495627 1.45475756658338
-0.256443444820701 -1.09445256575171
-1.30983804850049 1.01658669414076
0.0386598766582708 -0.402785064146829
0.302760008867877 0.614905943498662
-0.284071206376603 -0.280576587287317
2.25676751789237 -0.672370299420805
-0.509023626987622 -0.167290419400148
0.527531834762947 -1.64858304278317
0.821045569055669 -1.47847142831867
1.68135216815645 -0.17993604375923
0.506233436114885 -1.43056371447878
0.967711822269781 0.453042759065668
1.87928080785284 1.01845635179661
-0.362402755564366 0.730122683108359
0.00818442877686965 1.81370805409152
-2.06111872705933 1.52797571171876
0.0326929986907752 -0.67552765781021
-0.555137201502164 -1.6001512726483
0.864043232908643 0.367278357219364
1.70418664548754 -0.0693159287980451
-1.28929718079268 -2.13044909944881
-0.769521307668262 -0.700216857955743
1.53007925785361 1.42734303584422
1.14929337397353 -0.567896062196651
-0.492402658808495 -0.755325961531107
-0.675646060487435 0.942273368224423
0.0662963120073994 -0.343300834981602
-1.15928723313287 2.63500712247243
-0.602627560247242 -1.09649157074597
-0.994659721848724 -1.27924836255388
1.70897261297834 0.196298513675356
-1.4204135808113 0.0907192670787454
-0.0605162869400376 -0.228555649593001
0.932815352475467 -1.47222354920648
0.434411992664224 0.503147756119034
0.0257030932198251 0.688737334286271
-0.0463566902244994 0.16599478603987
-1.76258229027266 -0.699616784667219
0.219348055593755 1.35981438125628
0.225797310281624 0.713407918250481
0.203921799555865 -0.797798261433449
-0.0580400610524595 -0.329491454141596
0.781956236613104 -0.908475765246564
-0.145461894725004 0.318161495939523
0.192753231705032 0.28889118575569
1.08222894091935 -1.02274777621456
-0.669560435505107 0.62437709036844
1.42905403714736 -0.0581520840111979
0.686013901736856 1.15647914813204
1.48209494893414 -0.810778630463331
-0.22618051625674 -2.52760419670517
-0.56679695946945 -1.49778107578993
0.753488517689311 1.4762603062572
