2.12723999437662 1.40447389314506
-1.3072062284149 1.70831925906114
-1.41045073114452 -0.378820423747165
-1.02857408529445 0.144240872979332
1.00388789323998 -0.438119521342854
0.0398814177557141 0.789265530117841
-1.43040526296524 -0.58546137635715
-0.329680743267578 0.208557445766339
-1.00059421610271 0.428499409918815
0.953713451790374 -0.197128210308317
-0.214199410736591 -0.21344061749926
-0.57706592781197 1.6972697287189
0.225839764423534 0.980477572032653
-0.74233680553768 -0.931616779526252
0.893661869332776 0.314941677559681
0.0160272168533273 -1.1683821865356
-0.819530720243307 0.869044662607528
0.14305215376304 -0.00655612841680303
-0.775572058793465 0.298109698270204
1.28910778597299 1.45094904395086
-0.0745989402782123 0.0171740990827667
1.25986289546218 1.1559511981789
-1.19279781172063 -1.31879228816039
-1.49644832773815 0.988460480407313
0.817879801327418 0.0452389757399533
-0.225852124016329 -1.2382471339246
-0.923667702067005 0.133790368645338
0.0195000099191838 -1.00715809338183
-0.362398630913961 0.605165624199823
0.616121267486503 -0.26838111641451
0.57541682242414 0.229110084554225
0.615004369121037 0.830347838256424
0.0739904527366518 -0.466023702878082
0.0812959221340161 -0.203945659655563
-0.458308524904163 -0.422206752744729
-0.141794680912475 -0.00871905976849985
2.32167653053025 2.41406534683852
0.340527796405495 -1.73996576400214
1.17604300318896 -0.364827430216117
1.22055360916422 0.225281416637946
1.07959393536816 -1.90361567240745
-0.319721344205124 -1.34293576573912
0.513442655899502 1.79139795787184
0.16474074861926 0.32228885176607
0.349574515567971 2.88613618962019
-1.87998730156196 -0.423410228551514
-0.535783556161562 -0.48455286386416
-0.223832577018431 2.13061567094298
1.70724883441126 -0.189210959852372
-1.07660529410966 0.643755149555744
-0.230649083145296 0.407497055916329
0.558683039081051 -0.517352199509868
1.85188093522562 -1.42808735267617
0.981145466311949 0.528012696591334
-2.81164178150395 0.7672901018485
1.10441665539175 -0.732960532349511
-0.292899707216745 -0.51242052088061
-0.435412111936512 -0.611888514337575
1.31892597556958 -0.218986151182324
0.457791084713347 -1.16453934001516
-0.752203335951925 -1.20189506782504
0.360646815250602 1.54573292725742
-0.77753154668007 0.680980539082839
-1.56508011970876 1.51206449865365
1.39381239004356 0.433216979730412
1.58895290933875 0.71450494970924
-1.49523680779321 1.06158323487623
0.950746437847166 1.17400679887879
-1.15784416896299 0.455986068457499
-3.07164536824077 -1.48612928180029
-0.592618398162547 -0.0965097361787208
-0.737653239899428 2.44164828994524
-0.733638438662732 0.505160623336645
-0.907664540626475 0.628385153982323
0.676467199584599 1.31434957525749
0.683672184490765 0.465744099957297
-0.881351020433121 -0.769394848565281
2.14236223127794 0.186832359430611
0.620590240796254 -0.413286004365987
0.571027038789217 0.425572628907401
0.623388815744609 1.459341390023
-0.0673047533878073 0.70139814047574
0.261496720458926 -0.198562329586228
0.0459879542209817 1.32480877409313
-0.0576250640492543 0.390852606612995
0.660885965509526 -0.515779023287264
1.05630266294304 0.962811280999151
0.798311915707754 0.6665173931714
-1.37133440346291 -0.900543886645454
0.391829703651708 1.47366421388594
0.128426340967307 -0.179618668570266
-0.970876495835712 0.0808952178218073
0.270875982139816 0.820675677695405
1.17738370913746 -0.870661315413218
0.220824069628092 -1.86374962386215
-0.272758744773927 -0.839172397579567
-2.30912042843572 0.468159080639726
-0.279407586611337 0.538821674696903
-0.181095032211755 -0.118651603180455
-0.146273098696529 -0.10565885505596
-2.0561448860716 1.97507663178226
-0.111855053463886 -0.129240388284424
1.34469054184418 1.0842685205765
-0.12265758719783 0.371015507077633
0.0404594400579957 -0.103217579271467
-0.526333419459152 -1.31617383368624
-0.865013031265217 0.536492407920114
-0.622946189690355 -0.834969865523505
0.166457669663845 0.0507799718969806
-0.508871926891804 -0.233004475324673
-0.192752558553151 -1.87853348282425
-2.23463320651758 -0.491911946922863
0.973494138369596 -0.302146785769358
0.305849534747141 -1.07831456751388
-0.748438722667487 0.643886284308678
-0.167119096009229 1.1528545241959
0.443098709160138 -0.224196736949563
-0.579324901611229 0.314240233906341
1.15241409559829 -1.13218943597376
0.124067807304997 -1.00577187810597
0.0208992551508715 -0.559179940045742
-1.10728840154579 -0.931239525669767
-1.62944157774098 -0.962434411182421
-0.466406941413911 -0.882940421115812
0.197804814534068 0.721677371717384
2.87820832925965 -1.11874127272372
1.41230896654778 0.677019168135584
-0.460379486470491 1.07275020560466
0.685707449824533 0.537089801311963
0.032559478040974 -0.970909730337268
-0.343644037094878 -0.118624649943047
0.346356343493182 -0.513449643526547
-0.284745529702361 -0.541249146001855
-1.14722186791808 -0.178179590781193
0.614985976873078 -0.887415595300586
-0.743018497895103 -0.576390213609921
0.349221942938386 -0.322898554313962
-0.88573386806613 1.21624554099657
-1.52525696636272 1.41472521676596
0.570498268071115 1.42091628169388
-1.80063827390731 -0.641082725221428
-0.897508386838993 -1.83601553982906
0.484017546780884 -0.972833220106311
1.27850230864864 -1.6260642507611
1.2029081586901 1.32460796757374
-0.263905234197644 -0.488189141327347
0.635132694852644 -1.40677364603565
0.866994306049112 1.6390259212406
-0.27350178628872 -0.609683894838452
0.420803620713568 -1.25831681460746
-0.294545128309004 0.42185483337899
-0.509147040611052 0.582026899411817
-1.67263483589185 0.828480328009173
-0.928907886804832 0.0344818195940493
0.731671368139428 -0.335068737490653
1.36243868300842 0.45616037053431
-0.414627588817851 -0.695745701176737
0.527891702578819 0.576440175469999
-0.896094409865063 0.0390427209156463
-0.72618944914488 0.605915651285989
0.216587031947299 0.26902103622717
1.38405807532858 2.43398850925143
0.20947836010635 -0.0151742959869235
-1.87156217089266 0.613481381931473
-1.26008437624703 -1.46409983250262
0.901915767108874 0.715175267404836
0.180392854309923 -0.0269178322956599
0.18119014116901 -0.343584159433704
-0.046273405354909 -0.923889186370819
1.50729887864861 -1.90076641807405
-0.515401538519666 -1.6062895768479
1.03963936052664 -2.19535031800768
-0.493606332767679 0.798611558424948
0.659989587797921 -1.04956242828186
-1.43832984357952 -0.661668998408891
0.223486618853947 -1.69026397549067
-3.4206498222569 -0.398701859320784
-0.535930654397099 -0.438606838924446
0.0851961442997892 2.18559352906845
-0.406087345642776 1.53014392552984
-0.0166652780092715 -0.137319396449773
1.32843078984904 -1.57377853301245
-1.18017245688993 -0.302679097660082
0.320671947835661 -2.56878464573692
-0.234875439940721 0.243432931046442
0.266824477542718 0.108462589891267
0.909832654271956 0.0911952814111551
-0.337487845317303 -0.0330068925870735
-0.613281959620059 -1.17949789369205
-1.49971780487865 -0.682992122200694
0.121785157326207 0.686742036918064
0.182986141706891 -0.672540945673216
0.676990848289871 -0.965009015138811
-1.07078617168484 -1.09712183764247
1.12870433410707 2.08797999400488
1.19932450749792 -0.340171772788517
0.0251638802946464 -0.58362664667969
0.022788246521674 0.362579586871987
-1.21891811024353 -0.682412789929256
1.21162698124901 0.578658557572053
1.06308968060367 0.255073674159372
1.710710976549 0.195771351417279
2.30730632690983 2.33300274137302
1.65622490999394 0.535492192567023
0.322661222970883 -0.329825430722186
-1.4375966700126 0.188588281517656
-0.316845278329868 -1.43624880523909
0.832066285379853 0.0307070653896306
0.503111067229843 0.617768105916945
-0.626347982680328 0.195369503457181
0.18571280083407 1.43481488338092
-0.66994685618266 -0.366962994168573
1.22588397356517 0.159222723556079
0.720885251646447 0.108231568241702
0.145936085360904 0.660243120463296
0.83721274099202 -1.1271199595821
-0.186792818681309 -0.281572159080426
-1.61144477675458 0.700396480757441
0.627458005029545 0.943268074052058
-1.40961879147147 -0.458839219320779
-0.623526389943325 0.65507084871954
-0.225021276188488 -1.92016886429759
0.993952745240709 -0.241015233180422
1.00984514107219 -2.36466421365635
0.356230048121246 -0.0636923904105439
-1.0597020411565 -1.63453972113215
-0.696728240312899 -1.4064781728178
0.897402875618801 -0.671710397460344
0.934369316229566 -0.267713156630411
-2.40958373364502 -0.389539042840498
0.420841710406057 0.6238026249866
-0.316901032682322 0.24937392524687
1.83473674530368 0.264052818342859
-0.333047458877101 -1.30179173112168
-0.637465526469159 0.188384719616691
-0.0500774110879555 0.798124882545864
-0.999586493340268 0.800962669220869
0.127583212894234 0.336486724451468
0.809262366484922 0.0737744206063283
-0.114598354687961 -0.542424639412389
1.41262765233703 1.64372182790637
0.864168242329416 0.867744194761482
1.33331448687544 0.877234194631712
0.484446886080393 -0.190613746173112
-1.12394052567345 0.907730007058443
-0.976973558388753 -1.22991920738864
-0.732797174166171 0.985271276885886
1.41766133401611 -1.50091398277696
-0.193701807977635 0.593414994869696
-1.63953978120986 -2.41418561963065
-0.846019825025576 0.910531171865363
-0.0697897318328481 0.952539660879102
-0.668608665820509 -0.268995463624299
-0.142612588419057 -0.344070893679651
0.982088754010695 -0.657358224197358
1.53285505545717 -1.66067592365289
-0.107912832428632 -0.776400174791894
1.0790538777506 -0.235697046438951
-0.806502903631851 0.136400865917718
0.288384713489774 0.254360518155863
-0.441385388644138 -0.360294310576491
0.487376650975698 0.717578064262307
-0.481508593724234 -0.984993464365028
-0.332637553251496 1.08242798236326
-0.21344380008737 -1.48647727622684
0.335994564849524 1.43642233822468
0.293620743982301 0.456787486816191
-2.28223994261481 -0.783418417668886
-1.58148945525569 -1.01136465525572
1.05654394714789 -0.897344406007788
0.654202464742709 -0.970297726075548
-0.417822022798953 -2.05831678193043
1.30185647085639 -0.46498848755957
-0.0218623538728175 0.375527954267642
1.34351448992221 -0.920025124988079
-1.10739597221043 1.09726605916817
-0.594067215434191 1.08836122383983
0.126155083950881 0.815254118474556
-0.00880827511461629 0.410634740379708
1.82879919145123 -0.601914523729793
-0.184947524897751 -1.37066933385585
0.685193998396794 -0.0507604846236792
-2.05860371873859 -0.130574336905768
-0.91321464439046 0.0398955100755522
0.457479505143363 0.668193559704781
-0.64275628166847 -0.304632779984371
0.196503114166524 1.33906211461576
-2.68178262398135 0.877236786060355
1.76530082284487 -0.303322520496032
-0.341579815861921 0.420826604220565
-0.795824169909473 1.41724205918045
-0.436725055420637 0.00942918946758252
0.206302050160449 -0.62553650912084
1.07990532247335 0.560428209443433
0.190457849307405 -0.0200428878349805
-2.95167198742277 -1.14960161793584
-1.36877386970882 0.963994836546306
0.0275310594882056 1.53011757660916
1.04886231043595 -2.60077259903797
-1.43920885539253 1.02949248223941
-0.14396064041446 1.54179714324453
2.36777238568712 0.776582867093235
1.27996599973385 0.765460948384886
-0.781376807457099 0.144573784762108
-1.22111116728769 0.747833706608089
-0.796972593356149 1.7248229306518
1.42996602514644 -0.217567788109673
-0.0219906604408919 -0.803880437018301
-0.162939001263269 -1.64612343355737
-0.127409056189503 -0.109038834941754
1.1318758827224 1.35343497129763
-0.348297874993753 -0.362810495578364
0.33741148364586 0.991632534040536
-0.181991260727188 -0.33087136891838
0.240370049093586 0.116332591101898
1.67664155988703 0.698330669667241
0.753914688357947 -0.456371052959853
0.770087231429691 -0.0848777779110863
-1.0257925242974 1.46827931626025
2.23160940827378 -0.28759858703916
0.297905182632987 -0.342805847991651
0.676782359712851 1.61822522813057
-1.44169445772796 0.337641585863904
-0.639488100647226 0.413682777561402
-1.29090291202906 0.777248899250751
-0.789453188875514 0.584917499204177
-2.23168814881448 1.41063762665072
0.155446301430247 -1.78522365633036
-0.290273215597506 -1.7132171447559
1.13197715594525 1.47087822155285
0.726762108392558 0.903431555084145
-1.41737397061161 -0.142146700830819
0.562447514461743 -0.930964113156492
-0.40722393468539 1.87846692059751
1.52950861706768 -1.48404835949166
-1.98977907300203 0.64914584851701
-1.51068456237842 0.109655802496056
0.430535679517274 0.437685256361408
0.801276602699553 -1.70391597195007
-1.01362232961213 1.24359711136254
-1.87042181871267 0.106265982652042
-1.00015172261263 0.658295877576285
-0.16086826278591 1.28043223365199
-0.460423455457686 0.306414959984313
-0.999232705968347 -0.882615927636202
-0.834144264593091 1.94471046850898
-1.68585376520327 -0.0392472563018572
1.00141714489816 -0.374824156764808
2.76962050913497 -0.354760311051492
1.87798781125248 -0.172560613931016
0.551031445809135 -1.20306845902525
-0.424745511576009 0.524549549263679
-0.717768140790922 0.676499995337348
-0.595631495930786 0.660146833861652
-0.364257670926449 0.556611442096448
0.0681069099974029 0.718940171370598
0.635841968266482 1.52781965826919
-1.0475883815955 -1.02775464702187
-0.39130034025201 -0.485970982217961
0.07132842108548 -0.121609160025471
-1.02089285814965 0.667979930341479
0.0815787696518847 -0.0938041638011711
0.241764993863168 0.458471765554153
2.10227868721547 -0.287389967618455
-1.36606607861405 -0.474342431763717
0.755594722679247 0.889039923189699
-0.326857977767641 0.742607146746873
0.550121925413342 0.997356477002828
0.533394757259709 -0.741465919561407
1.08200332344479 -0.576255854328263
0.711587028339024 0.70441567627579
-0.721603088740522 -1.02741745757836
0.236236153943976 -0.86858265073325
0.276625857582925 2.19313771937204
0.0873120938820353 1.39129878494851
0.263798814070105 -0.315333940120487
-0.0297283087258583 2.59710821727938
1.04525760453531 -0.635302123071662
0.0784064875020248 0.798657749381574
-0.433441580609041 -1.55827308028952
-0.475661981265131 -1.95911987932192
0.663373814198908 -0.188510988707141
-0.738002520297947 0.601405604341272
-0.094715379050215 -0.980206355996929
-1.47964061600905 0.885136010795575
-0.172203482634052 -1.91196621544796
0.0305483782850563 0.0181887467463069
0.903757428082841 -1.50176904005634
-0.253319930095603 0.253553029063331
-2.34920592425434 -1.66458923889129
-2.24598842673048 -1.19218482252003
0.70840623567084 -0.685378522799085
0.398498735935655 -0.820322514268852
1.38364340642405 0.0156381512036265
1.08340387468598 -0.224298709443699
-0.56772185495198 -0.343669495212788
-1.2782135002437 0.731528419322171
1.10158350111343 0.179109830789115
-1.03684058374157 -0.260830579415539
0.145890524303038 0.228128221140435
0.0172952302017991 1.07576714792881
-0.681314137216787 0.607499642313635
-0.769420089592685 -1.31779567117236
1.30070509267706 0.0095080846694191
-0.607406401694226 0.620490581061606
0.830230980336988 0.326412619054779
-1.80880568725545 -0.385137687320172
1.32224626102495 -1.30315633320988
-2.0039575489753 0.142221656178116
1.35426558648795 -0.344962445453217
0.0262126431250341 -1.27392475249771
-2.33975634409124 -0.335350100246945
-1.33141870272234 -1.09713493642953
-0.843718982817361 -1.0553618689204
-1.04569586293856 0.166436830509405
0.546431689151863 0.306894423858335
1.87820303476682 -1.2091331635659
1.06064339853374 -1.14999148350788
1.13354460657369 1.08897686628246
0.00625588488579368 -0.628475978013153
-0.391531804703361 -1.22654998557785
0.759279263802579 -0.326041772506589
0.922531310310761 -0.515875586040835
0.428554742986119 -1.6046906892245
0.785803526641814 1.20536304497217
-0.841132852673719 -0.950674224068378
-1.05618212051385 0.912697676553822
0.324262081016708 0.246483653043575
0.00225906019188737 2.17609963719459
0.390828322607289 -0.237291748418282
1.2818208115959 1.12472225884775
0.878062231963137 2.9238558766608
1.08537829318518 -1.13174616501586
-1.66823007250637 0.298815237198118
-0.823122098798653 -0.687513587920174
0.347925603189179 -0.561104774068905
-0.134864747194254 -1.36371550641043
1.58425701034597 -0.679452821463508
-1.69713822312715 0.153512957559452
0.706105726232469 -2.53864741305521
0.340724179733399 -0.14594748960472
-1.27147422631763 -0.0574928914099649
-0.360823617982052 -0.243503509005664
2.77233580519108 -0.770485280068169
0.763211218261887 -0.885608022358434
0.327426198675416 0.887172719255009
-0.547616430153426 -0.846612327637006
-0.00571960759325763 1.0986599977494
-1.66825892679974 0.46062284033314
-0.666281000636236 -0.157863203698466
-1.02526358369041 -0.959011315867029
0.335495783093082 0.537159939989334
1.14391619619929 2.53821352421916
0.891841803435973 -0.609201790455488
-0.758945074268375 0.43984243548969
0.742073982358255 1.24592104552071
0.37960176273783 0.345334317288205
0.535008832362875 -0.966243823179326
-0.912877188786401 -0.24834109080163
-0.139953754368063 -1.34402239734283
0.971833925138934 0.544484151691834
-0.758799513676182 0.745016034042495
0.208359431346633 0.22747342997929
-0.263583884128823 -0.0896236921120814
1.09869584125162 -0.404317766784106
-0.342394495200068 -0.00838533685398823
0.227064730677742 -2.6779911587158
0.297536679170101 -1.2203088645759
-0.433025143746382 0.717249630210568
1.47009367324083 0.697493569855326
-0.744776801707149 -0.100629766477035
-0.237062362721618 -1.43586103446579
2.17614187543051 0.952867296962863
0.146127573859398 -0.424660461643871
0.288775117012937 -1.06347936674393
-1.14921183082194 -0.170057370611956
0.590211345781858 -0.369534570858758
0.321444170198906 1.31970256290082
-0.418230447177217 0.222621423693405
-0.781357690825972 -1.15911450222687
0.664913243937971 0.481478823698702
1.03315283905974 1.48101761223259
-1.00970903845095 -1.12481449779691
-0.0289508715789353 0.487146232170764
0.340167426200638 -0.404928237120619
1.16981274961453 -1.53323182901497
0.622498114225069 -2.86798980432668
-0.0712334124853809 0.0770952624082254
-2.46831585094349 -0.225032792024029
0.0102627450823654 -0.521136858040977
-1.70196948628981 0.341674516629881
0.882681422798804 -0.785605642786727
1.38777865679924 -1.23083237175956
1.36637668783027 -0.994809886769521
0.777942083664295 -1.68824005564042
-0.741096711281325 -0.494520895971525
-1.49880524984664 1.50798308169675
-1.39546162360392 -2.35167557421166
1.22859988589408 -2.03476137598497
-0.0649213571536756 0.0862580873398635
0.769757193789178 1.6961413989481
1.4821515767941 1.25409912207614
0.75236211725475 -0.912271004128205
0.32669564834518 -1.31566143219974
0.445437408384935 -0.157545169596438
0.229838890355581 1.98849628519303
-0.453864945515791 -0.476415909731925
1.30562706529484 -0.692709128313043
-0.309279086140801 2.05923570342388
0.202612178720765 0.375126533784026
0.339786897364726 0.423257293860691
-0.104794710014342 -0.899539966448708
-0.295686460067863 0.372590296932477
1.08193732223923 0.88173521321909
-1.75961636942015 -0.856823751951767
0.516189888716763 -0.0591808946910899
-1.21716380815876 -1.32007511110778
1.52498933331165 0.303868068011795
1.62559933228966 0.807129802778606
0.731773607648 -1.74762635205908
0.230528275744676 0.0953210170991692
0.315847930596107 -0.762642109949886
0.404353543467385 -0.118808785864774
-0.92044595010936 1.10186001751312
1.72463752067108 -0.159452015701546
-0.17915872568057 1.1440526017931
0.021976787781832 1.66507380487815
-1.08401891702287 -0.65253676179762
-1.000552864239 0.831516441964318
0.681060057645926 0.0553924021064333
2.01021436712566 -0.207902517305555
-1.14319768799145 1.50001031655544
-0.264980349414142 0.292797385963578
0.465155996797558 0.566421085746731
0.332007207367227 -0.395836744195896
0.299633574658363 -0.220273844940286
-0.0565838783799281 -1.2590447636833
0.997288971155648 0.278641198627796
1.78724370593046 1.38080358691973
-0.165194252436149 0.179983436233214
2.22306041902358 -0.903128300057286
-1.05540289762662 0.542365049385457
0.588687798963039 -0.218677147964138
0.823510855163047 0.366966943567852
0.733482602998808 -0.215103350883083
-0.308578265639728 -0.614325438261706
-1.13717226015375 -0.670109653906283
2.10715569667568 -0.313423952927033
-0.60208231249374 0.74386005270972
-2.19305936718377 1.41113403323814
-1.53393521674096 0.397406664358907
-0.66644289644946 -1.42256909523101
-0.24552349422392 0.790137896906916
-2.00504043195246 0.231706758259556
0.625178510707935 0.141125931211107
-0.733150083804967 -1.36389860613605
0.682479206440606 0.977613802452534
1.8337697753055 -0.526453686764956
0.871704644227987 2.69205826969552
-0.469944984704714 2.58681222312939
2.12400003576701 -0.252400748694746
0.0774697164102755 0.375344680320436
-1.322460144341 -1.14023585785589
1.36272084067684 0.957007801055335
0.247669515017273 -0.352226530969607
0.0892711203580827 1.73304101458972
0.173703562938705 -0.00602152573108988
0.0931733357065953 -1.47553445121742
-0.609336664486159 -0.276791661515199
1.34364801600535 1.19757459339904
0.216733791434082 -0.491175114714198
-0.797259924518616 0.882459301515431
0.153060033711449 0.30337849121685
-1.60012753622596 0.77657763434053
0.516342555002065 -2.01408381425784
-0.224153922786947 -1.01664802398258
1.20071508401451 -0.397003675078477
-1.35837807362879 -1.43221182891479
0.0396399563846203 0.986358261633033
-0.725402462043779 -1.40114302776952
0.204494811390922 1.27195489976981
-0.0976735006025254 0.288463738063068
-0.759503460310551 -0.653780764954727
0.214577349553437 -1.27817376173902
-3.4899277605095 1.04909645051883
-0.714698004205624 -0.428208821727344
-0.381434400623886 -2.35126973187428
-0.0747926954095622 -0.836104460724039
0.576597831812936 0.0160619888892778
-0.101719448187317 -0.300595438617856
0.539361143655279 -0.936178267669901
0.0602255637978787 -1.03192551060432
-0.782037332205075 0.564731520526616
0.347345616436588 -0.692918700165926
-0.490016732510033 -1.90401535362583
-0.577824785471616 -0.0869413565527632
0.796648575974687 0.515608517022655
-0.491439643442699 0.0435715620730409
-2.36426659361847 0.344879862627312
-0.737870706474554 0.462572098431103
1.20514630490123 -0.727550628831205
-0.8096054401774 -0.326826199215029
-0.824392628987726 -1.24825664654477
0.325217866285647 -0.315707092854878
0.533450555845187 1.06683675199794
0.986273841404163 1.33679012192463
0.0102540154554284 -0.430165269399881
1.81147592172146 -0.580914710615432
1.57914000302126 0.091362401933663
-0.677818192134451 0.62494126406951
1.80190052476414 0.858528930621699
-0.946039625410112 0.0760865829878588
-0.457841777062154 -0.904953223302019
-1.17085178570403 -1.25500472723576
0.454804972099507 1.15074185873195
-0.544221683349482 -0.293076682689113
-0.430987151314436 -0.10472033807801
-0.311896060303292 0.736997898909988
0.378026042817895 -1.08130094207067
-0.336118676503482 -0.104594602342427
-1.93110049748777 -0.21430259466791
1.79333300378273 0.201847769440989
0.662249292798568 -0.357248610135954
-0.187019635874769 0.00176811244473898
-0.563750323192047 -0.420754819584436
-0.483886470997203 1.38478892038083
0.591583074753671 0.244864750972274
-1.03302626299188 0.273337975555916
0.0388700111611386 0.23410251423183
1.4592822496274 -1.01929503249763
1.38111119875276 -0.936649136022435
1.49821800749956 0.182542457526586
0.409143002460254 1.7476611557915
0.469045282578676 0.361473640180545
-2.21565821154522 -0.457030765071597
-0.736755224129834 -0.968718595064707
-0.760044729439738 0.436269725203452
0.0805971683301261 -0.685929630326008
1.40678098871997 -0.591580424464887
-0.451880177508146 -1.07509702718706
-0.030398544958702 -2.18456950790359
-1.37087811432428 -0.633650301486623
-0.182650006494422 0.446703132469222
-0.945729749942094 -0.101955362020203
-0.140201933274637 -0.64603097416351
-0.286536707408536 0.248287266790618
0.2880800476013 -0.461975090881539
-0.729256816165829 0.155079776576777
-0.138122959847367 -2.24123742016984
0.447590114741197 -0.0968506050087327
-0.212804069744925 -1.9434943640414
1.39450362364154 -0.318218635082154
-1.54134170874457 -0.74067795816773
-0.211447939895178 -0.274733116048661
0.337917213056859 0.342287495011848
0.580563541711747 1.10479044933694
0.735469729403629 0.163053096416247
-0.868612913121409 -0.435885339149668
-0.296553439892279 -0.355244961128503
0.208347935769181 -0.131198976107288
1.37835251403835 1.64863993853712
-0.192150706472345 1.60084835477164
-0.409711364877986 -0.871625477342798
0.466280295855939 -1.06878397368795
-0.447082032094206 0.808204246372512
-0.23688816951645 -0.928795267484957
1.49734291082102 -0.314555252982676
-1.43881764238681 -0.541703711233194
-2.63497872337662 0.195835724736703
0.260949769703869 0.39240082728591
0.192539531996184 -0.087221064200953
0.957665862424808 0.36339596185146
1.93806018999875 0.369129184005035
0.361392096973407 0.832557809044776
-0.691666732946989 0.0456239039276684
0.950289356581692 0.159598541432625
-0.714214881192287 1.41064403274782
-0.437567219672302 -1.56304263363792
0.432688586225087 -0.855088303367084
0.561156385391926 -1.32477711768252
-1.40115748325434 0.69248501279673
0.791133505741383 -1.554467930805
0.318220700056595 0.136869233461835
-0.26506930017984 -0.501848936528671
-1.64623085314868 1.2973247974669
3.37946784889807 1.3458538816524
-0.700710028324143 0.706460813295148
0.41388819529435 -0.480603191401153
0.311767139447593 -0.644807545524682
-0.281338308010921 0.0928436613412355
0.486663887965938 -0.836861850224152
1.20376147068588 1.85220820244484
-0.261533969127384 -0.554029040431871
-0.506635048759273 -0.333093062716895
-0.244596113315488 -0.0471708183499158
-1.58392440285218 0.209741888970694
-0.437757602945794 -0.427620066943147
1.39426874827535 -0.877436194233509
0.30446209090691 0.808825683601571
0.289890448892467 0.0665544198213933
-1.47134799420467 0.59966934376102
-0.0818585351764117 1.45316879431793
-1.25714408775705 -0.332603669704812
-1.34444607141048 2.06636101035691
-0.0871605134385918 1.08394934145166
0.273733408280703 -0.381237069458465
1.52816196362039 -1.06805309324012
-2.56957355629345 0.314365636275181
0.476702826721498 -1.85929613736667
-0.435896210270895 -0.908930092188011
0.41080624650582 1.78942130717825
0.846193373684523 1.74556224340412
0.112484678372112 1.26983582197406
0.901682637910133 0.266488629740337
-0.0745089447909774 -1.50525300692926
0.0416279058245444 0.784925130558744
-1.75742050467128 0.473111569576507
1.15917468484143 0.753933708322134
-0.118600800986299 -1.08244619097086
-0.720692851474761 -0.982510067875242
-1.40215012729991 -0.710327873398439
0.241011575276835 1.12162974930161
-2.05302065580128 -1.92863393640729
-0.343705840819857 0.875263069673464
-1.69638897480801 -0.0797879051277441
-0.764988877219477 0.0287783845004856
0.932746296024795 0.670196516276178
0.941004874337642 -1.50208722801106
-0.940157959452062 2.0739973640307
-0.318260986698792 0.647982963051298
0.254860458201548 1.10035076609783
-0.00258986993672117 1.73276192416132
0.0397848673156727 0.530060092486003
1.26298553085439 -0.252028187631211
-0.0735790525023089 1.60293990642081
-1.01563665976803 0.196493655230883
0.210254041355356 0.385082713956154
-0.232507509991115 -0.142131973173417
-0.576479707972287 -1.4518538490541
-0.656435733857398 0.218311272287959
0.090583084278624 -0.829522400265703
-0.187573422822987 1.77007438516592
0.812755890248418 0.23227114681298
-0.63300044867019 -0.960050218706457
-1.05768755169969 -1.26187043952176
1.25435549859117 -0.135860395080978
1.18410474487808 -0.0322602828087187
0.238474418529015 1.69035167490329
-0.833706303242346 0.210779838945279
0.34010612505029 1.55085635930303
-0.601485681497036 1.15490859883527
0.986931634912735 1.03446009074803
0.0770296889524355 0.108195631073973
1.33888611063283 -0.779342228853924
-1.19241218694357 -0.743089897774052
0.0650829441539938 -0.149873364813506
2.43151459628708 -1.48087995510094
-1.29128499470727 0.597920868171632
-0.178118889449755 -0.418455140338426
-0.0385725403523933 -0.703321459075897
-0.74054157683975 1.35601813195186
-0.676646816171462 -0.496341400139238
0.919961420218213 2.07253552764081
0.560842824083491 0.754859022149188
1.21795838151787 -0.494575019603365
-0.662831298512251 0.132514160829147
-1.51097250942359 0.952065202692014
-2.07071225050149 1.04220216071698
-0.528393714063113 2.46218571179376
-0.536746415856725 -0.0219081597720957
-0.0745419276522661 -0.711858884649759
0.976216212294884 0.455191273914449
2.06565614112632 1.42093511542269
0.332159340579519 -0.509997115321995
-1.10930804226693 2.17044907047046
-1.38876819369564 0.607891074083132
-0.211466483776669 1.68736000178958
0.240349699669771 0.14397145942351
0.401539837014244 0.0415530054547857
-0.386818554110774 0.0365060142226311
-0.934807194954686 -0.727959945023583
-0.802881575343975 0.340186004846071
-0.469128553736886 0.0907910224107046
1.16122499317857 0.224303673258665
0.0561796216416777 0.742668899951182
-0.0544799702998321 1.20610628322713
1.72648397184028 1.17585411140117
0.378912765120781 0.279980614586563
-1.07672383473802 0.0709471773396264
0.993349224125949 -0.973968597472575
-0.907483350448568 -0.0460593414390884
0.261814544220155 0.032850053732293
1.02415177824857 0.515709688207523
-1.15794269511961 -1.14040271109115
-1.22101527296491 -0.301360563416147
2.35988919670946 -0.717308643556552
-0.838231396485915 0.0594923150496675
-1.43063042183039 -0.716408720826987
1.10050843690822 -0.749630528487332
0.581252541437543 0.453458670962519
-0.696412392596257 -0.58836557821925
0.218877818499057 1.4162769151353
-0.395069509141082 0.18386634099623
1.45363015741524 -1.71396465499204
-1.473282400846 0.641022866314114
-1.46506156624013 0.0646783440097707
-0.0354295882201321 0.11411361326698
1.1600410079172 0.0423977965696016
-0.0232172325576676 -0.551582565884296
-0.422726550519123 -0.359239553304327
0.773856059434696 -0.277591514951138
1.85421683765307 -0.404592366222521
0.887105641208116 0.326308002926896
0.344183815184646 -0.17867329218688
0.0122858336009335 0.107236727842052
-0.144484715365619 1.34135304699851
0.16902834675876 0.0849476434668461
-0.498416476728418 -1.49082230825627
-0.0165946537297011 -0.870573960137391
0.0561541772404522 0.999849177408599
-1.07219282475755 1.79462295898666
0.770454611467524 1.4748429056973
0.11110472460709 0.635499477180922
0.409086139441777 0.097901514745089
0.203135254152308 0.317941773093323
-0.004926267627408 -1.01848453913226
0.147619334785887 0.197732354206043
1.14798530863604 -0.349264164884928
-0.525642621009534 -0.494306802833621
-0.217674941224374 -0.171977644435076
-0.139865246465046 0.74949902943659
-1.50696080218489 1.70238842345026
-0.619423837816107 -0.869794244013566
0.0131069010577622 -0.365498973409493
1.90425664776431 0.36328634966111
0.771441146373723 0.647819671287925
0.0582730818974894 0.883347207872388
-0.263709559199084 2.93409663280175
0.187328363403796 0.200110451974945
1.97414864785232 0.619515094074154
-0.706687700901375 -0.0454902690144566
-0.871339363432781 0.555994312369728
-0.959644651831684 -0.454493531357298
1.24096435106487 -0.607154902762735
0.848762791377595 -1.16454777610226
-0.406846792186428 0.860140914836417
-1.21841259915453 0.349919742044005
0.47227116733839 1.75946186313135
0.255990892715607 -1.11257268539158
0.758777198644576 0.641560106669233
1.33686267217842 0.013828257180753
1.07210341054818 0.60665537902626
0.690186501063858 0.507377825753551
-0.810821633867904 0.400371933968921
0.947200112216944 -0.151808995389241
-1.34768039147469 0.221883648580912
-0.135031778554004 -0.0303338766774513
-0.362158674974304 -1.28545211516668
0.453102524445796 -1.95787123907227
-0.425304910676447 -1.67231744258875
-0.360713354989869 -1.43272428610372
-0.846770582753282 1.02579243931362
0.33565994430296 1.54651768645071
1.12502521801924 -0.261419492924631
-1.154216276135 -0.839613905373804
-1.54134481545491 1.07143932344123
0.579846922327033 1.68652532327254
-0.450750847053496 0.0675996711589379
0.0848498917632727 0.294315470440669
1.21616283017531 0.738497711003462
0.894894072345255 1.49724632581367
0.774690647104768 -0.979829789460083
-0.986513836852266 -0.164147855854123
1.40887385102256 -1.17245806420645
-0.89142883958969 -1.40986281365331
-0.220636340344141 0.625939599476966
-0.394317868524184 0.0164251107769106
-0.973246533683434 -0.909558664444069
-1.20411803802408 -0.448246856278278
-0.0382917840527615 -0.328146578550574
-1.20759658413081 -0.930250874540629
-1.43298832249455 -1.20736429336327
0.466431027465507 -0.247987125813923
-1.37283129428249 2.07820078232653
0.148928524565014 1.35234225388963
1.67561058674099 0.180810843133001
-0.102545224301479 0.747450403338374
-1.8219211580412 0.739730528863208
0.153867498480207 -0.166007853505558
0.66181414581812 -1.18710644624667
1.13601428961295 0.736103979893049
-0.473624374912718 0.730929778007807
0.843098558556641 -0.531319163109215
1.43488967531936 1.83273880551541
0.115569316112565 1.42564684383676
0.732779412049865 -0.465130602199502
1.24268389098682 0.430638618678364
1.28518146285839 1.28229135688774
0.179138974581942 -1.75070848141739
1.22237335174347 0.398826945654663
1.67585360763206 1.19786104689583
0.625093005149616 -0.797047536182052
-0.00377422809934677 -1.0612983869681
-0.715262891980603 -1.42273421037008
0.789465409589726 -1.34747064301553
0.274729088496115 0.0177612751627851
1.36719374822092 -0.284265553919978
-0.270261547174354 1.09277320937113
-2.10134171785207 0.5290516080917
1.64107947555022 -0.728707233004324
0.698328460486576 -0.437163169881428
0.516484980755127 -0.291505544293158
0.698605793989886 -1.10044690937035
1.36829714588757 -1.1910236031057
-1.93043346290004 0.126807835148352
0.54183466915304 0.291340594243818
0.991823751605614 0.0102302620137291
0.879934215793281 -0.914379624199187
-0.182761293249955 -0.101298512674205
1.32014561866589 -0.432075931004388
0.329071861055528 -0.624511974912773
0.0320015982665107 0.358936863412512
-2.01368073564918 1.58260433243162
0.243057727890128 1.00347090764245
-0.635110352885712 -2.15913122734239
-0.0900482669851096 -0.174841263775452
-1.05942924951303 0.108652583585238
-0.402030946299094 -0.197203519891669
1.0616981879225 1.95529239722981
1.88632848012929 -0.572721698225201
-0.0124445056502801 -0.390621393100512
-0.0896549344428578 0.246452115754195
0.309697740972949 1.421032488902
0.685658045755521 -2.75792551556189
-0.307590198670965 1.24670450981797
0.143854171551569 -0.110344415543682
0.402619066214553 -0.0627734056651536
-1.1000139068133 0.586984502547681
-0.235060840405873 1.28068229287531
1.65470905687824 1.25546890952683
0.467229273671259 -1.27820989701188
-0.807847189723563 -0.137635619837038
1.33640988752245 0.268101997795217
0.19351791958058 -0.865363119062232
-0.162398938812568 0.361916871741951
-1.36082624353612 -1.58123598186292
-0.835200466207658 0.955834666881187
-0.346855377596212 -0.4677742208962
0.333910677507846 1.15008981818918
0.818673546154183 -0.303687986686439
0.390810246642534 0.906465443744975
-0.542040882072359 -0.970943411845041
-1.22074013531448 0.669746055966524
-1.59274064147382 -2.00545842351853
-1.22705123340904 -0.405262180493928
-1.09189168966545 0.78871429945786
0.470741463248079 -1.63117629009615
-1.54404320655757 -0.337971530656647
1.70526343291459 -0.847153427327589
-0.447742012010036 -0.0395267030922585
1.02366369596287 0.873925928116185
0.532141254454332 -2.09869495096973
0.704322877641754 1.56263557216318
1.31834958841199 1.72866764274347
0.109005302366284 -1.2286844462816
-0.502573450033059 0.976450267705721
0.576347427535926 0.316255808605691
-0.551966391997156 0.38740598497651
0.173205497471732 -1.07405635769973
0.0693720181829273 -2.59434595792529
-0.141393738368751 -0.299387605399143
-0.414679465963307 2.53113459167288
0.761818719041195 -0.0531110602214309
0.621559625025718 0.882632162912839
1.33219640522663 -0.0549874404649569
-1.97708338125672 0.810282950780671
-0.871495636261243 0.977948485194257
1.84581543403567 -0.746369238465642
-0.799464508999685 -0.316005380288133
-0.366948383257541 -0.175106980169502
-0.361118945397372 0.527275957247777
-0.993568597266761 1.08640539479778
-0.584791864649901 -1.78160490522741
0.282046806716978 1.58237134018651
0.567879699358374 -0.12828569317195
-0.031724879711187 -0.961398272558182
0.876169598064787 -0.423416847465576
-0.124418800243483 1.97564204996858
0.672669880427315 -1.15274501921388
-1.65979322456226 0.759771668169884
-0.313922059418204 -0.228793474256976
0.615427849388499 -1.08727127795254
-1.46463722973466 -0.332811479766973
-0.560305421374197 0.989806276978297
0.122877921436692 -0.0813454801262369
0.306146516648356 -0.634366688836444
-1.9643958933534 -0.744900301409346
-0.503782540096426 -1.16981845025463
-1.30915682707012 0.0402136086711219
0.494461783480964 -2.38964982785715
