0.257217209594305 -0.522247884772456
0.246496419297329 0.297975366873918
1.41945591140077 -0.827284793092546
-0.345988543429288 2.26856309843593
-0.0885603899094121 -1.29531701513646
-0.115572826777413 0.943416650475911
-0.850037878371695 1.82450943952674
0.385839737324718 1.41387056904487
0.378123818809099 1.12235422124549
-0.198704492022355 1.28638047550694
0.676564149657668 -0.818958009876339
-2.33117078900552 0.872188197008876
1.76905478203923 0.392989083628679
2.06424002274855 0.603938113537259
0.662799311843774 -1.25937903083955
0.873753985027386 1.09339051748779
0.589782218823975 1.61074166685501
0.47608076652523 -1.08752881676558
0.491420249278263 0.161111938572225
0.0794145978633047 -0.373399483351142
1.88735248906262 -0.579450368072982
-0.241858190429299 -0.144652716611176
-1.00479017330325 -0.270584518176171
-0.768684268492399 2.34347624156415
0.137598507416393 -2.00682834473139
-0.495101565478635 -2.05083908543041
-0.184588067663648 -0.236960806965044
-0.066381128611579 0.246758505178489
-1.20027098967096 0.678590830714018
-2.56104651385677 -0.817021201564979
-0.127497778233577 2.63275331221922
0.635350368543039 0.67938032430573
0.643695948404395 -0.984590611800628
0.747195873360883 0.906149220467105
-0.0298564341198023 1.32010753908332
-0.415666580860368 -1.26671542312247
1.18277107496043 1.13836253089777
0.826275773635765 -0.112780054829878
0.624838024261641 -0.022135000148832
0.264441907583952 -0.259162763569302
0.961009569115812 1.66526697118083
-0.541769750966606 -0.251356736941184
0.769570279634282 1.7024699530784
0.00917319515446224 0.188057975074532
0.102892886196369 1.21988280613003
-0.00151707544953983 0.00261618360358928
-0.227350524194181 0.166543812895996
0.556645858040729 -1.85558670555298
-0.74358297747138 0.695450261039259
-0.232911207025994 -0.748805656775272
0.256875798097689 -0.293321307263027
-1.66736469435778 -0.336844636165675
-1.98350345444205 -0.886207398998625
0.227322765426659 -1.02767297500976
0.674161543572533 -0.0704949617993402
-0.80571210124774 0.783988629642912
-0.790598881236736 0.0947099348033221
0.705373271088905 1.59070970181721
-2.39844028471115 0.560479447870425
0.328893634072322 -0.324049867297898
-0.549966849953337 0.288030293083489
0.787442295481224 -0.91120011817371
-3.92190860956963 1.45362718561311
0.870810330660346 0.637161687440162
0.474689159128975 0.485218631471851
0.914466696762774 -0.0767309971725181
0.529051793322632 -1.5377634097928
0.619242384354781 0.166416898086243
0.278938739997818 0.395974357091639
-0.0763888426499406 -1.40213141753963
-0.806736314557628 1.08630409247964
-0.08051489806177 -0.646578552909811
1.78210393118814 -0.782307709871821
-0.11749854586242 -2.17258403595262
0.0415914047567344 -0.420223260853197
0.0789759597633299 0.906245285563745
0.106002486652822 0.474065015066491
0.0130337597224649 0.283951973279215
0.68905636703883 0.232957915595658
0.752090819727724 -1.90699149198478
-0.832153641032752 -0.0391824112816523
1.19018442573071 -1.48645569728133
0.924867580872662 0.0501076573560193
1.09673135993486 0.445709997268164
0.226079470224193 0.947929174489558
-0.623343052956917 -0.100803212832467
-0.931601549241512 0.236670392414897
-0.307466660941623 -1.09744576885093
0.127542796475595 0.237160378632162
-0.147125984220551 1.0667995953302
-0.185574230820565 2.16116697444076
1.07981068498729 -1.95837327165554
0.685961163779816 0.910199553849322
0.710757960670615 -0.729749915800688
-0.254287980014225 1.21891453311873
-0.666941077526707 -0.0373053734840819
0.594957119141854 -0.256820066723461
2.04407325325237 0.00892272015774898
-0.0510046473040862 0.276274245184827
0.0760199361186482 -0.295845470540855
-0.229649516130987 0.196059164983465
1.01011140425979 -0.262881031581121
2.07245056267521 -0.46139488711856
-1.55797359737318 -1.00854801869326
0.755562271872515 0.0735176189793222
1.56626719283203 -1.45748051071894
0.306026564340577 -0.96522552683475
0.110508612781053 -0.360386383926996
-0.455371018991115 -0.26944054923263
1.01039900347651 0.0504751311296581
0.493223182985537 -0.752029279958097
1.29498404575943 -0.0292249912794999
-1.4914906638188 0.424289245801778
-1.04527834819368 -1.55196533836811
-0.187296690621638 -1.13593229851537
-0.685859522068405 -0.199116105267652
0.681634421152323 -0.237170831862882
0.339455950217026 -0.164133569095877
0.501705000391879 0.678931495567032
0.42957016309287 1.82976566353567
-0.349779252940431 -1.47780155746651
-1.28841472603181 1.28299307092337
-0.0128992781425512 1.26469385710082
-0.298400103990695 -0.326840709109053
0.817998457098927 0.38758467503464
-2.18497351414017 0.699921865734017
1.37802185608669 0.692337709722967
-0.186578913544183 0.569129156434659
1.54907947566014 0.400305806063266
-0.0855609542010387 -2.35424330511131
-0.168546421471318 -0.212911877412316
-0.896025551938009 -1.2829621826098
0.407770080161897 -1.30019646331744
0.374144781935384 2.05864139048651
-2.42864013841635 -0.664414277951934
-0.385917575646655 -0.451979393525581
-0.317527757892357 0.899035770306366
0.0838000608715267 1.3381230603425
-0.5045658267994 -0.417215238542869
0.798457334182682 -0.153575219116215
-1.63576044953857 0.534808169777892
0.127179626507242 -0.46853447166008
0.0122185783999994 -1.25645145368642
-0.311849943198181 -0.923613236391064
1.40957384991621 0.797075651225283
1.65609042205119 0.00357128199932809
1.69439729509227 1.06229020384081
-0.124227957013674 1.59965309797978
-2.012989927156 -1.48621826762671
-2.01490480892277 0.293698545713946
2.29864613015489 -0.399935730216914
0.383890472499326 -1.09449351070253
-0.676907201183814 -1.34383583396668
-0.941860352722842 -0.828594188531238
-1.93745693711769 -1.80351346255558
0.321754966815269 -0.113293035147459
-0.627084367169103 -1.53829112567921
0.61054808166269 -1.97902111962387
-0.173936577392126 -0.362660104175958
0.430707319176052 -1.36568485831497
-0.548479051669394 -0.34003164711346
1.30116699058871 0.501113062257295
-0.528021386398481 -0.320977344956822
0.488866042185028 1.92542352997299
0.629113029715894 -0.358802932186433
1.47750203773789 -1.68339694270174
0.343058856683252 0.033184141239315
-1.03687592954655 0.0151719611319303
1.74774310408517 0.258609801886791
1.39135694933268 -1.55825820794741
0.861342734591355 0.98575812440682
-0.62891027367923 0.221806406741292
-1.12873115848751 -1.89782467381289
0.341849181351182 -0.117738230017306
-1.47092032869695 0.654365565356493
-0.501703321987925 -0.0246521088254592
0.913109567065673 0.391976111716162
-0.679155307286175 -0.417896769301504
-1.24821790230817 -0.471102112631384
-0.291069978528628 0.206057127098689
1.20862539799862 1.47734031821642
0.323161605537028 -0.611158767667407
2.10515434814956 0.848034989162732
-0.284519688699682 -0.262970511686631
1.18860301491822 0.582921241680948
-1.07117629044082 1.93786448951827
1.2382338677831 1.1042018159855
1.86525161219996 0.348074358921511
-0.78978133043106 -0.303958664597896
-0.104437213913334 2.52043310696763
-0.925258081920198 1.59651720473403
0.679452287506444 1.41328009216672
0.371863815188103 -0.667802730096524
1.43921398383096 -0.022406062191153
-0.60305968995324 -1.66554037728611
1.42323817524172 -1.22810877543599
-0.630375857910303 0.0256390815754718
1.45546502279634 2.06264703893542
1.25835645879226 -0.0595780103460866
-0.235011609013805 -1.79968497907681
0.855705258526089 0.117694152611297
-0.470314547541394 -0.311804949426278
0.837945892519868 0.239243525147278
-0.977898307943453 -0.804084862607962
1.17335402770724 -1.9925540853874
0.234415990631298 0.224748831830681
1.35919581488529 1.51756336204041
-1.68480088573517 1.85979545950069
-0.0413796602717033 -0.121358811192996
0.801266777667859 -0.486686064354771
1.7656144344826 1.03564810702081
-0.29034789280885 0.795612987225013
-1.63088163237451 0.967711962259307
-0.0961686068298171 0.0905613920773801
-0.0896559828599345 -1.22995497805743
-2.26057331640275 -1.78217119399355
-0.526331381198789 -0.0541866861655527
-0.925893042333901 -0.603734549614446
-0.00974952384153194 -0.840654480137816
0.236286936431166 0.55647664432744
-1.09006665104372 0.179214987607151
0.488565395689158 2.68019448602653
-0.127612489965722 0.58268991873572
-0.0510366280030006 -1.7498696989394
0.682442042401897 0.0167107886173248
0.880003585479845 1.10274165551631
0.89612978563385 -0.474205910534466
0.502204180459518 -0.572384985678085
-0.476123643476391 -0.86822598429593
0.732949618284821 0.189267330280881
-0.934864262496384 1.136594208175
0.958587840259909 0.0985711544352174
-0.74486862586826 1.46381677275472
-2.16976185648154 1.14912203524911
-0.402261410979577 -0.463693893829488
-0.303147145088902 1.17642032982363
-1.62305588848531 -0.544085672595033
-0.147396450374426 0.771593349968914
-0.314240090202192 0.197064707521149
-0.420689840657794 -0.684974782857273
0.30467458447936 1.79286921685613
-1.58310402509099 1.45724132614721
-0.259121478609503 -0.239982007748187
0.127658315574661 1.05398392920605
0.0738906662109977 0.625973211688255
-0.0579391856848315 1.45240617464226
-0.971567575509545 -0.728143271899533
0.236371881641296 2.19901528617577
-1.29493336118907 -0.19873592519314
-0.670644126756735 -0.00734897099086285
0.620593155681417 -1.42175312198086
1.05802994700456 0.486199347596184
1.56270429270576 -0.17684132669562
1.21493721827206 1.34036853057536
1.05488909713515 -2.75668721152757
0.0713032331164127 0.819461156830654
0.660060434529689 0.103124270114275
1.24550965923196 -0.626057396089171
1.38917021034592 0.659061072044257
2.43509410025554 0.951630737137955
-1.3233212690423 -0.985122232451432
0.116569200389959 -0.338257335399066
0.89342326984051 -2.3690601994432
-0.888849415845265 1.07883649252554
0.466707576971063 0.137449614833202
-1.06893862823647 -0.215232814397612
-1.87033910647499 0.0808427983492213
0.190357503439074 -0.0528706278907055
-0.91315818885456 0.0504919152496919
0.496761169026817 0.382276303126143
0.131489386849456 1.06702067633102
-0.949579100435077 -0.452904754850662
-0.293421338537617 -0.848604000743647
0.471492576051716 -0.104858908045607
-0.786729770947242 0.391144682099614
0.43535862161906 -0.815880690581849
1.21389313695543 -0.603998564035555
-0.337320432211773 -1.21043318536362
1.43024720565397 -0.172947715983348
-1.35763750012759 0.160305024968467
1.83934422789425 1.2010331240589
1.12299574907119 1.09170929268853
-0.22836359271406 0.507418299300963
0.393724055972453 1.46279188738502
-0.650913129558946 1.30182350602134
-0.322634348617695 0.0825267269838822
-0.940741831542939 1.72618792033141
1.04054404077965 0.762563711550244
-0.636741432447369 0.395379192673116
0.151559606808147 -0.638052272455297
-2.04790228995724 -0.135436068463702
-0.737513445830906 -0.159054780048941
0.703668099526679 -0.130719834319148
0.51096380053736 -0.392219627761597
-1.30661503919243 -1.06514387953882
0.705279349659152 -0.0268815137906626
-1.00229881912595 -0.893365750536783
-0.266877570492817 -1.48305044014252
0.584701330989589 -0.657602195919528
1.48038454527185 1.29013304686095
0.229104829327492 -0.181790747140828
0.836785702044483 -1.29001949646891
0.0273258740072309 -0.373844794814411
0.880724261457559 0.369398204026919
-0.0510429999809082 1.20358779935743
1.65310287053479 -0.533920833214969
0.0945168485698873 0.767083320280958
0.931535981213331 0.060587643399791
2.55952552462105 -0.365054038932703
-1.22872566993228 -1.08598530139513
0.954220487266405 0.0125340866683664
-0.293378951867478 0.217985963311485
0.211715772213054 -0.110722972560702
-1.15498230086911 0.317394897135961
0.21360429961516 -0.147596763211034
-0.545060829160692 -1.46568784054654
-0.534027852848969 0.46851221194239
-1.55197262893122 -0.176630086902365
1.29509041367465 0.251493427569268
1.01259445461948 -1.64867238149336
1.67288626172736 -1.07382781470291
2.10354104268955 -0.618393819024619
-1.25697761271789 -1.11316789731188
-0.387578153036294 0.705117589990267
1.5187746300226 0.451473501403003
-1.04743819093178 0.630192248367436
-0.672666734111475 -1.8160576843888
0.471797538326953 -1.41759860660559
0.199563373840157 -0.797071538690958
1.43829048049756 -0.627019364163465
-0.919836946203944 0.090435772659888
0.0745801050331233 -0.518953776125424
-0.634362026628389 0.727896212644859
-0.774818666037248 1.11114893411645
-1.63136780383869 1.82858931190256
1.16412822740755 0.184304145231688
1.34912774448754 1.19253651145157
-0.873559050635735 -0.583836535019767
1.35758403268242 0.475684335244738
-0.274256595861905 0.982683830609895
-0.27699153640456 0.689634524856885
0.290432656249365 -0.396065932439091
-1.05844052514224 -2.21003828715162
-0.570992575387213 1.02368937470374
-0.431171270932915 0.654671083666861
0.13801135214922 0.0353642701282743
1.38008877290787 3.14911945709352
-0.751565767507748 -0.143490891552933
0.17219564700355 0.674580779277005
-0.223869470403039 0.0993417102814878
-0.253920443249098 -0.727269899885212
-0.109242500108943 0.178642043304969
0.145743551962312 -2.0316765204818
0.336868897607401 0.865987033113973
0.0109674170169479 0.963452197590395
0.948824869754669 -0.868416629383802
0.368156995927945 0.580860737710898
-1.23210362293358 -0.46846719777805
1.52466657091361 -0.251957404950253
1.4670380082119 -0.607348969954038
-0.588936209146798 0.300977493960702
1.87972166477324 -2.02951801871205
-1.32195352927517 0.567769724077735
-1.76598024876418 -0.208787690962608
0.0564430211539839 0.00877203008088245
0.612652426058707 -0.482793413885171
0.264088265333281 0.804523975802624
-0.932757455105318 -0.770321893007296
-0.475111465359465 0.681301136519987
-0.0717759803592311 -1.05657726976526
0.785402472702355 -2.9765036410572
-1.28956748160949 -0.802081704921304
-1.06282892974799 0.215184773189746
0.0352144442587339 0.519436243016805
0.0981054960725691 -0.858964749856986
0.483623557120289 1.42793766159805
-1.55233826902522 0.434743289982067
-1.60124358951647 0.992818686582919
0.115043341903323 -1.05629379021273
0.671076286420113 0.866897705580389
0.0118747323274994 1.14838690927866
-0.32634833224304 1.98164040078161
0.310527572344685 -0.0616197456250164
0.833052858400348 -0.278434862883349
-2.25893554212483 -0.352040933827859
0.314263880316742 0.82613168870629
-1.13611747614624 -0.38624061604067
-1.85961395568394 -0.134727688701067
-1.29501697396776 2.06781968083616
-0.812401139080202 0.918004986962587
-0.93967557554349 1.22414276025234
-1.14363541334869 -1.29001989834894
1.22543072777917 -0.569904835414002
-0.52529838107867 1.30972817628255
1.52254875748481 0.222745935596771
-1.19391893227592 0.971765117314078
-0.758404153177593 0.575413355619989
-0.28283914691723 -1.83473269114389
-0.507014895872127 -0.639850811604541
-1.63501192024279 -0.422908909711483
0.581070485941203 -0.297756197427528
0.39425493417611 1.36346762972637
0.723910133822684 1.16404119185244
0.68266587776804 -0.204369670858875
0.760217013650573 -0.210101471882321
1.56371607251756 0.670927128839901
0.745558324086999 0.224083335639529
0.467514397767389 0.438699366582321
1.24807251428198 -0.786946086146439
-0.580620155509764 -0.361019133007317
-0.342446995468854 0.255943336013821
-0.524074511266386 1.6165668987496
0.647340807244139 0.477137932457136
0.719600950372852 0.643893150867565
-1.06248987764273 -0.217277506389065
0.906212832044956 -0.183867909874217
-1.0868345922278 0.0883237663735528
1.35423813721079 -0.453551643913636
-1.13644870559086 -0.906816490241532
-0.552504107668949 0.0377257615736797
-1.07039715729315 0.485814406283255
1.68655213720714 2.00414781409576
0.42716432759151 -1.35050070339055
-0.410535896422339 -0.611518178530598
-1.30027973226327 -0.180931046117191
-0.459786561840034 -0.209073548170781
-0.93835937547557 -0.420429534193509
0.25544493191248 1.03119922361519
0.722729303803745 0.652863044013474
0.837433899025743 1.6573830429009
-1.51382643016156 0.087306247208284
0.110380577015232 0.66733339921462
-1.49138337506316 -0.143086507766457
-0.375416171097231 -0.42920443641838
-1.13814318550069 0.155047734058604
0.567738731998506 1.03419716135828
-0.397487211668023 1.16070494681833
-2.15209691054175 -0.453443376333051
-0.126499725268546 -2.72831959479991
1.17064439230875 0.143620905046212
1.8082784083212 0.640444122607584
-0.318453206474991 -0.484233003143142
-0.737495617531187 -0.631061706776203
-0.861541557540349 -1.00399334141565
0.184085891719395 -0.670672465061829
0.216949514890718 0.0643530891029523
-0.834176896987602 -0.815029620499764
1.28111270513319 0.829499123316325
-0.143481167419967 -0.518644722740642
-0.762537921517622 1.29278853768208
0.598017440395168 1.14454509383664
-1.445438740605 0.961559816111467
0.798376609675351 -0.350662241842262
-0.71701574560106 -0.29388742178522
1.03643209953608 0.0979747928871536
-0.948191608687361 0.62692903863111
1.87941121235113 -0.859950663374496
0.268771330537138 -0.967770311145468
-1.27468688692345 0.794185428712245
1.139496579997 -1.45416887690036
-0.243126397633926 1.65539171521517
-0.409366773879059 -1.67311604049394
-2.32857827225838 0.241020645947671
-2.28861044430042 0.994915534132811
-0.836719028667142 -0.606519614397404
-0.930323169845082 -1.41285998695805
-0.146134988888779 0.113884367128925
-0.624501063121401 -0.382938341188905
-1.48037344657268 1.77999140871273
-1.08244975180855 -0.142902237117034
-0.348188485222946 -0.571924979774907
-0.353650638379352 0.233580645114831
0.0698785113800085 -1.53042187349601
-2.17160892476485 0.602846446018877
0.00162223514470872 -0.58599806221559
-0.89008121052303 -1.34352903498105
1.10790104364975 -1.75084513595225
1.36190482512709 1.24965814163697
0.143986636949532 2.90204373093009
0.234260318365719 0.0671374641840904
1.95952514724407 1.12144828085371
0.492264698967538 0.690314516369022
-1.41596302204428 0.151933126030775
1.11571309367562 1.12015529648529
0.739215532499063 -1.31639550134229
1.85270498535204 -0.566930500703236
0.61590840757118 1.88073204639558
-0.136954158910442 0.73000042626871
0.24567238796154 1.47782405782331
-0.569440248242557 -0.661061019347238
0.8949376250364 -2.28573091368656
-2.12192150982146 -0.554848888884451
-1.11553999054052 0.327405145824082
-0.652430629731397 -0.0593773844969978
-0.788747812080948 -1.10759470804554
-0.59570925669797 -0.697343216270832
-0.373539112340585 -0.0703621481694658
-0.297802655311883 -1.71592332829781
-0.15628982329988 1.83223711217428
0.110246226316167 1.05603483514552
0.495100376209472 -0.243209604568734
-2.36296586750934 0.764754898733934
0.895135104027713 0.0412527311373662
-0.47739925435364 0.281716647730865
-0.525081294727613 0.0531785174357581
0.395715847415394 -0.0725056265747611
0.442231158887298 0.290675271146407
-0.580471770258696 -1.0645139560125
-0.224330170979076 -0.412906775631216
1.50169540490898 1.35879263332383
1.14142488074657 -0.126092957020129
-0.200305616134712 0.193072742488342
-0.176494299345412 0.135380872543975
1.93757333692951 -0.898733251639739
3.24945387938383 -1.0774584625511
-0.931860556141764 -0.723841738539151
1.8865789726883 1.84350116768844
0.736056489589463 1.36569121990974
1.46651430635237 -0.805302190250802
-0.310517447882434 -1.3555826744863
-0.352446550287572 0.400476303649606
0.793431319625497 -1.0423436514077
-1.32943670200467 1.16188402220272
-0.0185143968227734 0.71416074829665
0.0629191859314221 1.78269870541713
-0.619261131426519 1.20292508702731
-0.879480433833738 1.92235845739829
1.0224881387319 0.288056022297915
-0.79350439979482 1.25671512093
-0.305787279723475 -1.4619981372595
0.705688351225717 -0.719049320781558
0.388452770793109 -0.172163572684487
0.468614095202531 1.38559204704571
-1.00828836152219 -2.03138764602556
-0.259038525041532 1.32983020888421
0.0687960938453452 0.368125846095591
1.21305192542087 1.52155195245597
1.21385880673884 -0.654967488300268
0.205548356963157 -0.365465644135369
-0.6454459819142 2.3678116940089
-0.712242159408406 -0.496004575245031
-0.66273326450395 -1.67317723287807
1.3774288959897 1.21850591932679
0.771886637363166 -0.697821062864575
-0.909973084234344 -1.53900286826358
1.13207415825675 0.0413457218388533
-0.352852532908677 0.908818516643028
2.5594949053238 -0.514653329820066
-0.302280629367226 -0.0744838890726987
-1.61343437546573 0.588044927566201
0.295420104395632 1.84748317460608
-0.184679109667762 0.212516071648254
-0.7042454160854 -1.29223554837653
-0.00737448276138405 -0.141581619313695
-1.06237468571438 -1.08497132420912
0.878693860143889 1.02274963097307
-0.288012391489589 0.512535997780153
-0.535589196939873 0.651100609305845
-1.16309510013495 -0.388122871471369
1.66408856686082 -0.362599359611261
0.824072242036524 -0.194744416813105
-0.17888759855382 0.126279239341965
0.310808456889637 1.07458992439499
-1.61865751078188 -1.75239162213055
0.147407645339795 0.0964652806752854
-1.32587977019361 0.263321150234593
0.498578804363061 -0.378847948621585
-0.0393762472797496 -0.25024353922037
-1.16507816060774 0.44582487060561
-0.253980890716999 -0.636948420636279
-0.441004283479903 -2.43879421035598
0.199983250096149 0.98080988545729
-1.38003249923984 -0.186026966978746
1.65611217063864 -0.484975310877879
0.160254950876987 0.0890826271294747
1.77777693626859 0.0107908456061488
0.376601170311234 -0.0448123337508268
0.713394541840735 0.337392405579347
-0.249639180844052 0.520878135899759
-1.80618675959453 1.13827060728371
0.446500639503966 1.60667973025596
-0.386782947369166 -1.23197429120604
-0.555732360212531 0.514253217644062
-0.0625249098869787 1.08765987555015
0.68844961325208 0.507874653033326
1.97194279199722 -2.04198163415335
0.283273079902308 0.616943117134708
1.72199222673982 -0.482921905215759
-1.03616424801123 1.3960976342728
0.468451589669122 -1.59461149327996
0.85373716911408 -0.210006958266583
0.00402100690841942 -0.533415011809767
-0.673668776407922 -0.123128612872304
-1.42087199267595 -0.235750494450391
0.669425363267994 -0.773784948517327
-1.04301563491451 1.58940740895181
-0.302925708056628 0.320278275928751
-0.905448669816936 -1.5049489817283
-2.19880328653443 -0.48457198534836
-0.811103438231599 -0.137723483260151
0.866106638689119 -0.260004856955905
-0.815160316415501 0.538932431724161
-0.9712323249819 0.775014238997994
-0.644131827465908 0.875202357587179
-1.19307647256026 -0.736590517546486
-0.668841419872151 0.78306987126269
-0.623199935927166 -1.99584200466007
-2.15344747243684 0.635285119958766
1.57129809737504 1.68681342238226
-0.733077778136254 -1.58017660494555
0.725017921441823 -0.267252831302138
-0.0873469728162444 -0.266345959995672
-1.48179468259698 0.0483996502042311
0.764190426909289 0.552270931951456
-0.114886831690754 -0.278763437844382
0.287870841903248 -0.651371422447559
0.995978284500265 -0.90630174145661
0.409775773426945 -1.27241739089682
0.126690358840249 0.704689491186632
-0.25634307410521 -1.5774423632252
-0.0299877926194092 -0.16330903674888
-0.0886017350629997 0.0248938818312722
-1.08314940260797 -0.0962878253024427
0.578303528495456 0.330376598695
0.607368875542692 -1.34817912099443
0.667995014767667 -2.0166834665222
0.0378972101288008 0.973823782763248
1.70839000565872 -1.72161222172935
1.41747583982378 1.33560773971964
1.05734703381099 -0.0667869831501617
0.23023075080609 -1.17915926799476
-0.388830224209291 0.416345666999338
0.238455550772983 -0.443016625955475
-1.45535838754744 0.147486327343937
-0.155410045316339 -0.447934068463592
0.134612302418985 0.349260828655514
-1.07648797405032 -1.40068668392121
-0.798740675317607 0.965251734809449
0.805442008505642 0.152069023620882
-0.155532085333198 0.157812109434974
0.89916930002749 -0.549021298568338
0.921308644530843 -0.837141646107273
1.12207886780672 1.02065241905983
0.726648452478816 0.838662449819183
0.456172303280048 0.0462394595231416
-1.28178849088838 -0.522557085804469
-0.471431956673829 0.116401151926774
-0.00471301618300921 1.1181768809955
1.22638630474895 0.155612585846854
0.0090304202717908 0.00103285408036535
0.468479842139992 0.268370516704455
0.81866493663074 -0.844074512782464
-1.15802604379885 -0.53662207620063
0.576013607023064 1.14682813237565
0.718870920136861 -0.202533236155477
1.75782190266769 -2.451152941897
0.209260883801685 1.03161096611349
0.427782600731953 -1.58491481252582
-1.24940375820866 1.06288939280075
0.255342082214169 1.05446128384293
-0.711116850291031 1.44088235785296
-0.758672093851497 -0.837641331722217
0.723523615701314 0.310664227915211
-0.121968661770125 1.20345587368896
-0.185261924366516 -0.228121477541844
-2.38158501234815 -0.306586289446973
-0.892865790120674 0.373413377675251
0.508626765940637 0.0828226547948938
0.610393404190679 -1.29286776913776
-0.258809758078718 0.478074746364139
1.17282063945799 -0.339987735838291
0.101106501153057 -1.51955646216154
-1.01155966942243 -1.75119961659505
0.515050952532004 0.402198567326865
-0.804349598321482 0.0228135957616527
-0.652480493906805 0.00205255895844397
-0.151904855261137 2.0943417652869
0.821246574470235 -1.83990112894446
0.760937335290762 0.708070510357099
-1.77158260113572 0.371100289455942
0.343809131805236 -0.673349127875832
-1.18894959768413 -0.623930385868747
-0.752689408998847 0.180432465735535
0.0845005463410109 -1.18835716492529
0.527545834214468 -0.51095883857897
-0.136625441489529 -0.398647548932324
-0.122418610975214 -0.454340125889297
1.12319963445863 -0.3810511921886
0.499609176262436 -2.24460191678705
-0.637819905835974 0.950862500889563
-1.28384509309314 -2.17811768302963
1.85463811216697 -1.60458997018045
-0.718611186125804 0.736576625594243
-0.255845277709073 -0.95301092756557
-0.986599522722768 -0.482369494640451
-0.928547951816603 -0.374009813181101
-1.53867412080483 -0.178028026836722
-1.32825352455615 -0.504796989859187
-1.50694529341747 -0.613053586020253
2.19936808666193 -0.191646287845328
-1.84979807337728 0.229330173373228
-1.36277144850005 -0.49433960780824
-1.36855639035185 -0.764210614854514
-0.45928756331138 0.744692906902879
-2.77644832486867 0.536999002852069
-0.207256417767547 0.748727906842462
0.565668167656399 0.297229211052034
-0.315719867219724 -1.35546204335993
-1.91555139068592 0.462365704482747
2.00268437729874 -0.695525885298796
-1.34289188062658 0.42769533842955
1.11902326286691 -1.46183711979947
0.0236016819435939 0.0709800946938548
-0.456651864972002 -0.429580539090697
1.22412883638746 1.60738172863045
0.672711719531079 -0.444461498739032
-1.16493016667866 -0.533296692655513
0.174276065578484 0.229589965196459
0.470838326286924 -1.09273360371021
-1.35489371209276 0.476529723417877
-1.78057478789145 -0.471646160404623
0.681026422193553 0.543595285837845
-1.08265412066123 0.763670619373925
0.66683410177547 0.255176584543428
0.0241474571909227 -0.593124652272997
0.0961517214068544 -1.15880361235173
-0.205832170307388 -0.288810874200642
0.00387733167637877 -0.282251493529516
-0.111395542338762 -0.252058748635723
1.86315276922435 -0.211989391590876
0.381826907808241 -0.015607585646385
-1.34625462688286 0.347136776603377
-1.443491477046 1.85003315946267
0.282473843912561 0.495792711302614
0.0808707290163457 -0.594112355797182
2.5581525612072 -1.84105421270483
0.522556087201561 1.19600555847689
-0.841024758470679 -0.465095806848061
1.73577816184569 0.182601879166884
-1.11906019580512 -0.0290001613044986
-0.514541181751874 0.559009651080759
1.49795797941008 -0.735045383705611
-0.919327989764521 0.489617343901439
0.219469308171306 -1.74374871961541
-0.366203045492085 1.34345020687047
-0.077145051748333 1.39097903211101
-2.07679612273243 0.650729022318332
-1.26772257065594 0.187565368251819
2.75826704163023 0.115055331579301
-0.0637398982779978 -0.296643375600668
1.87901132129103 1.01267527434389
-0.190791623751759 -1.39038624521832
0.949358939880246 1.52699788504606
-0.363921736881465 -1.8461229421222
-0.178668196668675 -1.37419447029346
0.550385665047918 -0.140912896146373
-0.130424375914512 -0.173614797185591
0.165918531581538 -1.14117791465239
-1.68949078188139 0.658019160195627
-0.092900906485367 0.165724777219934
-1.69962990030556 0.184507130970694
1.86382282205609 1.05288883587908
-1.63883740846169 -0.317048870031041
0.133791129757237 -1.26641260710123
0.470836455826308 0.303137016251212
-0.845555871237466 -0.192889828746262
0.387225995135344 -0.811312241075137
-1.56602725240231 0.613618272436377
0.725578351650475 1.4261119219425
-1.44322399028508 -0.732251391212341
-1.15055616849741 -2.17231012746482
0.328467062589495 -0.342936915890955
-1.28980144181632 -1.0471873143995
0.100547798023909 0.303833527876502
-0.613557595833619 0.239398194934489
0.843504139498165 1.52432697066318
-0.647922421937497 0.285311304100505
-0.485192578565413 0.112086830501561
1.07675846976006 1.09106895525076
0.246141599781658 0.258003783396062
1.39851537445803 0.420157162146645
-0.954469616575839 -0.207814106365342
0.941173705252123 -0.361893227130862
0.40021233111389 0.30792095713704
0.823203087267449 2.01452520858808
-0.276190577291127 -0.673337284609912
0.0279924418999941 -0.747987769585888
1.76236569556392 1.15594045530318
-0.619864623553665 2.01166593578622
-0.579082432543932 1.43496766066303
-1.00376124668963 -0.628952759223533
2.64884535883753 0.0237817059668765
0.11697453549721 -0.65986070045792
0.706105215563576 -0.00244888640736507
-1.74145542003159 0.00255925026140524
0.0693375949166123 -2.63450390076809
-0.625342825837399 -0.971049428754761
-0.297614796674632 0.361587740957448
-0.228252835568973 0.714234539007552
1.36384609210755 0.725938034129689
0.539684246773247 0.359181273907228
-0.304737575003388 -0.873701384954161
-0.210082801749582 2.47499600265667
-0.639993834837696 -1.50432948551202
-1.2341167884996 -0.0741788334793677
0.370931080299373 0.0846642222821334
-0.194205958674917 -1.76512715527182
-0.431496979187355 -0.907241520792489
-0.0732261756761889 1.30671866364137
-0.664159331715001 -0.064137921821612
0.718111585821066 -0.171424312895675
0.319278675023628 0.122786837134738
1.28102913359401 -0.668127623126796
1.21674829900795 1.63499058994178
0.171711821847061 -0.014943555503988
-0.878034987287175 1.3876658647195
-0.0855811319658629 -0.462102490300222
-0.338401143243691 0.0153800668238771
-0.704619860551829 1.96125215282758
1.4745417420812 1.02900176323202
-0.0833553578462038 0.269520554975831
-0.433131162315985 -0.69833827922263
-0.360592140562499 -0.304947427871863
-0.236477954748059 1.29971445117218
-1.39069210448345 -0.970867302901545
-1.29668399284989 -1.30105728407227
-0.361082337579777 -0.923770033961667
0.745567454526578 -2.30338167602988
0.0575524861045186 -0.773445226523853
-0.941987228451423 -0.301796273548516
1.02422463124719 0.888980140874135
1.16308498613145 -0.57806667480088
1.79219944808654 0.299268125266326
1.1777435125675 0.0615868386693608
-0.821765270543782 -0.277076574087562
-1.00053018679672 -0.935035601244861
0.845292929024628 0.676545879325074
-0.545249746550775 0.411672532201716
-0.514451601803256 2.54802265447497
0.896829652449387 0.414880114887252
0.946375670510341 -0.212546572538396
-0.51597721557765 -0.607522198711422
0.143441150960558 1.00847133553332
-0.355856709142288 -1.86878650132016
-0.725327425995789 -1.38667101419482
0.0318097999226437 1.18377576093701
0.759526520396425 -0.212338749015029
1.03133896645445 0.453965868047519
-3.40904374854382 0.935624779414438
0.304873810056275 -0.282741998610355
0.854348816295261 -0.465917137827498
-1.14940898408867 -0.164085421742338
0.799863326159534 0.937719038972936
-1.25897675896879 -0.990006752191434
0.176983235014561 -0.11834089381573
0.0818521351982505 1.40045852289814
0.676610598198696 -1.88636193288899
-0.309687656816211 -0.537178801936521
0.874187610623273 0.869126298159947
-0.142533759044981 -0.664405255560815
1.41325593978022 1.26787585900916
0.0383854977356333 0.460918287369425
0.334093892598672 0.355454419044822
-1.22690989127846 0.504838369399601
0.756568408357667 1.20255899940472
-0.124625589012931 -0.466213943000281
-0.441588538841305 0.765109269105036
0.56749892430193 1.21795202952605
1.21422606588642 1.82072182523576
0.719287476768896 -0.557738060611347
-0.573569120053388 -0.0997268671966531
0.680604543144423 -0.499273935477021
0.140957442714464 -1.1630321415292
-1.10182802290137 -0.913925490782584
0.366467592044263 0.44125299517109
0.0577858970118887 -0.2539546777924
1.82625319604655 0.499167039692217
-1.18623479339899 -1.16720245846193
0.943636243314481 1.29523770936075
0.147372013662955 -0.0476181491793499
0.51033727227121 0.256395571198395
0.25447931495158 0.678515926803282
1.40267100619985 0.604376013300712
-0.139335228748839 -0.664548108933933
-0.90520140817477 0.274590519571188
-2.36412152103416 0.0417066932882058
-1.10622080668482 0.422476246956927
0.0406880676185272 -1.71836108095343
-1.54250613044387 1.09697338242798
1.75831465015128 -1.34564662671484
-1.01574920281246 1.91448731569276
-0.633087257084407 -1.18323045987654
-0.687685437534755 0.310654942470859
-1.52658121561496 1.93940192896976
0.0423623397979251 -1.31332755416568
0.677309057678759 0.479493023322182
0.479227202328071 -0.710887987952393
1.02250943026619 1.65680016652901
0.569801106708091 -0.39818101394311
1.08752786982635 -2.42298211206076
2.26089245139284 0.82908014140928
-0.782281970299844 -0.341793463952077
0.352699977610727 1.420681895182
-0.337883288455938 0.271076325178372
-1.32548682477747 0.752125163605595
0.571072592026697 -1.33030738305364
-0.613531892407912 1.24955202652047
0.964473333865186 -0.971188088794993
0.0430026594343484 0.787376609073477
-1.59518741111848 -1.94561496008163
0.0372957199610317 -0.187274595669726
-0.482396736779508 0.172519865349845
1.19765054425505 1.31438773132349
0.270046592925943 -0.420784272400409
-0.814959228511572 0.935159695551025
0.348933609533069 0.948083920695763
0.254730781630806 -0.185451209601334
0.186064618012631 -0.195516841420529
2.61343795798809 0.0971072294652228
1.013661952199 0.394946152007279
0.60271423111619 -0.198848044641586
0.421566244286613 0.318040978638858
0.230785236087113 -1.18837508006698
2.06539178089257 1.08469424914974
0.456419361736802 0.179096941562643
1.64190293506202 -1.85053262981793
0.584393103842514 -0.0672970736208423
-0.0434318479581544 0.587595619219261
0.475390582160187 -1.25638287475108
-0.212336250554177 -2.0662008247366
0.0368023051381026 -0.499019218749333
-0.531259334098947 -1.50945391682163
-1.23772768831739 -0.963173055498839
-0.336252595952701 -1.00158787572335
0.20002046436753 -0.591530384587531
0.211273856149868 0.793178585461939
1.26585451119339 -0.16514343754548
1.42072844946937 0.898635116250809
0.15521758280109 -0.957078695404257
1.00619405847183 -0.0806130497742529
0.323934527864778 -1.16525870928621
-0.202995612966596 0.387051570283178
0.36519952389838 -1.13069368984217
0.22752193905658 -0.279613599187834
-2.14185098052905 0.763116192359932
0.845970512631934 1.51345628523014
0.71526627545088 -1.30027599443802
0.0443801565991502 2.38364439124643
0.284359443020318 -0.0313546063606023
0.918807857932801 -0.534698013351448
0.159439977728433 1.94260621842003
-0.686823155464642 -0.910183498270872
0.21315068872895 0.395527294003407
-0.486694051372375 0.326535379330004
-0.799342540310655 -0.255604691463153
-0.668908334197959 0.127523922832996
-0.333180379923066 1.06127060855934
-1.35494444592778 0.18236685063201
-0.279911927146244 -0.624412301348097
-0.692662281782039 0.384194957261985
-1.12584029775777 1.50913067802568
-2.16827015486737 -0.908211098866429
-0.506528875337239 0.0559601361164529
-0.863021763315747 -1.6890703257214
-1.87769684666896 1.02630745956434
1.40913150125831 0.0198829201012868
-0.808867683738144 -0.450357288306
0.551428209128068 0.550821268637335
-0.564663813923929 -0.675621525873515
0.772687899935307 -0.0270471286207151
0.317577407781386 -0.859263882085355
-0.29881677316803 -0.838535998449075
-0.0129156366616029 -2.0192354587954
1.09801842135208 -0.779663750050462
-1.05167345186503 0.0484802326959857
-0.253085174585664 -0.226743024341006
-0.143860733355436 -0.558980143908668
1.37779388471312 -0.0503080053132963
-0.651775874148562 1.09139081244987
-0.454046865924572 1.76441123126951
0.140226964022847 -0.295537860843438
0.0362239477704791 -0.650637366309995
-1.11014827104464 1.30228956909091
-1.10587749761009 -0.39419398348284
1.74189671484208 -0.294859557434707
-1.39728104496298 -1.016717733738
0.984192690471047 -1.69749676302254
0.603817784896587 -1.55579849529333
-0.372305974776495 1.52541126302071
-1.24776702627232 -0.15239682255632
1.12799189521037 0.379884880822783
1.4950031806486 0.25998714349507
-0.290492279568249 -0.313942083396129
2.92967316323686 1.20567352338684
0.328470538516808 0.716019228550848
-0.630740403362913 -0.363489310022714
1.52953815184166 -1.2197619903789
-0.962436567323691 0.660128199703973
-1.19446000121129 0.59785789250528
-0.805309196189866 1.99351674952014
