-0.531933570758847 -0.100816251937181
1.48139533357891 1.40559005960739
0.140120175403293 1.12304334716737
-0.225544056930997 0.306899229977891
0.394647497810186 0.963742044140589
-0.27768197065793 -0.477620476305168
0.276137567862453 0.906843769371449
0.581090663405712 -1.39312484052458
-1.50472641651739 -1.07286487838799
-0.43745512121387 -1.27732415083394
0.228923752779343 1.31712195006721
0.417720595829658 -2.57292148282858
1.25554659060746 0.954277426801404
-1.47354466710141 0.123983235360466
-0.500065759685042 0.257012034917811
0.9180616907735 0.542942735023935
0.428960665492026 -2.13712412528566
2.11699370682861 0.391393231539294
0.450012028154456 1.57304780589972
-0.893551809392343 0.499674338363618
-0.70238878589811 -0.400654467944759
-0.723305574435054 0.195097235634789
0.630564122269412 1.47296163704884
-1.77892580643458 0.873181477634292
-0.111373354659246 0.388556011394877
1.39800075713618 -0.383944286619103
1.6103879242134 -0.0245853951794356
-1.72970368301032 -0.533630231572994
1.53857674289776 0.43138941688529
-1.178863074317 -0.568064784162772
0.96205123824049 1.16222755249712
-0.831840816364472 -0.429266692558742
0.201062875440444 0.815438636832993
-1.17752059874067 -0.590562492551352
0.11499208528519 0.598160967348189
2.20506904154219 -0.289643621096761
-0.0127160545111314 1.10227707555046
0.0529655188408276 -0.672710902009811
0.180680500955862 -0.368884526787314
0.499083394539937 -1.24128607133935
-0.160178491870051 -0.727031814935906
-0.122695346509663 0.120475424970573
0.0639965957701608 0.390398430576732
0.580358208420841 2.33985847811706
0.404482727013534 0.43360558870409
2.51116120167383 -0.0539067953167339
1.74115878858956 0.112406700850912
-0.457755569680628 0.104259795564725
-2.1260930749768 0.249099887259445
-0.131398614046497 -0.0216112749513692
-1.47332463610872 0.495304055062237
-1.00284815104518 -0.77995290994267
-1.17461717200845 1.00275311704769
1.25548154444123 0.0719663019744338
1.65397597534335 -1.36625245186341
-0.306016338437642 -0.808709626666886
0.246392332987323 -1.9352662925877
-0.988439704254916 0.711439713101838
-1.53969154042776 -0.0862605070686904
1.25411454701156 -1.16345284559053
-0.49550729713262 1.60452737003445
-1.35052140774858 0.627685858544816
0.970147131620589 -0.845315851242758
-1.13054658513409 -0.502803991105389
-0.23716628530262 -0.615231988103005
-0.136703089411262 -2.14936595197498
0.074571180305933 -0.240492812470782
-0.740746516749128 0.768803483999397
-0.728468224705746 -1.73390085063373
1.37522131111625 -1.40462334525328
1.37563333906323 2.89869279197667
0.492044048251826 -2.14559105518586
0.805504463478991 1.43752316199773
0.441807585618412 -0.372862946622296
0.683012538185524 -1.22223620075648
0.389670244105521 -0.911170568069212
1.47231245797117 -0.898232201571925
0.847032310987529 -0.354188773194177
-0.439526302238752 0.281727292314524
-0.155906803200811 0.169212673077717
-0.409483918803304 -0.0926357986373658
0.716054617893108 -0.970794870338536
-1.27941809557692 -0.55066943934337
-0.336267362573546 0.809276627771813
-0.256928784741523 1.02738832135906
-1.55054058787866 -0.0345406940791947
-1.4928113797852 -1.02397480497648
-0.348473972507262 1.21056466029698
-0.986431304976013 0.785664212276059
1.39346182200325 0.710248710432206
0.164720499895471 -0.292302196424427
-0.925112574360369 0.183297981951658
-0.503742127680928 0.095809985567858
1.78530620885012 -1.63876905658633
0.206040442813627 -0.184817309343511
-0.506929387740566 -0.711148960864195
-1.7136932768035 -1.13740159656127
-1.99924141107846 0.617191154395479
-1.21185139536929 -0.514832980742539
-1.05202960158201 -1.78161460816124
0.653669307440916 1.97816743214278
-0.797532390923242 0.810415701900354
-0.600912815187254 1.27688216790779
0.720493320131615 0.339919841428619
0.516843018505249 -0.650081850560698
1.42018165197158 -1.2333823347752
0.715304099484501 0.212303489811491
-0.933979006462217 -0.107261758498188
0.839190435223085 0.0448336496939349
-1.25326989464726 0.289660570541032
0.860537724602156 -3.00316292758041
-0.834894687071863 0.753307477629412
0.896486315423461 -1.58488543569514
-1.28157007027682 -1.54195926154509
1.13407902882781 -1.2778137375108
0.828509470002988 0.381288550158856
-1.08909710670621 -1.28125196680717
-2.29194426042986 -0.390637509454904
0.79062750176515 0.75009783402472
-0.988538052142412 0.169986700818226
0.329857914312648 -0.361318301309668
0.625691471051956 0.191573958606374
0.0155383169272955 -0.387782887972824
-0.0389534502844389 -0.816501744399832
-0.204533907754397 -0.727564058514891
-0.807365441512756 -0.527267371961698
-0.834721281176374 -0.0948093099074444
0.0347801989595565 -2.16184778520702
-0.453556251897134 -0.768571921899572
-1.20426746847482 -0.239615055547012
-0.0119893286238875 -0.0711803087726141
-0.0532535769775808 0.177346979130893
0.660836247167533 -0.434249531110193
0.620910535953433 -2.48544736593634
-1.62565951466088 1.14141943941525
0.649878101680473 1.13037940456253
-0.560885227913879 1.0638732152426
0.535424693965868 1.24844941443018
-0.131918926205102 1.12108619080825
0.880377706393861 -0.43104010571449
-1.07871487362456 -0.625105195229136
-1.75984546104389 0.256389835980403
-0.508000815587521 0.623607955820225
-0.297137669277171 0.17734760485107
-0.810259241810378 -1.21451004072505
-1.78483832450643 0.355229850478313
-0.519576609999802 0.214161990765565
0.95456400881873 -0.593450913137118
0.808204822750734 -0.493175723011659
-0.928202190994506 0.21794818341321
-0.332531998220808 0.684949753787251
0.09424524188386 0.0540741012196589
1.02312885137765 -2.01881564209511
-0.0932488478554507 -0.894737416425212
-0.0998116111274682 -1.85154227532705
-1.35776537594619 0.640682727760494
-1.7075048467383 -0.222082436521447
0.0325813364959615 0.361696744241845
-1.61421294218312 -1.18752495054164
-0.80707955012372 -0.512969273720489
-0.113556375447623 -0.0969394808465123
-0.807171379550894 -0.315093098709174
-0.726794410282754 -1.60634885677879
-0.403562691565677 0.493962119939882
0.493629174265104 -1.00026189070114
1.3309968697049 0.582297772055852
1.3919478599029 0.668418420545332
-0.701332900846871 -1.24229402304271
-1.44465013367391 0.496569193377602
-0.522931481478741 1.42763965162364
1.53526398508808 1.39531554285626
-0.851146683180905 -0.180854834509567
-1.20905572162062 -0.309723798604882
-0.397346720188974 1.49607056358319
0.867040406158974 1.27635530448676
-1.67788948916431 -2.50354660749894
-1.13273250294458 -0.764163408044609
-0.586852070864835 0.552080009870945
1.10663779523571 0.337532940745914
-0.541306941284952 1.48015457602491
-1.06542898145605 0.168481752234116
0.016764880588259 1.55121759111792
-0.345915389882635 -0.884963228367621
0.479593543150579 0.909609338236312
-0.83220774736519 -1.36971224029126
-0.261495498295756 0.112263873241024
0.776946088468382 -0.62987390998229
-0.102405309273322 0.019362864704407
0.350981043412945 0.691790080548682
1.50592215120507 0.988867002805386
1.44205391813215 -0.358438440461144
3.2632397707908 -0.963158160067359
-0.19170701976072 0.320108378463984
1.38385713468869 3.10869961424267
-1.13143033293274 -1.29868303345355
1.67865869647762 0.340854846553125
0.687345057303204 -0.346692229394323
-0.61360445960489 -1.48568062580483
-0.0819807663862887 -0.258239736113535
0.67043729354712 -2.50058536475213
-0.0132972581034162 -0.358495889368705
-1.11701344211896 -0.915094084764785
-1.5586685227436 0.233702972525168
0.357627423833757 -1.59962410150776
-0.185064909005452 -0.835630091526347
0.692711582148694 0.043093857949571
1.54208585055236 0.873804041279995
0.614966366016973 1.5771055760081
0.519331534273139 -1.33273219873984
-0.384687191507477 -0.518274588834278
-1.25245294453329 -0.244661925892471
0.718780352195471 -0.443080234520392
1.96548612246924 0.742668189633852
-1.29817969502121 0.0595955114857161
0.242922362387822 -0.934127727712813
0.811528114736746 0.158503597181249
0.458143430176936 0.227833338019906
-0.163453262049905 -1.18934978171754
0.235304703437627 0.223225463865523
1.42861491667777 -0.0355992464360121
-2.08127714311511 1.084555677789
0.975019838363377 -0.256011620778587
0.449166289082077 2.05698300974946
-0.518568061192128 -2.48222917081526
0.31594549021239 0.261276637627874
-0.247847220777939 1.26839106561876
0.376808758591072 1.42399362562245
-1.60502279649452 0.0384402016821948
-0.0786333956501937 1.90846129332056
-0.00662180840290882 -2.61447200363006
-0.271389261680182 0.680256904593361
1.45510019465192 0.344494917657674
0.62683841075372 0.734088172837368
-1.78072799485278 -1.9057225461772
1.18385291883737 0.772372701032796
1.43052075196161 0.830967363434672
0.269599968013958 -0.328580020804118
1.08082919722671 0.226276897957275
1.33136889269245 1.45041160422042
0.709994459992009 1.3893829340641
-0.317598449380606 0.994132318023257
-0.635203509420805 0.661906413473879
1.14860325049602 -0.815689393209728
0.840291067575714 0.128648520205578
-0.668911356991074 0.156726329813339
0.678980559438724 -0.0714670113510745
0.803776167029334 -1.07016508693455
0.50105897141242 -1.26332716834526
-0.390579707842571 -0.243723568643903
-0.413363743698768 -1.68413030318708
-0.442675348645476 0.0324361479264851
0.0891668344942034 0.0136426624682928
-0.387392498516194 -0.638238525382025
-1.54862278350503 -0.210140462503584
0.973400350545742 -0.764625024739091
-0.938026578227858 1.41081121493142
0.289024301354027 -1.84999892398846
0.700270580873705 -1.67654955534243
-0.913261927569647 1.61005211832855
-2.27206873845895 1.37564746526608
-0.511546266329879 -0.60326721658934
-0.905475967648767 -0.268337098234315
-0.128457772896791 0.899042123088644
0.21321594965648 -1.77154477847695
-0.0658395713447063 0.0969289864160299
-0.827886184840145 0.821472602305597
-0.600344217895914 -1.57263396333267
0.595724176743851 0.202149673413443
-1.04774527671103 1.90437629379679
-0.251670204139336 -0.972195324825969
-0.717909894981783 0.486128926867356
1.73528284676046 0.347085504824014
0.76094029227887 -0.724810223055411
0.796110274676609 -0.472758689473694
0.919941730872519 -0.272417749520183
-0.804133766496749 -1.6996651919118
0.89311019334764 0.497884871349912
0.333039372047142 0.77388978148292
-1.49584122467573 2.19873000649033
-0.590598569861338 1.46071755748535
-0.482077370034324 0.144129951322153
-0.87893856235727 0.109886839414513
-0.174778270152225 0.653814318443487
-2.05340536281748 1.18557578872758
-1.27449388428732 -1.17030892205455
1.68893030119008 0.740055670296783
-0.718330125416237 -1.11760890675912
-0.268284555947379 0.0925213478428517
1.64016393320452 1.27590644589384
0.178644002838067 0.247120343318805
-0.186544946759933 1.33999978526017
0.958314958695509 -0.342604683935089
0.770153123857052 1.12519774748752
-1.86304375974059 1.03918392565931
-0.823422550305973 0.186702978287048
-0.843560686177703 0.429266099133076
-0.471874429984757 -0.78923826282726
0.417905261040601 0.52334707112525
0.0777130500021141 -0.717103645009154
0.0711563846530057 -1.31268058241663
-0.302954550855705 -0.849581860267597
-0.722846043625495 2.23446555915262
2.10284964770979 0.978848127441585
-2.01739255364103 1.49000740553215
-1.14671166771536 0.87851179460899
-1.31372916621647 -1.64559416387692
0.372767465935463 -0.766632553028768
-0.661621149775064 -0.218799090141908
-1.03576949709078 0.554481368388234
-0.475745869099698 -0.85001337100117
-1.32966958651018 -0.0765694953236224
1.50574571899777 -1.16364856169032
0.593732784468617 -0.734256680351549
0.134224961099515 0.706666469479781
0.106794522474425 -0.311517878407166
1.46116283737193 -0.165800803109816
-1.17632491094859 0.305986082676028
-0.526599966069598 -0.496720066964722
1.78036778579507 0.68696213740457
0.118041291576251 0.918045795758017
1.54691146981186 0.332865028727414
-0.186485160933737 0.604628373312091
0.149857541112107 0.312040175579381
-0.854357680696538 1.10275603926031
-1.19812042594941 -0.197554458245737
0.880208098433441 -0.301022587098963
-0.226348581264028 -0.561924088832355
0.538270689766175 -0.25955916759501
1.26139561114841 0.0916228686314799
0.309868969992126 2.31702437062262
0.789919851636329 0.325197679531657
-0.158030580470291 -0.52669961031755
-0.0109661962883009 -0.351797009310241
-0.0464273845901159 -1.03568112387532
-0.926677822220665 0.128329584893472
1.06198187981247 -1.63504535288449
0.140912353721616 -1.51103617571873
0.0597753314029344 -1.48469251087073
-1.40037087139549 0.0975228201126927
1.34714923888146 -0.132153793972381
0.779569383223935 -0.0402437004475319
0.485240003370793 0.770347403576407
0.170003899510885 -0.150040764904877
-0.00785231088307853 -0.232810917924638
-0.180388600570595 -0.833057427756319
-0.842110716929845 -2.17540355457465
0.693583847147472 1.02398535001657
1.2685786729756 -0.00852732584522242
-1.26212252418709 -0.386395761468596
0.704877331032608 0.815135425882029
2.01472347192157 0.394745476496175
-0.641562591642196 -0.371323293023321
1.8509361020517 -0.0203382644411438
-0.11391821441293 -0.944100304707685
-1.69323098353309 0.525027077842608
1.1787363033505 -1.67580407657878
-0.890667387288127 0.546175074875082
0.243725249859876 -0.608773846389937
0.161525363133696 0.518152213844785
-1.1579242139745 -0.0759933531062207
-0.216893452587357 -0.981170234474584
0.428716229140368 -1.27335987391097
-0.871937270966263 0.0272195882158471
0.210346516444838 -1.30511764730827
1.08887714309895 0.0824349078861377
-0.296720090618354 -0.701492451352788
0.69077719160467 0.441468947370511
0.263155263140253 1.64508628516761
-0.214202229851078 -0.881032175011457
1.22433821725331 0.575418898544593
0.339841591131972 -0.428052384008985
0.66883988522136 -0.000982303420843267
0.151468280984601 -0.533092013763792
1.51743854408548 1.53724397328707
0.066304415694809 -1.26875567626045
-0.930949174213159 -1.04518037656179
-0.945540074516705 0.530043958724488
-0.71195805929767 -1.22621270089064
-0.0813628931594008 -0.825240940456712
-0.617532469778344 0.0986504851921659
-0.397258011877588 -0.970277913717503
0.127967707529791 0.405843540549072
0.469442312397407 -0.593548312808592
0.832920158232963 0.220290670138343
-1.05799336569922 -1.01655637952332
-0.426087008267671 0.29939517908701
0.28323352149257 0.381098381841322
-1.30895480787641 1.33996517275794
0.268006665036307 -0.204660927846846
-0.564318231603169 -0.4774186123972
-0.521124864321296 -0.0425320694335471
0.306049976460276 -0.668846425955613
-0.7132792500469 -1.19963592725533
-0.035950773393767 -0.372083665891535
0.353935800639186 -1.08232175354182
-0.729827688184067 2.05965838517275
0.930498191727872 0.291312399551586
-1.77506761138134 0.81767693098016
-1.90875924157111 -0.749757120203066
-0.0845555930970558 1.20019259562589
2.12087872242345 -0.828316377660519
-0.345421279304528 0.991843919781629
1.70269196230293 -1.08895566698652
0.440944288122745 -0.131310084511843
2.5979081749909 -0.720497760132572
2.59830660060896 -0.0691716572123029
-1.10856994855718 -0.194961084651122
0.645521685289728 -0.819241319765222
-0.874859865499399 1.49790046672036
-0.253470480618979 0.148555061673859
0.883295298559195 -0.346824351915062
-0.0587865555078935 -0.741223320283658
0.00911172441856897 1.13687494580417
-0.750462224891733 2.07192613973934
-0.236881734994365 0.340665183872556
-0.0811263664123148 0.36844373782476
-0.415071963384397 -0.23119754068841
0.671836175908521 -1.25528094632537
0.801801745999729 -0.989912357539295
0.491452487205546 -0.62078243861312
-0.577561076716969 0.370348527566729
0.425024370156158 -2.25118217340314
1.53782420683658 0.248102720544094
-1.15091941938613 -1.26719022267045
0.982919753466696 -0.103971196936064
-0.0343093668230603 0.492431702034493
0.736500009161059 0.00979348489353302
-1.27898704956857 1.431598654988
0.0749597458054632 -1.90018384865175
-0.184442014497669 -0.25458670796677
-0.64113807748772 0.89492653843383
-1.44293945062937 1.42299502711281
-0.78030610085564 2.0100083198071
-0.188334933610852 0.222162324963943
-0.197806841952447 1.2737355467876
-1.48547258254512 0.250500540432769
0.166715268633507 0.109974242042916
0.510212884933516 -0.0571189237211912
1.0737604518577 0.743363924548932
-0.364983530994865 -0.259537910399476
0.738984882487167 0.910637508515673
-1.19654090907899 0.521650654737114
0.587955994480316 0.560257793079598
0.601548136971399 -1.5003929124187
-1.2456873500251 -0.578497217726294
0.485002128798141 1.26380731909005
1.07267829453829 0.570837367501788
1.24266384369587 0.644136224880517
0.868491746431939 0.444182952269976
0.599786622537864 0.692316602038439
0.31982008342066 0.477050724908785
0.436881753456207 -0.125520166287114
0.655277327893458 1.90351125379358
1.94980182037961 -0.754078234607628
0.947849833212757 1.1262244622144
-0.681534060354487 -0.928154092197037
0.233002275267562 1.11229329787164
-0.195643993903967 -0.453990011089094
-0.252227590401872 -0.565568647952875
-0.0184232277717477 0.00124555044513963
-0.980543903698737 0.153269281809383
-0.918457437936688 1.30322273452837
-0.609120870885362 -0.0989360081211709
0.917134752895351 -0.00982170268189408
-0.332628780920873 1.43797550013
0.0483962513290083 0.167847486219231
-0.0651015247399444 0.249241628727519
1.3026287601976 1.13853956089007
0.798050567843646 1.32011057447061
-0.492573876054262 0.352937437651687
1.2063628762485 0.966246720153178
0.412903844017713 0.0174889570784987
0.671471235295277 -1.42874896196156
0.510211694353171 -1.06829685468725
-0.790947525863067 0.758184710607972
-0.955849257155234 0.932994439407021
-0.990821066717925 2.20123843719358
-0.384514777836537 0.00799711702672674
-1.67867046878601 1.99696865577657
-0.372591190816028 0.484670219191927
0.707129837171316 0.888629077530424
0.50606672654674 -0.336741430420938
-0.554840810191142 -0.963298587497186
-1.68884446135494 -1.4428132316245
0.840990492900942 -0.337140406974137
-0.23247014152527 -0.904828417713797
0.179301201148246 -0.365681399963574
-0.162746969211301 0.169393196282415
-0.345874098342556 0.040288655164866
-2.30625723756153 0.482672125484623
-0.951247862302576 0.493378586282271
-0.400106293971257 0.42700173465405
0.154619390047464 1.2626424759397
-1.28834042598744 -1.24749459944141
-0.342930784384625 0.716631935821297
1.60548110677674 -0.745192762788008
0.680479391674186 -0.707402658658121
-1.44413041735623 -0.946655395249297
0.562139302361014 1.33706742815583
0.631390840288248 0.880968176132525
-0.58418224144779 -0.0140775322256487
0.247616635805583 -0.538765868931413
0.316290461668902 1.05875762058576
0.271154222566268 1.62008913183328
-1.10154381488275 1.6020505210415
1.02670137066837 -0.61321763057343
-1.26479119738438 0.140754569273362
0.884189187329759 0.0612404971164749
0.850719346237925 -0.435595633520494
1.18390163227201 -0.900162891952934
0.273743185683551 -1.66251229130037
-0.402586701059553 0.87415591534488
-0.0912019308245892 -0.632054594605547
-0.501581191183579 -0.249920123964254
-0.531841639658055 1.1435346859036
2.52083456211665 -0.279905872086605
0.129242768941201 -1.22994919201594
-0.992309213264679 0.933587250291116
-1.21293448694328 0.58477293774144
-1.25020276560466 -1.44172059044106
0.684608120898436 -0.689662741420798
0.1207564267462 0.455508614896149
1.15566815556779 0.778499279403552
2.11916656673493 -2.10664086764689
3.00666431524442 1.00038098105333
-0.91605384133184 -1.38245716379048
0.0983833055041515 2.17202886356027
1.50990657574345 -0.882068733716251
-0.90594961000702 0.00509872219963087
-2.24618363024026 0.565423292263412
1.20054468643206 0.404206605212974
1.31574530832249 2.51479153741531
-0.456146424482849 1.74404889112853
0.0445824085640482 0.319093870688096
-1.74040484741975 -1.12713143465391
0.085015484857613 -0.0181878615560063
0.817969501431989 -0.666111619418235
-1.41924000450179 -0.818160650508665
0.0182555412295311 -1.82498923161591
0.6108851235267 1.27469855000599
2.50708670972646 -0.0226575858993584
0.432816097794225 -0.450783205725587
1.01313767271753 -0.715935775456017
1.22045875696309 0.333883750960844
0.346123486190746 -0.928048265578842
0.781377496313663 -0.346284858000533
-1.68593081548436 -1.14471543317762
-0.592287273210524 0.947870838355343
0.684869870682507 -3.5222439878983
0.243590316933575 0.334939595267528
-0.733171391860412 -0.382646095905214
-1.85432702502683 0.750648077907726
0.348939798744403 -0.033383084495012
1.02572356405835 -0.799374672168646
0.353016668730675 1.2027244731777
0.520296705023118 -1.46167908946652
1.14795062660478 -0.309743946755728
1.8066567438885 -0.17990163008588
0.292270865145018 0.290225139623746
-0.132122150945946 -0.0883032157594589
0.14279327453998 1.28294563975974
-0.150629532478597 -0.385862876521864
-1.28919013120623 -2.16970947761812
0.880509131347543 0.489362481418347
-1.24930387303903 -0.179410817920858
-2.1522798635821 1.12806224464528
0.169569850666041 0.482703825026476
0.49791887022367 -1.04417352773606
0.562180440681523 0.242089472841958
-0.28495876930667 -1.69748113568797
-1.01152564283012 -0.998745664232758
0.388682725628864 0.716024679421099
-2.65337711733038 1.05872265701849
1.33315007113949 0.262837822354716
-0.477379428285252 2.44253858347957
0.573196687170497 -1.56242149892545
2.02639305299657 -0.586494360758193
0.431799629893532 -1.49071999126071
-1.04012024648409 0.703203653532747
-1.2218695463956 1.85146846966188
1.22352716598385 -2.42383816299762
0.323566736685925 -0.352873353637849
-1.49814043775327 -0.655997214988467
-0.13544869155506 -1.32960895687066
0.919838126634553 0.233949222267086
-1.17765589051959 -1.02643215220919
-0.0757356471988628 1.32930083824218
-0.979659076406197 -1.04664303138947
0.0713619517777501 1.16487557902277
-0.35062602607618 -1.21227886999874
-1.69719606522717 1.10834587970297
-0.880364542518188 -0.348183230038821
-0.259674692423733 1.61951880717714
0.334547545651328 0.185980814424551
1.4544641067881 1.15487517042254
0.0967029866182022 -1.10379780217435
1.68433013321325 1.75105717148381
-0.152504180289682 -0.371940431555718
-0.580600487106051 0.81674392462685
-0.495460535872728 -0.596933585005722
0.323798377792155 -1.25451036318194
0.167262486996804 -1.1362421661503
-0.911381373479707 0.554030790458625
1.99388696157294 0.0881793994672924
-0.890740851548388 -1.97874532458711
0.663199746402102 1.78394909146882
0.141251262524901 -0.318738338561745
-0.675461956821637 -0.992118376181583
-0.237719811182391 1.22872407682289
-0.24770046678276 1.04880858785586
-0.0441341956736896 -0.369161486724725
-1.02165234537118 -0.296102437091629
0.212364704107514 -2.06675053893389
-0.855857831563329 -1.34437550027772
-0.486405691572197 0.665301733381879
-0.482942662967951 1.10013111272326
-0.904043201489221 -0.0131541362056167
-0.0581116620101057 -0.448259511519457
2.61196168004318 0.0452993521133001
-1.08172757513425 -1.76594050921167
-1.39963026434072 -0.510089363515146
-1.28902043750362 0.329283064124777
1.00873288230198 -1.37213582783627
0.583051054128253 0.347597387614105
0.0416569937932574 0.507461241377028
0.716303018241114 0.0824177746618734
1.48825012138972 -0.159993099722174
-0.266029350162846 -0.893267794422417
-0.315598379287689 2.430284138836
-1.11048320114992 -1.03487225407204
-0.722829269106655 0.386048847227591
-1.25012397051737 0.736137130034984
2.61821572961591 -1.54642113910591
1.17697884446807 0.285179822647802
-0.519004510101655 -0.727242697507511
0.306822999195118 1.7158547459009
-0.410072023831303 0.202838261342418
-0.998521642073702 -0.0429658707941719
0.364801222273769 0.82472495046509
-1.04777444457734 2.53560376579971
-1.28412501708733 0.156055959576603
0.379283625451214 -1.24723347070787
-0.621323588203039 -1.33909332146057
-1.24803102351085 -1.22367948600154
-0.930888946223425 1.50392371976913
-0.697917974772445 -1.70960989661538
0.899437487663516 -0.876573226967319
-0.593101589892361 -0.811853224746713
-1.85016646690085 -2.30416848026364
0.410262136158157 1.05923813417555
-1.08574222636679 0.678750959052993
-0.380993204672669 3.37975787051742
0.324997619311105 0.365950467957589
0.568223229925904 -1.618559907221
0.0266776772203473 0.396326473874796
-1.71595640998685 1.18747784946128
-0.232882635030768 -0.0868382435979465
2.14808159266462 -1.17083180065613
-0.347088869128036 0.701317664550242
-0.822007435773959 0.840763648893274
1.62816402646777 -0.232272044289336
0.0350119763438181 -0.364249368462241
1.52193128183384 -0.861132610444987
-0.29506631495958 -0.869349013112953
0.174657594031439 1.15026442728366
0.590470859195206 -0.00525901740101553
-0.347733331968392 1.5867893379353
1.57671575968918 -1.12954027162358
-0.0132545770308879 0.109511720258473
-0.391510533164534 -0.516645763540849
0.427306780793105 1.89635586087617
-1.30566587141098 -0.0859403687980817
0.38573302958096 0.717732079734399
-1.86997668850229 -0.639561760142829
-0.615347383085072 -1.53848893051456
0.181093851975359 0.292270928678066
-0.400598698775321 -0.345507699929022
-1.34217873289978 0.948424501023361
0.85524101427325 0.704604629518576
0.251223514639783 -0.043994618150996
-1.36525305802464 0.412511316759968
-0.319326376216194 0.297415165351639
2.07105823733039 -0.642250843871878
0.851124678203915 -0.0887711015211478
-0.0737246533201493 -1.79999424825659
0.663626257201741 -1.31231020946155
1.39402312831609 0.590294648943358
1.80402968726538 0.95782188942205
0.886144233646268 -1.32855953532811
0.10926461159992 1.93591054466578
-1.7963243283669 -0.87169122054574
1.30917683885096 2.06586072661567
-0.465319993713127 0.039063445747498
-0.44670547109098 0.042984043777952
0.426966892882702 0.769180939809365
-1.70584852888988 1.02471114215615
1.38368164830226 -0.707489105356945
-1.21627624270927 -0.234381779773783
-0.969092177901549 2.00980737171791
0.947268273639004 0.464612832319014
-2.8610612356081 -0.508538961225821
1.13258294487299 -0.211795026706655
2.09416367716994 -1.40012864175058
0.178600248877816 0.730948354437026
0.23667821261411 -2.87626114239537
0.203856868446241 0.88918659761091
-0.0977664191245587 0.0520913991349741
-0.917210419077764 -0.389173033451708
-1.3649358404521 2.10287347414305
-0.282507550144657 2.27731513738765
-0.57595849726092 -1.08157800435023
-0.366548389669279 0.0315280974182581
1.43722053724071 -0.312940337405548
0.656593546473184 -0.568496053604515
0.122861524281567 0.0828582641319454
0.152117574948783 0.333258047972566
-0.224443119541085 -0.380149061902599
-0.9872490698413 0.362022099528009
-0.588732449290475 1.12263636227157
-1.22772043526216 0.0888113061487291
0.74475093582097 -0.83659961185981
0.0318744627153097 0.363578195155655
0.231078362571007 1.43229984388997
-1.64135511499695 -0.938778402996323
0.782946003315454 -0.849808180850473
-0.120199986611747 -0.0528448099750768
-0.267922656602488 -0.742382141117386
-1.50523016114761 0.113816792996906
0.557503604691618 -0.326995253668025
1.50756637843666 1.24897297871733
0.244477851137709 -0.293770506513232
-0.649551530837961 0.27916475470912
-0.226893402415235 -0.308471448040882
1.50925277585672 1.3136567821595
-1.27899704922212 -0.0408135490542242
1.24960719879855 -0.722800914692617
1.92725345987471 0.0549066811558019
-0.513322858557887 -1.43437973602239
-0.940746964586857 1.22627823228871
-0.500424922733671 1.26138955883766
-0.14877385799042 0.561206271157772
0.042954857988052 -0.419865399770772
0.727941223609721 0.770625912794844
-0.748053671431095 -1.02440092890666
1.08631628680639 -0.188760598222468
-0.565831991756343 1.01531007744065
1.24224103706315 0.727996383946632
0.900450862853174 -0.628191181824142
-1.45200805929695 -0.757438070261015
0.147343246337797 1.38835790093716
0.695316754389481 -0.617176007715293
-0.869993221296001 -1.81954130844692
-1.08939991298206 1.00165610170308
-0.0715999873154178 0.126521328411045
-0.440974119835218 1.57008716388461
-0.276625578745815 -0.134554108166592
-1.37075646340047 -0.524642848893968
0.404361068104063 -0.930658172982191
1.0422906084465 -0.319061567412318
-0.0219826262987395 -0.693932684339594
-0.104041818595217 0.0604569402016545
-0.177518380076867 0.0450939935586026
-1.03373326800914 -0.809012926072144
-0.887067193855809 0.392420351049424
-0.622525520283087 -0.828580066167012
0.47655666374646 0.137210175097125
0.889306504233932 1.11651693534055
0.936340729467403 1.73573481055845
-1.73443835746898 -0.93482307938633
0.0398249522938355 -0.552240817815983
-0.337326071400639 0.0736273719611468
-0.0859608788988095 0.486202725210946
-2.59741286286698 0.0532492532540195
1.78423233062129 0.105883299202081
0.218741102720877 -0.395309744667837
1.93338982952265 0.120101554658093
-0.661312565051638 -0.646286644352758
-1.01678980440515 0.613848958936987
0.812579812092305 -1.9706136715825
-1.25986041291819 -0.213701023049136
1.57353761025305 -0.529335577341612
1.30061149684863 0.205230325136462
-1.40782126151021 0.841038344539376
-0.024719308176304 1.040770461015
-0.588425329716336 -1.09895586849081
-1.62073569435863 1.35901004931323
-0.595406048523451 -0.102574986781865
-2.58597423392157 -1.1499978673872
-0.225385725325674 0.897047081886973
-0.498488823701922 1.32555243363863
0.744038674623846 1.3043584782982
0.488493471515921 -1.14786010175792
-1.45314017633009 0.646674209835361
1.44511289627124 0.403788001036069
2.17964282997475 -0.698502018977254
-1.50574035275117 -0.117885622508763
-0.992560191546104 -0.996704857389752
0.1968071185603 -1.53121885132701
-0.335966282603625 1.08806956507628
-0.762380229769969 0.433633014849
-0.104756917495405 -0.253862397372375
2.20423800846325 0.449555291105841
-0.24377587791104 -0.926587013042823
-0.562266097523776 0.600370403235844
0.445219735266501 0.297933256217041
-1.83744311079876 0.0573499867797952
-1.12910421241864 -0.505910477727357
-0.0903738769189893 0.908377333680968
-0.576754622103106 0.658231840935768
1.17623524939394 1.73567567547159
0.535345027454091 0.0376012249763022
1.27296681966414 -0.237087813833655
-0.257859553380501 -0.256148198172088
0.733757320292701 2.52377049865934
-0.276303885077249 0.523734376086997
1.14643991775742 -1.01654775785841
0.707933883311481 0.983946340038024
-0.00937479863118373 -0.720552278888778
-2.98921219275391 -0.199104607937005
1.50463883438239 0.0706323666344165
-1.10914239658764 -0.310650818229791
-2.09823914063425 -1.77991394337877
0.140268484734938 -0.114221537440663
1.0450864977831 -0.620851156024625
-0.774911263508467 -0.0220912948064843
0.542459818653946 -0.632679893105274
1.16129334779257 -0.0294787783129742
-0.505326860181001 -1.14853126837194
0.8378781875953 0.361260055896851
0.192722247553987 -0.305241538717315
-1.61189765636368 -0.581236053005596
0.418135233962238 0.691540520520972
0.434234828171462 0.643667216073142
2.35433210173217 1.06436883650675
-0.344547240684089 0.0849843560057994
0.508681150438285 -0.933684964863682
0.121157661452732 0.020240573649018
1.02912593798562 0.149565965291463
-0.958472939734416 -1.86756100058999
0.76876666993116 2.03964106001393
0.699837086799691 -0.703702749303918
0.64061102174148 0.779073811295751
0.733432897146817 0.621941598442215
-0.258910031880963 -1.30354355079586
0.404808936456811 0.183201665546278
-0.86824930408509 -0.539460145964982
-0.380736100197999 0.423996113176659
1.58041949950729 -0.387097876679782
0.112281522620863 0.510386023485288
0.798341270146196 0.705295650972567
-1.77247168552614 1.46607723098765
-0.0916262121719435 -0.0848704157668228
-0.162376964007495 -0.197393377785112
0.878014866320113 1.07463875001418
-0.961190851142977 1.75255570135536
-0.50749888410183 0.861823765811131
1.18962651480049 1.06127528576445
1.68095581228394 -1.12811366109887
2.26425571307232 0.121627641193448
-1.74540335504504 -0.361439290190373
-0.477721525392717 0.817743860503814
0.790741840716321 0.94995795960261
-0.777554882833399 -0.804879511031376
-2.23080763575762 -1.6368601043267
0.224376068116748 -0.0224440318632971
-0.283128385057433 -0.685271740075629
-1.46547899781593 -0.789727183707646
0.0971505836872503 -0.357353558815933
-1.71549362951176 0.0989935311360392
-0.571783264629908 1.38014362434652
0.576260475990905 0.700267873240274
-1.63298989343862 0.110485063062151
-0.470739545727054 0.707071303028922
-0.271496283552758 -0.321246558610864
0.0116626000983272 0.0634941692686411
2.68342946137136 -0.363129287140716
0.305065835373586 1.1474087178873
-0.424800431064085 1.43372907973874
-1.95822087529236 -0.177004642837076
0.963638412176697 -1.41972574150231
0.502530417794545 0.127624288219642
0.45788878436401 0.275388648820006
1.43150636490538 -0.0850946768749203
-1.63453951511545 -0.6496271356308
1.24479680851093 -1.9784900139157
1.432148410822 0.115951693256708
-1.08735315971764 1.7863419531926
0.359589089334073 0.435968657838129
-0.953866573537339 1.15127978517548
-0.190060977592008 -0.418479381413975
0.867108154201121 1.07430900654585
1.69967638849064 -0.467586186400737
-1.76504657351209 0.167311268129664
-0.406187928671085 -1.13416859495019
-0.399975848694936 -0.349330607857799
0.0383948160866935 1.49135225818104
-0.748856301105999 0.0241809798478205
-0.152625791628807 -0.431406184525678
1.11783792933578 -0.272549781368264
-0.0855913306612388 0.10636991047058
0.679498994957669 0.166386518711455
-0.281527135534973 -2.17508596775671
0.253940826863357 0.0547757452395786
1.18969876239804 -1.50199484399404
0.83710806210594 0.256161648058361
0.868264599104344 1.88668848078563
0.568757154010222 -0.398001476774978
0.203025487705723 0.614572756767697
0.356056970242615 0.424685098332189
-0.5957821865979 0.749460470412906
0.0831465971990514 -1.90163157504544
-0.00231320959652681 0.358311857999473
2.06206187237582 0.320056426784649
0.107704407224118 -0.230918117177022
0.39718297948596 1.28289943745134
0.290907923890145 -1.41486606264009
-0.13079531986245 -0.566864360777686
1.10263942833213 1.1832783946094
0.219190854260166 0.326835895757765
2.17133635784972 -0.0653356091154198
-0.950471290050255 0.763779226176255
0.937861337899437 0.144610631676166
-0.096703836767093 -0.712311847864753
0.82878709657127 -1.91271123412473
0.181260228582631 1.51929704865684
1.49149243704918 0.933131837429902
0.573992484915819 -0.223596834746799
-0.0847476947220845 0.345241817299198
-0.0907247890679716 -0.102378330986956
0.331892165649201 -0.0641795719167133
0.152593213628116 -0.98687311976287
-0.808702655442053 0.126971068539664
-0.643694825443273 1.87486837997572
0.421646236126505 -1.87846928267285
-0.0580819656138195 0.0264840038504698
-0.541729487564335 -0.0616941384875437
-0.010362931005057 -1.41035890770173
-0.0896699018124551 -0.802133629147905
-0.755000861362193 -1.2568402695718
-0.0280710784546966 0.988352496946979
-0.537746687745661 0.108252027424264
0.776763643831079 -0.489433090439346
1.23515489106222 -0.190686570822438
0.954995092078209 0.308178823254466
1.57981740188927 1.06865266584075
0.166321189780342 0.445707749380535
2.70926707981608 0.792744756518925
-1.17378125617107 0.1343408462158
0.759865055953395 -0.623548808013595
0.0976288165402954 -0.638096456546206
0.642871636799123 0.00832237755116649
-1.01373174114663 0.123228705986876
0.0651963561236614 0.188215608147886
0.815571042612315 1.34872666152258
-1.02918271535189 0.0552482622549501
0.852483636081529 1.18353795845809
-0.026202110608163 0.118045343288447
0.228812297729722 -1.48944004276645
-0.50430597701055 1.7020991359964
-1.4120290122005 0.0265837112093321
-0.0729933020939941 0.569567389135486
0.389808499370956 -0.248163628657225
-0.329132283718037 -0.0378655224187277
-0.0989412431582478 0.713408619308967
-0.6595197294645 1.14553024937906
1.72170748501337 0.0361633043791417
-0.433538432203263 0.950750176230128
-0.094616488398098 -0.895549355152055
-0.549454428329795 0.123146365359675
-0.417944650883337 0.330962489758449
-1.38032557910483 -0.94230345119423
-1.30769213221035 -1.1433664478931
0.962735799216818 -0.101577237105873
1.99247459944615 0.847537496093395
0.641985248365207 -2.01130352092425
0.319873447623034 -2.57907616307925
-1.14939942972474 0.171197249388485
-0.769526329682324 0.967547370164559
-0.264990337926594 1.11903375278335
-0.0121552917536262 0.819126282732583
-1.41251351782918 -2.27592815128031
-1.38822487632288 0.324703025997342
-0.0859416516501287 1.43481306368514
-0.307657625803644 0.97173052561289
-0.407326908382031 0.479195286264337
-0.712969257235661 0.403201991801018
-1.09559937975861 -0.132223026021371
-1.52792475183579 0.491854599475774
2.30281990302224 0.411789588325205
-0.518834228638296 0.137967697088874
2.11279945984328 0.352979614811554
1.56635825868968 1.34022904181491
0.222734540314552 1.2837196701087
0.325005791883455 -0.12161326601723
-0.855194537278572 -0.467700100586701
0.761145494959793 0.33387120300316
0.339317285612036 0.647305771277725
1.11357776080602 -1.55810779631944
0.339862867821113 0.987510813043468
-0.0309525542620198 -0.45554466605834
