0.472481632124623 0.501932234372239
-0.260530127234239 -0.680979235732028
1.94096013704488 0.871057959145261
-1.28469959440071 -0.0403122182868086
-0.795863862112085 1.08602347064496
1.33033104160188 -0.00445344671395168
2.7171003052164 0.207079414114568
0.906366748399887 -0.682841671088125
-1.23813353273348 1.93630668265046
-0.86808600424684 1.55468632780407
-0.491186864742061 -2.12070259705044
-0.642151479408134 -0.0329514013479374
-1.54541487078957 -0.961254707284015
1.26614933192045 -0.785851946001427
-0.250405624451028 0.0134647169233017
1.96411960935051 0.602518549652407
0.650449355836222 0.102487612552185
1.61998653406243 -0.163804239926465
-0.843910230898076 1.6297426277518
-0.384777806054017 -1.4061470805539
0.0512720840056053 1.14784568782009
-0.930784676689452 -0.822206818401562
0.368217667031715 -1.92850536639367
1.11279576548131 0.960366108945907
0.0928628930530889 0.782540570966541
1.4635106442806 -0.16417094775085
-0.0547479904464925 2.04180369614748
-0.712398099328257 -2.0201163961398
-0.167912728237447 -0.289391642594893
0.129213329081858 2.45744480124656
0.233298539374192 -0.709578567946698
-1.00157765591123 0.206116101498889
-0.0876056010171616 -0.00301523802133041
1.57164012527977 0.195437416005871
-0.0339473841032795 0.715169843153347
-1.60393907012357 -0.00971844016139678
-0.523169541825411 -0.0378325190191339
-2.44550317854727 1.43301067370382
-1.165936031137 -0.735577957224784
1.73463211698835 -0.0145046286727695
1.43140824276587 -0.988133770119076
0.464489418677667 -1.67977829779511
-1.31291901810639 1.09983930075896
-0.23733994659084 -0.16368382251439
-0.754390479142632 -0.069526527174751
-0.392796206537973 -0.101774261223664
1.09231083046197 0.629493915345768
0.634052453000501 0.867886478790134
-0.0155452077466319 0.421074759566493
0.286952031187853 -1.86976470852352
-1.34662704662499 0.142462824320301
-0.571556174879159 1.47214641461619
-0.109807233238435 -0.323044655250761
-0.0717781174835226 1.79079125880144
2.19521836706417 -0.0947264632740161
-0.335748700657714 -1.51585671616623
-0.320594603513112 -1.9244590188663
-1.04227949152245 0.215935738516796
0.293453184138944 1.31260181670946
1.33158457425197 -1.54511592405176
-0.753129372091953 -1.00769965858854
0.522583219768782 -0.197976187153792
1.00006322755954 1.32638528542936
-1.75505307928804 -0.299435121964578
0.0310874541700007 1.14947743334138
1.24730847475824 -0.947546893988072
0.857353184631989 0.343519700591277
-0.291428232731451 -0.0933795543267611
2.52780945383368 0.661286071363785
-0.0538493545223284 1.31000448821314
-0.112217925463702 0.165383288535533
-0.614997095786513 -0.597937150972691
-0.72027838205306 0.736770072464558
-1.19583306757749 -0.0539400527425943
0.667035125805705 1.29376614080628
-0.453838168237086 -0.340532427293398
-0.666357277010835 -1.59854857137384
-0.776048284527774 0.617776763200807
-1.46563589513598 0.00253899721438766
0.176245343486889 1.13010032516545
1.56706646183615 0.312573739958382
-0.894545755108688 -0.92076833646144
0.811497101007024 -1.50757865987913
-0.401979870680571 0.916053949382567
-1.37143713807589 -0.506303086848544
1.73910247124141 0.392184017785934
1.78063522483072 -0.341413426229463
1.90417252036787 -0.884544121456569
-0.249471950653398 -2.45005925103683
1.02592497437359 1.41192996684022
-0.605047696177022 1.10600049022959
0.369635041941109 -0.154743435784956
0.589635693329315 0.114372905963182
1.35846461228295 -0.955256733546207
0.383081368152188 2.3870405819615
0.628336953631516 0.100517313064397
0.214269741894241 1.39280144392353
-0.439881486714832 0.756010125832227
0.395898469935473 0.1104028271649
1.68943458036158 -1.17007947428106
1.19551072896146 -0.353449514728139
1.40991804594382 1.94582875174461
1.54080127728562 0.944945414444221
-1.39046351143394 0.798722049234941
-0.825648752141595 -1.03095196614308
0.457576737859785 -0.386323918521434
0.192418574482814 0.076886288531646
-0.837502186445174 0.217103748134226
1.16565595585247 -0.259215890561502
1.33501096021995 -2.29461809220749
-0.486874030803784 -0.488300189694876
0.667214143519362 -1.69273087136602
-1.64223345400308 -2.15611267822586
0.502163951855511 -1.00879621314194
-0.8136955313361 0.0431304032219487
0.399355580801832 -0.400336425979803
0.521271742236534 0.603619076127605
1.51486366785244 1.25708496788241
-0.256442041846001 1.17843648057745
-0.186297403071764 0.315631478175001
0.72527975819159 1.60599810896957
-0.198486700339455 1.17596129703981
-0.347488034284543 -0.495289061121166
1.11712999077822 0.736125186375484
1.63533142714272 0.00471588711734754
0.0179814851473978 0.579029398549043
-0.621815175895132 0.070901725321306
0.982572137614738 0.200712728015826
-0.378147754856899 1.11351578639768
-1.68098799579635 1.54564902075114
-0.0257276793054673 0.354448839702716
1.05228236631949 -0.228572522429372
-1.62127871775238 -0.571622844606187
-0.645812885475819 -0.293443796938744
-0.00189467613790728 -0.604498329966421
-1.94480813280141 0.838401048372539
-1.00389481870323 0.101257440456114
0.837567673262435 2.65266345046751
2.52160449261047 0.628197981099106
0.124861358800885 0.158979071767225
1.31651887183909 0.175180032941055
-0.349771083194899 -0.822597816402027
0.896527232337324 2.37940833761476
-1.9556200157773 -0.162395746009654
-1.27958499162475 1.56955010058186
0.804042903305834 -3.01337336502121
0.161016903206507 1.75462018070598
0.116588050119683 -0.263089709098913
0.734179502423265 -1.11553831821402
-1.64078078607702 1.20514928559786
0.511898279397345 0.779215955689432
0.76985071601623 -0.271732132001969
1.11915998763218 0.975302525212377
-0.275562686836164 -1.22245637491373
0.673419493807023 -0.310019259575371
-0.785143279604647 0.911811932134774
-1.10677066355377 -0.0674108191362318
0.220182835565329 -0.728721888121001
-1.97128898281635 -0.851226903825097
-0.396679825419411 2.67788206535969
-0.648290708547514 -0.309117435039793
-0.795300019901228 0.702394883123049
0.255113892380068 -0.42510910929166
-0.234503020149704 0.738173248874605
-0.365772839350609 -1.04016525856519
0.124359714416191 1.2927162126845
-0.0413316593149193 -1.31628309045556
-0.334765238165653 0.767404735917125
-0.858255837269126 -0.79840118201104
0.291175719768505 -0.316378140380156
-0.303230985127939 -0.502229970041952
0.589646265412199 -0.372176476614765
0.375453864871444 0.645484966935751
-0.021985397444424 -0.286479417256344
-0.824146450837987 -1.01147599762383
-0.274459466006246 -0.702910834179951
-0.484307895162676 -0.820412278107979
-2.15676601592591 1.67471062034459
0.70910804825562 -0.261456695495791
0.400088652266217 0.82393041305161
-1.2809063686969 -0.351671669219334
1.10774337088638 -2.24146446501512
-0.588487585068695 -0.125592387138767
1.67512377545838 -0.410882502060275
-1.83763644954133 0.118696916748178
-0.312289938607245 -1.5441780779658
1.27349447293497 -0.265562449259351
0.178518637593087 -1.10030151586807
-0.911740748888906 -1.50341697990493
0.00918897922862782 0.457146595827748
-0.322113592262137 0.412312362154765
0.0418140198219921 0.488164611224868
0.620417880181395 0.706526487737339
1.58348401491892 1.48210821733398
-0.153093710311402 0.417894048533755
1.56927317008272 -0.320335988087038
1.05372187496858 0.783974245964201
-0.274150012756347 -0.430229357512165
-0.913944873108752 -0.157018315526195
0.294962895920215 0.775634974347196
-0.145682199769215 -1.78147487407576
1.989941040675 1.45126738654672
-0.440759651142497 -0.861805636622072
1.68200879137629 -1.54363861381398
1.21278056212942 -1.17872107491121
1.01126997047238 0.018354846022181
-0.292649260394404 0.0620694283553854
-0.721566723110522 0.713587678603663
-1.71764673469337 0.0837997167677004
-0.297715042692962 0.687703557580533
-0.049443452295524 0.500123241970089
-0.234380721340573 -1.21874383033758
1.25119287933699 0.00320990739365501
1.16219244110427 0.322151950688479
0.783242206864616 -0.337240655273122
0.913056415136705 -1.62323201376073
-1.15158835372318 -0.601224677803466
-1.37933530111159 0.327953778618984
-0.973629441229451 -0.419751388085761
0.603201491643156 -1.37440759901194
-0.259022869382134 -1.86839160007733
1.95045032106365 -2.21162224915351
1.63061732545797 0.490797875553313
0.815944185095465 0.247699631237241
-0.930814165768504 -0.232083938813392
-1.45616868884771 -0.797205628860438
-0.235898848668752 -0.143895557264391
0.583122818284501 0.280474538754798
-0.472295095175403 -1.72990209478678
-0.0617622014629688 0.568688680319454
1.20954199789479 1.48115245913362
-1.30904013823985 0.0456558021723123
0.317558187886295 -0.493122542250361
0.720712817459076 0.101493723011833
0.987595114431813 0.517401786870879
-0.29716125343506 -0.806311208518669
-1.81112082195859 -0.74546945340307
1.29394341439218 -0.569321918735124
1.70283852693251 -0.679332845103706
-0.655822859932699 -1.24136367661669
0.0427017507065854 -0.473035719023793
-1.78661341704246 -0.584513306237607
1.29200522821687 1.11942682571907
-0.266003390994405 -0.28473596016393
0.774202830306143 0.34513580312734
0.919558593757829 0.65861497320769
0.764284379921563 -1.25337917941797
0.752557264106745 -2.18873498821898
0.146182007175751 1.41346326410566
-1.45617139547739 1.23567935821444
-0.158905885253248 -0.496745702163963
-0.155547088652159 0.728235267291876
-0.0628459854170709 -1.43772001252239
0.149282329423167 0.83441920962044
0.361226167016626 0.969730401193711
-1.37848466699964 -0.83381306407399
0.304061086400182 -0.557017903958925
-1.02509132692641 -0.537618381293212
-0.296927476445986 1.07335786696148
-0.211649590970403 1.14431652629915
0.696556456009285 -1.40048103602284
-0.571575995645761 0.120275857321561
-0.602244896353128 0.514711254483667
0.408420911938039 0.567546717844759
0.105415506864922 -1.10512655437912
1.04768440925116 -2.01076551733838
1.07843248252433 0.694807851439372
-1.44531647455524 1.24239859311142
-1.92658771486229 -0.173076586021831
0.309323791497709 -1.33641406046789
-0.172511087071207 -0.116891930624381
0.126616514727698 -0.534804576128348
-0.82748598267819 -1.04362168280224
1.70988724515178 0.186909091510876
-0.306215573942669 1.86979755765576
1.43780465309943 0.0653261282526058
-1.38797552466065 1.31680717413606
-2.12826275557406 0.0127682151412953
-0.436028510544298 -1.06760235893456
0.430311167131413 -1.16901719513197
-1.32004217834365 0.09934143128982
-1.01853873046384 -0.299766633811978
-0.703453818025749 -1.31580979697699
0.0712080226981814 -0.556157519908449
0.953045283678001 -0.677685258264822
0.810194321793077 0.320363298586455
-0.52078339660493 1.07424091751288
2.32279921463804 -1.43426454919132
0.919182980864946 2.54594952280448
-0.214228340109935 -0.485446111402438
-0.0597603580627801 0.750902832577919
-1.57659198576945 -1.27144643051954
0.798324488921807 -0.0763286966915015
-1.52998491277611 0.785537275777063
0.1557446392567 -1.57580598981206
-0.559846965239772 -0.73589880334378
1.01220334574108 -1.00027288506294
2.01283050975451 0.375622832468759
0.690550358866816 -2.05412438268912
-1.14646022264663 -1.06838702826441
-0.400388479075105 0.89477743636433
-0.99646407360312 -1.2622312069063
-0.737102488706045 1.41953299885011
0.316077589976373 -0.586344424276954
-0.00176060549285068 -0.625083275027261
0.0999258358660915 0.671000010838135
-1.0705671070594 -3.75421111803058
0.727197072181048 -0.010420719473462
-0.2754954702643 -1.06095963959129
-1.0733699889928 0.304445813026333
1.78983458355766 1.7614609854153
-0.547400617129907 -0.223047309691838
1.17006823245363 -0.552730771588984
-1.63982737111951 0.160263021137324
-0.477687325676054 -0.640869400453567
-0.0615397093471098 -1.15188691937749
-0.367972468266059 -1.12241056706296
-0.288476359370848 1.02422892073722
0.559850444571675 -1.99581947589877
-0.0360161176870029 -0.368998434059596
1.0499445524559 0.6626550152962
0.36618003963192 -0.498538391187781
-0.215971103670559 0.139004155780358
0.796372990846576 1.73078999225135
-0.660844263592661 0.764356219693725
-0.981371125138272 -0.342160996901835
-0.601098992040871 0.266345916145229
-0.446946750152975 -0.983649270664285
-0.871954400718593 1.38293828447292
0.0652801849056406 1.15877437809065
0.160479317551143 0.0951742907085489
-0.399596791861376 -0.154832587885928
-0.810731066593533 -1.02396804469763
0.492414478062003 0.741504211757091
-1.38361701814387 0.324777478260562
-0.20511089041362 -0.205865418287891
0.686006698352387 -0.421674042646667
0.380959741827822 -1.68515711968215
0.0655206260425463 -1.1589196492592
-0.171637556984224 1.66941643208175
0.978428690092963 -0.591414833290671
-0.212870902885015 0.466499203011709
0.617110291602921 -0.772096387022966
1.00576705799154 0.0548786610960356
0.607906937006868 -0.74106445427706
0.55898312438133 0.150259256663705
0.796356196171203 -1.24784376465549
-3.02146044384774 1.595946340047
-1.9191298282885 -2.88106020613834
2.67546720592848 1.08806671360206
0.37921837465107 0.0198522416005678
-0.529636851581625 0.421158417780356
0.668012914172897 0.330654845664765
0.218593368359998 0.204281533079597
-0.158827959968982 -0.164930264715318
0.33627682546574 0.100471969989976
0.439979442155908 -1.05539851495408
-1.5163956033692 -0.0409646546432649
0.763259899820266 -0.632521905722546
-0.245134241916467 0.0667466113685398
0.477553437401077 -0.551792169105003
-2.19095762343377 -1.43910912189998
-1.1713503211216 0.274847024218877
-0.324925583608529 0.202051905987728
0.429096337522826 -1.39231836036309
-0.338016254918223 -0.733556632180585
0.269188814238571 1.030772549705
1.39086045861058 0.391702114828569
0.00577093598677811 0.953893241429717
0.21401710409081 1.50844131668623
0.500300991362225 -0.479503331968493
0.616123332427713 0.842974822240189
0.250792919274798 0.241644266552823
-0.876780378536917 -0.987343516311848
-1.02027258205 1.95299919618344
1.70930660690767 -1.06980341198259
-0.693106229777355 -0.417553731120201
1.35007423226046 0.504029116646518
-1.54447867600525 -2.21097837620543
-6.36171732347757e-05 2.50657768484159
-2.27623688293678 -1.27663002183807
0.387342062295079 1.15918299460563
-1.56734487042393 1.08187681941845
-2.49612123683519 -0.64804311325491
0.981793538531504 0.207878741994942
-0.682310473133458 1.11698968493814
0.449615882678329 -0.512714324914267
1.02568439338574 -0.749389741886619
-0.520288954255638 0.498187991664097
0.616137088803391 2.09308552172046
-0.861161785605943 -0.816267959723461
-1.15938512443251 0.0878387305967295
0.144658225964401 -0.278675586677508
1.84091708957987 0.264256261591558
0.214686613884242 1.4141698353236
-1.96595130042371 2.34833592944525
-0.226766968159767 0.0807968242686121
0.0468527132030223 0.0136815062927098
-0.751540516571701 1.07387425440434
0.968774577521082 1.15045990890078
-1.51128985778064 1.84222366424753
-0.579693618662495 1.07340127065524
1.49068153836109 0.956760384714616
-1.95698589287579 -0.219871999692976
-0.765442290059214 0.476857511824275
-0.104893347488534 -1.76007064396053
0.259197714424558 1.51358779809358
0.714222524461346 0.87171657069466
-1.72515500081286 -0.271758898948664
0.133609547265165 -0.16603786997675
0.55882638981831 0.598675194463086
-1.31410741160413 0.3534687394068
1.07459345972108 1.39694720599972
0.158909331318731 0.475761592448376
0.125377320521276 1.47496432465309
-1.07230132006775 1.60723680228928
1.33669599828095 1.04430567124064
-0.378892842253151 1.01781806809289
1.74450959046066 -0.266525276072386
-0.0759895390035206 -0.223289213135763
-2.21566434831998 0.598271097726327
0.00809664064976057 0.771027701663665
0.361298945163151 -0.464249470220605
0.276878335676913 -0.132236898419208
-1.51434171009477 -1.58730908708813
0.347467504674123 0.355527082738139
0.370108682115601 0.268369480227221
1.07325867298374 -2.04252951597579
0.969368039122833 1.07798414812045
-1.35225523856878 0.727762582686451
-0.611979524855247 -0.730313261411305
1.84842687301458 -0.93954560591676
0.742232735927974 0.191337640544911
-0.493614821979905 -0.64644521125894
-1.12688485635057 -0.92128383730638
0.626528746270474 -0.632155766044806
1.55082345538887 0.0236384155661341
-0.317383303831274 1.25967074092719
-0.14029477951829 -1.77701082955068
0.790196711237807 0.0493044017404292
0.697941860064054 -1.7140800671938
1.16587444712419 0.213213434045003
-0.448092464738095 -0.369895323222857
1.94666985218336 1.06535196585676
0.4652693588167 1.60418394089328
1.04261786723766 -0.0887097372066807
-1.45842283319586 -1.16182517834094
-0.482066416146171 -1.30882928730431
-1.74655568984978 2.1316558807058
-0.946152688397076 0.316478205889281
-0.676478760511203 -0.381666853344554
-1.33422065401989 -1.00192890735687
-1.53635717121651 -1.59370062242459
0.575292874580656 -0.743461789536672
0.352676953765655 -1.17214049669619
-0.847465053423238 1.5240539958626
-0.0766588773668865 -0.449151228760327
-1.58307866531208 0.121690071983161
0.246331996850367 0.0949663518559996
0.50635297250476 -0.125022140128487
-0.159232450457985 -0.706692109479975
0.974238276010747 0.413483921721243
0.0638078336997643 1.60302108781049
-1.17157389287779 0.596853319372935
-0.135202573387871 -0.125055689187348
-0.139110853181569 -0.213131541647905
0.746585856673836 2.29344088908419
0.333183772086721 0.188800423549363
-0.463742812584675 0.229706278067764
0.506525903893623 -1.2337763587601
0.277754125740399 -1.37175367768705
0.0289103259974696 -0.249302568793446
-0.554772816341295 -0.845812171918809
-1.12838150913468 -1.02450651997711
-0.705777934874802 -0.218207933745576
0.591928416176569 -0.0245732403131526
0.0972475209118517 0.697200878229449
2.10811348650461 -0.247163681338041
0.456721646471166 -0.438761281796328
-1.20334120047531 0.241260207546424
0.610204617355076 0.384199087269582
0.881337907276305 0.772376883675883
0.428424009295211 -0.424987650083734
0.520558571266951 -0.230082640750753
0.832568758810654 1.88022525650528
-0.157126206890208 1.4202579407885
-0.79270725620225 1.43326402804092
0.122198747072567 -0.835804349666245
-2.33823841028664 0.746154367192288
0.750103274895888 -0.824114517353497
-0.328823383513025 -0.504048286869136
-0.856249781491029 -0.782177123896999
1.38529277312045 -0.447456627123638
-0.559693437526502 0.512898420988093
-0.551455431257373 0.0317921366992125
1.70127650224301 -0.166348401503359
0.0699964062573208 0.339121382850664
0.345898409324955 -0.926694678123093
1.52778312618229 0.688904307205413
-0.207136024392508 -0.430057207707033
-1.28818097454861 -1.22166398651048
-1.60873726947393 0.758983498419819
0.506606907531182 -1.15861392658831
-0.580452687499125 -0.456925748411613
0.263550182325791 -2.38728371494803
0.556780521649485 -0.2080339281175
-0.909024503755164 0.39801753139668
0.306556867164761 1.79865491363643
-0.644017415826256 -1.10661247094844
0.28487493128011 2.08133203013885
1.44800613337592 0.200868464265418
-0.0076848358898506 -0.844014807542071
0.828005770658679 0.901998223807886
-0.120133596336097 -0.123419214899609
-0.706776638331537 -1.50588315881063
-0.418343158826903 0.0833212972858572
0.746160067224303 -0.950209243409533
-0.244746654322161 0.108004276971689
-0.345721792601335 1.33171219323812
0.235684656648943 -1.61996207330461
0.438649622030718 0.1294265950467
-0.527558977379216 0.194016964906381
-2.70003911647891 2.71131120391576
0.01292191688545 -1.64404848102685
1.66995705224832 -0.932868416640535
0.226316786879897 1.33409009488103
-0.533005978018757 0.411131385998163
0.696149562177745 0.438842632054779
-0.978444007322192 0.184958644862867
0.128233305372775 1.80103666803869
0.821811441109873 -0.0389761971243985
1.08481434305072 1.84849229656365
0.599743010720165 1.11223843836223
-0.504548291720481 1.62657760527493
-0.528181550864985 -0.153096612683055
0.0723411783992784 0.531298921704061
2.36103810326577 0.142161168576359
0.141626480353138 0.00431313488964308
1.56461021083924 -0.751742472005865
-1.64703733640159 0.319562697066497
-0.819572151705224 0.064392698913958
-1.74766375360306 -1.4463279584206
1.03303071624695 0.244074635326068
-2.02808682207935 0.925555114929289
-4.29886404557497 -0.898174591218223
0.160422281871629 0.399780071645993
-0.630798829573995 -0.866680681608172
-0.951401697249604 0.546022324016469
-0.202308837522617 1.24011099375368
-1.76920969018026 -1.10101447792645
-1.73226453907076 0.658192810077672
-0.150344367047616 0.562309751626575
-1.21626774730001 -0.48941182845318
-1.1389231448055 0.25794248114839
0.00165028354680608 1.57722994205597
0.498745580308249 0.726242168088849
-0.467012774754948 -1.25565698929698
-1.43271612776254 1.43339397457782
0.629618754236831 2.46052870205956
0.171080584594364 0.436210197005331
0.639204711335719 0.486919722110133
0.910503475258444 -0.300347745487739
0.736790953261376 0.00299329060659664
0.484378148890792 -1.65797720292966
-0.621410353795899 -0.394742826170771
1.4161516409635 0.76065244423178
0.91902960945632 -0.129128378377479
0.248374750104334 -0.441454002067804
0.597868655218392 0.575928184049314
0.269754396409771 -0.572154991518586
-0.767366100103417 1.25121590653363
-2.75924023641176 -0.771533096642496
-0.00264971073125703 1.06733247011834
0.996994727255948 -0.916154190753724
-0.141410463846788 -0.142557848657055
1.61136180340055 -0.296606066453135
-1.73237438259399 -0.910371979335194
-0.212617571483951 1.18791693374079
2.50090634117552 0.214941867660639
-0.120135740044714 1.1938003520086
1.25977261374209 -0.415965587842416
0.395604687489645 0.222052582400077
-0.909006081017662 1.24708155985621
-0.879353680478506 -0.688987790774503
0.874448365865413 -1.20466314655697
-0.137543678563025 0.364140768855278
-0.85905619851116 -0.15453589631346
1.47258441297159 -0.403376046781452
-2.17225327127861 1.36433646030522
0.870007729412363 -1.75807362030872
-1.50567865262064 -0.962989358086979
-0.135777948204251 -0.798489942363034
-1.39730616565066 0.14185114840385
1.22749460615103 -1.15662084599713
-0.620594529894208 0.781608108621063
-1.36404817068546 -0.289321810770429
0.312592676076579 0.687670256805762
0.590592980984845 1.0197571159934
0.0233876299590258 0.367834217144889
-1.40536143670928 1.70911233802075
-0.15633800374783 0.449964350077873
-0.751795105390347 1.84897813669744
-0.767262815485332 1.06411524025888
-0.204678946034795 -0.776362655474841
0.229759885358358 0.571240858170055
1.47898490100587 -0.381529590507646
0.741126560160362 -1.01481525182673
0.400247441753323 -0.428255854580902
0.560564418856755 -0.231134855074035
0.0358672359896794 -0.214972935579301
-1.4707523316925 -1.493021796754
-0.0607738650463294 -0.450882608878025
0.254713159562146 -0.297198419416654
-0.278720645603219 0.615531187242762
0.555516448879963 1.44074684249411
-0.568613475072008 -1.42919385583497
-1.07054726184899 -0.329850901185477
2.21737920770492 -1.24247043003954
-0.322745627637636 0.51660113928799
-1.26015612013771 0.924609260615802
0.236904244279754 -1.29239118611055
0.260514307945198 -0.387599161421353
-1.55266175336394 0.616183951471402
0.6466169442001 -0.772873842390147
-0.848171170500541 -0.279585740271228
-0.770052887310411 -0.185045991114516
-0.16910533030473 -1.78544266296263
-0.286899067385637 1.08672136517076
0.59200760001272 -0.502538545667274
2.08615973853188 -2.40790905219832
0.62393094009976 -0.039895393694675
2.14939470584497 1.47955644676304
-0.107415916326639 0.199208869835826
2.17160087004356 1.75508126312301
0.0849803820925895 0.332084726874151
-0.501257362568819 -0.418480524226814
-0.420935944129362 2.62021313293322
0.0409941255410428 -1.50753681373669
-0.393069496048345 0.161273030598715
-1.04615863033985 1.5266360187012
0.873900697221431 0.749255987301583
-1.11438352504365 0.454433164923962
0.195170152373127 -0.814352017442277
-0.446383757471742 0.733661760132798
1.14279297763783 0.0058504774741977
0.0540653592891414 2.18334571295036
0.464766231436056 -1.31872010713252
-0.295894499749799 -0.144025321841773
0.0840328266762381 -0.307872811074394
-0.210285224841182 -0.569023956649216
1.64191483317982 -0.12023905833746
0.365543189828026 1.44299683817994
-0.027048215456856 0.254929649155145
-0.381797400080935 -0.502456161763324
0.206603785215838 -2.9483762193727
-0.450403633234767 1.6238688449402
0.838994577279234 -0.852874611956461
-0.0376593512781851 -2.02874603582023
-1.56368730275423 -0.848905620080186
-1.66792618365039 1.06360370072182
0.641921843772545 0.0568424131993548
1.29831224752017 -1.47300197088152
-0.0597635442893757 0.667614697042929
1.0378940236404 0.39388378533237
-0.387556058448628 2.45097170222
0.0383414691380466 0.661047943727979
0.593027181822659 -0.18714317219423
0.42682634134648 -1.11481835798972
0.359997834652898 -1.21062154546043
1.33174875058883 -0.589821684520033
-0.543413729015175 -0.858394151436399
-0.843130963627107 -0.227476540390747
-0.58823494554151 0.351563923822209
-0.130816908074263 -1.0784742193534
-1.53386120722681 -0.691935181558887
0.172244305567629 1.44645382461699
1.23717450341645 0.345721820114063
0.472103299597004 0.106398471757224
-0.268466296527479 -3.24528071341216
-0.231587135071801 -0.412425083073443
-1.40929548366661 0.679175907733505
0.786982286714137 0.29094691434896
0.588462642735405 1.64693712498199
-0.155437717650775 -0.799051262453354
0.384724619683247 -1.08608715143215
1.72815182138413 0.497800573469938
0.953751978506551 -0.872462888384846
0.0977734486865565 2.38923603139069
0.828925521238201 -0.556210733646243
0.644598876264651 0.263607059690983
-0.856627279434202 -0.176750134732923
0.00433770351475005 2.38282468873169
0.428743987485849 -0.21475833587449
-0.21284797701997 -0.180942671632347
1.76565108884151 -0.155034106798216
-1.1506139847041 0.168095705571989
0.551447964936186 1.41072281941777
0.133749685145176 1.72415336497383
0.0871007491568072 0.64629879197453
0.483852707278961 -0.13633431302558
-0.376634080919362 -1.86358307876443
1.50934568313206 0.844110570937362
-1.23830018758833 0.170158756998029
0.684066475062131 -0.175450079572019
0.563214341520749 -1.00554243901166
-0.74576516491172 -0.148814582170572
-1.04317571898881 0.476126794422942
1.33872179956654 -0.068426735238909
-0.967715691066963 -0.315304888851481
-1.11796197798635 0.0717225222422168
0.973052453599355 -0.214691598505588
-0.227071684651324 1.25662258045887
2.06201116141813 -1.04304824147115
0.303907061273773 -0.28778225281599
-0.0039173713299685 -0.769260186472926
-0.9390616076297 0.653206669738615
-0.815105134521832 -0.984148061257566
1.93731963373485 -0.381326225257069
1.04818398800468 -0.184246504074071
0.360154054536585 -2.1765879011072
-0.548477862222289 -0.845104592866995
-0.152563157592286 0.0553063897610324
0.597289340890854 -1.33705898987923
-0.788461547921137 0.883175856666079
0.891648255474928 1.02337309377717
-1.15365386859204 1.20603019647337
-0.905368742621587 0.680727870793111
-1.92106546935791 0.70108793880276
0.871894033696954 1.20184842311258
0.505546138723661 -0.0845310240111483
0.942820644878565 0.419434043454877
0.0515704245581474 0.530513595046972
0.0492290852677172 0.0273396448705183
-0.980038377321827 0.440655336466118
-0.546143625160741 -1.08550213128218
-0.332029963053628 0.0272733681092535
-0.557369327625682 -0.772210017644616
-1.18347941136161 -0.0436835164449738
-0.224404317708354 -1.09533237036904
-1.31452415761113 -1.22373755356641
-1.52024994946022 1.23370819842436
-0.60116505707173 -0.659660644358012
0.485646414413733 -0.446219729483114
-0.250401731673526 -0.429472243801352
0.583308906094732 0.203739050786594
-0.874201121996074 -0.131919821802342
-0.0133955843938127 -0.464961282579728
0.872155529391496 0.443087972348827
-0.957577144802077 -0.339455190054614
0.360854714096931 0.746934994302438
-0.652902063903807 0.181624556090877
-1.94097161604324 -0.0304238518148991
-0.859800506739998 -0.683617135778344
-0.581323744495937 0.00483673370923191
0.474203724025614 -0.574715087435443
-0.442820782976547 -0.685190258721416
-1.55128832541299 1.16045976370566
1.66423687310947 2.33286185608353
-0.819251819173688 -0.145027339793141
0.511780661010853 -1.52936682249368
1.07556506450048 0.299557516898457
0.0636871916384131 -1.80484270217633
0.4229887268773 0.704659519397352
0.734248807843507 -0.830442177555216
-0.535113874565986 0.122967628828134
-1.38272154202873 -1.59009354974187
0.403807999427395 0.381522372747653
-0.689028630911366 0.60272480168678
-0.0709721137712295 -0.288033631106463
-0.462681768028252 0.487695687245536
1.69463552996006 -0.259968912941529
-0.550514023737126 -0.471183632216099
-0.600373024582537 0.291098947312893
-0.0461536329282162 0.00532989807215861
0.542429059177448 -0.05674779022089
-0.104061685973973 0.738176759247116
1.36375956267902 -1.38299697468345
0.192458155574471 -0.665935139954499
-0.115818071624223 0.257417682410694
-0.118558323961567 -0.286371069530174
0.863138907167349 -0.835575818487519
0.639142908834032 -0.841583728597499
0.921308082723764 0.858717073284058
-0.163524187230492 0.00324479568143687
0.262757782782164 1.34944060095206
0.439679199928669 -0.797770265627587
-1.55253783537662 -0.823381196826684
-0.912201142503283 1.59353161402709
0.150779417830804 -1.89569024437835
0.28411667346387 -1.01447457050189
-0.987699450292236 -1.44715478006444
0.704339763468544 -0.416106065226415
1.29079953106974 0.154639701713273
0.967895812600183 0.478618478592073
-0.87473105265451 -0.439574792252527
-0.0795118818569759 0.00643574568371982
2.0343751187804 0.428926180332698
0.269749223752367 0.155367332141261
-0.326186301952461 0.267576070037724
-0.292546655718213 -0.0141121607321632
0.0641812336836993 0.936845250234992
-0.924753068538397 0.460201309655834
2.04647127944387 -0.297183488654317
2.40666608661861 0.180231147018311
-0.563534909786664 -0.702321410350765
0.847672909133471 0.934607465464714
1.11893964874904 -0.990468436380476
1.23163504475145 1.23073112064803
-0.53062412920383 0.305088755730614
2.46550467570932 0.288213289621029
0.728209303147786 0.317290585516082
-0.118233790886726 0.278219662125012
-1.62699506608705 0.175829684243329
-1.33384395049546 -0.404828626015865
0.253872249008812 0.00508031677743104
-1.19707015806093 -0.176502025930507
-1.81934571395615 -0.903610380281449
-0.327417488790433 0.0555849916316011
0.405956065235196 -1.28014147360437
-0.0873406071129258 0.885875787902255
1.21471958417844 1.44714679011797
-0.471886602801574 -0.381462816340353
-0.823149569793334 0.0156924234565842
-1.21297609557388 -0.597485828957668
-0.655904833585184 0.239223490025835
0.11573512390438 -1.38050971873305
-1.71571784502154 0.76161983868106
-0.495903609443372 0.558252990626937
0.37916374868814 -2.28431089358154
-1.04643929515053 1.53785602266594
0.709800049575815 1.11541328782741
-1.07256206690624 0.248478599517119
0.796134562680828 -1.08954662416892
-0.704223002038812 -0.3354040391334
1.47113261956776 1.34529148801764
-0.678837350793958 -0.619431151971245
-1.37272630012986 -0.186682180017259
1.43183799260604 -1.20581743974923
-0.0779996975170566 0.532141431088202
-0.57022729073213 -0.00448026565490039
-0.935697917061696 -0.393939217793817
-2.69745108637962 -0.142808293656298
0.720136861238663 0.380945163289158
-0.360622780900979 0.728387498186701
-0.826893325059112 -0.469156658747154
-0.849472120805237 -0.381409939296391
0.450586260147139 -0.894059125928319
-0.313047838932425 0.486620119397813
-2.42110289860063 -1.43613713672043
0.0671954815671063 1.11651216094236
0.296620743062756 -0.0448245960739235
1.35887794297523 0.734138497112049
-1.69033794224641 -1.31344897859393
2.42926795993219 0.299841325231943
-0.031709247568185 2.28360361228055
-0.0590797900000218 -0.816237617135674
-0.0729076416330057 0.745401220822508
0.238131466183988 -1.11737539655097
-0.345629724080537 -0.946467610363349
-0.280615606522131 1.21035398729905
-0.51726334885279 0.497207036405354
1.63857473190094 -0.268887105921958
0.155820722920686 -0.846782115168943
0.527870702970691 1.52338828501062
-0.666942135981085 1.47884753113004
2.1060699940423 1.52578345881687
-1.09362138611891 -0.86538259017502
-0.932637217130387 -0.478936581815498
1.17355388862928 0.568051191115407
-0.635287216460932 -1.724968592654
0.615891116940539 0.425832102311948
0.922916235521801 0.0702641752311651
0.98228005677731 2.35286249973163
0.81977495041152 0.919159071527387
-0.479772927833917 -0.69613369983556
-1.23845768671936 2.11779873757408
-0.357930130205435 2.22652467400738
-0.342255367021632 0.63177759766811
0.446596366800656 -1.07691674255716
1.27567448121442 -1.35657160523019
2.55901632369217 -0.388161966920424
-0.885446601913298 0.209854699295756
0.977263805882198 -0.680663875464665
-0.86490332473296 1.022546715076
0.17223771191103 1.693718650824
0.448720265340588 -0.173410007773844
-0.735349769468883 0.679380959658312
-0.659938783839082 -0.411573538076627
1.2238113809101 0.328821705802915
-1.29354476421603 -0.127463384013269
-0.445068327386193 -0.380945176422173
0.199714713124942 0.0107075203098578
0.367263551824343 -1.89243566853482
0.634629323595796 -0.932322351060071
-0.0897347272908109 0.904864744666637
-0.766257202818521 -0.42756693296356
-2.20292712285572 0.463105974229804
-1.39931639960361 -0.159275840085518
0.604397976084427 -0.710843179897346
-0.98542955061849 0.167774643364276
-1.43133048332715 -0.757510472808472
0.578761994328069 0.894087145967366
1.77898223652291 0.916470421841523
0.0151452839259998 -0.59293760751596
0.0571729906297923 1.06281014059006
-1.15326816715811 0.924685798863946
0.384240503510694 0.645679086540214
0.951844975830229 -1.72740888915964
1.75388270389309 -1.41561653446279
-0.463876179341833 -0.250731501015372
-0.412870007654441 -0.287847124772753
0.179027608342458 -0.0736612068038895
0.847861625138555 -0.119222709867055
-0.0145313437253864 0.399633169710344
-0.783171820838713 1.39022384206591
0.94790908992784 0.282170289398616
-1.15799390233309 -0.988210663266045
0.665270201592476 1.18447698685372
0.861552549569888 -0.332543340304123
0.899507355325527 0.793623754832213
0.112465031665928 -0.533401152940151
1.7195913162379 -0.761250960828496
0.368705013980721 1.96972062579334
1.86916951996967 -1.16234911368011
-1.07462839935931 -1.3640795897005
1.23613215027802 -0.114130749964405
-0.383293862166611 0.177259125469707
0.191202821143861 -0.743043302292639
-1.21483067541843 1.7797273983077
-0.576063784770396 -0.00909248498958221
0.431124112199972 0.507063150411859
-0.307401767117252 -0.32055747254847
-0.851663534695096 -1.00495047440703
0.568975347028222 0.623376620176309
0.41821043443259 1.4447719292066
-0.672693919440853 1.00025815532582
0.548400179905633 -0.315990103404189
-0.196719646101243 -0.0505609047872996
-0.420129552930937 0.996738803420554
0.798530582472649 -1.59836799103244
-1.16937144009471 -0.330183425454616
-0.209761925539711 1.46929760932353
0.0448211129604107 -0.419036312836186
-2.59631189896863 -0.822847971929945
3.52837030186925 -0.662353075063054
-0.193276574537529 0.497604486162136
1.79458717070927 1.91876613355312
0.55098809371908 -0.322481070560828
-1.35793288361349 1.6480850580357
0.564937699489325 0.583565438101457
0.521571299283582 0.46566522025829
0.487791741201569 0.529794190075623
-0.0366847678563058 -0.651589704682159
-0.731417023810914 1.13875436834031
1.00891601495474 0.348038938276828
-1.11442853827595 0.108878704223834
-0.236408750049984 -0.89121152932185
-1.01291004166139 -0.672599121133469
-0.626180378576113 -1.3288197178048
-0.45347364514542 0.964313623372973
-0.635038390001019 -1.05176959147412
-0.766917365516873 0.348040162345418
0.212277364334059 -0.0921584069245386
1.1394259846152 -1.0559672312115
-0.612230022566608 0.52879398972689
1.08345048802871 -1.03121858886615
0.631690104350006 -0.907622560657633
-0.500194872161393 -1.60548260265655
-0.0977954099016461 -0.15024789516405
-0.70244932014416 -0.152422407414783
0.0910556771033163 0.43883142226713
1.1968254146723 0.0679054595739165
1.32384022083051 0.363528769897501
0.192859017832069 -0.685394603927335
-0.370482963328937 -1.7130245823647
-0.530004927372935 0.343852340680081
-0.406756225677717 1.08683004924255
1.08011053453501 0.973025444971902
0.407212643607522 0.32959703888318
0.235247560698092 -0.852583282434564
-0.756146355847404 0.0618143910894515
0.0725376255575902 -0.41560417130634
1.51252661981282 -1.03242485948203
-0.840415271533682 -1.09993642754526
-0.615510995713079 0.0605043689388885
-0.389483148960573 -1.22110137558006
0.0466677433165102 0.339497004505301
-1.76941306108779 -0.664018319401927
-0.437416171968269 -1.20519823258706
2.55385124985916 0.11727954493152
-0.815194636240738 -1.00408259306856
0.604770001441756 -1.00545386322993
1.22036121037194 0.979770456567856
-1.96885315657962 -0.303998584930776
-0.175327812105254 0.457854413712382
1.33293384868084 0.0789221293703534
0.0118354929946487 0.800950390796481
-0.474540598736155 0.448612224817933
0.248176791878216 -0.354490133786411
-0.259228600192881 0.595489809372607
