-1.2342312137573 -0.454512730626664
-0.961860508874452 0.427256212742309
0.166403579748303 1.28193794682252
-1.15944056041233 -0.158267133831524
-0.746988046816226 -1.36846809521272
0.296951825735928 0.0896796998865617
-0.689867172528739 0.03373217446562
-1.04178789297354 0.66869526408709
1.23522567049458 -1.00811036578827
0.593475385005456 -0.103923389650637
0.772731821878213 -0.818128905211544
-0.150743903574381 -0.37275505087072
1.42281653197202 0.139707996821751
-1.66396165280208 1.23429067275748
0.339344816348104 2.00341268796351
0.880963937415662 -0.257682448537307
-0.88967224666249 0.503821921092726
0.19996218051925 1.87174758472386
0.371471324418891 -1.17808177760514
-0.205785050957105 -0.249203125320862
1.32889794141348 -0.350298427959879
-1.15691050570004 1.73601721794788
0.488096806567237 1.73151662078105
-0.649894088437916 0.418606182709426
0.0577361418215768 0.816180624677139
-0.971526246646369 0.664827832599448
1.13709903013052 -2.02136135018189
-0.277693421781846 -0.280682639893537
-1.16226902865128 -0.986466476240109
0.807619188278191 1.41655177086302
-0.130654045938084 -0.95271976684845
-0.333412565050403 0.419295127833808
1.4093271251159 -2.73181367613125
0.188333074951647 -0.75276421253606
0.603582328371544 -0.402429296858816
0.417721439189089 0.0841641160213238
-2.13596150272615 1.28061060157754
1.52341397558117 0.856863659062344
0.550874233988898 1.18714471176072
-1.56968046234861 -1.05016749760216
-0.240363080997619 0.513683096461919
-0.251201386603173 0.761188381199837
1.11084858019224 -0.903088682074324
0.106288966854241 -0.358656810605827
1.44992525384685 0.383501319465791
0.514560519926373 -0.544715664463754
-0.134338091310256 -0.33409104285814
1.41428599692415 0.229968220116297
0.489563904508598 1.65636426836808
0.966030255679285 -1.70886138918621
0.447430542053462 -0.21233088280393
0.402646634317551 -0.0677269661178664
-0.826734822128049 0.556885549048126
-0.40709246376483 0.279166627194917
0.398103025130332 -1.7012197318547
0.761613537403063 0.67766765617172
-1.02254516307558 0.73124269603448
-0.113220106685106 2.4401991920794
1.53800945241692 -0.285016773186577
-0.30053078022632 0.027339062706871
-0.513221493691232 0.928470356051239
1.16517537631916 1.19305408358995
-0.955689158319785 -0.320881017347331
1.11383747407274 -0.687558026077589
-1.54969423646943 -1.82466827864939
-1.94673206031977 0.669736822254577
-0.0617189715601695 0.813854126251861
1.10939543847969 1.2797772663836
2.03171933931747 0.472549938733294
-0.34867212952659 -1.3161116132106
0.798135686318275 -0.576202065726383
1.18744267507483 0.410016554250999
0.513686921943566 0.808252913480423
0.274047304236736 0.778411879151138
1.01940193216874 0.0333985622183381
0.275210245989107 -1.36622101586843
2.2591436871848 0.262004890897586
0.45178941821453 -0.834032592969595
-1.6345500479807 -2.25690754223543
-0.136289544620859 2.52180340764831
2.41216438915016 -0.777010795223706
-1.12811641599944 0.186392781348691
1.70074784607025 0.445671275418108
-1.35372060033263 -1.30644203649968
-0.272443587537347 0.0874592794008969
0.59734773698585 0.237476534078875
-0.858753777128977 0.398495100723329
0.421248755717331 -1.38515939258879
-0.19541137675212 0.839568526849696
1.52511557983914 -1.08821921675084
-0.173030598993526 1.13514624472121
-2.17983014575487 0.905313957760609
-0.544058801312112 -0.142730631267245
1.06836930425522 0.028724660131848
-0.20415195486554 0.534175129035218
1.37527625024341 1.06890574190898
1.76333787457227 -1.45975786965248
-0.270895829837672 0.460627453675513
-1.01092405729164 -0.324693036799343
0.549140096790111 -1.30281862765542
-0.043680551233015 0.801288278581916
-1.67068463924049 0.531051474750693
-1.66090009592357 -0.780002928634288
0.402514156675453 -0.358078348359037
-0.519050181684834 -0.354582424477154
-1.03113726978318 -1.45399305687392
-0.865005363408733 0.907587503121704
-0.488543754914247 -0.399857845158087
1.30886758698801 -0.693262481313631
-0.0632268553333525 0.770131636232572
0.653819759866985 -0.881741872840747
0.629324648888378 -0.125312490947564
-1.95808585192431 -1.05642294673276
0.97643456297191 1.52523115862852
-0.320767189985806 1.21354744399991
0.884279755174683 -1.2188306873563
0.0423805214666537 -1.42871765420492
-0.59089157804864 -0.398935365146429
-0.42179651619033 -0.526752317462605
-0.0663507651958776 0.0460911019834657
0.849260948032275 -0.00361378357190645
1.00990607301189 -1.03283974497273
-0.406509424352491 -1.27645977110771
0.0500507643034393 -0.215244904236083
-0.0647333599668359 1.15598925813409
1.09096051898071 -0.676953962381904
1.35649298966758 0.243196358661582
0.901217975210703 -1.79305377533405
-0.583219762443531 -0.861336819893419
-1.66706312808641 -0.618489025841514
0.341798141750438 0.0375744252085602
1.38573387748587 0.611627428062112
0.411706409796653 -1.11713648547973
0.526495142555207 -0.427591505135558
-1.77408924888613 -0.412938156754024
1.29486844401613 -0.931946668874155
2.11495270411991 -0.685775266204068
-0.99902747266963 -1.10597671305656
-1.6467013719504 -0.379080254937138
-0.32378148371344 1.55370606580428
0.920325285121358 0.531892753970046
-0.745374510355126 0.455372154358281
0.579986245393478 -0.670364200311108
-0.0892966800387618 -0.863875742746238
0.876202612995306 -0.148337793914496
-0.732460987024296 -1.55777724912082
-1.22864518063084 0.163212813717747
1.57586552456099 -0.392806470901713
-0.217308063986371 1.37411921758243
-1.80027812688283 0.212481412173176
0.14632779737049 1.88808318923814
-1.09708612731337 -0.59982292694017
0.617361951255296 1.23233455221474
0.196220296651054 0.19836889510263
0.961258494895774 -0.19395081782108
0.627417083966765 -1.72100259259441
-1.71537743419454 1.54965417490578
0.24463256797893 0.258743804972928
1.6363845168451 0.298523462138691
-1.17344368107859 0.333125390358061
-0.161817251625744 -0.443675223230948
1.05330158704496 0.197160001197187
1.22991908498756 -0.300474560290676
-1.03397425341408 1.33159799712529
-0.230068063036581 -0.225579181914139
1.24301820916194 -0.233391319277369
-0.962944598264045 2.13812368713106
-1.35650977980139 0.852743246529902
0.489697869125816 0.627025702469266
0.237532754304889 -0.243145335881486
0.532204867685248 -1.02803069742936
0.966382031348752 0.0964184177242167
-0.447889776699072 -1.55535065247412
0.745258206835142 -1.6165702755386
0.582744295316094 -1.45225175214297
-0.340892746276171 -0.651845899257171
0.643854633645709 -0.749804189783991
-0.0142690882054733 -0.780763071061162
-0.604716193505561 -0.413566477679822
0.0101328630545685 -1.42045892835908
0.136685987709453 1.11654504087672
-0.68913855713567 0.225216449508998
-2.39809795310176 -1.04232183652363
-1.22080229247093 -0.256385435586279
-0.821880495135924 0.460384471341321
-0.9700766394938 0.0629132009406821
1.08702728302125 0.908612110516804
-1.05669119580623 -0.577953668208425
2.74481198111565 0.129066802468592
-0.0122731579250438 -1.44572043642886
-0.73376223097278 -1.04283431991113
1.88927254799645 1.99075270658855
-0.32528596825127 0.27555534798577
-0.741477263139562 0.154847905893342
0.539522631162907 1.16470514256479
-1.44999783612881 -0.579839332194585
0.141180690868961 -0.11866480647698
-1.00402218654538 0.157818988272359
0.645731977968125 -0.19518573638367
-1.35959299833412 -1.23102713880935
0.6583783922342 0.590083964655255
-1.03779020607996 -0.0225510448662831
0.165286122035267 -1.94430343374441
0.0785431904649179 -1.17396900827158
0.770756048380231 -0.196230566307195
-0.259041116765712 1.52470211030463
-1.27510792493786 -0.436971121822868
0.887234809436561 0.115267593831045
0.265068517470031 2.42110452902879
-0.314448800005303 0.834671789668061
-0.287865266508376 2.71898982714171
-1.07787920765836 -0.324166612050645
0.507312869883344 1.58554446473848
-0.103123870693301 -0.596631911935426
1.55352707993966 -0.791760022651825
-1.16155974452094 -2.62451734735713
-0.195878193119123 -0.754193386295777
0.0997974977232642 0.60560151783159
1.06187116728318 -0.819692144928565
-1.38025112745009 -0.908824332390332
0.628374833954827 -0.0689977708952607
-0.324720787900724 1.54031942843027
0.5822522280737 -2.30008476129249
-0.540087851634785 -2.49739656320629
-0.774718091041571 -0.905127724943361
0.32263638949729 0.923437470899096
0.659026810202189 -0.00395803974342751
-1.16166563500855 2.26182179852597
0.492937565236363 0.371886307306925
-1.61061852961569 -1.85656672209219
-0.390571924513321 0.636465551735719
-1.18166371929662 -0.686008043453654
-0.752335969637898 -1.37070207344225
1.33584111156097 -0.48578946874261
-1.86645077872951 -1.20411241183435
0.147076517573269 0.993316296974317
0.711971135346183 -0.611050494651933
0.733955001403895 0.996140585179711
-0.476767422352426 -0.796457926667107
-1.4241872869999 -0.484410016393555
-0.631193353348964 1.57894274121464
-2.05539234754536 3.09147414991343
-0.204038843062292 -1.07291171791103
-0.359870263234179 -0.779524238444299
1.94108491880309 1.44135786632269
-0.0287263971621603 0.657200531598344
0.118586674519662 1.83861119174147
0.856469132174537 0.500376027051186
-1.55003971047462 -1.82927779252714
-0.499676860282014 1.45633652289308
0.241342407342934 0.156973967059643
0.891603149452615 1.92359696700031
1.81591753981306 -1.1734056092997
0.684359156633543 0.539694050043147
-0.749895095850046 1.00449149018049
-0.640915691561313 0.347520747926466
-1.40344589538832 1.06556560960627
1.23440255495896 0.700751023559782
0.684179531657288 0.41679893182712
1.26975975060939 -0.503501483546864
0.471683921859199 -0.59608562456909
1.1589817278186 0.803333451713424
1.03535678596686 0.0973211157765004
0.571725987374759 0.88568114197172
0.846181885840838 -2.12178648530271
-0.0727958822273719 -0.204802268577365
-0.883100834055956 1.07828365328346
1.75833423108283 0.431773727567298
-0.319856080911163 0.0641192718864104
-0.641092379001644 -0.689096786994255
-0.0133655880393199 -1.16031706951181
0.956257979484227 -0.364936744797084
1.87791005530074 0.121970810900001
-0.496554431861586 0.155227537674946
-0.799921351959395 -1.09986546670964
0.0538842066934509 -0.663230792240383
0.868765650838206 -0.00142494952248862
-0.240674861241458 -0.491414485482324
-0.226796799896873 0.283768390121168
1.57163629391771 -0.825280643515973
1.76327925046628 0.773481074658984
0.0691047901422681 0.0238370061815434
1.2363295332665 0.926160145680965
-0.613935856557161 0.942683640987574
-0.754499139187187 -0.894219364932147
-0.239313623518777 -1.14520934735821
0.0697028260169908 0.100187313376872
-1.32862402539861 0.881139359092563
-1.5411001820405 -2.1108417353919
0.272043376080465 0.769707584541347
1.11208559745998 0.257388225049705
-0.621758803556917 0.516886774083603
1.86933651703243 -0.264080865695242
0.724479978799364 -0.868906517986476
-1.78100932941338 0.196924382472556
0.343812771277263 -1.69268278738182
-0.172051655996217 0.972456908475829
0.339939190557239 0.785358345985491
0.100442403246048 -0.526820727872739
-0.25373661963547 -0.108576383735087
-1.22510294716195 -1.05157950295006
1.18076857706461 -1.60949804205753
-0.311230454093147 0.740011403100315
-0.434477959490531 -0.339567682771924
0.0559607435063209 1.12754948551945
0.255565010892102 -1.50948601130522
1.12738295904251 2.37665696700528
0.458972992308058 1.21536352463074
-1.1844418632679 1.54889435423623
0.313680642850759 -1.11486465854927
1.19962555433736 -1.01699769150984
-1.60759939646504 0.319672928613569
-0.78392678315851 0.191838053205839
0.427843833135634 0.970077226989959
-0.0158414269682789 -0.416634207908952
0.528921870357323 -1.05106646017656
-1.89898650961822 1.12912664380901
0.0704072922450641 -0.203298052315159
0.24439564564594 0.940954300325191
0.254149530058295 0.760678150489061
1.70343358124663 1.04401309358605
-0.0529886706047532 0.187109901874271
-1.07325090214731 -0.298430412262496
-0.279927054168157 0.112909241237382
0.645383439221298 0.0519157225168277
-1.95596912605971 -1.02561836996799
0.31025137930658 -0.543769841000716
-1.16505122907308 -0.0855835217710575
-0.410671929393685 1.39044182204982
1.01919033306021 -0.859890515908907
-0.744378275002843 -0.235994125921627
0.439102452250112 -0.609344151183542
1.2080546856999 -0.889606544972249
0.522725124804417 0.458677195650733
0.399166376756798 -0.599186701335794
-0.11922148915555 -0.134815961371258
-0.72015057545612 1.13283948473871
1.7932354239359 0.0887348354464968
2.98469594803438 0.396833956659645
1.25999327822757 -0.351817248651063
0.379903265213148 -0.497581165685231
0.917037114938496 1.56213544261104
1.91931795670092 0.312563194316279
0.311920065713964 -0.663110362312136
1.14847661316769 -0.583557490314319
1.68848306046299 0.246190854335272
0.145605255973172 0.751439263392263
1.36417397034306 0.24640399388061
-0.183732362985658 0.727238766137056
1.06739602138557 0.140673278486138
0.909896488543386 -0.54797075879419
-0.579462129995498 -0.079754896308626
-0.339101907287365 0.356867792068882
-1.20494627875953 0.32414638639739
0.554940657671264 0.309523935625156
1.19955483765753 -0.423924192288502
0.584095295984893 0.719011144979572
0.521683450176507 -0.876482106250443
-0.974410420959733 1.20447317331021
0.900016591461133 0.216292195637322
-0.726532793453558 0.618597255061238
0.108865090314401 1.26346621083581
1.49511229190739 -0.0468417785704263
-0.489590430704908 -0.678073250518501
1.05840136602723 1.28466418470089
-0.843196953261819 1.79731595861845
-0.511485850971426 -1.30513192032593
0.454472016898054 1.13166308525812
-0.70557146850336 -1.37069152066426
0.279070830987377 -0.095331741230394
0.900494563348669 -1.42181881136357
-1.46142577202993 0.539230685405329
0.603004584394367 -1.215086383489
-0.453917802823362 -0.181522569391201
1.12735151755046 -0.125025090732607
-1.10877520591219 -0.0103442147898415
0.234368987282697 0.27606945422111
-0.976755316163281 1.78346188488833
1.03895128958381 -0.0186878639158941
2.28529914783196 1.32529188998453
1.08949711674927 -0.21130880160213
1.52505895542831 1.17257234893127
-0.254058063109822 -0.887740307366209
-0.357711588942976 -0.172172995929342
-0.357419278329148 -0.0926534148074785
0.339569225962006 0.952923715317149
-0.573157491902112 0.373593250398913
0.0336849204465615 0.885248956066913
0.57521184836667 1.00596894490619
0.566851225445198 1.49622731069229
0.833702641853623 -0.861107117506
0.63504850857431 1.10886132752
-0.725824308943082 -0.280684823335594
-0.257630640800562 0.996270470442353
-1.62419866284052 1.13941885221612
1.49741468486645 0.60452726115764
1.31561260189609 -1.55196774621936
-0.195441389372337 -2.12648726472758
0.291354061215339 -0.0340558633244529
0.799473317727172 -2.28006275248742
1.30166005534036 0.301782783612859
-0.133504249098193 0.288826837181511
-1.06922233202281 -0.0408770524030875
0.908227433693381 -0.325549346337408
0.775487933850167 -3.4602986235018
-0.767469639056378 -0.885279327071371
-1.96721660758511 -0.162606819511831
-0.553087403581914 -0.497033025576099
0.483370273661664 1.08798327608567
-0.986193763519942 0.61220345128136
0.976064972606737 0.302402386638517
0.310603995321585 -0.669322134148625
0.0218557164603992 0.150961658749279
-0.847194519310385 0.0778645581257599
-1.26677274891705 -0.686920823476764
-0.22618398615139 0.0019428132109639
0.920846970084748 1.53687359672487
-1.29661933284607 0.452979648945906
-1.08738329026353 -0.420930061035576
-0.441870963283262 -0.28540118068072
-2.34765157663447 0.542784857242957
-0.712836091717092 0.0342289896750618
-0.178676833059095 0.481023236640994
0.448982888442748 -0.271269904052687
-1.09680511893804 1.20011865449012
0.000558053392520727 -1.25444066768599
0.887546492930753 1.69713217313677
-0.268451569105998 -0.728985943651212
-0.744558076444447 -1.17138131696554
-0.720549529165034 -0.310620930852013
1.35731094715153 -0.0570790248149655
1.23000407137765 -0.923195065102335
0.9444297202201 -0.45998545254064
-0.765848708636816 -0.376779087453639
-0.851649088266698 0.0769477672107827
-0.623240076880816 -0.228661415704231
1.2089755793501 -0.00160191520381053
0.103424389702396 0.396174351759297
0.149677090389167 0.291261124347131
-0.311359452709638 1.19273666012274
1.09594696365132 -0.911226978276442
-2.01592882353522 -0.382629916165534
-1.15257790211925 -0.407120136217519
0.0997576291609867 -0.638941238331324
-0.0710361579856464 -0.402805157920095
-0.735246352115358 0.06214109846549
-0.373985079707984 0.975343709495593
-0.340272498990979 1.07500800420836
0.655863767228274 -1.63617786647465
2.02614957311546 1.18476919870448
1.51807947104003 0.332449067561738
-0.944196554910679 -0.00486060304743358
-0.424689679246679 -0.970166560805661
0.778380484881276 -0.00921936284986657
-0.0690983918303465 -0.689398521834457
-0.277539055068832 -1.02609087041925
-1.86251635396537 -2.41995731245214
0.704050394022251 0.669940972517642
-1.81834652786179 -0.206182024340525
-1.57563846454081 -0.699015975532596
-0.174853379365009 -0.606716817398852
0.97720932210177 -1.56741916446199
-1.12824582940645 1.01230822593786
-0.716419098732227 0.531780462520353
0.00367090042432627 0.628958621076876
-0.611871088933765 -2.12174080911071
1.71982699899175 -0.313741966175783
1.87702006354637 -0.474068787974457
1.29659986718498 -0.75331088721023
-1.56120092954854 -2.09344184552201
0.541375862631764 -0.337629357889747
0.762735920575104 -1.99277662722036
-1.25918733872997 1.15637906973335
1.42865857571012 -0.875586774373824
-0.00615652508608659 -0.0568716419094411
-1.44527948841499 -1.42322944097079
-0.221824495846398 -0.913152224037168
1.37943560173421 -0.484298519760377
-0.462996131652348 -1.45439383143122
-0.0293968893592086 -1.5267851185312
1.29094079118908 -0.710167537024879
-1.77936399824953 -0.131811811475419
-1.21337453522805 -0.488606377387094
-0.101948295765944 0.719733089824879
1.10521377665871 0.298413791047457
0.747300663158946 0.992710167020854
-2.46888060356141 0.855578996519513
-0.698566975938398 -1.71233756686893
0.16402711677682 0.624493980391162
1.10089553613548 -2.48572159327181
0.186002437500392 1.1318345572692
-0.396030982768352 -1.34048340536483
-0.87557953719565 -0.565313387940561
0.459346984616083 1.08424465616376
-0.268012744293348 -0.616750189801098
-1.10811331065746 0.77410150619604
0.608152460169976 1.09464219446245
0.781226281846799 0.491339196204164
-0.447347339009064 1.71404088358813
0.0726133250284801 1.15762656936274
-0.700514444802498 0.906507675258377
-0.37127191436743 -0.584221247352071
-0.418375537883729 -0.382411642284491
-0.535175011064441 -1.59481380380073
0.249714195237614 0.911418175309689
1.36730850106087 -0.0828892864189917
0.72036119308154 -0.356016999829204
-2.17650361027629 -0.662456105165348
-0.474253302591616 0.853168352663277
-1.30525047109543 -1.00943348364739
0.203293768178298 -0.0432551548218222
1.06800343039819 -0.88611808884498
-0.49664370175539 -0.0219579183250122
1.11247863973479 2.02900589855101
1.12619666898444 0.435954110354783
-1.48068203141073 1.5971687725908
-2.05094049799473 -0.770115956840608
0.95783640516998 -0.147118237812808
-0.574103387309157 0.687061936298337
0.251669994453926 -0.197498078022689
-1.74922552963316 -0.15024820770436
0.773493250476436 -0.190543091572823
-0.00884441269382641 0.316222736225212
-1.25812465800577 1.49827441632834
-0.384355907117326 -0.158873902058879
0.580256023259001 1.53062658870435
2.21428822358226 -2.15537741197002
0.949124280841147 -1.03090504274667
-0.114245732709777 1.41416936582025
-0.618982767448004 -0.440905462737493
-0.84464178527607 -1.04123286706719
-0.531341165608586 0.402191088511215
0.143819348919601 0.215936236172395
0.733948221406657 1.25875775645048
0.488327660465308 0.215649933191659
-0.014906624494388 -1.72202007638541
0.99381588233154 -1.07828011010386
-0.100676765111414 -0.766275284881676
-0.38745641985354 -2.27075119473536
-1.17521263525772 0.403146418767485
1.11153386473859 -1.42311405734283
0.297088465418264 -0.557982776219235
1.88225745224947 0.824414998003113
1.08330881097255 -0.17819381541069
-2.07262489542661 0.12179696285547
0.242009665833854 -2.06307377914983
1.19155228196662 1.10177005475143
0.53020642496002 -1.61681440534969
-0.546333721286294 0.749000034008886
-0.265397711009265 -0.267597044278269
1.16455588418838 -0.591468780960649
-0.491460351386101 1.3880053688232
0.426642959723949 -0.448780733858041
0.462409194623418 0.231790131496308
0.787098948306355 1.37743194433519
-0.588376182747131 0.535171410996456
0.261196928930752 -1.96768033671845
-0.925071614810165 1.29939540621136
-0.182869679303836 0.0499949961308551
-0.488346386701065 0.567003501497431
-0.274878951452346 0.960658528622259
-0.634345971347635 1.75044835710161
-0.814626634863412 0.687033549871634
-0.254384613670613 -0.407899229906397
-0.670544941088285 1.2493015443105
-0.345188864514046 -0.939759483612959
-0.73179300488389 0.364494587247468
0.227990489106086 -1.10914022411892
1.18645196208365 -0.138800632836064
-0.937486857350062 0.123501533387817
-1.79958636799471 -2.19855985679552
1.00958372626016 0.314057786198714
-0.316340752705688 0.900354504156336
0.25962100343807 0.613859923716487
-0.72006391409613 0.658368976826412
-0.110107913252525 1.42107837697298
1.67363038585058 0.430633153209028
-1.12965743661747 -0.00890773839676628
-0.220113776866924 -0.562766526317664
-0.469145331120893 -1.10286874706653
0.445971069156145 -0.222970095441114
0.0793857175162143 0.0278780866341462
-0.459468687115104 -0.0229098539362769
-1.13972686957932 1.9923320260435
0.00301254332938067 0.443571045176949
0.596067696983894 -0.48165103780619
0.45098818649834 -0.615009028893979
-0.0302712338781492 -0.136901042935452
0.220846263025705 1.62953742481186
0.586512305175626 0.282488502094606
-0.681386779910171 -2.03674131850602
0.893082551580734 -0.321183796569533
0.219169675892386 -1.94134552541642
0.187544505823322 -0.351783492273578
-0.553998549907639 0.556481144539205
-1.32817226620434 -1.26229287677931
-0.715338598516701 1.01510847070889
-0.827210762437009 0.668668202414063
-1.62420879267669 -0.567407512235637
0.0484410756856074 -1.7451066880719
0.247453875352372 -0.849524092721452
0.703924767521536 0.307197353103741
-0.0795265822661417 0.957847191528204
0.0555123365300463 2.05341553894694
0.069575864027872 -0.594868402039245
-0.63566078548245 -0.421021397193446
1.71979207157264 -1.12818758686918
0.830426565158568 -0.0652989517241409
-0.59283962397091 -0.142502960784549
0.0591929057451139 -0.820653636888206
-0.150551473508608 0.651346572326425
-2.05925040706829 -0.0453544060280266
-1.17896303215775 0.775815386230238
1.46302924223551 1.53877778979394
-0.769067672899418 -1.23196387145307
-0.533599293666233 0.64548646907667
0.12004786482865 0.797360979773702
1.19960798580048 -1.58897203134863
-2.24886719515606 1.02288863946378
-0.475517006176642 0.549567167518474
0.54438892846203 0.371157481660476
-0.00545036460891768 2.15830387170086
0.752376958005951 0.133612931894073
0.854412922172512 -0.454911611093687
0.561439631819949 -1.51660616177426
-0.547135139569756 -0.579448237610331
0.804401106754678 0.396701087807743
-0.649921023717469 -1.08010397913095
0.0517963933000555 -0.00696812208281494
-0.0327678426153282 0.151621794950023
1.05098233478453 0.210993571964936
-0.489695359289185 1.28945832749933
-0.0900549725661287 -0.679019552721482
-1.31312758756195 -0.276215549537674
-1.59085113699613 0.489233329788898
-0.980923528653246 -0.287080518892854
-0.342097767888725 2.02145985152363
-0.707998211686428 0.637862515708592
-1.87288614135501 0.350319601372011
0.690295535309202 -0.0247572855021845
-1.39584263156343 -0.341460675591174
1.34497330301638 -2.0704011007783
0.219516941626416 -0.557550668306183
0.741870960893819 1.96422450593484
-0.410580599765379 -0.844265697398604
-1.08053973403451 0.442326728842588
0.746620521469149 1.50580725911087
0.154664514953516 2.30628757265139
-0.0540114126774796 -2.15470881000272
-1.30852950150528 0.529389863694536
-2.00214593132091 1.6746457377565
-0.118285975165742 0.191072673714568
-1.21921303662718 -0.278747441904613
-0.962224361829236 -0.240253683788574
1.86395579797461 -0.648342173965909
1.05207503464125 1.31643416523987
-0.581967709737468 -0.685881141432007
-0.675363366156074 0.943556711169019
-1.33360404994134 1.24714384096233
-1.56964564183459 -0.842007750235258
0.284066611487762 -0.881231847147353
-1.08360454791139 -0.694354659892317
0.998643172397825 0.118922459125297
-0.111981924140816 -1.77758274494427
-1.83891748423817 -2.12623471706144
-0.609814704180246 0.278366606030259
2.47510899377593 -0.0905727230049218
0.40860168562588 1.54773214652215
0.994193854748382 0.834676782510506
1.28032029936825 0.676203484612915
-0.831160186321848 -1.29181936136333
-1.09695793146622 -0.132330386137327
0.695766566786066 0.680365635487847
0.303564809991984 0.814812529796619
-0.0274392598671109 -1.58250534472411
0.906862336046389 -0.359297117957784
-0.202246879101565 -0.85998532207156
0.397035492029334 -0.719183176937538
2.22115664061041 0.700323623518776
0.805554858510346 -0.538761375918582
0.331246787585679 -2.01089172219272
1.36857316081068 0.323351353152972
0.233947351023939 -0.0557326626164091
-0.243060555891972 0.788537149836372
0.0510850037051769 -0.558003560602175
-1.4838302668746 0.0647673213702024
0.222432572663774 -2.19035278171628
-1.51533644824936 -0.926005813387469
-1.29980942277339 -0.680436244111885
-1.61957500672139 -1.27711841301864
-0.172490793540109 -1.90578967486375
-0.408572620325947 -0.78286582384672
-0.557673531046644 0.775445856183635
0.0729507565840573 0.886208125394114
-2.1546320996532 -0.472059058100807
2.01232784433889 -0.550972240637424
-0.300889253904694 0.598752285157479
1.30364844373648 0.0272288935116426
-0.32727437015004 2.1936703029293
0.059272883360164 -0.683644767912567
0.0910360440040537 -0.0864824103286062
0.119700890269015 -1.3710439485353
-0.456274863395513 -0.822142929672769
-0.837983536366842 0.0348055158640408
0.970533379845004 2.06518815694991
-0.326954326878828 -0.681593193901102
-1.45281101721225 0.481027475328199
-0.927245382231465 1.86992089748377
0.711357194476293 0.311473247857337
0.20115616267033 -0.755387517772289
-0.00988667063737073 -0.0189342624689006
0.165401725549958 -0.175352694612589
0.618877910299211 0.0197295682391343
0.242092663014619 0.123416341128858
1.52813771700907 -0.520359668479568
-0.259779078565112 0.804711407558663
-0.149773905697432 -0.235613993210428
-1.20689413840811 -2.12535862058453
1.10828745832508 -1.36100449154643
1.04358159370747 -0.412448241261738
-1.40447714818311 0.334379994630917
1.69836827845092 1.00727204194527
-2.35234009019955 1.24519426147146
-0.669491247893195 0.176516080101309
-0.561351506457814 0.198577492913739
1.99209938176161 1.47136696296068
-0.543058997675953 1.32300723506581
0.456761427127098 1.22780105896877
0.122369541211204 0.305528981827446
0.625227858375874 0.320300279263804
-0.564366992648288 1.34210753526802
-0.630652704901089 -0.901216947630109
1.12890613405876 -1.16856445178639
-0.20004497981748 0.961182166112583
1.38451672266414 -0.967792842980514
-0.416378586634096 0.103470170245199
-1.55294097442322 0.854061644075184
-0.643358867206823 -0.544369368244491
0.0450393515491064 0.358767573659897
-1.23243998692888 -1.0025743741696
-1.27494783206657 0.862301331105225
-0.230775810062182 0.750612067241414
-1.40835301715361 1.31480767378234
0.896098199038763 0.234641384996771
-0.647181922467685 -0.795546509672703
-1.11826032708688 0.417284484443249
1.19923657517815 1.9254836779539
-0.571482748949017 0.37680792708755
-0.252600390961721 -0.203227905105952
-0.373615197134275 -0.382674325425164
-0.319425864740485 -0.135774544061429
1.07415397171882 1.03972471841712
-0.399649325520184 1.25717684523661
-0.990458395660435 1.34533394472652
1.20752232226321 0.139939567423253
-0.10275940945763 1.14193992059942
-1.1422357824322 -0.362959477731677
0.759184326013876 0.926248387464268
-0.573072305711522 -1.54980125384369
0.702834793703279 0.572677415351329
2.5842608237872 0.817342503769653
0.577657359827257 -0.0573361037862937
-0.317913693887782 0.0357751893407411
-0.381571701191529 -1.62570655591669
0.905053849944009 0.357136006680369
-0.221815119215368 -0.514907480222207
0.523482242966644 -0.492890292535193
-0.298785586061861 0.693967774953879
0.847303512510557 -1.36661053209183
-0.203428315303406 0.0564964208362371
-1.34290942877372 0.917674334018043
0.164699928139487 -0.0277646070133131
0.027147416159567 -0.843346273639358
-0.426023041907414 -0.709961152354675
-1.73726527086882 -0.367491613476882
-0.210523468657181 -0.189321059399718
-1.32463694859749 -0.922454287653744
1.38687745875189 -0.00119169612606676
0.607556429940253 -1.75153727120502
1.46341777200316 -0.584805339075026
1.00946297400281 1.59064823258309
0.0220312419295095 -0.561419839278452
-1.29908378560686 0.244858397742613
1.78206906224077 0.468432019254531
-0.16346671496391 -0.822022375401638
0.682881676515573 -0.668955136804576
-2.26022397724113 -1.84368015931107
-0.415662621836259 -1.00583159614281
-0.240339462443173 -0.26838744962159
-0.0141301665959891 1.31556389377973
-1.07319390795584 -1.058900469136
1.8728786557897 1.04856819828204
0.825286076920587 0.687113810273325
0.0823852074669651 -0.0360993723413896
0.217448663742703 -0.0586309147252319
-0.135704390960315 -0.302431679849309
-0.0997299860872845 1.52132860651762
-1.11236096506686 -0.58391994796165
-0.378044185646448 0.00749398206432811
-0.919737939225963 -0.853619170111208
0.494808947638107 0.372559157620755
-0.296795057107305 -0.893987862522303
1.4212112099658 -0.720243513167592
2.04299710484764 -0.594284357438478
0.464435644480009 1.22417202342716
0.678891286815069 -1.38792855209767
1.8579099568119 -1.04736861809035
-0.733318077101826 0.431825897994128
1.50265834646752 0.166597524466986
-0.937324677675191 -0.644896035826704
0.867763401534976 -1.33859486250087
1.659409720552 0.809806680959912
-2.45366358560654 -1.14399534491444
1.58498572055607 0.286923150126086
-0.941041380914125 0.97186245956053
-0.0830857328144796 1.35538485623364
-1.71210715569492 0.228081247295896
0.0868367800174418 -0.296477931611578
-0.400370891986649 -0.945545158305947
-0.456429933439387 0.377726189160834
0.867983405231675 1.20901980545574
-0.274366108068466 1.95843055151877
-1.46065912828102 -1.37267213665787
1.04065182372116 0.676380986060849
0.39568508988534 0.339380085872383
0.953572118454128 -0.160037413761529
-0.00349254658955464 -1.15649855552961
-1.62336418617286 1.17254618930413
-0.419676094186551 0.383156900561477
2.11673759859649 1.79719064664976
-0.684329483036513 -0.532314460638685
0.414629542247036 1.27109131070297
0.279689428213759 1.06438775332977
2.26761667362898 -0.104144877491179
1.15040338303066 0.600843399802939
2.36350520972852 0.13499761295046
0.665103929229796 0.422242318986098
-0.790886123362393 -1.66192506911547
-0.00881271630350278 -1.2151874348164
0.282539673383052 -0.27969776253649
2.1505585220311 -0.0266378926087327
-0.610228214364747 -0.426552107545013
0.0106486051461668 -1.43228562225788
-0.151856935751036 0.687575549205147
-0.223092793199713 -0.372955380236754
2.33590205012966 -0.0281874558165608
1.28545544578928 0.582577191342262
0.156813295054468 -0.697104772960921
-0.613704325539213 -0.0402880976560216
0.125109219744106 0.0386959682249674
-1.51616701871002 -0.40728097288668
0.682359327530984 -1.09157725456636
-0.58141961914733 -0.0754937284678374
0.831388649204226 -0.0684673561407774
1.05664557520488 1.0547849299345
-0.343199518459546 -0.0458448800602766
-1.03546843617781 -0.675052907330251
-1.03877765280393 0.215367856525535
-1.1689291343469 0.999958712919246
0.124126712303408 0.729477791715999
-0.895459043294096 -0.621407751861994
-0.623063064874325 1.26547123615311
-1.99159342079493 1.25122176541296
-2.68602042229616 -0.47212575696029
3.53661366725108 0.969235260073913
-1.20922147144316 -0.498262815042089
-0.586808586245219 1.68716770723959
0.172266610910825 0.0755222239983688
-0.442689876518099 0.000793592823818634
-0.089805269448705 0.125757022256121
0.84656167201086 -0.731962602944533
-2.07003245832614 0.703497327053527
0.652175773689566 1.14158932916514
-1.58945516623312 0.169583853228961
-1.91392862948821 0.813201892326212
0.349691218417065 0.247517913314285
0.733909836121324 -1.35421654951817
0.488556376569087 0.472955010281489
0.509392428030991 0.112707646577688
-0.163777767067174 -1.0157464957709
0.366237171855469 -0.433570049254971
-0.680580587324057 -0.924935614502957
-0.892242609641773 0.437878968865814
0.471500688081589 -0.719686089990047
-0.0211540757266476 -0.0736623442238739
2.26262903861649 0.136665294214161
0.341873064921454 0.360510238169408
-0.21539570457929 -0.239717573844432
-0.44245339607366 -0.0764664062019854
1.2986728769311 -2.44709041081854
-0.0826760241285869 -0.203188993959514
0.484852381044658 0.701161592906967
1.34374445335025 1.06513102063057
0.707683117759567 2.1385876537511
-1.65444326612291 0.316366380348207
1.92989835252117 1.34957784546458
-1.27737008906512 2.61703844060363
0.925320396268586 -0.197469074903384
0.546888933743866 -0.482036675371121
-0.294009442080873 2.08246296071947
-0.704823126323171 0.109472588111081
-1.52522063076152 0.168950409477961
0.232958204691724 -1.78867461993542
1.12982384054019 0.0847348399331302
-0.31501051123577 -1.64952448059664
-0.231210967812443 -0.618473279824791
0.681088875910423 0.32327194116149
-0.645932373096445 1.67709563880621
0.843426919321777 1.90180035267584
-0.104297001846217 -1.96271225745423
2.21419808400915 -0.734855662507616
0.663366799446213 0.216001650525512
-0.964122747457118 0.0869784345535466
0.399291003772088 2.19040368473151
1.75348710507233 2.57813318366115
0.896462346949747 -1.64190572946103
-0.219337934345213 0.713953079673617
-0.464411290619445 -0.68779822149031
-0.0884542342139489 -0.55475958764072
-0.924932522138416 0.0264699159088599
-2.20131436343129 0.740014676162203
1.72736745274991 -0.145440501739027
-0.0375951753922615 -0.522245385604228
-0.620880653132823 -0.879082886476249
0.10449527811487 0.451834191350155
-2.13750609941063 -0.359809133984641
-0.227338152938541 1.74164705986256
0.288259383681912 -0.560898072744475
-0.182061021497034 -0.550273047774309
-0.183621622394935 -0.876563146923253
-0.0735745438293922 0.443645048756785
-0.704716104346764 -0.257918938303318
-0.502133029241557 -0.318918468854399
-0.240266724933775 -1.33764230783099
-0.532215837558993 -0.529428797912014
-1.32019235939341 0.325891997969826
0.0469603576560418 -0.23149718045747
0.443187698310317 1.08087540971877
0.367927005463221 -1.23366253315181
-1.53113564768518 -0.284715105307152
-0.599828014200694 -1.56268808465032
-1.43954076145631 0.0976820803083991
0.840886493569785 -0.8620380975279
-0.763097463838543 2.01644397049948
-0.254999010247648 1.33314452571587
0.983109283351254 0.0303657877562587
-0.0469872933126676 -1.22104105519505
-0.259093565816605 -1.9771932192396
0.258042220898041 0.500982895740529
1.3976928049424 0.213877790440387
-0.905411862029137 -0.881441719227059
0.469912584786946 -0.498796038236701
-0.852874339251404 0.582056017229998
-0.664917617497139 -0.481848441462964
0.502109704231526 -0.68629648729644
1.30678632563322 -0.763441109796357
-0.645431574195521 0.409691132458434
-0.300431376582282 -1.01593304026508
1.23377913853055 -0.329388362810082
-0.835140644462636 0.864720788779425
0.216615911093025 0.155647440392433
-0.650885566129255 0.695824527662996
-1.36077063792415 1.60130715789304
-0.381302454000735 0.653261437172912
0.221117370493246 0.204785684022591
0.0529721374446842 -0.835944520447946
2.67463405874312 -1.25905223209615
-0.914842299673864 0.800076881446885
-1.58224302930536 0.117662539917183
-0.586425343367274 0.168546535333368
0.393994749938077 -0.336325401053443
1.07266564677194 -0.1511636434514
-1.69775246456308 1.0445470706863
-1.04449129561433 1.03651079524988
-0.77733726519627 -0.657736155537197
-0.094614234777578 0.245314380532693
0.0138358834802408 2.05513930706054
-0.975443947833155 1.08056820524494
1.35984219344334 -0.628471345765037
0.763933363146389 0.0453940128065211
0.583746463475038 -0.54970181406563
-0.213155325328193 -0.0685510473432176
-0.777167765875561 1.24777859449957
0.136167692555989 -1.08225322806044
-0.128222616780834 1.35383005529229
0.647574306336577 1.33757256996858
0.208339553601285 0.899240252618001
-1.10320925556451 2.1490839712164
-0.962521878908167 1.25199755804646
0.04448769264771 1.67634096079729
-0.134865503665793 -0.216454838416982
-0.502455371129695 -0.10102250246871
1.35228744682564 0.288948194509212
0.554517725152281 0.0800575946870732
-0.314816310679684 0.360477081932173
-0.545662117648927 -1.2540089119077
1.31406937199526 -0.804728429086732
1.91154946137909 3.06926424430065
0.511159055723908 -0.705713744454693
-2.98702412520126 1.67259453466262
