1.04119109276002 -1.26390015029736
0.368406240100868 -0.0859913311880204
1.36466113015498 0.24437483106658
2.70097678376567 0.586269834201154
-1.02292969528633 0.912815851820679
0.18058160452323 0.978798720333731
0.0523042695453335 -0.718443139061104
1.10752758584673 1.1282705275716
0.181175304930726 -1.00479942133316
0.00348289403545596 -0.382596146824027
1.5228594428634 -1.18172505413329
-0.996500995017624 -0.316444959252833
-0.522558741846109 -0.371695448044011
-1.03796513543668 -0.967152877237419
0.700005948660011 0.742583209065591
0.772145012585823 1.44761882308312
0.559712206051298 1.32474104241176
0.589304163181004 2.11689633772336
-1.16929755056977 0.0895883407367208
2.42323356741967 -1.62100671843627
0.342926369306699 -0.151843172821792
0.180397386636673 0.307368741511161
0.423898444961359 -0.792150389737668
-0.434039237560271 1.58700825244342
1.73940347333893 0.134295680052274
1.60931823639859 -0.0838757666772689
-0.418554886944571 -0.13729980170403
-0.0336067515945366 1.13885865493632
0.0919069870847098 -1.09129637872
-0.317169564942305 -0.389000486804798
0.755654736319509 0.295258442885555
-1.85837224923306 0.408080754168032
-1.06124938006827 -0.974115794269509
1.04496283723276 0.350471035964169
0.266300784640166 -0.025693480496717
0.417149323100326 -0.0677878976365668
0.00915080334007941 -0.398346529133375
-0.580113005333809 -0.133345372633966
2.13653209558491 0.85214736422041
1.12704564635287 0.19747424826057
-1.08238577922227 -0.0877483456818295
0.848574930722126 -0.567074590713053
0.268218435205773 0.65969222406632
1.84784005488846 -0.404151631392014
-0.0766408489626174 -0.867181260164175
1.14833603227662 1.70854451414191
1.21952595024724 1.4676500962648
0.00104726326145613 0.0544278617436519
1.39601409770805 -1.23505195180417
0.386953177491672 -0.81918121624481
-0.508698781314799 0.552228042972794
0.884795333280941 -1.00562858487473
-0.325948900305297 0.739962541254985
0.273496614577845 0.552171959381738
-0.407754216369609 0.743680488383237
0.317741286330222 0.705198655067364
-0.8252023299392 -0.422975343825094
-1.2279987842441 0.868846172620044
1.11370551434453 1.00772139752131
-1.7531022045431 -1.13551345389825
-0.196912681045125 0.197230096820134
0.806726732127426 1.50237991824486
0.196431810826385 1.47836279751408
-0.115968571009145 -0.982003119136392
-0.179194647297395 -0.0321345905428611
1.10572491057298 1.16043761128826
-1.25791421152829 0.198213503737677
-0.332815266379924 1.89236523188298
1.59986629823633 0.72494418395198
-0.756355851163003 1.1140019419542
2.0851618601532 1.71984248795998
0.273753078203157 -0.221333759213677
0.107048091961725 1.77029983075699
-1.99005229047988 0.7586889864396
-0.519930610500254 0.882990265508151
-2.11917518945826 -1.06169207054647
-1.78856466444765 0.879238487403049
1.10126418240116 -0.927917392322215
-0.75029293492866 -0.40487681165638
-0.228763575625832 -1.10505538032819
-0.185934015926503 0.76109521508581
1.46956690900725 0.58486979312485
2.25210393047317 -1.10642031411996
0.171959264504607 -0.942035367979206
1.59213988051258 0.963042218766866
-0.417814581146571 -0.310430450377084
1.13102217650677 -0.877166260736697
-3.05098244140795 -1.14570710616171
0.121154648195707 0.072185079682674
0.360012376267232 -0.577817089751637
-0.497904638323717 -2.42841100499002
1.59355394034408 1.25526081151088
0.477647563519056 -0.318385463453726
-0.66415501564481 0.956894787682303
0.036178126187838 -0.698104265488663
-1.19847840279425 0.675464184313069
0.854837009115993 0.34077320708824
-1.23519067156432 -1.58989846562214
0.404947279972936 -0.164612065191908
-1.20892312548877 0.871495121723449
-0.865200416363141 -0.750390261976943
0.794503756941076 -0.856857529632241
-1.62322009889681 0.647881013059371
-0.801742625495858 2.34424309390095
-0.278392788504745 -1.31681482389837
-0.845426404659127 0.401848677917698
0.72461698274671 -0.318166723458903
-1.39016801533289 -0.00170208134773456
-1.17264265705077 1.08070734108053
-0.854980011083991 0.041508585776719
1.55370027022968 1.4665396199394
0.193887065223843 0.44468834740187
1.49185559792691 1.12331777577518
-0.453065146431804 0.328117906846842
-1.50912001755001 1.10600544855477
-0.623248600161921 -1.5568221027386
0.0108833586235954 0.896839402803695
1.49480274006056 -1.62585812143336
1.01747472829737 0.0146177367675
0.560572447472302 -0.810398810389386
-0.154162326094556 -0.612722299114872
-0.699553300875902 -0.52810089260408
-0.383338865860033 -1.57501897302973
-0.519702940219615 0.50594092890533
1.44053960486253 1.05013784217463
-0.186362197130163 -1.49012877933828
-0.622847320475056 0.989442010819194
-0.884296261762031 0.507265835823798
-0.134284580235585 -0.107225574931858
1.92808612854903 -0.271784395247205
-0.145168155671372 -0.62727669915334
-0.0380406773382902 -0.118486555121765
-1.31942715607688 -0.612043297593976
0.864491408972676 0.735327881257958
-0.336201754845114 -0.342168058236606
-0.376150333831884 -0.292662410071606
-0.839866156886826 0.122132861758674
0.0760169872421112 0.578474661338238
0.749499713090764 1.21605623497457
0.525377425898356 -0.578391234894898
0.148845478838475 -0.384979641817111
0.289818527773848 -1.15386185992181
-1.12487425621081 -0.230547910312228
-0.803166866661807 -0.0549328142296376
-0.644929137890897 -0.152462050429403
1.40606132631108 0.607893916785126
-1.24177596973583 1.37459540479944
-0.374806850890027 0.0845385261285558
0.126552471884341 0.886822307965764
1.03459211500507 -0.802081820487846
0.462526161024117 1.18748574105492
-0.260158222676377 0.0376698779312382
0.523430361657027 -1.98558999065481
1.35118874202775 0.717721184159749
2.56230939958927 -0.304238832948697
0.944790270949029 0.541106071961748
0.746828838406017 -0.856598122226212
0.784411294401906 -0.121144190038866
-0.840745210374531 -1.85868764376629
1.03869254914568 0.970614336791766
-0.84853360287204 -2.14857592859412
0.163906774340028 1.46286282994461
-0.121304276644362 -1.35820934313348
2.77859792376316 -0.870239980998991
0.122465510229205 -0.342084912207545
1.22922461000171 -0.61752619322056
-1.04364845486711 1.07721209521013
-1.27702855269962 -1.76077077118405
-1.06239358986209 0.0525520971123306
-0.493035216285529 0.0416716429675413
-0.935925269276447 -0.0828000642534764
-0.453939651231351 0.39628183005127
1.14280392473028 -0.710261950852168
-0.247580591194855 -0.538079782858506
-0.679533493185123 1.95381294548487
-0.159250536776776 -0.589341677401183
1.11554472062211 0.810307166679494
0.930163008796044 2.5647601291192
-0.222466351035153 -0.116284801828883
-0.084533535216663 -0.639653940123636
0.0775613437506015 -1.12414005625709
-1.70653518427905 -0.483900226589975
0.778900133407914 1.17682450423105
-0.26953402562114 1.27133969687458
0.76955505224626 0.266532212093551
-1.02265158969894 -1.15729616539787
-0.9975141998685 0.587800599411752
0.34527187688547 -0.224169980866484
-1.19923679165909 -1.17241588003757
-0.0412582936794454 -0.307871992881454
-0.283379366261601 -0.027822891142649
1.3553219730782 1.39962399443352
-0.187517422839964 -0.973478346607004
-0.0483340473786534 1.01550586634569
-0.364309810581799 0.564637380685309
-2.2853754147263 -0.243908026001932
1.03258300048295 0.52025398865383
0.354558837811133 -1.12518826074077
1.84756562807736 -0.675998597239741
-0.356037282750287 -0.71590867292691
-0.303913557765407 -0.797088499824988
0.419792806459881 -0.397496335222219
-0.392120457023355 1.44829858866164
-0.82044238905955 -0.453190950528353
0.127081740077821 -1.17146281386526
-0.424323596460963 0.393976254175918
1.13429800762557 0.877175642704165
-0.0657209306440146 0.47523369487283
-0.338028437197761 -0.0346837238187301
-0.657243051987302 0.954267162084744
1.27582505300012 0.327898841849797
0.168624700373865 0.733595582990971
0.730171557493939 -2.04926622961911
1.14494632072157 -0.918633780838501
1.34418019615252 0.0906960255080994
-0.784560216082354 -0.939955265100914
0.0772341142986339 -0.712076364617824
-0.0526701189497686 0.730150506119461
0.30209645564178 0.977968982601007
-0.654237524181297 0.387769786600272
0.0707517551804107 1.66067227464811
-0.234942543954476 0.597194083224119
-0.724044984842681 -0.844759233621014
0.763461506690241 1.36378861413264
-0.088455356202759 -1.94023368451878
1.20659081047868 -1.16079994049148
-0.689530381806924 0.553553064002623
-1.01357185128413 0.574613994112959
-0.994152143755566 -0.541592687268612
1.39557343167229 -0.200596927970055
1.24021028138581 -0.781804028838252
1.71066959797814 2.15086237768823
-0.866156282327666 -0.517798212002364
-0.00166405736907113 -1.11888296131031
0.677227910342397 0.0626068385367744
-0.190679503683649 -0.372045287926505
-0.201070184273082 -1.12124424868239
1.02314222241351 -1.08972936484277
-1.82545103700975 0.537796728824639
-1.10199939385732 2.27330292952744
-2.33419279580921 -0.342533615167393
0.138783049479098 0.050785664209062
-0.116274449309409 1.33200164353802
0.986617837626049 -0.285502462444366
1.25280726111401 0.378902707261667
-1.27033354737196 -1.55080402329739
-0.850024556350112 -0.938192338684184
2.2559191217482 -0.947897409097558
-0.390092688797127 2.10209864076095
-1.96351101544986 -0.25766691107393
1.35601466606474 0.478261799480682
1.55135733290944 -1.68890683717238
-0.309212217998297 -2.39205709221496
-0.862177031142268 1.87421830023457
-0.408599364494907 0.923403329179448
-0.0854471767350187 -0.381159350565606
0.643836673239138 1.33541912926783
0.854515685435943 -0.204000281837423
-2.29943010735885 0.335863468255761
0.758155926670788 -0.530436365377932
0.178698138903237 -1.34074714760853
-1.26792284689757 1.47700687499423
0.773868252466373 -0.667768246550116
-0.285920596629977 1.65202737455001
-1.74318823745712 1.25103045012749
-0.057654596520231 0.836589577085466
-0.0239408696911898 -2.04945109144495
0.619964123055446 -0.829800703112431
0.565017018702806 -0.666158261123442
-0.5495682906086 0.127836153255922
0.357851752918585 0.213149817815691
-0.254917160343353 -0.410656908726978
0.205671044287475 -1.08402607205871
0.655258284330614 2.92821221995738
1.18106644844175 -0.135154757330216
-0.107949070603881 -0.227129326749601
-0.323541838201455 -0.204813203344762
-0.167747831374128 -0.3318203446154
-1.08961003633334 -0.0703647778227632
-0.570878000270098 0.819203754862183
0.641328586607082 -1.44697706779812
-0.0391066704507112 -0.918664244807705
-0.172889829502721 -3.28959362859111
-0.968603081178879 0.444357530739237
-0.472484904361345 -0.284907573764486
-0.629477388882444 0.972010789930327
0.460128352327898 0.537422870338227
-0.668783816733076 -0.309214631725597
-1.55370277905592 0.205057147941194
0.675035342346832 0.985451746727858
-0.533666144679471 1.22696754572837
-1.20546955584667 -2.291314527519
-0.964925059335035 -0.106851153850309
0.0430736058331956 -0.471095068061341
1.04930610890642 2.14436609533882
-0.32788661935643 0.299370179479841
-1.42474235875748 0.884619732102382
-2.13271511180049 0.236395912061705
1.51041207653779 0.570435866975378
1.33463732941027 -0.618339269064289
-1.99771326469172 -1.1585032405107
-0.0338300718336272 0.905939638320892
-0.355674807260145 1.31036525462923
-0.0558601964249805 -0.225612109644472
0.227486328111153 1.36589148368627
-0.392942136064268 0.140538300338322
0.540126599301483 -0.243640137479615
-0.472167120412379 -0.905243672269761
-0.266931149287931 1.32053113580021
-1.0842576012835 -0.00909677272175335
0.232723115501601 -1.32871064730574
-0.982735603252031 0.837349911550596
-2.32161003677692 -0.999623245521593
0.338895664306841 -1.14157768922937
0.930306484225076 0.0998997554945197
-1.15845296440121 0.297673160988582
-1.05230610825202 -0.916681241395413
1.03859427387342 -0.901354055058216
1.31681628006366 -0.411932541558964
-1.73927317428566 -0.910832945928777
-0.2075415544217 0.634139651436327
-0.799110281753938 0.765210096828881
1.48951590339462 -1.68335516306933
0.219576161943566 2.06321215240141
-0.890209094939564 -0.0199470220480519
-0.645928095152132 -0.630839196594461
1.50570084746419 -0.179245219909906
0.701192368060719 1.0275501808046
0.16322995540291 -1.05906053056221
0.217633696952537 -0.24621570007993
0.815139713329241 -0.02027492211881
-0.340245776004134 0.447986019023726
0.21209792347209 -1.46009008711711
0.177060666200598 -0.387873089770208
0.601359575379402 -0.612756082094477
-0.0106942984259937 0.384720719560949
-0.523637426357801 0.219677680924671
-0.729810384922582 1.17473517586677
1.29523155782022 0.786246294104364
-0.334591380203239 1.03102367532383
0.481247885047025 -0.401997162277195
0.333091926861013 -0.398979477527926
-1.08413283380782 -1.06045344903921
0.930290363784874 -0.883397640201041
-0.0137492863636977 0.762738903810728
0.0850464073765754 -1.12769852676345
-0.33409494515981 -0.570224561861895
0.469809460569094 0.637020311866859
-0.685636633999793 0.359594840020212
-0.447167336697784 0.151246821410468
1.42630161002815 0.413339935659857
0.0711368667456909 -0.697690061603619
-2.06421559620221 -0.582148309259344
-1.06657671121033 2.10783846579931
-2.13984052792872 -2.33577050286232
-0.933092363793597 1.52467854740585
-1.67651389262655 0.79959610127354
0.232476586329843 1.12656364392176
-1.72950717305958 0.389818866419182
0.289009417387255 -0.573335739658799
0.558639973476232 -0.144614400725634
-0.325527042433211 -0.73117793861639
-0.474972081414561 -0.222287692783085
0.195378638998421 1.04658731232411
0.517845434247353 0.475025261112697
0.354624687413742 0.0513197567685953
-0.950261122264251 0.929519584681303
-0.401833627850336 -0.465692883642897
0.0425425073236356 -0.419697071278883
0.594808116719096 0.676628021099801
1.34831520141266 -0.37781118928439
0.974813035476515 -1.22491318132568
0.953445760239967 2.12599868791839
0.454393740471152 -0.450995190552377
0.153387945606072 0.700143738179446
0.42728993115521 0.194159142536839
-1.18248008780761 -0.737265982204408
1.30030226187097 -0.783083983319176
-1.42345792910757 -1.39097533945054
-1.42497118258217 1.47267058067025
-0.412960960933529 0.692592214243904
-0.31565811614064 0.0682551149015785
1.24663132833147 0.802368444476845
0.0909960374365653 -0.153913528995582
-0.599221332997998 -0.0878188880869082
-1.36765380799007 -0.217955786075015
0.129242828703649 1.88381616326207
1.05332252044866 0.286004480780327
-1.31850944170548 1.36799669157607
1.1522990374116 -0.367158548613821
-0.38921747956112 0.035606112679132
-0.586014776014379 -0.0987938960342154
-1.581993280509 1.55518307492074
-0.510506601250665 0.376665707784867
0.128411219152935 -1.12510412331423
-0.889027758406094 1.49595612307779
0.0128286880427495 -1.18016650314841
-0.35668347410188 -1.00591187502488
0.59858219375237 -0.617149330199404
-0.400939009175085 -0.515083771770638
0.398759929371175 -0.443128019587331
-0.101263468590567 -2.40489329878129
-2.48856271271051 -0.423586847765312
0.494516105668992 -0.334948839117985
1.90242628167559 0.608349636173379
-0.0557898123646781 -0.155100963221581
-0.537887103812233 0.548817166074854
0.907808434606826 -0.670232215830839
-0.0972137389598259 0.0400444952752698
-0.510963479431965 -1.07123729232138
-0.105745185808856 0.498910132061467
0.90052067977701 1.79278090849279
-0.40003216933718 0.448138666787528
-0.515704466822762 0.556123388242371
-1.64016748976514 0.316920131736328
1.51319469132021 0.445956961828464
0.308812130567244 -0.43647082854477
-0.734096572672797 0.813246874257888
0.28170476188991 1.43101283178462
0.370802425603487 0.43288222784879
-1.05718553587483 -1.58745315791158
-0.617272536528612 1.16044323691317
-0.279355415247097 0.317837145618797
-2.84544842297835 0.803840464819919
-0.507729069676943 -1.43144799584062
0.312147793225712 -1.98462439130804
-1.61007453546757 0.995241462054363
0.124819491102019 -0.304944735395048
-0.918705786010426 1.29968182473589
-0.693420459043476 0.752719253035407
-0.613573357957834 0.770536339627751
-0.192576530114805 0.340465628276727
-0.462703851911438 -1.45928637258513
1.58425604379976 -1.07524394627301
-0.920848427822082 -0.37973463062602
-0.510148075898784 1.30277850729127
0.504762618024878 0.0391258864507503
-0.160848775210967 0.559546506525509
1.32700829808122 1.70652785510597
-0.90862766032551 -0.195326043352737
0.848312940644335 2.14738228351971
-0.855392032983219 -1.0557466214599
0.869085432573101 0.417084690458554
0.335497845913919 0.563334446558011
-1.66275931581172 0.383929697931062
2.00474145643066 -0.655193796874252
-0.251089344667639 0.187054916956618
-0.223746215109315 2.30032737066809
-1.42399462324896 1.15148554413121
-0.36329702800001 0.681135412551185
-1.73904164188694 -0.130223393944956
-0.526287277694829 1.21147302889406
1.78831996289521 -0.483077649328437
1.57888027533163 0.571163986913592
-0.630639621446386 0.872162610481744
-0.18471987827907 -0.219022546191764
-0.471452665038919 -0.437060098645779
-0.112919167895195 0.566513610024651
0.373735777773973 0.241780723947751
-0.813425449126734 -0.352440010858658
-2.46427481919184 -0.0101192645166692
-0.0607866855120575 -0.297048362659237
0.409256307372889 -1.47559601426313
0.605217944491151 -2.04444789154112
0.503599941272536 -1.40010745778448
0.585784752713395 -1.05974209210165
-1.34732264602528 1.58791390110897
-0.507109075722603 -1.3326786083767
0.649315661865913 -2.39260647837329
0.157838225219467 -1.68424424878531
-1.49320594802227 0.62231834038715
0.730492828490249 -0.570774207259248
-0.293784174244519 -0.508616720825005
-0.0969253589132501 -0.137492554520288
1.16030207202261 0.321897670544386
-0.534151517918435 1.20192416738001
-2.15547692301126 0.100985538273925
0.0893488346790194 1.03156448488419
0.10923259676825 -0.956897144857788
-2.10850249402966 -0.770971702691587
0.819602385314962 0.457614804248267
0.913004466817664 2.15619058366997
1.60754302743478 1.37925357649696
1.09860781078177 1.18264865459721
1.55181253194811 -0.798121959333198
0.919811545311379 -0.434068160479244
0.357214506845214 1.18958019864311
-0.292325608237875 0.467381564555592
-0.290466542882673 -0.297650657611959
0.0756669069773817 -0.889016525783159
1.30718185802152 -1.53581564481818
-1.13760069515235 -0.370276019785395
0.2816179860218 -1.02078660482598
0.641467115381055 -0.832745886002685
-0.144915388909197 0.347898566188314
-1.15190191240403 1.44933217592043
-0.0789054615831188 -0.997452656115903
-0.266881195394028 -1.16487421424075
-0.679067992773275 0.0376805198831175
-0.337695017883685 -0.79366175647971
0.312578097951797 -1.03721204978134
0.116082520365581 0.81094464747196
-0.736476902327619 -2.3129527066415
-0.43445803306705 -0.336948027930277
0.350006244247525 -0.354422892659592
-0.948963609656507 0.284618138166872
0.521320082179388 1.11075266743927
0.541707361156651 -0.454013385633921
1.51938515820405 0.137978330874226
0.400469218443903 -0.230793039054344
-1.38389227375703 0.624816490906164
0.198483440107893 -0.273469741177855
0.507746507601172 1.61751228738851
0.347171807009932 0.674079381678849
1.4347791934669 -1.89889581989881
-1.93796086872031 0.251231458250318
0.843580942093179 0.325057978196705
0.916222666944987 -0.0334096770701066
-1.18881658572006 0.783736195174606
1.35940344022012 2.41634219669012
1.28838724006394 -1.50285233317242
0.683005747367582 0.358679097747733
0.147834252716777 -0.903646051414253
1.5734792066827 -0.652163454566679
-1.34321106708293 -0.192511148165343
0.513745982203465 -1.51247422498541
0.186323062980414 0.523281961108817
-1.31346230557361 -0.648491312170197
-0.547303582629904 -0.310061256398165
-1.41792358134308 0.766941482483737
0.804835666692854 0.317910273502461
-0.595236142032618 -0.583740396578239
-0.636114821137632 -0.206446793916642
0.0277767824080201 0.287665681056059
-1.7248225977967 -0.0822094603310373
-1.31956768222725 1.67448824910783
-0.700098163208117 -0.911604448357603
-0.689203811389932 1.62096953536778
-0.646786856476321 2.24657041927452
0.448211677363957 -2.14867449819139
0.274106452769438 -0.611205283695437
1.06815029741567 -0.40172138914714
0.219409527376135 0.362084724314733
-0.266470939889019 -0.191218044217116
-0.836298589746229 0.367771534217796
0.0986106722468136 1.8222166813301
-1.13640993644882 -0.175604262942748
-2.00641286773476 -0.389690827542133
-0.218360661780607 -0.469377382132267
0.737179800855144 0.933238652418842
1.5037266721521 1.37149429606148
-1.72632693898303 0.43524598669217
-2.17837039685148 1.90509522193868
1.75022923818153 0.598502413275125
-1.69433979186546 0.049366278228469
1.54706358080538 -0.395200876093263
-0.138223634371529 0.213806750454466
-0.219647405466661 0.71711130934276
-0.805313890104357 1.42181804737637
-0.269822722037792 1.35067207952264
0.044320423106973 0.102255739682402
-0.475780105656082 -2.27302355920779
-0.951144642531225 -0.204512302422474
1.90843999195216 1.81384359064212
0.136775550816506 -0.130379483573014
-0.752219782208274 0.322834455243354
1.26830355178055 -0.399956430348475
1.54548049201583 1.28042808708338
0.498481349652057 0.331477584111017
-0.39499276568675 -1.05489433685121
-0.0675309328239052 -0.245458987237768
-0.445619238853967 -0.730243571661974
0.772786498144211 -1.30760472110667
-0.641826186125019 0.806855570867202
-0.555347149986742 -1.8111679425664
0.215883526588852 0.783353933215562
1.2378252664931 -0.460445472584856
2.34276903556135 0.145178632373872
-1.75066331276533 0.198341875405614
0.259113807095226 1.73619865271018
1.52714776995549 0.341940789409015
0.650879669636457 0.924703558932267
-1.49182101315363 -0.0379511781868986
-0.420982781758056 0.665889012229954
-1.10841704409069 -0.454966054949559
0.309311403160874 0.212295960177892
-1.15231499628639 0.370789066906635
-0.655492774293843 0.822348384242134
0.592570140220805 0.00955606019113875
-1.1932178956055 0.463051670875353
-0.377174189095314 -1.44937480514702
0.0266876536462359 0.0571982465449514
1.53100049383976 -1.08484232727943
0.102857708370131 0.279823171098414
-0.721423405886248 -0.426845105524054
-1.71468887936176 1.35286503395727
-0.253138413141786 -1.79782412590225
-0.491319833307823 2.40463675581669
1.51765227752971 0.237896955822119
-1.25311363099136 0.27844501935425
0.598947738451102 1.8124169896846
-0.237904918460692 1.10786314616139
0.811204805568189 -0.431292868749088
0.602195308267171 -0.0176584117130998
0.0209151097831384 -0.604292066910195
-0.469403862903391 0.729853258607953
-0.917254036810723 -0.641384357923655
1.2471667407169 -0.21992815893191
-1.11031885099624 0.13941588617993
1.96333794211405 -0.339736253604864
0.0410085837187641 -1.27700868652852
-0.346094621238142 -1.09464102200829
0.413609821446159 1.14416668472162
0.9960358108165 -0.828246000858434
0.320780317286966 -1.51072984398314
0.512892967006159 -2.20983373388226
0.0930679420004858 -0.711874136757829
0.444478019431547 1.08136622729713
0.12079075109857 -0.958429297204324
-0.0909191705364578 0.720357758095122
-0.213433065081564 -0.462001268766426
-0.170670392516946 -0.0914225556706144
0.447439813138099 1.59071709693424
0.896323889378101 0.709282103205254
1.44711345309662 -0.124859232876034
0.119059088953925 -0.727406792658173
0.973971245612241 -0.281278611858627
-0.848149141052338 0.210298579077842
-0.455154314321213 -1.78427672822353
1.32876139361448 -1.06460393968181
-2.00771391549028 -0.722456295343603
-0.796536833908237 -0.104145041931895
1.89033118999193 -0.286877132042451
-0.378665172387291 0.152854116039648
-0.833338267964461 -0.545031750772771
0.369628657858125 -1.48551029302027
0.638780682316738 -1.67357669232239
-0.677007608231736 -0.951626067182025
-1.66203871064161 -1.42581842441407
-1.18052519632785 1.24154730423167
0.0986474468865965 -0.814757558413435
1.16228886731884 0.824127680982787
-0.919563944776618 2.1646592114378
0.588386127773574 -0.0544494849240376
0.604548023573159 -2.38274905498169
-1.1474175686357 -2.03024101191431
-1.06864947005667 -0.372538217209516
-0.00954897848410419 0.863680670117546
-0.30806855698451 -0.435797578516941
0.0396115571284635 -0.258779114061068
0.225791632902083 0.965284992835333
2.12231535916617 0.0586448755920478
-0.307685562384645 -0.262427766315386
-1.32351785598299 0.907207570943764
0.96714464115991 1.01524641143136
1.8480028861682 -0.57239765709964
1.60933279721134 -1.46570140572686
-3.33519588189531 -1.6309704527884
0.300698937743827 -1.12441290871396
-0.208348881299758 -1.14869663317204
0.262984823825777 1.07295559244781
-1.39415733011516 0.675964258574911
0.0666345692684552 0.0653359609146161
-2.24227460147064 0.575405887617618
0.940144574975567 -0.432462878046658
0.304839075968191 -1.32681389440771
0.297709304714038 -1.35752911841659
0.267507964810534 -0.542604215859054
0.322143647441075 -0.808457201944492
0.256581042022945 -0.615184295682887
0.746465360524841 0.0740811639661594
-0.687494936882314 -0.237787556672243
-0.710463119849864 1.21807868007476
-0.624311333575875 -0.149838898634868
-0.0791762126192688 -0.366314716502964
-0.577925680846647 0.420720534681448
1.71533925359752 2.01301066774876
-0.81567360420759 -0.855648084611094
-0.493695995615293 0.628390920243942
-1.20150284660534 -0.275931636161576
-1.0602262014075 -0.341487688548137
-0.613461765762972 0.137996751920953
-0.822469144927502 0.364424517708459
0.410075096371967 0.32178222159475
-0.655922084387217 -1.63280034776354
1.58296021802214 1.04392969726449
-0.0879597170973641 -1.49691114206523
-1.88678132846804 -0.666053441255863
0.978905675476688 -0.647834013927689
-0.85863662893369 -0.0898894028118053
-1.39043945340544 -0.416614564654178
-0.0844908089029056 -0.30548717476426
-0.980218646927145 -0.596895853479591
0.735522598757159 0.0122083140852337
-1.11764526159609 -1.49996547310874
0.714271139306542 -0.570009541617144
2.84988722727007 1.1806917970253
0.965095331774395 0.722376636604811
0.711918424340094 -0.0714478400847082
-0.494554218797743 -0.927175477289637
-1.64861433372096 -2.16260058260064
0.511736783063838 -0.125852427565482
-0.223188334806582 0.174860018079355
1.04697562467989 -1.03644117107898
0.987745548750838 1.11068569754432
1.1785490648312 -0.464765618226392
-1.78321260662185 1.25659261374321
0.126728939241772 0.063222675968873
0.115938850081781 1.01615266464237
0.6131645845622 -1.94887908239296
-0.341328797719016 -0.515241177567191
0.518112346979206 -0.13348349095461
-0.529325943297207 -1.75710690237326
-2.48486368053983 1.01089013385934
-0.135880016896989 -0.305002539161043
0.0635114819532272 -1.3358643531885
-0.927194064769458 0.278600132159
1.12948364885872 0.823506122508087
-0.693242942978619 1.16950737793854
-0.947543390281094 -0.938001909286664
1.08363147123377 -1.86929681753082
0.200784591703021 -0.699558954569965
1.55821421489919 0.157239436709197
0.103053381516165 1.52213589212921
-0.694495210605191 -0.248753548058511
2.11078225892171 -1.65609032324727
1.58007814065357 -0.673267700823208
-0.386499468058418 0.0632095256198328
-0.0701274706485111 4.08870104244682
-0.178926714547547 -0.360262327065588
-0.876387905090516 -1.24608666908157
0.911726125346434 0.141584420396445
1.54114409398281 0.792438695454818
-0.328523215756181 -0.387749143620557
1.5748783310978 0.142116378696923
-1.08095197774415 0.198526221614468
-0.459643966543473 0.467737855453097
-0.290014984867746 1.79191463750474
0.562657003340352 -0.0573405487369367
-0.20047828542487 0.397487501174162
-0.696448038446303 0.160992104734458
-0.179940535535343 -1.08321897572561
0.67875644838327 0.430844729520171
-0.557241392781116 1.0061128818802
-0.119206313921657 -1.5500297021335
-0.707805120607202 -1.86917690347442
-1.20644749220525 -2.29943011017014
1.89818039380281 1.27181030653566
-0.990029317082025 1.71777694300674
-0.805756318587689 0.9665914413342
-0.962915729484134 0.838524498850733
0.962093800720553 -0.63923339844581
0.0394564585032135 0.897560555227199
0.828527776818098 -0.0065890194782432
0.453307969054835 0.796061776352354
-1.90468156221339 0.514415504531127
-0.844426495402556 0.397552338796018
-0.868247206320666 -1.03988142379993
-1.72366147552493 0.187331941697623
0.366136591772307 -0.157785864729305
0.849540270526856 1.87554713225478
-0.303687783697952 1.35310935143868
-0.74028053489366 0.85504303348768
0.112098485807104 1.4028155668609
0.0533004193435407 -1.98551436716976
-1.66471128771497 0.638533192007161
0.29586403308935 0.0293245730253092
-1.67615424311875 -1.40657958361688
0.392626997636761 2.0705574827205
-1.46926715008598 0.708929932458157
1.88771847437044 1.56922851247331
0.416275299143775 1.11088405423465
1.06948637917301 0.343189544161408
0.683263108364477 -1.1328415711102
-0.692264944493008 0.0589459689787052
0.0144843236102931 -0.42169208702184
-0.221713314667053 -1.89153824557146
1.25881185421044 -0.804141345196102
-1.4159144002733 0.0355376204077122
2.59512076726097 -0.157337115658013
-1.47233937925377 -0.743767702665411
0.978550935474119 1.38942683065498
0.719960148926654 -0.269009986115654
0.314911589787424 0.0911782138159197
-0.0873771828927853 -0.104640569733751
0.444148419135339 -0.331165214692855
2.65209456001152 0.106118720856609
1.61752431986431 0.641246459167991
0.851205877439546 -0.519296813322778
0.313145371159762 -1.10120455747741
-0.830119589542221 0.153810758508497
-0.114144285031241 0.657308613620574
-0.675219450175769 0.70591793607331
-1.18324400069034 0.834223758144804
-0.640583086632603 -1.0480545553592
2.44648778950934 1.0776367949501
-0.0575996117594321 -0.157924618355078
-0.000815183687355059 -0.343274861478728
1.10719467792261 -1.04227815851607
0.815384664418372 0.0321198806456876
1.26038173499648 -0.460071837131923
0.923513583099704 1.41661591270348
-1.42627954256815 1.8298563516103
0.657127064500697 -0.441792067400737
0.0345038068930625 -0.0983048422622536
0.423346692311276 -1.25652897481229
-1.58311325011369 -0.254019842279506
-0.644001128396178 -0.757717982886556
0.4172031403089 0.158868940017579
0.706441392397187 -0.43772399118485
-1.22540977767138 -0.03122224567518
2.13277762558728 -0.185384596917189
-1.79700598973662 0.515442336623708
1.59329327286753 0.07496999193499
1.30584896901328 1.34068150066377
-0.154248865116907 -0.0760951890683553
-0.766439022485208 0.412848788416927
-0.485102919179498 0.397963458845251
1.15802487445047 -0.184690816390817
-0.00216422594401328 1.12544592181524
-0.892714577407969 0.361546267264275
0.108970252225562 0.784121033009414
0.512260853625616 -0.4693441116918
-0.965139375944621 -0.182935328050393
0.339677085693285 -1.86096201228855
0.780777592301952 -0.353401861319443
-0.913933497259876 -0.705397402995163
-0.135480073290745 0.605577979445909
0.776953519986888 -0.221900054846828
-0.0933428938042976 -1.09623377171687
-1.19351090232183 0.909453067642769
1.31926727397189 -0.374825084289759
-0.656083124426709 1.49616595239142
-0.132819363631809 -1.79502828834887
2.37811951129826 -1.94943192463976
0.388773233936135 0.898131705775186
-1.17870879391507 -1.51558215586572
0.300025090697889 1.63333261533536
-0.814302120884676 -0.608075625388032
1.26934276569839 -1.29100296144066
-1.60732090915314 -0.539210445173558
0.680754984610636 -0.464457882236285
0.408969052053418 -0.762134584596894
1.56208947584909 1.55187792020402
0.285479248151567 -1.14366371911432
1.04813849545971 -0.462525540872195
0.417028590634762 0.886180131753312
0.0187270176540466 0.156296042159726
1.3673497156191 0.194579470148323
0.340717389492371 0.943845760091647
0.716959674361961 0.0445768163261077
-0.841186586212801 -1.43020927466453
-0.53966270897337 -2.12507902533636
1.95859572127934 -1.21668696944988
-0.121507394510399 -0.213940538427271
-0.0496055739850371 0.16664733646591
-1.31671927147116 0.507033841116586
0.952421129074514 -0.128412798199539
-0.506145958877914 -0.0703396832818033
1.51013671609552 -0.144770722626898
0.872057034407598 2.48704541976603
-1.481655579776 0.142241009819115
-1.22994113928013 1.3357358941301
-1.17176877072894 -0.173403424567586
-0.897473174560559 -1.1701721025293
2.08616526335822 0.286266629477946
-2.37153795741106 -0.934065525733402
-0.158010452600988 -0.189750629824606
0.519886239717138 0.642989264992585
2.17644408206444 -1.2451255044548
-0.297187618326467 -0.332708808531837
1.15635135877004 0.268557893230453
-0.251850572169664 0.656323889572056
-0.385556762259082 1.49292162504773
-0.989645415107506 0.260954398478459
1.78885858734464 0.0702771406190877
-0.218107308165339 0.266402615010613
0.528842246371076 -1.60167866637151
0.197700697249803 -2.13421721200768
-0.372430539407498 -1.21012514415131
0.678410677746659 0.170299327199672
-0.464594505091328 1.82260691877274
-0.843220062014766 0.823050483606785
-0.301585322805822 0.50731872096704
1.35999227462677 0.625517281175529
-0.324583474064724 1.45407317769966
0.210004947288222 0.7920426884959
0.10252323876559 -0.110083910333119
0.241211566693119 -2.72396517698632
1.39771302028997 0.562956582317169
-1.13182907429022 0.765523137166836
-0.423121528482996 -1.15534310918652
-1.7403276135583 0.941472566144144
0.406811611758548 -0.606437196930965
-1.04012714632369 -0.569312683722747
-0.523156080973597 -0.177405286450022
-0.421375728010691 -1.68233568237871
0.0416384733293529 -1.14966112356351
-1.08891882215216 -0.177924154768069
0.0665306331036475 1.91089892555487
-1.68404201472374 0.1624606320895
-0.208013708464392 -0.93066045218296
0.482058688687961 -0.818701656461699
0.0224937397300964 1.09916402298838
0.171623674372648 -0.949503433738809
-0.551544880391415 2.13087694814976
0.79745777524208 -1.88087710186106
0.170965665598787 -0.603398349069438
2.16848201911321 1.19770351153533
0.0858290433226304 0.491194850661657
0.384824690542868 -0.357829374721202
0.0597280585121788 0.24841061826503
-0.593973844622728 1.89679348652908
0.349271553942995 -0.2298143161421
0.966865029446651 0.106444231041067
1.67162459148983 -2.23045041885524
-0.520519145853658 0.534814652283394
0.643769977139956 -0.921945149479036
-0.070294840359773 -1.34482096235333
1.97249238376371 2.10758470753631
1.56845531884875 -1.35567967773993
-0.866169615209292 0.070906735484165
-0.412238277698296 -0.208948739130232
-0.884972793314054 -0.241612468887448
1.52486442580339 -0.629014628965266
0.447797646817365 0.126607597872849
1.19146142544711 -0.753806751877172
-0.145532427967332 -0.734135324397207
-0.935324397221404 1.76079115221768
1.13662856484321 0.815284112426762
-0.672347137543327 0.285940617464788
-0.753968547044849 -0.48703007566664
-0.936917944398988 0.062661515506954
0.42090667647448 1.25810512356744
-0.959947482957763 0.871304031226386
0.409503277636075 -1.17245544235392
-1.09330931781961 -0.603959655486112
0.328930791344781 -0.279230566398686
0.405049018634318 -1.57572641980831
-1.20985633191306 -1.26013467194732
-0.955115695315188 -0.2147314466313
1.01980428962346 -0.126770224816602
-1.22852077601924 -1.15382938181834
-0.16809289730199 -0.158868971287793
0.654634852904331 0.575921181414579
0.192085186655296 -0.276002281960117
-0.159091366622884 -0.143350526341012
-0.176920278754898 0.124858973005135
0.531277788669566 -0.416766752459712
-0.844351678408261 -0.757306345302728
0.82039011428762 -0.42518119895346
0.791494702049072 0.0113235340575339
0.752552059877197 1.22613899234846
0.306882942807611 -0.576719107763726
2.09553322013846 0.454192798135185
0.111882843358833 -0.494191046374029
-0.0418972601987081 0.848508831373105
-0.438649837568241 -0.0730705899604646
0.497268762517259 2.17235640253542
0.823327154325526 -0.287682662127982
-2.16358535978666 0.646174694686241
0.613706495761598 -0.87517979957573
0.318115163956073 0.22660302323752
-1.18120398059343 -0.116471813773585
-1.53848638809697 0.636136503887198
0.99859190015883 0.0239349131446083
1.66295810327749 1.43312870551139
0.651969450536872 0.134396731350439
-0.918336216361717 -1.27791953018773
-0.0698610832879858 1.18883629404913
-1.08521592487793 -0.0828745082410937
-0.000737431324684373 0.346112513753177
1.52281725758774 2.06434726056027
-0.225329538339084 0.00359006453251859
0.35790288244094 0.0980823035669219
-1.08463548063117 1.32525060282766
-0.132944489301207 -0.325386704765003
-2.10312408131109 -0.622662845017108
2.18305089416789 -1.28221783213691
1.83823643282911 0.537626901522486
-0.439023402182727 0.035334066267136
-1.01701820213136 1.11946635902383
-0.208704105778587 -0.805919808767104
-1.14172523297558 -1.47471139404164
0.229979367640305 -0.0163727640601968
0.915496759240576 -1.17164173534012
-0.150389206612518 0.412571535028128
1.59900198162303 -0.561867360307825
0.362685064693719 0.853017286434399
-0.884273070064318 0.785644790902987
1.00903615562798 -0.659647569153494
0.081969809381166 0.966666957711569
0.803547484924813 2.04965101471817
1.21746020857858 0.712710997366804
0.168762801939979 0.118813789052602
0.558255219855095 -0.980855004656599
-0.90541908150902 0.757659512707197
-2.28944111585414 0.228572356225317
0.19554290825141 1.62379694874506
1.40341408792982 -1.04505156914165
