0.114595500067893 -1.63437116805297
-0.981771494070211 -0.0177907061792962
-0.924630613305342 -1.07055463162571
-0.431221402654848 -0.492077668473403
-0.665790051038072 0.625646426405941
-0.836966103423706 -0.225625729146339
1.81640904597392 0.0666578864994948
-0.847364793099884 -1.8259175965258
0.536106223433543 0.574367606750463
-0.506358000574718 -0.379736816126941
0.915580954991561 -3.12350445804214
0.515390413625756 1.96564635081595
0.226574974867495 -0.959865261583358
1.6584376268836 -0.773968528150124
1.1918645638613 -0.289718658705185
0.66262152193262 -0.354480616863579
1.48775544423927 -1.78843869512191
-0.148704796351986 -0.362546527810028
0.9690858132387 -0.740418206609041
1.02433717442669 1.33794325106407
-0.0950381469765992 -0.673235508469587
-0.476898454797378 0.197689117466742
1.52283782385151 0.319102625177959
-0.837182860885559 0.962118724819852
-0.0356758336848322 0.527773602719195
-0.655177423616792 1.76793356653973
-1.10693629312702 1.8934322864524
0.723947418003764 1.00236958351419
-0.26030135668481 1.12983129412385
0.415898889576404 -1.58950224733877
0.107801307558229 -1.52133914424384
-0.877452332773373 0.130392954643797
1.29636389718395 -0.969053267078843
-0.924152143115112 -0.236005976854873
0.381283471217169 0.437272839823002
-0.160201470652234 1.39529030579809
0.278929922503435 -1.02708901768335
0.989394288057084 -0.685408946205202
-0.162422639056194 0.618008127363927
0.299508706881138 0.0493427542838931
0.0487610062968601 0.191460694520238
-0.467781379726455 0.568160529972139
1.8322292041464 0.0168330427412189
0.630983190445774 0.422041337704863
0.257195144549674 1.80284617357361
-1.10606931370602 0.368533174589486
-0.0380615589696811 -0.634568318404365
0.625157788286378 1.30118998846358
0.0889536901535042 1.74154929920923
1.2177518691791 -0.198980899332922
0.0813838060025059 0.127936667120568
0.0207137998503171 0.139351091712351
0.13069693827928 0.220811371548569
-0.18306381588785 -0.374961405692297
-1.06531588993369 0.305289405542462
-0.498654589450232 -1.17164770772798
-0.341305789297858 0.918270108245918
1.23393504405721 -0.0335082577172856
-0.929326020432621 -0.122412247203882
0.482437206445163 0.103609592226325
-1.24200512030961 1.97463423902391
-0.874887527423153 -1.24436106039395
0.755870137636397 0.123607885961467
-0.432705403634024 1.39414403554171
-1.87991722100444 -0.539033033835243
-0.340125569033766 0.615235255811165
-0.282220860943118 -0.0668625396540352
-0.940664199200945 -1.39718162718056
1.69482759354843 -0.45245121098374
-0.00707725874320458 -0.428495691400012
-1.03475100503187 1.83960104482854
-0.00955520338018323 -0.420897687243608
-0.972016136794809 -0.23716640942945
-0.0385789861103801 -0.893534568754093
-0.50390839118311 1.30907073168278
0.760744606248448 0.338710516460511
-0.124210267804447 -1.45176639502111
-1.21984696423093 0.872048971114491
0.391639997037897 -1.02902620423626
0.902375775169625 0.344044256686712
-1.15141951903912 -0.880401145693397
1.53699940839988 1.24874874566417
0.708004713041946 1.28542690409291
-1.69259434290236 0.180021284986539
-1.38885012283337 -1.06161715492298
0.199244278475587 -0.70214683667302
0.190946224176153 0.558178886533978
-1.37452028068972 -1.05409744559046
0.142515168109984 -0.0438617847550261
-0.842796242851876 0.786143238282927
2.00329561975552 -0.433401153478081
-0.896420051912274 1.02380828520573
1.39550615085639 -0.730313868824437
-0.767765851055491 -0.397590245239688
0.0906700302746866 0.476618826267064
-1.63236423700342 0.999234425667721
2.37003530810904 1.01950394096687
0.800199413602028 0.117953866578063
-0.383949362688098 -2.84680937344869
0.113435794477252 0.671833770799015
-0.0377738418356126 -0.989375329189071
-0.00310956252461986 -0.441011832466857
0.0841022569380031 -0.447509063627602
-0.101126018657132 1.32321063820849
-0.335735940359612 0.209425313833156
0.858063987777719 1.03312498829275
2.82141605597391 1.1371662888717
-0.45076583129176 -0.0859819147838494
-1.53410507661543 0.743943317385644
0.68579541738369 0.682956908701702
0.438990161157621 -0.705035367111901
0.0799706880902716 -0.0305923966375896
0.171858072847532 -0.92272330507407
0.163945284707857 -0.247069084398155
-1.13512984348422 -0.0170078214972129
0.837658134937972 -1.14777310274653
-0.180908896500286 -1.45269653728692
-0.658972654483116 -0.535087146294788
0.0191680731600657 0.127629644720366
-1.2088572309666 0.501134829824396
-0.176854155864945 -0.601635737345994
1.12745157222094 0.180137639689909
2.06412282795298 -0.282551083972989
-0.796476870747582 -0.272390278925551
-0.514595087791973 0.599562012795031
-1.04968991483179 0.880160192276863
1.02778484155786 -1.45167311900441
-0.656953238309869 0.0863323934354035
-0.991697803126497 0.0135324074610942
-1.28218512632693 -0.830316671204105
0.902884588700203 -0.13717453748684
-0.451500104265441 2.38056257676375
0.54294392248433 -0.374769347796166
1.01368680428136 -1.15032446980268
-1.86571660013716 0.748939668195301
-0.39004238198396 0.327757560868969
0.00854936832627989 0.773868078435441
-0.788609855722031 0.116059070586383
0.410251440424259 0.767141067129452
1.45815225221947 0.433286884655073
0.507288176763871 -0.0116263301598922
-0.506326479433613 -0.417832896272056
0.707593287094821 0.0435494375345664
0.443291683803102 1.68169420387621
0.793095578320292 -0.473714939371908
0.385832455322056 -0.282274465773615
-0.625685045320399 -0.199391166332574
-1.10206693064318 -0.957805480737118
0.358467121725 1.08633037346027
1.41919032416769 2.39494534439784
0.746090130685583 -0.041596600567559
1.57561644137913 0.833936448543731
-0.47006699284567 -0.0117145523085784
0.627938218435099 0.527461732669082
-0.192806798284623 1.81635096195462
2.10438955532961 0.711449617078805
-2.87477518728057 1.28783218087774
0.0794541636006867 -1.39014092963433
0.310096752822462 0.312863269946486
-0.726482821123282 -0.378981294600713
1.39864359860755 -1.45730669819999
0.805211477545033 1.08851803230306
-1.43168447339106 -0.441801769460905
0.468529072173988 0.66113041154474
0.383842004168557 -0.399886602110201
-1.74211473212602 -0.36802517301602
0.725665156817336 -0.41267216682293
0.941092183933588 0.25199834224301
-1.55270968413017 1.72559410021265
1.87624116818914 0.715322180889892
0.265325039492819 1.66636209581309
-0.229257856298034 0.16780761049508
-0.217372044792967 -0.988475549605857
1.05009180688161 -0.622868117062267
0.452808735551858 0.336206732659923
-1.90082808946186 -0.0109792955726728
-0.761700477610117 1.08579758112137
-0.703327516547966 1.17790645170011
1.36245520982011 -0.786445328981702
0.0266357152113244 -0.517726335044868
-0.230199172543536 0.814978876709581
0.574368490301156 0.570624427885574
0.425122887273263 0.794467140647411
-1.24906996359616 -1.46121992833186
0.677208535884017 -0.0329607031372138
-1.85972636187521 1.10792918183389
-1.06572866714479 1.01645739241608
0.0365717735246595 0.247143096765316
-0.311905382121072 -0.224854237394309
-0.150787514052421 0.170622524452461
-1.43417876478854 -1.29903796445789
-0.488001400550016 0.078495640053729
-0.101783110053376 -0.748556671520914
0.331470908417084 1.73274069542354
2.17406626802369 -0.75730829106156
0.534542405194703 -0.501298998523125
0.849690405637402 0.615829237746419
0.854480763531721 -0.273793198755299
0.504188605792871 0.0567827683937462
0.665622958801104 1.66755235981832
-1.59296766070973 -0.70172249780167
-0.00276761781169707 0.369029843507633
-0.00132811903386948 1.53133610592359
-1.93930420298184 0.0723850006566556
-1.28858381524663 0.463624129273917
0.408084291866876 -1.97076245985828
-0.0601483237123873 0.718474869637442
0.979588884776895 -0.0753518160316155
-0.276571793104154 0.849091277328327
-1.2394582103738 0.851058395214014
1.00622511429541 -2.06487113143056
-0.85024543893931 -0.413899818417105
1.08275978776822 1.02624677460893
-3.07020542898127 0.133141631568174
-0.0445969319512045 0.366218696158135
0.0274409885133433 -0.778588669892732
-1.26247062120082 -0.375985244730877
-0.0130801581523506 1.02814761309574
1.83887676246748 -0.0795586143499824
0.569947074216328 0.201905739963752
-0.366335613105236 1.29472826303019
-0.621129371310858 0.234668435922034
-0.0416014076124805 -1.24391459377396
-1.18707628598717 -1.09860128680889
-0.437890514189245 0.471830234312902
-0.391067335593402 1.73070582312781
-0.645354897909866 -0.442578592829098
0.616229568291403 0.487305477507492
-0.108523732918685 -0.193385031587489
0.417769056254725 0.592790452874702
-0.121558700932653 -0.791368618699838
-3.40543371791083 -0.807837833414038
-1.16104531483294 -0.658259928161207
0.306975620784088 0.640606260407334
-0.891704375339879 2.1263673394741
-0.679242975177562 0.568180448520666
0.400679723245285 -2.02361372707552
1.67161080637821 0.840565681223814
-0.165343648713811 0.704920759498164
-0.641853312469756 -0.847496186568353
0.693916034476546 -0.845550922468075
1.00505305335864 -0.26493683234673
-1.65586742061907 -0.0596639135418033
0.104379215091386 0.568091833816695
-0.397664829289616 0.203913623387016
0.756560959546647 -2.48899230723624
-0.241443347698464 0.572415556650308
-0.133202003726896 0.99587563376163
-0.582159300588361 0.286808626979287
0.575744236072241 -0.748568636961264
-0.850601808592875 1.10651379795203
0.732620279268592 -1.90612545787571
0.654161487838261 1.30650496184923
-0.493147181415321 -0.176991430206679
-1.00316348561158 0.454595638362002
0.790843675040137 -0.811538579610418
-1.87018282599368 -0.300851403627281
0.463764880916235 0.684879940076474
-0.629980963794631 2.15816317423844
-0.136472988369771 0.0456299043104171
1.81149452515024 0.682978803521412
0.93637019633122 -0.531115919904239
-1.74873484302011 -0.126482070208806
1.2485547713576 -0.840171036392574
0.486023948172868 2.27877134114742
-0.438035462524275 0.791514025454185
0.783251978386371 -0.5473633163448
-1.1249934668475 -0.345613283637505
0.297715629681478 1.14572013279623
0.36030684646746 1.2542248157978
0.223452003012144 1.03901522670945
-0.330902697199141 -0.893483934018499
-0.146857690054333 0.309025423131064
-2.69214549717033 1.71898268133062
-1.57299574365515 0.727829584997469
-0.200036644220179 0.450459546820861
-0.532154866609535 -0.806018285636131
0.569427727230367 -1.08032950797968
-0.776956412479451 -1.2417647512873
0.558440933879005 -0.786293655500028
0.848390275220474 0.346565122871113
0.39400496465496 -0.307729255494849
-0.226516537617 -0.478512732746595
0.0628814063949996 0.773137176281876
-2.0136491344771 -1.12996592700137
-0.114448188615931 0.186354647772861
1.61379860575262 0.0179192839196525
0.958631921199469 -0.621523702604547
-0.234992725445558 0.491238611218207
0.505252556073898 0.742350928713251
-0.275637833994979 -1.42263083048004
-0.55271045785325 -3.16756151878192
0.0255098584338815 -1.72687818184147
-0.451146336612389 -0.611705460174365
0.118628866783948 0.151481036989009
-0.0670703965980647 -0.447332321245986
1.64553867155576 -1.02685658995213
1.19575830187797 0.495209025178618
-0.217218798985647 -0.800938127365207
-0.741367686238244 0.710651166565683
0.403151043041992 1.17341503988917
-1.16480576508914 -0.144905296778201
1.81272655366067 -0.507507803497283
-0.0365101539842256 0.0515097714587229
0.151367893701279 0.877828158550405
0.38324993850061 2.5195759205625
-0.643331646708081 0.208673672764584
-0.364646305932096 -0.49881831040341
0.56054272582154 -0.570297422926481
-0.91019533143932 -0.683129432027362
-0.787639605258059 1.50765926212972
-0.265264575117319 -0.365993552578177
-0.888155883887547 -0.0604972769477516
0.707291914682522 -1.91164216433851
0.225720917871035 -0.107076042262901
0.794710756892219 -1.72900071226356
-0.859931718249022 0.523845280913351
-1.15753617591507 0.820451604674715
1.30339669281204 1.49119404123609
-0.888798611815628 -0.937973823045827
0.148595482484381 0.0186922900530134
-0.501749333594381 -0.999444856230323
-1.37434656448777 0.275631740718562
0.766182267188834 -1.15817622962359
-0.914603849079387 -0.908836498813391
3.66992962878474 -1.7156119880024
0.28974059081508 1.78366110362922
-0.880958791059145 -0.684041514388312
-0.578576872556185 -1.39275584045356
0.172652569525217 0.087494679582157
-1.53688416578711 1.12628334186797
-0.199413935515755 -0.665920259724365
-1.56017993158128 -0.487457527678698
0.324984334698109 1.37333799402921
-1.27157353309835 1.5120459252216
0.648682451900967 1.13905920470916
-0.958196850838402 -0.837165738923636
-0.152330610338349 -1.09139057398392
0.240048052153573 0.424983380809516
1.06099264355167 1.15772404029388
-0.0400348131301275 0.223872886385839
-0.761839278146527 1.12036261294225
2.49207369164954 -0.313861938037675
-0.863273119967884 0.445852559542122
-0.710650149630227 0.351620383394193
0.105481344029547 0.230588035757605
1.29612252864404 0.655077895519217
-1.83583542058413 0.175439599758914
-1.49018071273186 0.843114365469232
0.761176170315509 0.796878003853702
0.312371861003483 -0.374853866453215
-1.26215508045194 -0.11635607813449
0.371123576683267 -1.27358213977257
-0.539568357548531 -1.61517602474352
1.41687147042101 -0.217416111922423
-1.31649628199799 0.211057242920143
-0.404445375416545 0.495879867002728
-0.841018479097824 -0.0232208575334799
1.52613768532505 -0.860785076130553
-1.39900054436971 -0.477464191288705
0.961152213398609 -0.801744628198234
-0.784142254510082 -1.12421923826321
-0.697833924257193 -0.811111937652197
-0.332505487147913 -1.49690277652473
0.940315792811918 0.729327559341055
0.458065968982619 0.282067130509097
-2.20616927508753 -0.57217333291954
-0.318258311388816 0.0706292855224186
-0.271743299446704 -0.978422916767667
0.0334830899799466 0.0481094478098735
0.74260991043618 -1.90554295427606
0.736914646884197 0.325169231030063
-0.64379131117024 0.907064814074652
0.196397523173827 -0.99298703938224
0.494673716646783 0.538134321397303
-0.458283853307968 -0.454927062548759
-1.52692887876713 -0.320034028653481
-0.73825544356722 0.453580967115053
-2.02709974972833 0.287273775935928
0.507824461263591 -0.538853773421781
0.648451348134313 -0.712521898695697
-0.1706691327543 0.926926582190328
-1.45902311558216 -0.580800970220331
-0.6895099490162 0.95161122902698
1.9702690236536 -0.199792404035416
0.7325314186033 0.110760911218778
0.0741716249471739 1.00605622914294
-0.133862649485285 -0.620793393589507
-0.841655988696046 2.06971723466514
1.58322940783186 -0.722674191627831
0.892543397489618 -2.42083370341457
-0.894564810614242 -1.23026376901582
2.09325835701879 0.985921429681453
-0.573044368333877 -2.11078169118903
0.559983113072603 0.278253961169581
0.731382687196886 0.569852043503311
1.3395717412899 -0.665520387929729
0.0354088408497343 0.537567940398833
0.323753661384397 0.791832783768387
-1.56690449241835 -0.691483746722837
-0.789729253008802 0.314906980101345
-0.892603593878923 -0.164167887669599
1.96020854063252 2.54356306510802
0.748506697748829 -1.39503812113575
1.04018229764898 -0.802484701085155
1.0088060208778 1.34604846124292
0.498639237780001 -0.405314800470822
-0.515369553461021 1.17323734885669
-0.575551171172217 1.23329698238139
-0.106531592261543 -0.304163306143173
-0.311082947354648 1.61230480099353
-0.450795662928611 1.12081206759644
-0.0545050139640646 -1.85129875238414
-0.571975627236692 0.800552381825156
-1.81209873907954 -0.925876748901438
-0.563768621520192 1.58132727660326
-0.274870560255822 0.713252017193213
0.769912939061984 -0.636572028477502
-0.921770560830325 0.617153222384379
-0.928009637369365 -0.567446927043546
-0.306702849410214 -2.19257214918793
-0.15741246342801 1.53580943752914
-0.642241210766773 0.498610782810411
-0.325801881997506 1.18561863211231
-0.881748125929962 -1.03253741547384
-0.0884520091895179 -0.670344903433378
1.22651818194403 2.11951967782627
0.313472895744813 1.580189047659
-0.344552617743367 -1.2089993985346
-0.604404765569071 -0.692018142459459
-1.65379346751377 -1.47799743257229
0.736894726327165 -0.508864939057698
0.673764005974679 -0.967097868535897
0.588559977333817 -0.902917669540973
1.61096063480679 -0.541758563481759
0.747030510310861 0.533135799135785
-0.0633318558024556 -1.54548462949772
-2.08325071972885 1.42302756161246
-1.50065475948599 1.16193026934985
-1.25032827522444 1.35566010710954
0.588414655856711 0.479201728008774
0.296489161710652 -0.511834348833401
-0.852851233941151 1.18471384863444
-0.530200011801169 2.18735584404392
-1.74751899742931 -1.54021907727227
0.0276561515525189 -0.306800554367175
-0.783103327777846 1.96380584885216
1.19743038415939 -0.546480921802709
0.188359051087577 0.620142670427004
-0.984320374029878 0.972646871928466
-0.513890560039762 -0.43688040493955
0.32909626487999 -1.64176047515702
0.0448994382608085 -0.999253449299806
-0.0327360620053321 -0.457433203548073
-0.624133389332769 0.975911360705967
-0.164153767587064 0.350069663863171
-1.82131426097175 0.15034547760945
0.0440461750601581 -1.3670964745013
-0.341595614239974 -0.287688524000585
0.190426611018452 0.764679755222123
0.466772152698638 -0.815394294555713
0.606333172740661 0.880991948493519
2.03495944841656 -1.03853744342065
2.19382932677351 -0.0903827458237525
-1.76299663039413 0.550618652055438
0.973039836579038 -0.234982865770156
-0.0718496189199766 -0.328268259624278
0.198862573830292 -1.04703861106028
1.03778703471808 0.356807230948648
-0.0606835808548926 -1.18857357076478
-0.694646730074369 0.840426161459842
-0.876672394533862 -0.403494341568433
0.2957290832326 0.14832518544278
-0.579570596520643 -0.548512442394303
-0.0240545315074696 -0.342266780624802
-0.229093215146941 -0.260059115840384
0.420474499645347 -1.43780463720265
0.571620824267285 -0.173979598429381
-1.33328750969461 -0.302136840615588
0.19802017412608 0.3619216618953
-1.27695539278853 0.761579065462842
0.662081862540462 -0.790222581031581
-0.74142551572149 -0.174639269357731
-0.544840053612739 -1.0567020341579
0.513015000212789 1.08205688412879
0.605641637993509 0.487582205800376
-1.98069350824656 -0.25410788611868
0.206189332431399 -1.11608475415402
-0.733911832951797 -0.00837753689621057
0.758331327211763 1.64725993920107
-0.65651905785057 -0.427577393510348
-0.67864750181159 0.136354448127285
1.07458465828292 -0.19933911375637
0.7465900698545 -0.333964528242906
1.64878456378955 1.41202860894075
1.07910373805963 1.13857174991174
0.41704415485907 -0.561571781104845
-0.550490334940567 -1.42781272491403
0.473049312464663 0.708834313002087
0.746119917477654 -1.69962418628788
-0.490628887254237 -0.392845877439868
-1.01665145660616 -1.595917289962
-0.8227942602212 -1.95931623106979
0.564567578066491 0.648044965104125
0.0722081260443059 1.49022570818484
1.2733364425933 -1.15807914206174
-0.430806751644361 -0.526120881938514
2.22185140113022 -0.67224412132643
0.96144647942043 -0.0482211842734364
1.62351894504518 -0.460887430099711
-0.181353867605005 0.0409001388336772
0.953169723450552 -0.23827329095543
-0.707079328415031 -0.490389895372567
1.08440073148045 -0.215791807456274
0.933047442680159 0.333617845413101
-1.56232165003227 0.508628528048445
0.238376374606985 -0.613395576062849
0.592655058384086 1.49309165283266
0.8281683705819 -0.124569896678922
-1.66680405004175 1.69640574297049
0.727029288685642 -1.60648204665207
0.0453484995206849 -0.693768717209361
-0.876150054262098 -1.60220835162499
-0.226287786888299 -0.85869360462771
0.954237159284521 -0.241792107650855
1.90230239722459 0.482697748182779
0.965800983822967 -1.8818998247773
0.380776158272139 1.22450318486917
1.59011476190476 -1.02694944419057
0.299553020064696 2.28554481170607
-0.497545134954645 0.172927582711443
-1.30552425375622 -0.790023476820434
-0.539569343240166 0.480139332879838
-1.217133057873 -0.446393094663546
-0.559045795396493 -0.16292496265841
0.414237534423136 1.76988305423698
2.37328684422141 1.24102976368311
-0.932475779999962 -1.33844707313835
0.95795552960324 0.999184939426152
-0.537677549691293 -1.5645575878509
-0.379722960421827 0.0369319638634233
0.449390131828473 -0.248790619889204
-0.39298371417245 -0.205008304872615
-0.535207435680048 -0.110361998607365
-0.130707886264659 0.151369740558494
0.564724735602779 0.1052801255639
0.671471171659501 -1.86641631226751
-0.17983597669829 -0.858673018989683
-1.45431477240231 2.42624519237463
-0.696992978626722 0.382042198455981
-0.89544098465033 0.371076455504547
1.73094149255549 0.26311031902032
-0.0915565262476805 1.98119705399381
-0.853399127697678 -0.863088808298861
1.0329768436406 -1.41976831180378
0.785776859633412 0.200075105721184
0.445244139796139 -0.464668996619239
2.0088420210516 -0.230711141243845
-0.705708089067711 -0.472054221118346
1.01563002526666 2.94760938730233
-1.10944652151602 -1.64611143821266
0.593692234834772 0.866755766665168
1.65695139400387 -0.810793915079951
-1.62131737021914 -2.0417039393205
0.461914186261916 0.74998529035554
0.589362681801817 -0.91045466257509
2.6585424752363 0.817810520139499
1.10282759632878 0.743845515267044
-0.942848617923113 -0.452097409421106
0.222426400186672 0.273139565871458
-1.22683881471682 1.59450361141584
-1.67191889958841 2.30428871842724
-1.48392543341965 1.02489704858912
0.7417668031764 0.138167331900743
2.33452591294893 -1.58018181580049
0.245461935587985 1.48600879801581
-1.33910193028366 0.975319463798346
-1.04934412546427 -0.058419220376091
0.0919258461407532 -1.962184383872
-0.630664473312888 0.36718031977708
0.0732763121247972 0.84766988993218
-0.743830194647313 -0.913772381765544
-0.297009197720602 -0.265483888411643
-0.524128670597998 0.792159340895443
0.238362384928934 0.926625147156068
0.621407012827143 -0.880772469703845
-0.058138540592205 -0.774135474427337
-1.61866500467671 -0.291259454443593
1.18938349058908 -0.67025422511661
0.123347776771474 0.151123715018516
1.3045539655254 -0.00152619715524589
-0.309194380045369 0.058205708312867
0.529457211479677 -1.37071069447519
-0.212636583631031 0.822809128333343
0.613894676175642 0.353630081538323
1.16032939060906 -1.53365347862987
0.0989034370515155 0.228491913408493
0.357233711751031 0.476457586772501
-0.187839073329358 1.98154203999311
0.441524451684379 0.0424924654032306
0.235379384170306 -1.69572310124817
1.74932780144707 1.74899207419888
-0.363789351271221 1.00432831837422
-0.0245071777568961 -0.215581682514086
-1.49544512608456 1.08316650293042
0.123573251711559 2.02508863976737
0.535019918358256 -0.765057193924953
3.49776961133175 0.389282167935644
0.459917974797392 1.31177299782141
0.492824080852973 2.51218095810013
0.092480566942502 0.222087224567128
1.5525396600489 -1.42113235575548
0.675291023275042 -0.0756698345644498
-2.24097863323687 -0.831807039450705
0.315773883179924 2.13286131416656
-0.188788865777855 1.1295121582031
-0.374019561455053 0.419039599805039
0.49662285815746 -1.11815395822417
1.2826435549575 -0.594484905187854
1.14257024394559 0.581065570171116
0.11282879797999 -0.774905732931679
0.00291078924048216 -0.644112351568274
1.89106796511448 -1.33984721964913
0.816158492813467 0.846865863291836
-1.11608575229923 -1.03997760367457
0.431225914190324 -0.472568562701766
1.10893425676682 -1.52516035725173
2.96086274502979 -0.00180903717318415
0.721321488327263 0.0624311666256485
1.33974384366275 -0.135115840206055
-0.836866137304125 0.929153019779192
-0.0534438566934269 0.0223394755686844
-0.836000766917257 0.0902058108598821
0.895573918467478 -1.40457751759094
-0.395486532602894 -0.131765413976301
-0.336673892517439 -0.425929733556121
1.33380314770957 0.721895800486208
0.660515727416046 0.0920978815274441
-0.660020354910414 1.16881995445839
-0.109072009764697 0.401313533565934
-0.993705880686254 0.18314176608349
0.728476212851338 -0.834295978302061
1.05427999996847 -0.157622001182932
1.56595989412461 1.13078924537578
-1.5548698972629 1.12961229157514
0.515124229077147 1.9331268192094
-1.00573345163386 0.9906846612981
0.482379367257112 0.0296936017761451
0.127226269363696 1.71928911964
2.02481373010899 1.08019813908947
-0.250027304379029 -0.261010803588873
-1.20020554146717 1.98920293960516
0.554571151620745 -0.646017769742435
-0.62128709485441 -1.11087222751814
-0.277551820132337 0.306616120605943
0.431247116005734 0.337411170776674
0.673296092269026 0.16797965487506
-0.344143646449801 0.60095689214371
0.709056514821081 1.68092456046992
-0.257729858690044 0.715467134383172
1.08588281781256 0.600083327933188
1.43930668143404 -1.35180250166726
0.372907021059769 -1.0770429981069
-0.422864186486524 0.904915752709209
1.56930095344476 -0.262142407522534
0.275807543988029 0.509359186265878
0.483825661092488 -1.40306345004404
-0.549475437293024 -0.189195991389825
-1.29694591860941 0.128839468821578
-0.0724414647609303 0.279917552693438
0.93074369642631 0.369910358788655
-1.25460454587743 0.725317217605855
-0.0857630323595186 -0.876060977377299
0.923556053500341 -1.62041167830056
-0.987626215947415 0.803389930135579
-1.72510007579373 -0.471029858736911
-1.41649312451623 -1.46742923180951
-2.05194115884049 -0.643150855271814
0.159515596761714 0.147719906969089
-0.72549663474824 0.212715077949603
-0.787225610835272 -0.740328252326922
-2.01003118971555 -1.10487378853375
0.507460568127338 -0.929707627862726
-0.120902589534567 -0.414135105740696
0.690561243396774 -0.10333197422998
0.0382114227044243 -0.617175735811841
1.51923471641047 0.386413278477416
-1.54931651484697 0.613872923180301
1.41747810032696 0.559136289141244
-0.0249678974520426 0.0804628432765134
1.11870844720459 0.437105732710318
0.455424535762289 -0.0582554323559452
0.83155821360589 -1.39500302737199
-0.916082743515266 1.22299300705312
-0.263474700989515 -0.0796203479839875
1.18223512273858 -0.823307424127203
-0.22111645331909 -0.605532980866525
-1.15189936218691 -0.0202328223016606
0.944198193785588 -0.822099333868699
-0.657744693012048 1.12282922135235
-0.648099811908396 1.16582074068454
1.58902753375046 -0.09681478649387
-1.69490335626887 0.702546485235717
-0.284986761371471 0.117877319301617
1.97496212642842 1.27436687392175
-0.807274816627826 -0.0831838619269974
1.78247458741669 1.19493714672365
0.608731624219866 -0.0422695991198275
1.29942958744658 0.554909253291237
1.72808939069329 0.820972479021035
-0.547126699917761 -0.144486230470176
-2.36842022115027 -0.486582569602621
-1.41251059754499 -0.483649319188131
-0.0455107908184841 -1.56819385183466
-1.96368729140081 -0.24633276381857
0.0529726857427931 1.34460328484045
-0.117496092674862 -0.418094397259153
-1.1342602303016 -1.89081927487668
0.217295491438357 -1.58057916370215
0.0283869583186295 0.706806650009912
-0.358543827193732 0.345911904857575
0.463655247838064 -0.593064064563219
0.868263309086435 -0.0959822249172151
-2.42361813161663 1.01624396282642
-0.74384653492185 1.30782202922997
-1.58974309446976 1.20710806509047
1.24629665205658 1.23572871614578
-0.234689332851289 -0.943033526453564
-0.429217364626197 0.156491377813158
0.775736653937553 -0.517863434182165
1.11020311860599 1.75124564002817
1.67386325922551 -0.23345879607631
0.858780007803164 -0.88210030994908
0.199423721937883 1.27164183996762
0.441620294649343 0.659930984961715
-0.15094932262993 0.706004677674935
0.511227137943575 0.164490282215449
-0.177441453218422 0.0725014453879116
1.59647620401914 0.0681919559066635
-0.336461963001988 -0.834340876798434
-2.17749582628974 0.0181779413597732
0.373322248354352 -1.29021733176569
-1.08695405683121 -1.3882655796078
0.0277390991886595 -1.10689133352883
0.567355344015926 0.0309846082056677
1.57681583386642 1.94361452770633
0.525528397475359 -0.988971030700116
1.42601004527909 -0.326740452914249
-0.226782503305326 0.446169429707516
0.434127757235637 1.35621469399421
-0.388562775399893 2.33288748174488
-0.636216798782553 0.516733621226429
0.712112509644926 0.207733527036694
-0.161833395337509 -1.27887038459611
1.21554747267175 2.6948450057223
-1.30292460077603 1.4722035735139
-1.08708551799433 -0.741186904514839
-0.676181904499562 1.31888487112747
-0.717120723847619 -0.754792413167662
1.04216320325814 1.12203228248011
0.349509751820823 0.106206796432033
-0.54076986603148 -2.79814150639644
-0.441815314753176 0.216242398873344
2.73081922429836 1.15858200754127
0.474312247359694 -0.215221201545104
-0.499417938352241 0.786787765796967
0.11489711245514 -1.18169535824733
-0.955985258744469 1.02855964611185
-0.272928072486098 -2.1086171188963
0.37926470469419 -1.28635917832086
0.361696968965196 1.29147253700783
-0.79166239019086 1.84041379829348
0.342441701394689 -0.466150427929123
0.891884137197245 -0.783269683524664
-0.918046177237448 -1.8507191737946
0.767428978766352 2.28301562816154
1.36506402441756 1.49388254964505
0.181628586734625 1.40787382258789
1.05406146214364 0.896319309602282
-0.33792338127535 0.163505224389154
0.0948144710790191 0.0114349572535138
0.973716724905403 1.2372448407813
-1.99718577262104 -0.0181700218802596
-0.108032411304686 0.453984509636087
1.49672727985043 -0.204807891682033
-0.570462246727493 0.47005223284313
0.416107509284111 1.44665044841766
0.111857686526117 0.876911945270911
-0.829882023526558 -1.15427753039364
0.434654371418954 -0.528980102736794
0.39784862890682 -0.88472090969089
-0.865936098908763 1.64088085984839
-0.0175649309075013 1.49652576606813
-1.2849016594634 0.228096478469885
0.9377322204506 -0.483151413955704
-1.05562423255351 -0.735160431363238
0.645633984950251 -0.984167771807737
0.910309329684712 -0.431666468944335
0.391954621883577 -0.33799835078365
-0.997352934309599 -0.746084422807607
0.870928989154717 -0.714672318577679
0.490791570786057 -1.51293144276798
1.47713268806839 1.13782321732118
1.63618467901634 1.67081666996174
-0.940544098524927 0.261935849762924
1.10490956736242 -1.07017702153417
0.245875016233649 -0.193541717222238
-1.50113116966474 1.04555063106033
-0.350144432830905 -0.77533704136835
0.0191307860466505 -0.560663704553127
-0.954988553610884 0.0954394691905288
0.849388203790227 -1.07061798789527
1.44109155473551 0.632189205227878
0.529262494362014 1.56114004300874
-0.915143645911476 -0.355666904088676
-0.774980646135852 -0.30295140710377
-0.188986040002039 -1.09967559448653
-1.08177617341343 -0.578211958090703
-0.40478424932455 0.451280970086827
0.457692113298821 -1.33556783869942
-0.657647908106008 0.910327169019105
1.16537791099394 0.68979616917647
1.47002088834264 1.87788653105087
-2.35074134230687 -0.0986695498382681
0.529860062256164 0.0103204992281897
1.00364577639914 1.15303753885474
-0.0738808508502353 -0.341458690635768
1.35039957815532 -2.16568437798263
2.21200840103928 -0.894607047015128
0.175223683244235 -1.85953589996959
-1.72214954235675 -0.148747739376219
0.458501690754181 0.0744337891499631
-0.543509475195795 0.966805621293093
-0.531550948323344 -0.718777674161478
-1.07887950727383 0.175452673418577
-0.164920841050236 -1.83383408545675
-1.30184539495966 2.10694418546537
1.89440928065087 -0.980960586473591
2.18359807726326 1.20879792834179
-1.10807330925726 -1.20180034988149
0.641179030094767 0.52232051594531
-1.66738802466212 -1.51246896070645
0.0217846227520142 -1.7934309269249
0.0225112461948264 0.813405439513492
-0.780545195554172 -0.185045424815099
-0.00723101399816484 -1.54157637140374
1.41230305514026 0.0380674118685378
0.109607840166168 1.04860023736606
-0.790713616121276 -0.0101458124570329
-0.875745997044493 -1.35580053567916
0.0110420990274092 -0.498510514010451
-0.599774870846747 0.0928441023358589
0.963136717393493 0.0500406466648787
-0.65690412920394 1.45710479671598
0.323230182695052 1.44295084226126
-0.482407701873115 1.08673807015188
0.346718901009118 -0.00131613549879648
-1.07072485127027 -0.767050515253794
1.72759130598368 -0.479444607273174
-1.13231460618804 0.973758733464413
-2.2431444240622 0.138747143606415
-2.77022718501395 -1.35780070007967
-0.214981843005349 -0.303047492546887
-1.23679639480346 0.0230236875709706
-0.838652170823007 -1.22974707519933
-0.309750822082261 -1.286373681075
-0.37753093576145 -0.763007152092107
-1.01990243739477 -2.31485471010053
-0.591452727321784 -1.09045944621865
0.396702356428795 -0.147788268729633
-1.05537021667317 -0.43407368795064
1.12276561651609 0.665495211138432
-1.55701235167364 -1.01852310269569
1.5079219080155 1.46927668096083
-0.0271175123289201 -1.41906747493765
1.24310892152928 0.423195527809364
-0.412006433160228 -1.41919152515229
0.0381611764876254 -0.84014082863228
0.442792267600743 -0.883513125300128
-0.853000509592173 0.872346491735378
1.45849422719628 -0.00209176334370176
-2.46011755848481 0.631523378029067
-1.00875040017663 -0.0744023134603707
0.679292105787379 0.831370557817003
-0.31093105947638 -0.916014328995921
-0.78496018611258 -2.66147254632259
-1.8139289043879 -0.952899936594867
-0.631075852432555 -0.962846640683847
-0.851401815274159 -1.50896695966895
1.66813653802229 0.929805594593849
1.07091139196676 -1.20326825390696
1.01280323510091 -1.5275333130441
-1.72774373360898 -0.252327995088567
1.46652736043944 -1.41851724385906
1.49969809740531 0.100478285657417
-0.571268012228919 -0.829143831608063
-1.16251363294809 0.342729297047235
0.206480140512131 -1.01869157004205
0.119341855991051 -0.558385997763149
-0.586382936473692 -1.03776220632819
0.52026293204051 -1.15970260186552
1.3264610966425 -0.775689548968462
-0.0265818462516738 -0.0885040516675795
-0.830119072602776 0.791219824360653
-1.33460123672642 1.50327935945744
-1.0323809748978 -0.210887761235349
-0.46580727407898 1.03109800221396
1.27696761280453 0.60436194414628
0.566195633803304 -0.869257762426455
-0.203948648707562 -0.132147962135912
-1.70383241921237 -0.0987317514895203
-0.13723167795191 -0.0457594710195007
-1.53646569273347 1.25435159383291
-0.514622260614904 0.454003245906842
-0.0764920023700455 -0.247622210707405
1.49745134966465 0.539170010235464
-2.24632206745595 1.2367943592015
0.0384562035830526 -0.692570721247572
0.506298212280799 -0.338712605493173
-0.230560765621983 1.53850262315236
1.79801921898018 -1.26942909693227
-0.90148314140903 -1.76428647196929
-0.291423163870407 -1.30890036085459
-0.814440649949605 -0.841927688244373
0.266986112485466 0.000155920197163595
-0.605524720233538 -0.444935096873565
1.60271622964805 0.967087556435539
1.58112333814651 0.590790248822341
0.388661904495871 0.167520337422786
1.29023983243033 0.386764394258625
0.271541993874148 0.0781652582135753
1.92740852862117 0.678561991411328
0.679758573250105 -1.48726388566489
-0.818983644662211 1.29558137776111
0.113835231728262 -0.322437493516324
-0.732672667991466 -0.330426844179767
-1.04246464806461 -1.39655010035468
-0.0226842613841323 -0.0851685473203708
0.706314009902361 -1.25425070760454
-0.615513203888513 0.974714163642099
0.387828987398849 1.43510855918845
-1.59746218018207 -1.20961861607047
-0.22131733561045 1.11486627743257
-1.03824725184279 1.14242869120529
-0.606550392676769 1.15321811346205
0.545081510157215 -0.421254875661981
-0.172853002656596 1.39566908789069
0.783464715755976 -0.827103919305307
-0.945001586469098 0.526983036636316
-0.462175108346184 1.93645809023275
-0.806648962861319 -0.672385784542723
0.80078385939834 -0.0227724200138699
0.899222809037191 -0.293620221021599
-1.56954398696465 0.727222506156277
0.704632823347226 -1.20293717156539
-1.47657382700207 0.115671792469968
-1.17610988613782 -0.419151327355204
-1.12750527267535 -0.674945152186846
0.374664655539573 1.05792941058587
-1.19390760093742 -0.38531257105121
-0.490117054424005 -1.18133545795962
0.251835422139355 0.345382108217502
-1.62328550699384 -1.093627679756
1.01257727804282 -0.822260849391267
1.31337291171286 -0.328559855748634
-0.82743968389071 -0.524748400147626
1.32883601299018 0.662338100737112
-0.584025709934308 -1.26392157742217
0.800418029379421 -1.97876753682891
-0.61735264423085 -0.495260442939984
-0.229654140734168 1.06262440773804
-0.766302741385745 -1.35659968517743
0.914395815283825 1.2014420098759
1.02914930223968 0.85516230589601
-1.35408009375687 -0.224956465369001
-0.391255043514941 1.63583580932431
-0.0154533774652811 -0.646885226210612
1.13204562341318 0.221226104823127
0.355633783226203 0.992595030773507
1.10754276165799 0.519951700345348
0.679139023488586 -0.619160088657237
-0.440300387953995 0.119865993292464
0.278075742706641 -0.765193581362039
0.0342894211993665 -0.103896165333557
-0.127057547819477 -1.0321929855792
2.24506525197186 -0.624905348792745
-0.850467751058524 -0.389648078259541
0.563211844402386 -0.678540031364166
-0.81042798739545 0.892041816432478
-0.731352650349885 0.861156624079067
0.681699017804193 -0.447685258913631
0.366578928497263 0.0573120532608801
-1.1076574566671 -0.0857805392688252
-0.583952507479279 -0.526601567971291
0.73014954227548 0.83796041168871
-0.633490211999782 1.53973904881426
-0.151563613130421 -0.578818859202343
0.523266320538776 -1.39338151149024
1.26050182248595 0.921618025255572
1.19747267446301 -0.523403601027408
