0.26467320197701 -0.254342600084037 -1.42151739582758 0.0767503904979716 -0.531542338465135
-2.70382406288895 -1.1637550935226 -1.67144804047589 -0.512569928942397 -1.76300117697537
0.873411271327849 0.579235768228643 0.764761894429731 0.538388202094653 1.94915524022344
0.224139664856351 0.0698114277908538 0.443377440183642 -0.384669143826117 -0.128773470749253
1.10259990005166 0.643172724715027 1.22826324010828 0.46765528980133 0.749080483489664
-0.032376650729996 -0.973579325723525 -0.587050988117049 -0.261591879222096 -1.21582929441259
-0.0668333546766109 -1.26307782545033 -0.980251577162838 -1.59470675564529 -0.997597591413951
-1.22579433446405 -1.15434529474952 -1.86456704270191 0.266984756401589 -0.645369576645568
0.99150136284659 -2.08511297734104 -0.228594755760997 -0.43486558040699 -1.87549658810838
-2.03760186715403 -0.627067955645731 -0.777069855257629 -2.80108309436168 -0.799691994361543
0.599382109892067 -0.0226146303414541 0.889317954423134 1.48968961848891 0.274925989502927
1.16626976742501 0.211426968606885 -1.67297133338198 0.502917175340252 1.6563052746105
-1.84699208629697 -1.5879839995684 -0.443600313882013 -1.25120511681641 -0.216973050416087
-0.66844237849175 -0.519135770408153 0.104355327415204 -0.442031510869731 -0.793489620741357
1.88650957320129 0.079350902629741 0.617891605822161 -0.0535492764421422 1.36607885704835
-0.854145327147107 -1.8782022880059 0.272431545968612 -1.74740182207652 -0.772154674562784
1.21553990255927 0.748398016601938 1.31405626391412 1.5209038484894 0.896905000040232
0.51670053821716 -0.979526760207901 0.278404211815915 0.946171758603754 -0.342400663985152
-1.79528405499343 0.198625192380505 0.534469814189692 -0.0204062743003113 -0.519314313045876
-0.604953973632342 -1.0244147433918 -0.613231048987553 0.567934556706173 -0.0430761195103116
0.719962236973038 0.467857580526025 1.5334878107055 0.669907298198714 0.194033488212316
0.0726326913321753 0.169951182417276 0.763739338475516 -0.651643502937887 1.09955072349344
0.339675194607399 0.977759606224192 -0.0564106361538109 -0.537190598988512 -0.0961209295890331
-1.99880469381654 -1.32465983090757 -1.51068453214904 -0.0950102431562516 -2.2529382828376
0.864557394102513 1.00259669431217 0.285607906767205 0.888725277882914 0.430282983756407
1.44922313279272 1.60466025696172 2.047522373716 0.28842627578777 -1.53340306744656
-0.0611917453836849 3.87508919089509 0.684166348371773 1.33359795066905 1.40942044152441
-0.483596471496866 -0.103896258139324 0.293588295311367 -1.32122830945155 0.814713774212334
-0.0898312106115174 -1.78382123978258 -0.959636704357846 -0.164857942221164 -1.22674054333586
0.79178505756443 -0.32792891308561 0.618857262417062 0.727388021267867 0.629040355807911
0.316486461567504 -0.657499105136448 0.410004952165013 -1.32754573279489 0.927960369716889
-0.59738528820126 -0.184624901442784 1.34606139085432 -0.180529255917448 0.997123613591294
-0.179055887845516 -0.92610118029335 -0.310173199150658 -0.299894137416882 -0.79645466635839
0.806973159914127 -0.192823833631208 0.866332621291938 0.262214396362119 -0.407530566159393
-0.58780018817594 0.911321617040247 1.04238722233826 1.46271988737473 -0.991872901604923
0.286477476435355 1.43794097812628 2.3915811240231 -0.361198538144871 0.339721066318308
1.37044661012255 0.498238975257581 1.00215498128711 0.694162625474884 -0.70840925082571
1.13667326991436 0.594998698295637 -1.08133652610617 0.393634106688634 -0.595989998743278
-0.364773132494067 -1.01245983150861 -1.95674831331386 -1.40372702169957 -0.708646118639937
0.481386123234213 -0.648281619087194 0.0325074567296866 -1.62691088630747 0.0531477499993384
0.573119770618668 -0.0963530518268396 0.018449899862734 -0.772863272067635 -0.832606344961165
0.246094197420577 -0.51518200592601 0.973829425815149 -1.08554006311666 0.149724085145981
-0.25508573740324 -0.705742987230951 0.628927742621452 -1.13066563107688 -0.627539988802433
-0.189419904477312 -0.562032960474492 0.167758672503889 -0.407297485860574 0.234576354897743
0.905202209079727 -1.34212905431888 -1.1681443556528 1.28429739340924 0.184133538919441
-1.17074434909909 -2.05451807792315 -0.436883187436511 0.232555873531265 -0.764778307578621
-0.440291400282969 1.31783870576051 0.878692848024742 -0.10135178271206 0.628670790998583
0.23594416187968 -1.20111694558492 0.767011326381099 0.0401354889433165 -1.18431290673389
-2.37225219314222 -0.991273032858899 -0.979423166188231 -1.68413938249042 -0.966187408869065
2.65241438562062 1.14836846936819 0.135762893414348 1.99249692175341 2.56733809615313
0.274571763715832 1.38614137102911 -0.462488543803474 -0.362492614372406 2.03728861232297
-1.06675777244263 0.375346179590099 1.28429886576755 0.317007267022919 0.339543913384838
2.06185008455735 -0.515995086495476 -1.08619109946939 -0.525034022704399 -0.59201875709476
-0.884897882729981 -1.21800469494203 -0.411698543299087 0.10733691033881 -2.16853148171528
0.819852241592093 -0.233919548421448 0.648191006621013 -0.703920098740287 0.426185753458754
-0.133008582066356 -1.20744992250377 -0.0341416508189142 1.69867876987603 -0.0990909867478526
1.04100293159663 -0.712987068267124 -0.475138159583384 0.261419602220993 -1.05252139044583
0.670301367272453 -0.291648534552862 0.416815628122746 0.461393017979526 0.840768917058004
1.02880158916852 0.951796255709447 0.85130340420547 0.524195480362383 0.56958574704559
-1.55669338085063 1.11389408900308 0.0352070998051 1.05900779538705 -0.29751061613463
-0.440944894327797 -1.57017539096788 -3.0786656983986 -1.61868546464494 -1.43769264735057
-0.370161064767758 -1.32921671138341 0.633287899782851 0.182285263404093 -0.880803479972033
-3.02265588172222 -1.91820437500886 -2.54282980742196 -3.40764885807922 -1.20828653949519
0.653088023739997 0.22969476573073 0.671085453620077 1.75383776726855 -0.354032019060578
1.05881757492252 -0.341037135724794 1.53300744369161 1.19152564012741 0.982002443427978
-0.195126487372798 -0.746301422614519 0.255156804160807 -1.30223365196977 0.609397105337891
-0.758841001363041 -0.378812971701522 -1.58728084094497 -0.599807869889161 0.743412267444956
0.45316205913736 -0.278886756996099 -0.186569476153628 0.801004025868988 0.515991720277149
1.10681107880184 0.868229252845735 1.24348300690716 0.746497854588989 1.96271609547171
-0.0907096790882056 0.232357505215644 0.577815806287348 -0.405417343190563 0.74547384912836
0.8105404220902 0.0693971825319987 -0.60686207672754 -1.04117843905705 -0.194630800572642
3.29906592275458 1.10594253796287 1.8553016698253 2.02302317563166 0.99359512029656
0.129069044431669 -1.67659999276482 -1.27125144820678 -0.927413177940496 -1.7841980241602
0.0232666777279523 0.262090713221838 -0.183597517550291 -0.255005387210676 1.29158912082803
0.647560754525871 0.275159682450786 -1.20215391929539 -1.29229350713922 -0.0495240005570238
-1.97904267412145 -0.174720542269336 -1.29190535037466 -0.0137506509586076 -0.0088986676642135
0.0747911851325378 0.700574234026401 -0.663587866454698 0.523378834623137 1.41321965650618
-1.54535966186533 -1.0136736176046 -0.768711938812879 1.77949558292433 -0.0767069337921003
0.144517550175028 1.03425242182942 -1.11571591013852 -1.0646092089956 -0.265531210791753
1.49327748794937 -0.166042616473234 0.533044644447733 0.989019233606714 0.725621171389243
-0.00168842608070812 -0.837109417550763 -0.784329360891651 -1.20136065050282 -0.21199854675792
0.385416238460348 1.15790841627194 0.912079002273721 -0.661722088839023 0.167682522313661
0.993739473967309 0.474547996978296 1.05770236155345 1.08687667066967 0.735731212776544
-1.12812164898416 -1.29929234526193 -1.54541725939959 -2.04166357996527 -2.05064784302464
2.00228451435825 0.317363058353504 1.10834511613976 1.13951068652624 -0.00200588537367474
-0.41159640913862 0.324722533867191 0.432560939730878 0.591705875815848 0.849363811654599
-1.63392440488127 2.55794612707216 -0.243472106360777 -0.620546689660436 1.17146379388428
1.29724587946497 2.77475971319212 0.982319460336461 0.174925225736318 1.55264563871633
0.731411458006734 -0.292556937332939 0.297353489738374 -1.26465621347536 0.784585004382069
-2.03678044862748 -0.729867592760374 -1.71274691724761 -1.02081807458597 -0.679485062709346
-0.102049958678383 -0.0337545257452882 -0.851841123325893 -1.15260819550771 1.25494274073677
-1.46580312482237 -1.83826753620896 -2.14864703842883 -2.81124795523483 -1.86067908767846
-0.794954380813549 0.0365783171717871 -0.769010286191287 1.02247267968691 1.15225571575023
-0.556276480156916 -0.836081593548464 -1.13329382238646 0.282182910759644 0.398587509812327
-0.936831212045783 -0.392878662241966 -0.967002930841844 -0.199838316782976 0.488522634560415
0.316911104701488 0.509277413448281 0.998655784301274 -0.271386627605501 1.51965764861417
-0.190998670884145 -0.147237038100061 0.275552010682829 -0.731976350049481 -0.521517434734857
1.0458422250811 0.478560827574661 0.502468429083854 0.18503394898467 0.37778606887789
0.252368394554365 2.04643545681582 1.05882291515498 -0.353695288099095 0.107663690091351
0.505767841507793 -0.26737262043792 -0.238087798797905 -1.90196431977465 -0.489364642648349
0.223780594999909 -0.733976263850631 -0.284340627875515 -0.0510695418660283 -0.155777852399591
2.21281228550768 0.332641534559031 -0.222039360814275 0.64466716317885 0.765987639452718
0.627315746001083 -0.16057578721645 0.994906777744223 -0.583901679777442 -0.504385830231586
1.87860574948501 1.10594290568505 1.94250929126698 0.795720074484314 0.809382809569068
-0.812748556463722 -1.36940457859719 -0.740960845499433 -0.0615466417996114 -2.2854761614942
0.710206487189981 -0.444231412458385 0.489733141823786 -0.282755065529911 0.136484371854416
1.92051689988866 1.24198482277436 1.31101013694645 1.0936642226471 0.77182650104019
-0.551839260884443 0.353221136044693 0.450484429620645 0.0456192729401022 0.729386589068341
-1.03446849232324 -0.0453408273869888 0.485097453922223 0.192218628670831 -0.554440168946404
1.37452243304298 1.06496765181686 1.60717637238834 0.232115292165093 0.291955226677119
-1.35921547941002 -0.266170904895297 0.974578313662005 -0.448643192830596 0.224104561563909
-0.299333913329704 0.0235417655063883 0.984312480420141 2.38500794450875 0.725797797650681
0.99596008044451 0.835773457713052 0.51956445738456 -0.110493121145792 0.339276003151231
-0.612232217499753 0.143154843111272 -0.349779010579122 -0.405907507285673 -0.71535392016993
0.796371773316639 1.11761771167917 0.569730283232373 1.12419097743514 1.83157355682967
0.689577997424141 -1.16942269552685 -0.900879700150023 -0.322900029558632 0.0610355535751685
0.249250517746399 -0.60763135923083 -1.00598630824328 1.40649041959333 -0.119142174781691
1.23011055758412 0.407618816678734 0.0549929248228195 0.193514744161113 1.01049705287725
-0.163178651670762 0.177052935533145 -0.769606328562986 0.206442160998065 -1.1396094256054
-0.425291050931696 0.527482433033639 -1.54514776229657 0.120606885099188 -1.27691405882529
0.122901727924501 1.51563666276455 -0.466329605250279 0.56577705843976 -0.83831452051507
-0.76823764511052 -1.11714642316588 0.711442403844044 -2.03318354430361 -0.616327553673334
0.840606466092094 -0.776098241098018 -1.21384297673726 0.899271847383054 0.0369910354744036
-0.976660951058381 -0.0172130375775929 0.694253147777533 -1.21637348616073 -0.878182686547792
0.376914846399361 -0.383852047079946 -0.13986429003503 0.149457855703445 0.41530124920865
-0.431493445538622 -0.295722498858554 0.179941688986234 -0.521728472148245 0.723344913698675
-0.322316068458268 1.29923145424977 0.14398717080048 -0.0264967952774328 -1.31920038303522
0.0133231693657947 0.163756557902848 1.68062398014741 -0.0782150176861818 -0.633687815206525
-1.12200489277946 -0.0832650660865757 0.594104991674119 0.190553671091554 0.104680514296579
-0.584105778118729 -1.43754323145507 -0.290680331397534 -0.0866207962272699 1.74923075398386
1.11225197450384 2.47334746180955 1.24244325755762 0.716265704340703 1.37015414616601
-0.0707882489169238 0.264254599826337 0.0205638492353303 -0.754349226413594 0.55455400316677
0.118751160609195 -0.858891834110716 -0.0156478847131146 0.150286483637943 0.117317385935337
-0.778891860513482 -0.20539308601627 -0.372420668985481 -0.819182045288421 0.346854761850612
0.705737063584975 -0.368406854465358 -0.180343162917424 0.414689095467954 0.164084614747306
-0.825672942648228 -0.268285266734498 -0.459644356734144 -0.219546307422464 -1.30882928117387
-0.789034988384336 0.384126825528728 -2.16751092043709 -0.0528667986692927 -0.128886158455006
-1.25631343546862 0.611950927756345 -1.20485579655479 -0.959691641381888 0.322613617006254
1.19654581474748 0.0225079855803655 1.02052911914723 1.50965151845187 1.40403002951339
-1.26494370267871 -0.901805549896726 -1.25935414440354 0.164446685143055 -0.233150274410138
-0.221045454682937 -0.952286473456533 -0.212046489807978 -1.41686717332894 -0.998351086286578
-0.595391477237571 0.353771117258774 0.296316233859081 1.0510047338463 0.234583688826181
0.669759130183553 0.429400574529734 1.3562346057702 1.22502215265229 1.85766659787861
0.115890165003918 0.443652205079336 1.2215177126692 -0.163851632747788 0.402989522354464
0.353580590694229 -0.539967831740398 -0.283193832917172 -0.645442004997784 0.23436752427418
-2.28184474224298 0.0280440951902294 -1.30979864837663 0.492175554699949 -0.482239027856351
-3.3106564861479 -1.08932503796092 -0.350887833950439 0.482382846060246 0.552319278088412
-1.6522210365828 -0.201244682038506 0.0596398153330904 0.11993970103263 0.782022795916319
0.627630812291524 1.31190532559816 -0.0436002691549279 0.943184913614282 0.963587586579934
-0.210123961285966 -0.60505300759787 -0.744750985395311 -0.032551027663752 2.10175619981736
0.321988074398249 -0.411447101300812 -0.433453428247772 -0.74960714613872 -0.889796356359215
1.47461605041611 1.26206773556856 -0.46689626096077 1.4307205328111 -0.822665155026105
-0.0340046175290138 -0.88006643156354 0.246033259747268 -1.4736514037228 -0.730852669656528
-0.429040374833423 0.0414724414303267 -0.242948149146119 1.07288243278163 1.48052190394312
0.936498207259311 1.05222109485723 0.0274896453031894 0.850690347465999 0.938173583245822
1.90429671881828 2.59868182917016 2.13474059741377 1.22739560636013 0.144897212754159
1.0073940414826 1.2360367936152 1.32233124050126 1.93889716952314 0.670452918128363
-0.816085506978736 -1.52935866592091 -1.29489569109562 0.822354049045932 -0.463203647768757
-0.308536504893472 -0.378427784030365 0.932670861693572 -1.14844079813092 0.369816518278869
0.122856436051668 -0.317704268053474 -0.542434247655842 0.394225264736256 -1.53738740298277
-0.729448713331316 -0.0403034093411288 -0.0126167202228453 -0.859420313244562 1.15972609262822
4.22385356504881 0.438097779867956 1.27193690038143 1.30936067452339 1.47293638765254
-0.0553891559934343 0.968927757770346 0.722452076692928 -0.956348446673926 -2.19595838708135
-0.0557953736764966 -1.07411067550116 -1.35461855540587 0.459584185645588 -1.18203835634157
-1.24009246812588 -0.71113128264379 0.750418957844902 1.54655640841144 -0.861345103782925
0.660594108175125 0.0813058646299714 -0.068345698696209 -0.966723233236278 0.340164064336435
1.4797203532837 1.55755340329657 0.911915060083031 -0.356501103705926 1.78181963677273
0.262025142420481 0.544970710087073 -2.02878286966992 -1.88285073042865 -1.00328596837071
1.6916710669372 1.5421522456998 0.810274932305127 0.837822357711715 1.07743927992065
-0.775188990007992 -0.175307124029822 -1.1407283855547 0.370169444280617 0.31557453574744
-0.803092259689484 -0.72493696918747 -1.46319967169442 -0.876381319039274 0.41672967393777
-0.664766040509255 -0.607168380198288 -0.749719162810172 -1.76093918612035 -0.804423118536895
3.10722246985902 0.729874515411906 2.66128047562985 1.28006088695262 1.08502778275393
0.868499474430081 0.870579297291729 0.638052570781301 0.658400777552411 -0.980498067198028
0.19518874027784 0.726392925457542 1.02759372548316 -0.186499880180603 1.68823520468234
0.848637903945001 0.375180738450186 0.55280350271705 2.19949506404827 1.21826907867118
0.258376111992534 0.963582029425747 -0.631376529578877 0.410379098525061 0.448803454527618
0.562613262160565 -1.45062727824141 -0.810657510343315 -0.0660092976024263 -0.418410047398803
0.47054670694729 -0.428156651738574 0.602058767421239 0.231721207390325 1.25355205735814
-0.127039720032314 -1.50090250933676 -0.370266776277462 -1.22335597418725 -2.10825404370285
-1.28091344489916 -0.358085551900796 0.0956495677762668 -2.0575776031567 -0.920166516370553
1.61090709909629 0.994602628572365 1.41874472814607 1.98855475431413 1.6333588144984
-0.56879929721211 -0.444853034694803 0.443775230494123 0.420567221318088 0.97019130709449
0.22510743032452 1.5438619646248 0.620669138606358 0.110210953341748 0.765459312173313
-0.931187481322413 -0.501895536930467 0.13053743866078 0.0239893770354547 -1.97617672317392
0.155731023302859 -0.834949564296249 0.398809512869628 0.210355335030213 1.34285582472781
0.127208373584647 0.327835687494946 -0.988653839482354 -1.4342063454903 -0.333155214997272
0.35592297714996 -0.146395253193898 1.27162571840202 1.55011961500488 -0.666766783445094
0.267868384104747 -1.41290029476898 1.09079541029282 -1.39828340084932 0.614360703906045
-0.698681589039824 1.01698812809914 1.04622914197547 1.41829624917388 1.58464957168973
0.780719255403637 1.29965028567302 0.839469424452139 -0.149294586139619 2.0809736025365
-0.461879509741937 1.09035649224395 -1.14117042552491 -0.566549508052212 -0.111853645402773
0.390462924269189 1.37100505683564 0.11377823618833 0.0904833674118685 1.78568323569404
1.17504675275731 1.46353798574918 1.92218169689692 0.686457359354334 1.20389850786919
0.849695226648713 -2.41070308238037 -0.146959113410205 -1.40744362162792 -1.83401384760113
0.279742240012062 -0.264064060168216 -0.826901743064218 -0.326480533718871 -0.5571763911436
0.133942240339837 1.48366762989919 0.453287078367681 1.89873859486153 1.5343813801016
-0.594607129953556 -0.346918748482131 -0.475087622310599 0.696235590269736 -1.86698934341282
-0.0385510833231323 -1.40144506229069 0.390408706242861 0.750464382917678 1.24517687333751
-0.175351545548565 1.65883255725495 -1.01802051667652 -1.7619700910921 -0.470584472452101
-0.697319144167435 0.95755559323382 1.00120637522696 -0.665313802966326 0.0712903007332778
-1.11978611236681 -0.753267957478466 -1.31880677492696 1.26693751048967 -1.55331167599801
0.723062097921121 -0.0409806002658701 1.67502315595549 -0.605418540467304 1.12961909912447
0.856573636332704 -1.33442524146011 -0.0298405853046841 -1.79059557843107 0.220701158110392
-0.900688941243743 0.884589743483502 -0.443998641876069 0.408700999335963 -0.586971624428209
1.23232343690512 -1.37957285699356 0.0183133339129558 0.77663652390908 -0.308338171059419
-0.243462164556665 0.23334144500324 -1.30659589063603 -1.0033557302686 0.118334519580312
-1.06064340511077 0.388080814528389 0.19428283678255 0.858840774231866 0.330473165219934
-1.08049412087614 -0.17728017380922 -0.817274434290997 0.0537004036211126 0.898762873080472
0.0943236802960809 -0.938743277647866 0.822624060260928 -0.0433560935428999 0.0277256999804792
0.825872970390672 -1.72156790964398 1.92767887464402 0.998699334861388 -0.195301992012934
-0.298855821750959 0.89389258893961 -0.449171919039051 -1.47338830893669 -0.290965144702388
-0.147142883067929 2.16417674270113 0.0247919322835337 0.177412918742934 -0.219428561616691
0.278206279316117 1.42840940125522 0.186710889324962 1.91431902829328 1.33024424484128
-1.28204900216657 -1.58090697143831 -0.42160317202189 -1.40353163563579 -0.883647784946486
-1.260916057815 -0.72917603850979 0.627876846216483 0.781881078477215 -1.02283711646598
0.51120254855857 -0.634150969728612 0.343597187881889 -0.00370022068906471 -0.644405096744691
-0.975121319989855 -1.24108829039497 -0.78383444058501 -0.96446865659462 -2.04354267434029
1.4127917160469 -0.0276860999686146 3.52370451524986 1.33080678610524 1.26619100359019
0.161698081276312 0.123230302120776 0.606434991679787 0.43734406353106 0.812271131104693
0.0907434537782539 0.579309080770468 -1.15143963264924 0.764185896935114 -1.25539681504858
-0.506536901868733 0.426503440979902 -0.579659228507299 -0.538941088010767 -0.0779990604876269
0.160719093683864 -1.27295024684156 1.14786792276734 0.136214908039981 0.81072373699462
-0.545850445570579 -0.526796972273299 1.48624429195805 -0.160442976090034 1.11002256484343
-0.345326894086053 -0.303535477952723 0.497768961992297 -0.473732410222663 0.606044022842875
2.05328174590943 0.3814688667915 2.51554193105167 -0.334027383908232 1.17533927746221
-0.400194574749828 -0.392075793271802 0.6073236451367 -1.24765056434902 0.733534286018811
-1.68606360700192 -0.464477586067279 -0.105220403433225 -0.884950435469818 -0.675877631669055
-0.706721359604278 -0.636167237081429 -0.615392545142686 0.925810403594017 0.898199072808939
1.95936044980508 0.240328350078967 0.358888206042095 0.433307607117466 0.935684070819149
1.01511094938618 1.44751028046092 1.53083867889845 2.08168021487434 0.827607386157758
0.814052289909534 0.541557239687439 1.80775160247972 0.734501313010063 0.304932119036403
-1.23014680858861 1.1912613680726 -0.632584254695891 0.00412027867761597 -2.85615955424504
-0.560868284976861 0.603102469864211 -1.35515509398212 -1.25375706298628 -0.364168201742556
-1.39818090078544 -0.782843455505644 -1.68811885243847 -1.47120150075687 -1.67376959934845
-1.03435524563949 -1.07498972111147 -0.405198986550541 0.360761806543844 -0.340431265559595
-0.0884256269234568 0.225125670182721 0.161571404121402 -0.695862256564739 -0.609889395674501
-0.329939313300282 -0.234340756610755 -1.06226654449767 -0.562186787079622 -0.164121474914089
0.701614584814336 -0.881397460519612 -0.645697247394688 -0.077375483081234 -0.649837289955198
-0.650008913160372 -0.113437730121172 0.788823662317988 1.98159946646643 0.555311082048402
-0.167141278955065 -1.32586641015154 -0.627561928513641 -0.232716753897425 0.362309440544772
1.25610698303658 1.83285305250097 0.104245680915949 1.15282802146862 1.01899795434125
-1.04034772746836 1.2359808409328 -0.869130055847786 -1.06444665569568 -0.154764340010061
-0.56983533841887 -0.617234355241343 -0.77939172667561 -1.03466810333845 -1.95556598292327
-1.27400592446421 -1.44616618937406 -1.42194293218027 -0.733636189222899 -1.21639063100967
0.257287732136758 -0.01678020575154 0.25379501407912 0.606962367631811 -0.211680185411422
-0.408646652569118 -1.04897877075826 -0.533387406961892 0.841634695044847 0.190236244433909
1.69060258761068 -0.0585669415077618 0.945175272742102 -0.199801034944498 1.01664444897145
-1.05821092823444 -0.770114630414867 0.424256285195265 -0.243451589475376 -0.134978929146671
-0.744292328738669 -2.0598546125177 -1.24011110950893 -1.2625781355537 -0.25514538913854
-1.88989882154227 0.282097612606757 -0.589991007634441 -2.20353640275228 -0.343882523715865
0.0341837087435374 -1.51758273556001 -0.109982034521267 -1.7404529771858 -0.222935291400108
-0.230045759676644 -0.680414312304006 -0.489746130669585 0.337223032868655 -0.676438482458221
-0.528886221837119 0.539642640051619 1.39968236140299 -1.0369148447732 -0.437709983758941
1.56325206297811 1.2278161595903 0.384476837489771 1.13582431848254 0.319333258788865
-0.727717774583652 0.834737349919955 0.276660189140935 0.585429265476462 -0.530206531392888
0.407790915120964 -0.880766159746147 -1.06831668183508 -1.4798305860957 0.717996552335101
-0.726298627526495 -2.33854176060151 -2.0320640183429 -0.986327899484584 -1.61021000884873
-1.25201319426601 -0.560880811805075 0.353827635730233 -0.447501730769626 -1.00753323510588
0.00337199362707211 0.02017484216726 -0.855383354972011 1.20386243011361 1.01693624144844
-0.538629067167901 0.593820064807943 0.0744099577566411 1.64046630309083 0.85927168941045
-0.416407606452285 -2.05884919665716 -0.378762581547138 -0.0791956096149211 0.609378024941079
0.950386532878237 2.34354062514586 1.29892459639672 1.53355199818798 0.301532216812605
-0.978479117646645 -0.691098874381646 -1.31187863010394 -0.0311251597076084 -0.233964864816807
-0.85798046303151 -0.382013750647584 -1.24714070204775 -0.748025914570578 0.205323970856573
-0.02955616731625 -2.18273807438624 -1.18684630090949 -0.100038311612452 -0.0734568429647136
1.11970875242403 1.90930144028148 0.768950853473318 -0.395180229017754 1.38449170817522
-1.31614450088876 -1.32224870881492 0.703990097120553 -1.319236310754 -0.141547066504135
-0.704220219659799 -1.71934211650015 -0.440399740320902 0.881432324774025 -0.658070470403476
-0.354872897320234 0.203407479898239 -1.05825855808123 0.0572095471847282 0.105299442723779
-0.500316907494036 -0.415619218256186 -0.00827700537149294 -0.0940503601005284 1.03805155704629
-1.1816419556582 0.546686849094082 1.13868926868633 1.77627496515609 0.256445622002474
0.76031318637958 -0.391894592769904 -0.630401095900131 0.0473899209884285 -1.44689522859039
-0.926507137179621 0.12713851674804 -0.527609383975265 0.85175218757559 -0.961025520513991
0.448249032800705 1.70842156486973 0.322087901200253 -0.154317204766018 -0.471963031947053
-0.968526413215042 0.229399740820439 0.157711907540357 1.27319965372028 0.353884975547855
1.36909357915294 1.13550146857668 2.05087326636807 -1.2681262997094 0.00961030934229119
0.21429181052334 0.694862443523142 1.22064804632924 -0.505327233641835 -1.43411651740156
2.57740928598397 1.156622472627 -0.138673063686887 1.66835439287445 3.30328103026582
0.518216099659013 0.567766703931241 0.09764770268095 0.0889832033179898 -1.79863163634887
1.03667662957248 0.131867718165157 1.31728577562593 0.223755223433862 0.608585327314167
-0.752494772431783 -0.394046219092028 -1.14310225194413 -0.831650471680941 -0.738131095782156
-1.35985751613879 -0.964746221087876 -1.07581358187559 -0.163378951649313 -1.00096472744679
0.411501217291736 -0.145602200621247 -0.814748903917999 0.499779555846358 0.621000036023617
-0.549763301400047 0.418509231075675 -2.22851868765949 0.250732714078292 -1.40228936300292
-0.0389662151513454 -0.676374005236585 -1.54286594772534 -0.890942888821221 -0.597931040770238
0.254837373114678 0.215497102771823 -0.553103456844881 0.823758219169363 1.48232033814731
-2.48568841570685 -0.0999847897621761 -1.53856710156282 -1.02341067513413 0.0666284097524543
-1.21685886452823 -0.783453841583912 1.03319558547773 1.02928009115474 -0.14593720095443
1.33056261773831 1.85518184631442 1.92275223276938 -0.167516570366258 0.132047632575539
-1.92535202197479 -0.742830708210201 -0.923051985051123 -0.256882713686913 -0.0615998680587284
0.055981367510139 -0.423258775406544 0.0585038673358658 -1.66550999502012 -0.435835712271254
0.0246183259208522 -2.08266397241441 0.516939249250602 -1.18737381532809 -0.438721201278522
0.0827447834855883 1.71290652988087 -0.61188369772149 0.278155049468182 1.55784728540394
-0.338531378280122 0.476003257341942 -1.22119269977892 0.183444726636861 -0.465412601278489
0.770666271075119 0.650204994313416 1.8521479947242 1.28562507218922 1.78115765164077
-1.45531035543647 -0.263325539813576 -0.524809362310313 0.836768913691226 -0.239398459133781
0.558946408328898 -0.541944450800161 -0.359299752715791 -0.675622420954733 -0.360626629681203
2.19024335465213 -0.0479403909208696 1.00957115833304 0.354275163712217 -0.0770368361339606
-0.715962199007161 -0.958780212938104 -0.586662279279569 0.692672937125519 0.965157839576255
0.681101044754139 0.373476212996302 0.612911434371631 -0.0398830229205262 1.32744898988992
0.920379203556178 0.780741927237388 0.482995211157892 1.01551919567092 0.039913212944289
-0.451843789443848 0.729430039244096 -1.50713837634718 0.931443630947343 -0.606229185655836
1.11970983693094 -0.517384617292817 1.84419716992505 2.09267645909922 2.0439627566348
1.55484481693742 2.26187672248076 3.22477992763064 2.25708601636089 0.894775337765175
0.930693382984412 0.0602271986982681 1.31436436044045 0.283496991323318 -0.0572061809247122
-0.253508795960002 -0.209802006205064 -0.162172621674553 0.315558322468604 0.593374552066829
1.80273046733913 0.220499113240853 0.337839067775312 0.916207130976693 -0.568035219638549
1.05105655624371 -0.569479680557996 0.585633686065697 0.94099472615804 0.0341816113206034
0.861901551790236 0.961035257891333 0.457301412420877 1.13823144348391 1.73168553640557
-0.256748545511872 -0.568072089623983 -0.166856359091952 -0.173109205655427 0.582982174405403
-2.18965452596443 0.0101508768981424 -1.36185092573042 -0.713381216361018 -0.765913155110973
0.519472969987957 -1.12648567552277 0.509943267158628 -0.797983648515542 -0.599635683714143
0.51346379887774 0.828471524270534 0.158297692272574 1.2143867565783 0.687629116004287
-0.379978276129842 -1.25028759004625 -0.516698300651658 -1.36073175305327 -0.685573148858287
-1.8279810539302 -0.292812963629743 -0.269606405126647 -0.857090087230616 -0.778534126606953
0.622290727485987 0.855538077619313 -0.224110408364619 -0.809353666369178 -1.08019822247933
-0.785613334596537 -0.721445459428103 0.55086554498748 -1.19473799360966 0.759049884207139
0.920084522608642 -0.564155512297578 -0.232533115265574 -0.316444691080072 0.507987309419215
-0.110268367480696 -0.580132751620254 1.53762901849531 0.0317377698930843 0.408111806416185
0.477397011801914 1.6961144879054 0.898347431034718 0.910330972617382 1.12158396257973
-0.525500986020831 -1.60669725168053 -0.715336202561841 -0.259434339344637 -1.78667294339845
-0.637094961640587 -0.626418120060175 0.87246935495988 1.95112187669145 1.03633964148258
-0.232281317234034 1.43853435321205 0.293177850790289 0.413565014467642 -0.17990831258933
-0.289259235603444 -1.31831036323345 -0.887190963128648 0.453201161395766 -0.952065749969768
-1.31840480870306 -2.7260744846762 -1.30290153664416 -1.24793152958566 -1.588690344974
0.0614438784805894 0.91062232947995 -0.376660754726147 -0.175553649776287 1.06603651759957
0.154663094664068 0.496621059462124 0.826989265107083 1.13798974508119 0.255139389597279
-1.30795220396638 -2.0034482268552 -1.09106754490822 -2.75600938334111 -1.51900105756817
-0.239487909031673 0.0275363484377953 0.0800026887306326 0.679229632265216 0.524251873276489
-0.76036383506704 -1.07657369201304 -0.278295394669118 -1.02786839468845 0.811922145765109
1.74914885623872 0.0428162767140334 0.379037818438493 1.00043827502377 1.9068015257751
-1.1364130403367 -2.09756635929048 -2.51801917018261 -2.05032885478056 -1.02609091027981
-0.527499319060235 0.299543225860001 -0.876349216351983 0.193752807978217 1.13646254212728
0.26199994999629 -0.58903820402409 -1.38195089852542 0.510470169508337 -0.919494667983816
0.620060717542398 0.408310204717342 0.242120614861184 0.493195947759164 -0.222401524173898
1.08529240054964 -0.515915021204378 1.19918662376382 0.285204890278792 -0.316364476674367
-1.80982805659096 -0.550876991233214 -0.8626017407549 -0.410434181023728 -0.519420804514918
1.20288446232793 1.1697468786434 0.717209597138835 0.639579314609782 0.929355575771199
0.145617825716348 1.60358302569132 -0.509325910069923 -0.606285286882248 0.401456043780018
0.539647255594497 -2.486873264392 0.529550614322453 -1.21700383497803 -0.231626503792365
1.36191234575963 -0.680866815667703 -0.526376391663672 -1.0074244106473 1.60472821711122
1.0312333211655 0.478248530826807 0.0957337727393756 -0.140856756279071 0.32788231755528
-0.531743316970707 -0.70622075831534 0.0310799915642157 0.38223839056222 0.196825817529976
-1.20873029193569 -1.11045299574595 -1.52571441096804 -1.60358367588549 -0.0939224606851796
0.544837202392295 0.872722695600049 0.437904340793836 0.184104157798748 0.331397167304105
0.928148536418655 0.65007145246067 -1.01739796249901 -0.488685598393758 -1.18739906386857
-0.261622754861603 0.305012998439588 1.02184186353708 0.333052336791301 -0.54073734964376
0.206793666717526 0.408197237656752 0.0947251741100252 1.47003775848403 1.19268359426626
-0.519643590279488 -1.15427918979073 -0.00891688783217157 -0.661053886131414 0.3826762014233
1.84310551903707 0.986106449636115 -0.423734809672612 -0.0353098509611958 0.930280033825691
-0.375049988793906 -0.85970964008928 0.673326956343017 -0.0895234565419687 -0.843703638096404
1.09129844652797 0.489107003113995 0.575138213770812 1.15291000159639 0.230415790273061
-0.396437723304067 -0.570476041664882 0.337208274260093 0.720879268650728 -0.139293243300099
-0.54407844299635 0.435562283473916 -0.0487990355396358 -1.12596897453123 0.299563155689621
0.924747654664185 -0.0713558155683817 -0.728935189294579 1.46265476755909 1.1942123342026
-1.67221326219222 -0.0617512325187579 -1.23068639195901 -0.310890132799873 -1.32774928215693
0.329375808231033 -0.799643862710108 -0.451285392884313 -0.0075486242386928 -0.0301641996678033
0.492022728714812 1.27929730967842 0.115704288747118 -0.393735612210951 0.166724301269714
-0.287419318821909 -0.520605089790745 -0.895533693781804 -1.81376156057339 -2.59530299596307
-0.417517274299107 0.363520149021411 -0.735331056707296 -0.442224664326215 0.15506689359133
-0.649984904812877 -0.245032586081482 -1.15379503555323 0.00774136154950303 -2.27937903937661
1.15514553855926 -0.134991998872393 0.403536989945172 -0.354756647451333 -0.0649722823188338
0.431839001483384 0.0297757285728947 -1.17098860841361 -0.196280764782119 0.136138238509816
-1.76215488202265 0.386623298447286 0.584188428726627 0.212331733768298 -0.653784841978552
1.32251578070622 0.553854466758023 0.569438162860289 0.184796058057335 -1.06885831802546
-0.756646744191112 -1.8847615181089 -0.678730908404692 -1.61801549441536 -0.780627561786572
0.503913203759492 -0.320815113812023 1.02174017704188 0.214209808348094 0.290741673838568
0.381902290042386 0.628315939510331 1.84325226964568 0.543253351263168 -0.279666027453495
-0.629760621897242 0.544554907774283 0.382550285320878 1.58268031600629 0.344635762823856
-0.113243245102079 -0.425142821468919 1.1551205815534 0.947160282332253 1.60047855312061
0.946573954356673 0.648566565910076 1.28681402591496 -0.0354352875647921 0.547470899838242
-0.57322748207889 -0.281535367569246 0.495533463563129 -0.284397434400701 0.711113470944855
1.34205431257718 0.557560673499049 -0.291584485364558 -0.161172466599094 0.521070732548301
1.33974651451422 2.2691903731428 -0.164563686362078 1.16649926049888 2.41995490037611
-1.55054128916529 -0.212007367069105 -1.66313186041685 -2.00522443381317 -1.07815817076368
0.796714455776207 1.10886339808556 -0.658712091075712 -0.143590452364777 0.072853625577728
-0.544757381926667 -1.39081734872878 0.384969866584902 -0.37907452447553 -0.543367320826736
1.42728415048862 0.3440349566041 1.39317121839717 0.318347240559575 1.57443709166447
-0.629824205078433 0.878012052958013 0.129655252552177 0.212346876341198 0.570570805687571
1.46172606172692 -0.26620376810366 -0.205060230280536 -0.180692623791077 -0.226124194549704
-0.175754862006954 -1.32000452662312 0.2555522114771 -0.308345648235502 -0.36710848461507
0.270874083546152 -0.732011296619054 0.40200443273975 0.329486996999206 0.0657744315789182
-0.724754468484595 -0.027554632108104 -0.661472920652125 -0.406817457485786 -0.846480801187883
-0.593508049235879 -0.22533115425711 1.0108153397846 0.918451611218308 1.01366913199199
0.681348490981784 0.032753644416748 -0.19849892512443 -0.134742984977304 0.0692412124456452
-1.42834872635975 1.03240558035397 0.589609089971087 0.330578597926264 0.548550266580716
1.27745191868139 -0.0880466664405263 -0.682690673598578 -0.296290449292477 0.322220759130572
-1.11379758139649 0.122456701032506 0.517207925263781 -1.90060221054599 -0.71950665180077
0.873039011323557 -0.62633478245706 -2.00242026849296 0.342033039550674 -0.770936043092196
-0.0491311463247694 0.753624847186217 0.577577027101588 -0.744581706060351 -0.286340317432712
0.457352845071042 -1.40246488928872 -0.757722647665751 -1.70954318808027 -1.85672079970491
0.133219664945739 0.319807501845917 2.19681614779851 1.19799915101191 2.14825798264527
0.344781616709994 0.0301457532507845 1.53917916781362 0.120748230979968 0.0894122217656108
-0.0476437080627513 0.797458304188577 -0.160837782682692 -0.129088473361265 -0.830021309128979
0.528919417235789 -0.557530949341496 -0.0568548522280315 0.809382751445872 0.977592081767805
1.7174518389141 0.851893018001408 -0.198759140541844 -0.178028371295536 1.26064114674994
1.19536272337141 0.420306580432449 -0.572842129626787 0.884560418996746 0.214566292935701
-0.442309064306961 -1.44621922011728 -0.621717543304228 0.286534011091888 0.726774370282859
0.501594512467326 0.669497703707762 -1.02947584557149 -0.910815955956836 -1.45216535257605
0.439573100969635 0.866637588533581 -0.107441886953108 0.166543933819589 0.0253279883726361
0.441261858550252 0.561894731430254 -2.01018716375182 0.714801818677447 -0.0940707548794573
1.93705707477433 2.26943685737462 1.30090127939884 2.22400658874371 2.71983464060557
0.129295631884861 -0.191099284419559 1.72644392808103 -0.619152997639503 0.835315735755092
0.487041181775719 0.782316565154635 -1.20745172895729 0.516974600103324 0.213869869523119
0.286759816702548 -0.426334593527412 -1.36780202077626 0.749463546802689 -0.46839679078843
1.22921321711738 -0.794879152035503 -0.795358261454384 -0.989583714273361 -0.863587639284687
0.473969616167897 -0.210480640013534 0.290820333760569 -0.118622607841172 -0.835260499390973
0.188471624194606 -0.315875354256802 0.876349064393911 -0.0809935676228296 0.573450112582798
0.562995837907303 0.282425936760222 -0.313042766737034 -1.22984711360987 0.030721601280926
1.42064919538129 1.86162633301183 0.463719778667792 2.23256752384 0.941396221776712
1.09889394474581 -0.819993051088581 0.158816329074334 0.87332490387835 -0.236083931473979
0.168975165928457 -0.338715726232085 -0.174177014235337 1.51499572814174 -0.274295642346831
-1.21898087406814 -1.77226042274286 -0.758770292721633 -0.945652429440292 -2.38388921630489
-1.00124842045521 1.17689929132593 -1.4121679739814 -0.18780467051028 -1.74408236728209
-1.05386600669382 1.78086444071819 0.247390512714443 1.53822102352809 1.17753023081907
-0.339001707288545 0.489352909765997 -1.4940150102905 -0.9719940815024 0.558816570224577
-1.09103932789217 0.592628993072116 -1.51044667915089 0.665512741499067 -1.16366110896788
-0.848024886077938 0.937003672103155 -0.522819731790103 -0.965854744010964 -2.03157906246046
-0.165403567298858 0.400947777346678 0.496491480557826 0.546532760700077 0.146757887619386
-1.49016577926525 -0.722230774602575 -0.209797347509645 -1.59208553606784 -1.10508713238823
0.453135578466631 -0.912488593558223 -2.37656253122287 -1.35449358116151 -0.936050496189984
0.403262729760813 1.53523397566092 -0.139590970145146 1.39169270883956 0.8920846946621
1.00853333978927 1.13168772344488 0.613326146385931 0.0966973381342456 -0.191781569127441
0.165630778364274 -0.663341291267508 0.428083451824523 1.19828861714529 0.676344063372455
0.513047427550486 0.441927992522149 0.138822385938693 0.289547341381835 -0.650923518341433
-0.703234887371841 -0.375572312625364 -0.807120358686681 -1.10419276777158 -1.60785303806161
-0.318302789643278 0.481582809193844 0.688381057982038 0.0683337748701195 0.398557568416196
-0.113446869157288 0.871634547887518 0.261709765345759 0.55597065861992 0.0763787617154715
1.00196294588742 -0.438946169370241 -0.389983042530543 0.459892952798497 -1.11777907028779
0.329504858401424 1.2517248998011 0.0504814131877069 0.388565803990993 1.41062487740315
1.13721663077329 0.620204895831646 0.252645873839818 1.87884881841667 0.278650967449692
1.25111844512797 0.834067278569082 -0.229817370238674 1.37247737681231 0.521934075140535
-2.32188196160843 -0.964249071719016 -0.817185417566587 -1.91826131061665 -0.667960408562431
2.12638991945804 -0.194749680263716 0.0416021547228158 1.46022133867218 1.01681033322515
-0.613140264226501 0.0387205767956295 -0.337380466594887 0.332966681862769 0.31358031477684
0.836213930282616 -0.286978531969381 0.505284348820738 0.731454784561795 1.86223924357016
1.23750152236262 0.375005363174273 -2.40407042119838 1.31629731804771 -0.495249643076127
0.117434407152663 1.0391404949549 1.08073189028228 0.288921446952968 0.390414739411945
-1.07164013771782 0.0981329140216174 -0.352169050683573 -0.408210053382454 -0.928520127947432
-0.315956232934549 -0.410530451843146 -0.171713763003954 -0.192559304676222 -0.911096530745844
-0.488794228277167 -0.4685148828997 -0.787494959983562 -0.96451459151424 0.289910637799963
0.503129727872252 0.400899400262702 0.525061235211991 -1.81265503708742 -0.110751677223325
0.0769246626528812 0.345133826213079 -0.948091944074115 0.784489113791546 -0.998909046620611
-1.1057358489095 1.00798652785326 -0.281674760989435 -0.770727213500919 -0.375568418714363
1.15028348330331 1.65577915369325 0.826239030180912 0.722007980537818 1.24632991093947
0.279358611992127 0.842011189177552 0.534054723242445 0.723949896672597 1.24879019323546
0.342061254635393 0.370754150829106 0.838793457899723 -0.168939764231824 0.124459976375701
1.65644431231598 0.438038952666741 -0.487780678341123 0.805063102927746 -0.831384910472103
0.82245865968091 0.326044106933119 0.388222204844136 2.18123792497444 -0.296423337329533
-0.655812428371897 -0.44712888836113 -0.673377929031273 0.584607230193559 -0.643416472159056
0.82630421575831 1.51912717133009 1.41274971759173 2.3340553537633 -0.59901750292445
-0.380908938234788 -0.599799074085861 0.585615904551275 -0.406575908589508 -1.57685381083419
-0.237996241994637 -0.251378969484415 -0.0619936766347053 -0.236701644359022 -0.583265573202398
0.148827201130757 -0.883600405239163 -1.82047265397299 -0.147328230065575 -0.387942024345087
-1.39358958246116 -0.336428890903561 -2.36202503569385 -2.88526644398524 -0.552726344824374
0.38616142062672 1.30072003888963 0.14989633677356 1.92711005404875 1.51986569121422
1.54882546518248 2.41031280502303 2.34716959100729 0.459656858504052 2.3177334734727
-0.0420043042652716 0.266912805612501 -3.08268915023213 -0.433373388179509 -0.640890007884024
0.42541549463567 0.725627760051127 1.17034428490421 0.633055387148608 -1.48325087119005
0.054254841946154 -1.04550996695382 -0.54673406369876 -0.863194608010856 0.117839919121353
-1.23010493971924 -0.895745853259907 -1.73552023087898 -1.79334599657946 -1.74599872157738
-1.66722365212789 -1.97863932592827 -2.7947624861067 -0.957800662542826 -1.2672123988889
-1.03067300443951 -0.0702367855123907 -0.0154776897898497 -0.576765541228334 -0.863577990872001
-1.0893735001005 1.04447723623424 0.0900597545497548 1.16762742869205 1.0157982983435
0.42712406954224 -0.645359792997827 1.01871192283464 -0.702152215192756 -0.0926450315495315
0.0733164694466386 0.691474124586293 0.0165969876622838 0.832410743666609 -0.289889144574725
0.204417699207757 -1.74306796095249 0.0220468482818485 -0.891941410040172 -0.703806180181542
-0.324763674796811 -0.632800849094294 1.16801160114699 0.0292536190057247 -0.826844461199134
0.46898824006821 -0.178730129865829 0.942564620525565 -0.224949837374395 0.718581304344779
2.14497975530086 0.776179757724015 -0.283191376182803 1.80175521786619 0.247845587541631
-0.344780125022835 -0.156925925777943 0.911221690585586 0.795233118403519 0.483800202877969
0.726388041575911 0.26765913691434 1.30630924752532 -0.787920209756194 0.433222487117268
0.0485660375425683 1.7046278378954 1.19258173695268 -1.10996019840882 -1.46094057413912
0.443290446920727 0.596566203074591 0.690626850677779 0.079352800255415 1.04488044399239
1.78349026518729 1.91583659828611 1.01372604721768 0.986633555894625 1.02806492161878
0.46641875485164 -0.0559586930223145 -0.70280811939448 1.22375972916734 -0.236604112839954
-0.334263627263339 -1.02052431946855 0.0511617271615171 0.623431034510918 -0.394594963918444
-0.3347449912963 0.404916120088531 -0.207663014884613 1.0755415920423 1.95120744640156
-0.610704555585139 0.925157724106486 1.22821691249924 0.646897622079345 0.132790650082466
0.577244764907131 0.764898969030562 -1.31634480696652 1.01108242429344 0.212610407962375
0.698784777377689 -0.804590381390403 0.758533701653034 0.280235630335381 0.0561254084295469
1.41266645221078 1.71128408598263 0.585162477032978 1.46373442560183 2.24473217317315
0.0419384384869244 -0.318304320893184 -0.337713114156641 0.347188694945184 -0.522984688767719
-0.046209966608196 -0.255678545975433 -0.960815710287352 0.585090104523547 0.398163139011277
-2.02764781209912 0.0494503863502788 -0.080290544447564 1.23224449916439 -1.46941237830632
0.275588990400128 -1.05315447455234 0.146225560850989 -0.267274959325352 -0.0717765531770478
1.08065228810455 0.0436974430733479 -0.185595023735023 1.30757849677674 0.639778223412239
-1.24283932889271 -0.841437446147914 -0.0269557728755381 -1.33698948765046 -0.642130007715535
-0.387437681583637 1.83116171860639 1.48094701546066 0.285974946703292 -0.226205820661787
-0.325705023821585 0.98572402840175 -1.08137660634542 -1.09764182457778 -0.465878483579328
0.498278558848999 0.140433575205502 2.47349792202724 1.08183252918752 0.732730306106907
1.31810118688596 1.69687824316505 -0.423979345860714 1.12659837553125 0.201079338871522
0.71909914631288 0.901539521432929 1.56281029701618 -0.0124167443518127 0.0562971163614539
-0.513109297113575 -0.250742294978454 -0.621560112755348 0.624135294219115 0.36209181578824
1.32273730101789 1.29615071513826 2.60744877945746 1.14803328397956 2.04071285475678
0.0239632707957553 -0.706108036687898 -0.957144235669762 0.291625198543412 0.1581172600891
-1.39088294527053 -1.10542029976021 -0.524311766229265 -0.445798706180344 -1.68822504836999
0.370056497374751 0.667989419715136 0.158456722508096 -1.26459464436694 0.335965373759029
-0.720694446404958 -0.5096566755254 0.181796194990265 -0.204988820541487 -0.382932935284283
-0.10558252363014 0.659094145927579 0.164019886056394 -0.23021907955081 1.60517451973811
-0.143266087610095 -0.915298454198327 -0.180516940376138 0.355324229355211 -0.525142228779036
0.0870380094941094 0.294701139741276 -0.0546621234457758 -0.764025795391782 -1.07593706735808
0.331921554395646 0.504995053867322 1.09047822340422 0.688477022485903 0.314225450297239
1.6797798182057 -0.0395962137207509 0.0929055433098167 0.189509425902066 0.601920957688295
1.17934646934559 -0.122328378905514 -0.261397881968281 1.1986323707426 -0.259543165402469
-1.05196135653479 -1.30779543141638 -1.10587575902562 0.285667862450353 -0.406856128314316
1.45251672623956 -0.983842241729866 1.05089664110195 0.910082735968914 1.96458795582127
-1.99237327127535 -0.738826627318098 -0.0865368831163663 0.731734927021425 -1.25218121513337
-0.213580623920209 0.0903700756603385 -1.01950555801314 -1.02427815941742 -0.07344029342134
-1.16929448874977 -0.976028734702203 0.0176513604288208 0.194018205485143 -0.573055931917605
-0.165026004424987 -0.27516397137868 -0.723880814328318 -0.687737324007339 0.119541283290582
0.969966101235831 -0.268131141932783 1.38317055769192 -0.245744454420253 1.48558704964904
1.07080957909843 -0.531063742479629 1.21814177893336 0.351212812994465 1.00926705424423
1.1083104658289 0.965974078546297 1.86793412354816 1.33197905848817 -1.23879235277984
-0.426201051250613 -1.0363030915211 0.397804474776462 0.153868966204154 1.29327647152026
0.62209207422309 1.60704176932762 2.15607792711409 -0.179854895466151 1.8529639553099
0.256736200333586 -1.13364129257224 -1.31903899932966 -1.81521920424045 -1.20698762817601
0.948156503525221 0.0900129723975763 1.3215182461458 1.40877436844359 -0.73188241159115
-1.53484502879938 0.0602326652545375 -0.00226993523081452 -0.28529131112288 0.306517454251999
-0.505856105291871 1.23611880798585 0.635999013959642 -0.814755914810095 -0.228057495122792
1.4338347777725 2.6705684743864 -0.131243896502157 0.858398871938392 0.285649503986113
-1.1536011107139 -0.515409583647914 -0.66460996341122 -0.573412121569063 0.74314763311149
1.20096358166606 -0.278502325387415 0.546331065413895 -0.140101835928806 -0.450838173693594
0.0082335377410624 -0.04187471145706 -0.661334936689523 0.78420772842609 -1.37266882782964
0.552071362242676 0.513111642388696 -0.0477695458908716 -0.127845487747008 -0.43764246796196
-0.55749003738487 -0.334983109218756 0.559729709137863 -1.4516105619972 0.447581599557217
-0.832118290204773 -0.0509879404209579 -0.504938673626842 -1.03210607799239 -0.753032235327446
-0.74341911074206 -0.898374697557411 -0.579896586728156 -0.115355086953011 -0.744624420620772
-0.552218000907402 0.0438849848392641 -0.376904848642209 -0.665262431445871 -0.95931163716071
0.617785135474809 -0.111705658053336 -0.153276913286985 0.211359317590545 0.92186145589664
0.886326603855597 1.43369493276081 1.33776100360054 0.17803702461469 1.42892893221856
-1.10532502142675 -0.594831675553577 0.466754407776711 0.246236214505759 0.383915559160654
1.06990448027881 0.515479923096856 0.847106442903675 0.43623215148624 0.278623778206017
-1.80100313872815 -1.08071420964489 -1.43947219361963 -0.210839127617491 -0.825107105653384
-0.846072664204456 -2.33373451217477 -1.45346890394339 -1.0887879835697 -0.767531916707936
-1.56919402279023 -0.441258649514521 -0.280475441467841 -0.556749497191045 -2.50831357096952
-1.83091590239972 1.20678918113139 -1.2598066030228 -1.85019101444803 -1.29480953238738
-0.858451123804446 0.0947675256941654 1.14451608476218 0.722507074224477 -0.911839339083279
-1.06554273366493 -1.16937578358254 -3.38397761858906 -0.54038364722499 -2.41521783749176
0.175373406645547 0.552654887259935 0.408505902954474 0.626342427462101 -0.665691623735043
-0.458919179523241 -0.0349014842229843 -1.07891514381588 0.740902355580921 1.70304346251608
1.75589096316168 0.161445701025663 0.208499095248154 0.762075662038987 0.909881800863555
-0.787781179829914 -1.04374648971107 0.378138157605191 -0.943050050506943 -2.04513704257047
-0.174866359810823 -0.498334505723366 1.26233784624625 -0.581478233472877 0.00557208267303724
0.0690710551290481 0.0962805078462672 -0.00199552858104465 -1.19295733841529 -1.0095677906609
-0.086390305683433 0.464984824648663 -1.41679721785409 -1.2222607418361 -0.424307885473835
1.92985857524544 -0.409733778358255 1.36921847109279 0.230003802351968 0.596456637247759
-0.543849709294315 -0.638717726345032 1.20337373438093 0.0556593448345895 0.359583891121743
-0.574592155288595 0.297129876528655 -0.74585843070279 -0.779180826246409 -0.533571601369087
-0.923871913260423 0.266683394391364 -0.255561360492943 0.380221712514112 1.10342825963597
0.460768149901707 -1.52070899411701 -0.547509960909394 0.611054142371097 1.383596972262
0.718742540066384 0.7992053489262 0.899766675568315 0.724176312494862 1.75465259913358
0.446739615261819 -0.931832078030056 -1.64127699940701 -1.49330154659593 -0.927815046996164
1.30617142774329 0.827112446338429 0.11095735915757 0.880314327850092 1.61234613925519
-0.477307617322103 -0.473760924249995 -1.17476541701748 -0.553906008609466 -0.633687860146865
-0.481697566346947 -0.323380231832183 -1.44614666509548 -1.5381422807334 1.20214552938958
-1.41665804491546 -1.09119284694575 -0.831372498640816 -1.10047486541027 -1.43586450586439
-1.13046637330309 -0.722879999794947 -1.06664812549177 1.09296745104948 -0.202246003567504
0.886039213783631 0.631056435340374 -0.0159875079096319 0.0648957654175999 -0.137633454880281
0.930802793722202 0.156145915997089 1.5889591969376 0.995615377090762 -0.768646039301705
1.08552955133391 0.894134172148219 0.226813683283295 0.586791735552048 1.67955262373997
-0.333067162354191 -0.30030849456564 0.799730189753718 0.885401416479837 -0.0975014453607719
0.520964101696123 -0.89900551865848 1.31928411680668 -0.396822559389651 0.845517402367677
-0.714072067729244 0.870321144300043 -1.52124522110702 0.113385217222146 2.33593619651312
0.504053213975018 -1.60505990479777 0.278898568053511 -0.830202018694049 -0.518033446024571
-0.530362397715842 -0.562501608933322 0.397288730957531 1.46982043565592 1.51505645860835
-1.25779185250689 0.201423109945294 0.237477258568037 -0.181334429765503 0.102215065986079
0.425225664610517 2.75355316108 1.10395664965687 1.24414271016737 0.777875050187485
-0.152811031345659 -0.648516301892879 -0.756474265964323 0.182155518796798 -1.31072437562262
-0.183472411700161 0.370117843864836 -1.36925046784003 -0.0412424941872913 -0.302764769884811
-0.506603365521663 -0.82895814034401 0.0133284957033712 -0.438401496889171 0.802577301580577
0.614470852325325 -0.277756722615251 -0.63621063915447 0.383386724299452 0.376501415492877
-0.505160743770994 -0.718280724565514 -0.0365442694271184 0.813264119136216 -0.486085973192227
0.349778964423838 1.95035070218778 1.85913669748274 0.574764120753988 -0.809501638766229
-0.269562229564108 -1.26849966111608 0.00172890694886869 -0.45644762138632 0.0393913975544153
-0.152241560566375 -1.02054138023945 -0.692503915989851 0.18238122999532 -1.97869121642127
0.537718358096497 2.054028519817 1.26921943201452 -0.128181378131343 0.0359512905161378
-0.0222745239102401 -1.77755496181077 -2.27221010264656 -0.940985557115849 -0.843156149505988
0.380302681872877 1.36430716172823 0.873934459732157 1.059939912375 0.530700102282059
-0.175379307346578 -0.692358938147504 0.625291584637656 -0.802595336787002 0.121179792039255
-0.98538053116257 -0.610918461108409 1.94184639508713 -0.840174056739305 0.0412926375570716
-1.01917177725121 -1.47314421341598 -2.48408476395068 -0.874895897923969 -0.829817842297988
-0.658518119068285 -1.83676158705135 -0.56002436151622 0.177706935571296 0.561039943486458
1.66275323682821 0.447840412976514 0.61509486661078 0.843962453967033 -0.708225782714247
-1.86100351192177 -0.819846090141319 -0.0433524650692262 -0.878926357582547 -0.392325249719578
0.433467187664267 0.0387083700077094 0.558140863337038 0.903372865601818 2.35127790322044
-0.384567322210188 -0.436425863947109 -1.23975942751505 0.315446726289775 -0.0307386526904568
-0.646088969334021 -0.32346902538014 0.183851197396512 0.260427126969984 0.316477288746302
-0.0117760907228844 0.22277762346945 -0.692475572208061 -1.23441538089721 1.04865700484713
0.418407012962501 -0.842170812052177 0.0495547337090096 -0.222710610188566 -1.77049715091632
2.06692093611685 1.40037883776295 0.0129502877136417 0.0439341430615791 0.652390967110987
0.619536682948123 -0.206255419442096 0.332940037151515 -0.452738958580593 -0.657246572674488
0.198392665171868 0.990723082579712 0.578303531447428 0.581081098390895 0.0788333239194319
-1.63606791607362 0.439976057998577 -0.0506540879862663 0.464995656780594 -0.997906407771689
-0.722383341308015 -0.597359093917856 -0.845678189907771 -1.54181341123776 -1.05301647248046
-1.45789326092168 0.122287689219802 1.19401801887932 -0.218501341337653 0.336873731142514
1.55717333056063 0.512676905752496 3.02263996982666 1.23285964345673 0.365264800763888
0.903863478614534 0.468120863319597 -0.136348291519044 -0.177249770627282 -0.468998394558016
-0.586148454972654 0.0414804896795567 0.515600880446294 -1.54610421451677 -0.530064844418043
-1.16624322353743 -0.561665778086556 -0.735851503161059 0.111322311381088 0.379042013732333
-1.2125817838465 -0.0907551033043488 1.04853794373689 -0.462992431047739 0.162457185182574
-0.837776252635169 -0.612064595217955 -1.58674614460626 -0.475159621103799 -0.567805636414694
-0.544117241165505 1.85457486461144 0.20628214428035 -0.686837199413502 0.487068861440907
0.664162070737675 -0.771328417817971 0.960131817748211 -0.180112807839205 0.133085639925137
1.53391522799749 0.0111013167746105 1.58293525304699 0.230659054822586 1.00814791955562
0.167734194195434 0.997154834253424 0.150627604524488 0.339584725020649 -0.180093729947812
-1.21283058758278 -0.668031060688783 -1.46094862183732 -1.672056271855 -0.783231059414119
0.129550159498566 0.914795889590682 -0.469109975847029 0.916202590689496 0.513195509725652
2.87488411885724 3.34259143159226 0.831895063009204 1.93242938956026 0.876292240251812
0.203851300441456 1.36986493869233 1.02119654173374 -0.758604811649926 0.586574550990974
2.81927719365791 1.30327621380351 -1.59756880710577 0.301613373012961 0.777028700508305
1.11130632056195 1.12035067763758 -0.451941465947064 0.778406525331753 0.100616762240066
1.36393698477818 1.22905781340931 0.488290743638684 1.65975488863156 0.465165842221672
0.166560639403563 -0.466734726824533 0.179565601028812 0.446121171268819 -0.348913158280595
1.49433275420811 2.22147808625136 1.22767727054197 -0.107458802970045 0.691007896546006
1.82388226327248 -0.159319550117363 -0.659336314555005 -0.367117393130183 0.384491628340136
-0.687927516654719 -0.170894071685028 -0.152052317635754 -1.30327641249266 -1.28301383226457
0.538374923815041 -0.319558595456659 0.446116136449624 -0.785997988319651 -0.619203656251422
-0.815529182638308 -1.71377206166419 0.22629355385928 -0.255458567448854 -1.42811421324002
0.17459171960583 -0.242632779648019 -0.259575774325301 2.13900804556162 -0.183475133291237
0.425874249574034 0.240800650461039 0.26145483035273 0.607081399726233 0.284154582308377
-0.157566693060126 0.548437152644811 -0.0618267542494971 0.163155161314036 -1.33160475068681
0.77440959611117 1.62825997555563 1.81801542106351 0.580244173915695 -0.132777290848708
-0.0680004166377597 -0.193862948693852 0.63670298989402 -0.203051086257724 0.470203128811994
-2.55380014506878 -1.21404697671411 -0.277188867578216 -0.85995420319419 0.100565983461031
-0.0326880968915708 0.825009164486712 0.820446317174455 1.73537721082845 1.34504854990021
0.41190759976161 1.45349408405099 -0.489021522476666 0.477370723702867 0.103604956383131
-1.8162070324913 0.000311846662019111 -0.622306254692687 -0.0691345243079559 -1.81971206061038
0.693833697894123 -0.118447241426549 0.728209852640075 0.569741333467441 1.74684277041306
1.29193906845492 0.0596480044941551 0.670948709324896 1.34470718864576 -0.628984742109706
0.923106179809876 -0.558553121517439 0.578146465535972 -0.203628433605027 0.62130114393028
0.635604312654419 -0.535105067515954 0.69328840385919 0.993565499044777 -0.564681440534278
-1.04113486439195 -1.27826452663354 -0.108831112744706 -0.853663075136009 0.581988055269786
-0.167578240285725 0.018660690529873 1.25385122008429 2.23992425923723 -0.346004239464728
-0.749615223391306 -1.0965092310646 -0.578419744998521 1.93034976038981 0.40053570284738
-1.55826205308675 0.200520716994527 0.335165783813388 1.4665630755678 -0.449593224178239
-0.720221244492425 -0.327295691990947 0.313148104609166 -0.043359079022394 -0.573556914129988
0.132866068566772 1.34943486888179 0.00544692829659958 0.462285680623404 -0.0836858333441383
0.299826754019353 0.15488258317955 -0.284005194533036 0.814852003738948 -0.1459498455002
3.11421667282006 0.964940733824229 0.0180463265236319 1.40102240875068 1.32840268124392
0.514280123103318 -0.127760811896222 0.601803933612505 0.297659865732962 -0.653563179791402
-1.15967525025521 -1.67451886497755 -1.88043131428935 -2.63057533764718 0.121712765147813
0.237731953262717 1.19830556579367 -0.370378542824134 1.30044593950662 -1.16172904014399
-1.19361441883559 -0.286180992285521 -1.02333598608962 -1.39079263489857 -0.536766367242541
-0.532451584025097 0.0589736725432713 -1.33599315481611 -0.745015887478484 -0.679519357395773
-0.0384048374186272 0.607483827155224 0.335023202941675 -0.654839661669294 -2.69392300153969
-1.22469860916089 -0.882876228013009 -0.0353220931779606 1.72757201609264 -1.3310014779129
-1.74954784817774 -1.26920485019811 -1.63041226671197 -0.551680692114928 -0.428739945446362
0.976492184542768 -1.3388890632698 -1.3237100183239 -0.614928795986716 1.00592007289961
0.0325539378616377 -0.761787732284877 -2.10236818383478 -1.81447922186731 -0.286692185999272
-1.06811763084439 -1.38977345627563 -2.3529659445539 -1.66517191035273 -1.28636355387793
0.966753553836023 -1.04549397290846 0.903805922286357 -0.31046070136724 0.347592247807722
-0.535619564287809 -0.722643530200257 0.389006672034205 -1.75122784878369 0.460926609886562
0.793671928457092 1.32641233023046 1.90792576883144 1.08247339389617 -0.804762431577212
0.00373844091663866 -0.699960293308732 -0.988422098424443 0.530901822827672 -0.00148314817170549
-0.0390511056230545 -0.675873596072102 -0.626434796459203 -1.21740376739184 -0.207583042113584
0.246749197350527 0.312852703270656 0.339293675216696 0.686081539885775 0.898971420830276
0.980427958652122 1.74618316447937 0.307471493351379 1.1628781356105 0.19766167881041
-0.36320502702822 -1.4337515382026 -0.466938503864892 -0.7028856285475 -1.62108325232334
-1.10597781469695 1.22200152462264 1.24111326976389 0.68364934698398 0.156373779471792
1.51473443691289 1.31633620684267 0.408591106616232 0.641011932977151 0.693012183147696
-0.244940863396847 -0.479302065141983 0.770061300630101 -0.818419818138479 -0.640527634329238
-0.588227135096089 -1.1884231749136 -0.483958119818801 -0.83496383893651 -0.824298468915918
-1.1889642309552 -0.977872764131733 -0.969621794695108 -1.13173492828775 -2.02008043304018
-1.41773700640992 0.548643089660493 -1.23356801924159 -0.897578377699894 -1.02333000445096
0.309203061239987 -0.381383753510398 -1.69489658511386 -0.479278492331214 -0.948315707318047
-0.0745803392452381 0.0995006047667376 -0.136385605983236 -0.112249690154902 0.299576631872743
0.936060395876781 0.919210678966161 0.548627352012511 0.411552207187048 -0.00908118981153311
1.10404154810603 1.302658565249 1.25532015197201 1.29957216393575 1.39815247726833
0.296911066596631 0.187155947824326 0.737996999646793 1.91724129095959 -0.63224638877625
0.265830096704018 -0.801624506589682 -0.745608326982814 -0.584097255486315 -1.00663555372145
-0.652325870963354 -1.48521157439171 -1.072382486679 -0.180371734053621 -1.21379911654439
0.748876576833885 0.128675507409794 0.312089671224552 0.0209211189987915 1.48922793435246
-0.140624195770389 1.74615263538136 1.45387924358615 0.664464832865808 2.36921411696843
0.407006533895925 -0.215203267997724 0.0434723660134943 0.275150542097042 -0.0492902688463692
0.432968917236737 0.816522885954609 -0.191273628687945 0.194299894985349 0.823780601713096
-0.0166221449631121 -0.0517742535978944 -0.660576073493347 0.44847943707126 0.197235805091755
-0.338254546847589 -1.1128457903619 -0.661811202844136 -0.050656576379794 -1.27327859886247
-0.718058435270718 -0.419258288672347 -1.20875824202531 -1.69740386046258 0.0026344840811568
0.149918010943898 -0.552322560497641 0.141932332361945 0.287715000229649 -0.533055298635535
0.113982316903951 0.755831989037189 0.492114717611187 0.220400006307899 0.862318524978335
0.561363715977483 0.731824358908371 2.20243353336369 2.45022584881432 1.5759315331341
-0.48242727878586 0.115069939248291 -0.727463365408868 -0.489821834764544 -0.0100863877651757
-0.591660503275713 0.394539904194722 -0.318818642855641 1.66928296337183 0.633290790385222
1.11893769241883 -0.140282181673974 -1.32297353480162 -0.581344019235518 0.731002882728544
0.713385924521255 -1.35569344057486 0.574001803348872 -0.117320881554574 0.691812946884471
0.0299948807661258 1.18139826538646 0.593112864821834 -0.733075515743329 0.371614561906453
-2.09500154280354 -0.309599096598312 0.170924499050466 -0.733845357602247 0.0522109609910604
-0.215827057816566 2.01717064595917 -0.413866591012783 0.635832513262051 -0.877391531998337
-0.156928332727617 0.740794475907444 0.197519631039518 -1.43981410086765 1.63251919275323
0.0725257658180282 0.443567692719444 -0.80229605371301 -1.45893259124327 0.350493312535146
-1.37341638327599 -0.801876941922932 -1.82011429367145 -2.31827824914114 -1.8337572257783
0.675202476467805 -0.451110218314114 -0.0167330201933178 0.226651225188204 0.116235960210817
0.724678100916839 -0.732128385677849 -0.411355201132212 0.731431232049894 1.3443388433275
-0.521410363655529 -0.814825637371129 1.45447274261676 -0.259378708668871 0.981825940284184
0.0205223275889289 0.541965140235602 0.530657708597342 -0.708593089302705 -0.209205204244825
1.96683939559144 1.48658561225286 2.38795740128844 1.55708583308423 0.0421673597852488
-0.540557304105146 0.734443069472601 0.280647299189546 -0.96827437439546 -0.0585056840653065
0.648687635215359 2.82895583284939 2.53422068313368 0.661161610902038 2.46052521764478
-2.13442669932165 -0.589852886998385 0.358799686373863 -1.75237332105611 -1.30166773335544
-0.496567866144613 -1.04684393592733 -0.0184636898591157 -0.87169495406386 -0.77109117856884
0.606033540911623 0.949188202701087 1.73801796586459 -0.353280290569496 0.822514752008079
0.654055678559532 -0.141806145487678 -0.0744362450638219 0.408607663825493 -0.525909418073066
-0.0920056052705806 -1.48191641738679 -0.838965539188254 -0.306028119014882 -0.186209278627015
0.242606997746355 -0.174407717023657 0.28036459107773 0.869080430255655 -1.4082968786862
-0.637332048088672 -0.746593109374545 -0.287178606747652 -0.742851875745754 -1.56229142075267
1.36037011606758 2.49893692544061 0.377889306783339 2.02675463031836 1.58161372709753
0.0896878554538081 0.355926019799768 0.537414466423417 0.611385888799847 1.29315722461486
-0.0387129190161775 -0.850915248545367 -0.590734605771744 0.551113873120577 -0.0999042871678047
0.331343495518062 0.618077270847502 -0.265261620127456 -1.00912241538094 -2.43139108268616
-0.441101926494023 -1.5829747121133 0.879126295867387 -0.424339309084686 -0.601831114477994
0.791782342315998 -0.216039967977425 1.2095703791567 0.546225238078157 0.902872779792186
0.659227375021765 -0.507844596582276 1.21237859510469 0.752451956411492 -1.47936818162675
1.14656461696242 -0.916224149193001 -1.19041733936272 -0.578871281942267 -1.16817725069638
-1.01044407125765 -1.96603185442954 0.930616762717299 -0.951035584690602 -0.22451501032193
0.208395224347805 -0.585704349957876 0.574456913232159 -0.297897208371062 -0.102892273741306
1.16810885954896 0.675273174804149 0.192180295784558 0.50241551338457 1.05659729491883
-0.129747991061917 -1.36867218115809 -0.319376719044436 -1.03201840309664 0.102289928969216
0.290191946920536 -0.811137193646325 -0.647264533285322 0.45344434029827 -0.471277498509385
-0.736848440210042 -0.016157312552179 -0.74103866919715 0.738800193125301 0.606823281342099
-0.411114427181655 -0.777437262519206 -1.19656037791541 -1.26321400080627 0.565368365159365
-1.54407977548907 -1.10576593228668 -1.61296414163321 -0.705764513908306 -1.44064896003227
-0.397037481764406 0.107164026020194 -0.0519403465024411 0.0949689740528868 1.16581994656754
-1.01345461703637 -0.239433921564509 -0.318765136907704 0.067876116790058 -1.40209289415472
-0.963714834355029 0.0989605243337272 -0.31462835047586 0.61951724504468 -1.37358257876222
0.460042307846585 -0.584345470957101 -0.502044995836741 -0.485140230988223 0.100443485113443
-1.78067845802727 -0.752851977652741 -0.151101639342211 -1.75874296109666 -1.24334166978209
1.1906163526964 0.716594529437681 0.460552366024244 -0.0171202172659374 0.0727695570781211
-1.2990045405625 -0.818293310799726 -0.470603328865439 0.875351652175398 -1.92041375171938
-0.0820844171513127 0.87992836660498 -0.204576010155091 -0.698169697956705 1.10221993310629
-0.515284196819707 -1.77812734696477 0.183140997320232 -0.882127764666197 -1.62911360240799
-0.146732173525615 1.29955177659062 0.280083922598281 -0.186216517231123 0.818259492524717
0.86923313337619 0.451842598029653 -0.624535484139655 -0.771296002652281 1.2233963356951
-2.72906559613734 0.599582488409609 0.430285712181569 -0.445573620496235 -0.266557954841484
1.22085662991793 0.0198918747674891 0.24862316358113 0.61471252134891 1.06529510608257
0.192448193369957 -0.687730861279975 -1.91832257158956 -1.05244801210747 -0.993747485889166
0.726780529923145 -0.714512272353487 0.908778967600747 1.49523149331693 0.150920359595708
-1.03163515629295 -0.549803095217168 -1.09314307426938 -0.471290448756849 -1.172248855523
-0.471419780066637 0.324567014173025 0.649579247734092 -0.609856371197444 -0.0274095854564252
-0.298132216582974 -0.729999800904697 0.185464620669609 -0.167067852685687 -0.3654435315752
0.80341783152462 0.55621273566741 1.98407015744726 0.282459785812022 0.349752602042665
-1.35725187864732 1.0993864431135 1.55771770538267 0.833977151008958 -1.14176721367032
0.840517091871528 0.405026607793297 2.48785738342602 1.19036364321303 0.44891487415361
0.206706653951826 0.630756823284709 0.455119448739953 0.24015436717409 0.733858659777636
0.0690042710576016 -0.867062513985207 0.420501672901715 -0.517313613329652 -1.36043893053217
-0.0232795984629361 1.45853495083414 0.595392624463727 1.03253499713015 0.443602426556401
-0.535444999811125 -1.44442501017953 -0.533498038420025 0.587959845165783 -0.277521339292532
0.642339196766487 -0.322512301962433 -0.250196181634505 1.24557307606877 0.301661117932466
0.23249941452848 0.178119533252271 -1.09115918935592 -0.26666272287104 -0.614535590010033
-0.55832428275695 -1.25866451230561 -0.959702173908309 -1.54352223562364 -1.15661021926785
-2.14466405871473 -1.75056689953228 -2.165230575904 -1.50814182821724 0.137605714676156
1.15846512807205 0.21658868578191 1.96252739711791 -0.308751649532951 -0.436478985502353
-0.391825611876035 0.448580045462326 -0.47420735218208 1.56213712716751 0.78239390203362
0.466265733983569 1.30095159839332 -0.0246978353916007 2.37823769318246 0.57482410003858
-0.106002731627835 0.524609732811078 0.235245804760593 -0.526541768533452 0.655036688763681
2.71730055294252 0.7888987883833 -0.214931986917735 0.0430025171859306 1.48821587061321
-0.0625709694953039 0.105456033392361 0.00651534944193525 0.884176988402588 0.783589780475342
0.267654787785837 -0.0521063258698164 0.946398796601655 1.33518221966145 0.23369447649771
1.17012741717396 0.244554757399173 1.24627065593338 0.134805357330421 1.10350887995469
-0.19837416637481 0.6673512715767 -0.0328051252597749 -0.224578830452887 0.247664223868305
-0.228612486001332 -0.765475686599611 -1.45237728172388 -0.776894783885115 -0.836872373984387
-0.520660252457993 0.578570752181021 0.572026042181193 -1.2713475078681 0.283253659565227
-0.238702437991454 -0.595426452865153 0.495896029937431 -0.8468545857053 -0.564705281361841
-1.00084117327523 -0.398914536707507 -1.15473609446685 -0.534878938259169 -1.88306016664777
0.793034646578709 0.621490707942519 0.970457492171975 1.66255190698909 1.32859271112411
-1.06737625077325 0.635670003111824 0.604329376156263 -0.486881892150302 0.706767236469483
1.05307795412356 -0.424572936910148 -0.264701629077275 0.316566853636308 -0.564976698322762
1.40190408444415 1.3081780838213 1.02382136197673 1.73813099826483 1.90078794937459
-0.329054351634373 -0.263920351337337 -1.44447111063681 2.08523101326928 0.786122040140086
-0.603395745072608 0.248178255747412 0.572837095177858 -0.658128603452278 0.646371575198927
-1.19179723048853 0.616716605467997 -1.9492394166723 -1.99990428441053 -1.35815020194954
-1.8907342916334 -1.9083503161847 -1.8395466758888 -2.15204479697606 -0.24814709719137
1.20067544938813 0.448875683297248 -0.676233355483491 1.42454374758523 -0.166533901240936
1.19281199001374 0.630220948928342 0.773672977601967 0.806375835490948 1.08998321695819
-0.515541936527239 -0.213086475130874 -0.570292254550461 -0.458624405146246 0.245806176963147
-1.11407722919522 -0.0187640526621496 0.428436751660278 0.174963330237745 -0.650911465304684
0.711388250632533 0.840379277458838 0.376231777441264 -0.756787775125048 0.804471470786794
-0.986063007103371 0.552206238037426 -2.42201209417943 -0.850317526893599 -0.601660253847082
-0.298685022303552 -0.99912255010939 0.349135022869301 1.53808579698898 0.185818711667615
-0.307177941688975 -0.434199698389718 -0.627266775496214 0.276144985925478 -0.0348204301298478
0.389323788210618 0.673173690908027 -0.901875047593803 0.905763343566087 -0.100791712672762
1.47469546009403 -0.502254729011951 0.246407121369422 -0.42449819021007 1.67663220008527
1.42032260573489 1.19369874970127 0.247734451046524 1.41064628060905 0.474326760209541
-0.401217236757454 -0.950749742907148 -0.29418164077154 -0.868828646271549 0.879645452202607
-0.0188315365495582 -0.666583682022564 -0.605011886713036 -0.748075429037886 -0.261279428628704
1.00206946229778 0.638276842961657 1.53841428929263 2.13854542234665 0.603603016090654
-1.03425320113722 0.655451953689053 -0.0208556669978383 -0.991054725963434 1.33221999642126
0.0279133712769047 1.73898672848212 2.07925497912907 -0.19268463702039 1.52095506455076
-0.771904166972525 -0.143616407382362 -0.327731119271464 0.413529230803005 1.19460166503184
-1.78635575021036 -1.24743261004265 -1.50297141864174 -1.38462329992926 -1.1950687932432
0.814606036877372 0.262951915372979 1.50319193534495 -0.397243267237252 0.88935076241635
1.82180878929293 1.51126617734167 0.867514182824687 1.22449536966276 0.146752035194426
0.187196317992439 -0.0952686380430167 -0.273780809146832 0.0362715248071352 1.36772848671503
-1.25993556005129 0.909912107873124 -1.10259426967026 1.44693473569261 -0.0445224579397249
-1.33292290235548 -0.928842613815161 -1.76719547281612 -1.06865728351467 -2.19845597900426
-0.384215854254058 1.28691537469957 1.86192329950772 1.39678409761451 0.499216600923382
-1.02100993365426 -0.527278592019315 0.311299742078265 -0.235404984657424 -0.392650099471061
0.888051343312989 0.782197576148348 -0.55255993986022 0.466276722130028 -0.0309119053107346
-1.34343408415735 -1.56694195423043 0.132920806251642 -1.50269742178596 -1.73965920031974
-1.77101490503147 0.0776648727885645 0.513542121780272 -0.840491696659441 -1.67767400946762
-1.93650900010339 -0.727785781719902 -0.387689789581672 -0.638488952272002 -1.12694935426731
-0.838465823617119 -3.00346499505903 -1.1575733779416 -0.800697855179348 -0.636368300913791
1.09923997664628 1.26934295382306 1.67251752774134 1.50234293734966 1.46076110366283
0.5088327901161 0.744494245825498 -0.601707259791644 -0.99062207143653 1.05894156194159
0.0844327683400282 -0.961621251053137 0.944181438984347 1.52744424177732 -0.402679098234783
-1.76085651507452 0.0410560507887981 0.529877223145237 -0.853793762770054 0.465119662027354
-1.21132654240171 -0.620659751726184 -1.42583162667355 -0.514767804708245 0.0812770670383022
-0.0659261882251661 2.17574708543831 0.753696336567835 1.78904366424554 1.31209594658271
-0.870245928305128 0.389164478183942 -0.801871048679189 -0.918120146752698 -0.785822102343427
0.912090431484139 1.40486864322837 0.756775463234004 0.239287286053306 0.510077389066815
0.769283723353097 0.583758373027972 0.495606267553385 1.31323104092265 0.822216138712499
-1.27271322555301 -1.61429971653701 -0.475513222500649 0.0747587335637019 1.10983772336409
-0.822433832985458 1.45677101525096 0.326158170683214 0.374870664497973 1.80213687889849
1.01153932687566 0.203234306459048 1.33260387984229 -0.0532784032766359 -0.838012414136547
-1.78534889228711 0.58079475477641 0.364806161518904 0.176340199847792 -0.753161337525915
-0.916439272443101 -1.54431740601573 -0.0178936113014793 -1.1944019115595 -1.38139226850278
-1.73687753347327 -1.22981998493991 -0.282310607122903 -1.40132031738758 -0.609333588658534
0.187312465119163 -0.0713506551984467 -2.09445384247815 -2.25731134458932 -0.32207004585547
-1.6464593391647 -2.28359186726554 -0.815776046571888 -1.3224449731816 -1.07199261746259
0.262928546007289 -0.645397551633758 -0.536084100435498 -0.00148220513483833 -1.41842699809365
-0.368033510791058 0.242698805396771 -0.686883715689855 -0.494687390893802 0.177819867901257
-0.101227784049038 2.19737635020507 -0.463101686755465 0.517038824508557 0.9923333745609
-1.51490139050319 -0.934519980628974 -0.343215858656626 -1.96003658594826 -0.17441513824183
0.0367714505797381 -0.765804403302723 -0.188967228043486 -2.55472537026207 -1.71114697118606
1.05029439976887 1.07264276428234 1.00331247453723 1.15302800536752 0.128040443130259
-0.0830513435134684 -1.55829690524455 -1.38590635091402 -1.30618694882284 1.10280798720961
0.507551084249582 -0.502586373196603 -0.180909075556354 -1.71854908711066 -1.26785644106753
1.14348979538783 0.82488530974887 1.59073553578392 0.202983376147073 0.358258171031806
0.524249620861978 2.19763818371357 1.09368691110414 2.74249852912719 0.750962435046995
1.49119701568378 1.47358690453623 0.804719379431606 -0.139635435131684 0.885863295125244
-0.492405862445616 -0.139261703009838 0.543445310390906 -0.370901654463505 0.475513700987566
0.936240035246544 -0.0671552167503241 1.0392266987058 -0.753867227673006 -0.724469874194683
-1.5189978243031 -1.70803317770292 -0.608086304744357 0.692662695973938 0.352740466216916
1.39408120079818 0.234233458663795 0.358171628510131 1.60243512722818 0.218881528321377
0.0844703146613628 0.209282743928213 -0.0893690557343127 0.317861915195063 0.801183868127606
0.692275828499737 2.11538784865679 0.12643864840764 2.20689532624028 1.48102398419193
0.613211164554244 0.862738295481686 -1.54942265143148 -0.805590341214545 0.58144150001965
-0.829535104561242 0.239633659740849 -0.872685773305191 -0.82553252065581 -1.81100620681799
-0.752112090209013 -1.05524206370793 -1.67264619344707 -1.39127452863617 -0.645981975972103
0.902530518610924 0.975699206780677 -0.59297632888909 0.954762002350608 -0.396012057930044
2.49494217788244 1.44984998776386 0.222668609238575 0.628234921921055 0.59076701683008
-0.190389732770304 0.0950007263672849 -0.581077870228784 0.0253375127197771 -0.648934741980726
-0.857507515000451 0.492189543633596 -0.360172049796952 -2.5977078885137 0.7010905109449
1.09628843320728 1.60293546472637 0.627153850095473 -0.357188427338903 -0.249815597304406
-0.975593444491267 0.0578925645491274 1.22572847620692 0.697297458100524 -0.121122812104264
1.07020891548622 0.339721426281672 0.625581755788676 1.2399610604032 1.212263072912
0.466206778073724 0.761233521596806 0.781445829343401 0.902663750368985 0.842736205155597
2.08221890378161 2.1855737446449 2.54989897309123 1.85629546436061 2.35184937396823
1.02516831985191 1.1738105263444 2.00841041861525 0.318294873972746 0.582954198631472
-2.33201080017464 0.736676038388649 0.000673092427217678 -0.238278664694593 0.307144412984484
-1.75593192542061 1.73599733318789 0.0819268008543955 0.0507742731288429 0.339614447079414
-1.60360822136515 -0.545376409000504 -1.39423605486405 -1.35253143446216 -1.53916026106424
1.09434980869893 0.107766140808364 0.005107526793101 0.311123582122652 -0.344314049876389
-0.413677934090032 0.871338245095012 -1.14392841909206 1.57342861694507 0.206592067777798
-1.41846874900148 -2.2397133067755 -1.14071958194599 -1.94247304125706 -1.56106211065484
-0.301590351365212 0.418846520413374 0.402264353641334 0.160378284500837 -0.278898298720817
-0.709568027233239 -1.56371261400761 -2.03243792812271 0.0108143104696182 -0.630771925943844
0.682695968734541 -2.12052407216035 -1.16050478747677 0.648654280893252 -1.76713983157776
2.26881416815243 0.175076486305286 0.896403014312682 0.404205221178786 -0.0746859087596475
-0.354051716421157 0.595327009316875 -1.07459675929036 -1.7852975819388 -1.63786369004916
-0.590554155898042 -0.376084923297069 1.52940244080921 0.67392254487708 -0.480513195515036
0.853113969152774 -0.243365883400227 0.303268811729397 0.197910205231968 0.891224435559548
-0.211368927202743 0.206915990847781 -0.236536556724289 1.12364638968229 0.162589305645273
0.258345398901168 1.20160305868213 -0.202077425478101 0.39561449077657 -0.155623866255395
0.918670956313373 -0.191407177508511 -0.59189302685278 0.48863205353231 0.654383669569911
-1.33334971862079 0.25128473171314 -0.984192739904028 -0.918052687394896 -1.06167641185987
-0.887625190694825 -1.80616100453719 -0.558030046016108 -0.739873351997562 -1.19919071032016
-2.41650749993942 -1.42708977611965 -0.97870134935638 -0.643852800613748 -0.585522836346714
-1.54760068998068 -1.19304553418242 -0.458487710301667 -0.757128753738779 -2.80246459717932
-0.19204117753259 2.01339312677335 1.62145141159405 2.21087734554083 2.64023434935582
0.540845567697825 0.0334287707912617 -1.58101576796541 0.178803582001773 -0.451727276216974
0.724605226836354 0.757409454767628 1.06666194889926 1.20136357021376 0.440140394634229
0.481054495907606 -1.38798018364821 -1.97407067648494 -2.56676840129797 -0.53215855453305
1.15161562962473 1.91167689575394 -0.0797104017325458 0.105540189082945 1.23979725254576
-2.24097322093846 -0.987076233921154 -0.995872373571457 -1.27001038122956 -0.717945575760418
0.657475067232903 -1.02851867327069 0.508389043591162 -1.16233998624932 0.140198100954725
0.749815497868895 0.694359305159655 0.803716244648872 1.81419342489066 2.66053766958307
-0.405012184629398 1.80430090235099 0.847173745640324 -0.104154666138508 1.33682551968782
-0.0484706512246858 -1.61340682625086 0.993515640450702 0.702283536917025 -0.371207908295913
0.586450401033797 -0.892392851533483 -0.359289093732284 -0.640313698926648 -0.631015107782782
1.98655855245951 0.395367120298678 0.991543170769788 -0.837333975588597 2.00643011798547
-0.124677729435286 -0.990435689853836 -1.24831971116706 -0.836649932353843 -0.293624097743043
0.267917809538507 -0.254424542449543 -0.0782280840695054 1.40446570984142 -0.390238244064595
-2.05976807995272 -1.82961049917216 0.0254725269872864 -0.896023092763252 -0.549579742363742
-1.32748983464573 -0.183578521938874 0.186356615266528 0.544590565678761 -0.839546737098139
-0.00869908729321461 0.0167317789107985 0.290952927906627 0.669438449530058 -0.053800202561921
-0.120409843657676 -0.02127227097487 0.338374285268137 0.124241552287352 0.389249878704103
-0.596206748487998 1.21055941115755 -0.12746470768452 0.143550553090224 -0.210616617246933
0.229139757262595 -0.0856563547201184 -1.34539847500778 -0.497065649641684 0.830567016178978
1.01388994308219 -0.538644214580743 -0.0655749194831346 0.806561466887926 0.985202104606959
-0.29424284469655 -0.00556588602999489 -0.857885567096586 -0.276173758456293 0.769232486489578
0.0986392106411803 -0.47186930226009 -0.746857400256425 -0.948306404548683 -0.595800195446909
-0.200376443066381 1.27562321761398 -0.631710175494981 -0.310365210276792 0.486500373225011
0.135758729213757 -0.0888116136602801 1.11935820101761 0.604190798778352 1.52889560595768
0.850837628548386 -1.47088682512571 0.867162367895583 -0.276647511812457 0.520795093100489
0.324467188713524 1.1253574258096 0.833741682823361 1.3107936428146 0.753114727553477
0.293181608190294 0.304434968459315 -0.649172707593308 -0.0312113735309911 1.66385482342876
0.570844509262637 0.371640957104862 1.17964994535883 -0.636749233544547 0.460858543269168
2.32041004030063 0.264672990324768 0.895639013791336 0.670899425262345 0.478238958027785
0.656438139094097 1.51467825436781 1.16942158218632 -0.0804428768597877 1.35884579662287
-2.17199733132987 -1.27938989934819 -0.961464900715823 -1.05739021229582 0.228552106894795
-0.357086488260944 -0.790967991862305 -0.873341161132486 -1.91096442993044 -0.362010859663788
0.778351017217419 0.515931345467251 -1.38451295250412 -0.76264771012306 -1.51583677391939
0.603488856515778 -0.245115190545054 -0.609837289482579 -0.187902672332615 0.203012391155829
0.330212196153409 0.304345689351015 -0.525348734450286 -0.35389976749294 -0.340040900411834
-0.592575782852689 -0.497522747257932 -1.106771323809 0.00913038788942727 1.31652091951111
-0.104999583737121 0.510784902390111 0.92795652465777 0.389084049867423 1.01288150709294
-1.95920416646777 -3.19585522726789 -0.394896734816165 -1.58051366558664 -0.823635459013161
-0.59089959316277 1.53189301571689 0.454670846418032 -1.07343845704154 1.25749015839729
-0.810608482129804 -1.08775491896793 -0.207041887579213 -0.918098060075724 -1.52743755232469
1.62224556915608 0.795778691428571 1.28530783441732 1.86480005862225 0.299584415652148
-0.210905784740078 0.431931021147699 0.866330460924959 -0.819246611839023 0.0718518056640792
-0.542022971591761 -1.64172354147176 -1.21296234046709 -1.48197150202792 -1.54231709738205
0.506691916761942 0.558466380195233 0.879967501505518 0.799536961998026 -0.0604918390409486
-0.199592903115669 1.16246720144544 0.0327428451245287 1.14423628356628 0.32617169461363
-1.13026676720416 1.29438792601263 -1.21912005636457 -0.361472474550274 -1.33879496718229
-0.672308917579636 -0.759004667882267 0.0498150254931606 -0.608407555196505 -1.0974675237371
1.13401906226352 -0.233593781518641 -0.867376326522831 -0.662832114543729 -0.425075489837513
-0.641111130407234 0.112022883393892 0.687569625069432 -0.331546652338937 0.149979417007525
0.42683903084016 0.779692145206695 0.667076365006865 0.426022332765026 0.934836959651929
1.04448689921049 -0.188412124520784 1.0636044377347 0.12448964153017 -0.413931846746488
-0.204725795813642 0.481476009780146 0.260406891921893 0.136216188804032 -1.54556725559588
-1.17230806544489 0.597356962655232 -1.00299532344706 -0.544114346284126 -0.360132843707173
1.40139574726727 1.732106883078 0.732797038379016 1.17251115228333 2.11582524667588
-0.528017255660257 -1.08969434359725 -0.0888698873043946 -0.677093803329938 -1.2194391902442
0.0843709077035634 0.529804437264491 0.237851073486577 0.0210743576276468 -1.81002809396582
1.39621433968386 1.17754065130207 0.866263321661942 0.892677769312615 0.940962203213455
-2.214263694852 0.18187313896492 -0.868558021960762 -1.71305375223 -0.238149960536886
-0.914221623437517 -1.77478875584707 -0.406342850552994 -1.08987770554833 -0.622079122419322
-0.844433927496682 -1.95033492710161 -1.29162610660294 -1.95839007960131 -0.0741943009700142
0.0518042077802275 -0.650194650171226 -2.27643324118838 0.703241467741358 -1.19650068026371
0.236833556489834 -0.486359388508729 0.393901705983703 0.711382360449649 -0.456545507433645
0.616915707016372 0.205160293527492 -0.109163856273069 1.19310095565666 1.01062811098962
0.315172057650258 0.544405102000672 0.571444858746297 0.145068944390291 0.869957831977529
-0.805063007983638 -1.1535721108159 -1.40083243615749 -0.124402359697464 0.00227141515634996
-1.02306679303415 -2.8389515286695 -0.165263374241259 -2.70768231179248 -1.95182027684445
-0.37455028181771 -0.820681257159216 -0.154073640982139 0.857006136328222 -0.192533401100164
-0.206583768469076 -0.692361693943631 -0.365729578011354 -1.34553836179289 -1.38153183430021
-0.952715251047125 -0.502816314139527 -1.0575352448399 1.18756693970191 -0.394354620877469
-0.486083549037204 1.54839964287281 1.25225311398015 -0.780323230318986 0.122565728911002
1.3359771710526 -0.579213127072892 1.06888047828327 2.36574924545283 1.62727292631408
-0.383219186422847 -0.678639807108336 0.104396031797827 -0.607365794801964 0.883011367458954
-1.06394952386994 -0.796225421630002 0.650152047489198 -0.502372902614956 -0.425071657051986
-0.42755648982522 0.644311818127944 -0.500439358299882 -0.0931929021954816 -0.144129149306093
-1.23181816845629 -0.875424534365837 0.136513802061112 -1.54256793836459 -0.712827301257859
0.859010698067613 0.21475186593531 2.21843715571205 -0.447827216901944 2.79349681322821
-0.727225006891344 0.109985118998817 0.373074486953228 -1.20297178178288 -0.811351323860547
-0.297514945358124 -0.673616911623578 0.270324097552939 0.158309735871442 -0.764786124644061
0.385466696804347 -0.537373431159918 -0.50316428682656 -0.827594665181692 -0.675888776450299
-0.667076636466457 0.899988382328669 -0.809856468898859 -1.12564706656213 -0.798269166497862
-1.36238046003173 -1.13297202975019 0.0910735159171286 1.04073768389493 -0.702362829516761
-0.00207473096044777 -0.163531681772191 -0.695347082441451 -0.244403205173795 0.136076594099989
-1.52241853776786 -2.05369408206576 -0.875849245367076 0.163935280305387 0.116473115161063
-0.216513087547745 0.462361226623836 -0.280279427757118 -1.53314621806123 -2.13488389603663
-0.143978561501474 -1.92600564509946 -1.18699804364641 0.248167239053726 0.193417867319151
1.14822213964823 0.464422278878869 1.27796288556697 -0.380258048863204 -1.25595152915115
-0.87573946491393 -0.0183103040253185 -0.18724018478711 -0.055915459418453 -0.680383742209204
0.602597123248636 0.372750815509822 0.16995670709883 0.270889947827058 0.923758043126881
0.684486151119573 0.484563343649879 1.54289612492421 -0.19599937627077 1.24124733182054
-0.661783484650977 -0.00654361342343146 0.340233984501249 1.3306697190417 0.503099693876165
0.321982581752849 1.10349211719313 1.05555934967507 0.541651451218681 0.995042714898769
-0.704495591801061 0.565052193843147 -0.818393244604163 0.72629631969297 -1.26745693652189
0.161060651879479 1.34772795062486 0.194292547279722 -0.396191504500195 -0.188972244066379
0.83344428697388 1.2182625260005 0.0591704215582733 -1.11536393751273 0.177416264084263
1.17943785545948 0.991692179057989 1.71729044262578 0.6324836429521 -1.17413476505356
-0.302922526538532 1.95165569723862 2.408398720631 0.901843824679372 1.26744556516535
-1.07754818984937 -0.571638153527998 -1.83245139269502 -0.956646948290475 -1.95050844257274
-0.801503632473556 0.124797279635668 -0.143544559133451 0.390135706641107 -0.0108664683536623
0.669019804243839 0.495581921277749 0.433113322217184 0.7393526774162 1.48033631932224
0.677091335758374 -0.741992498798842 -0.995262660159789 0.109183807190685 0.215115610862749
-0.726244579937291 0.524752159522792 -0.557727385190961 0.0205720722464606 0.176113887705349
-0.882020010083675 0.812850599886439 -0.0554100333824872 0.0747814874247463 -1.63476252814531
-0.1027287493273 -0.317656493598205 -0.93121185273042 -0.251224001585071 -0.899735890413148
0.392732739220449 0.00109501003896113 1.09580440964522 1.16110666260972 0.642465121991738
-1.30445225364871 -1.20154741307824 -0.924045333946389 -1.18579892960695 -1.52792853614403
0.21036289586856 0.375373552162684 -0.084497671726892 -0.177601023410465 -0.323849588742074
0.0596782587915778 -0.443968987792289 1.33874891940813 0.787497539921782 -0.327480482798007
-1.00819162288125 -0.57709732030228 -0.809417367138715 -0.495877674396158 -1.01082305759418
0.136132904313832 0.156411842102736 0.545447831574219 1.2497151839278 0.881979914055146
-0.166268217771429 -0.309783848811893 -0.929065095908375 0.417872464788118 0.977584938052913
0.344113944061191 -0.485171226064616 0.804967055883958 0.579092831936317 1.37962023454832
1.8867125565364 0.832451459692407 -0.553721074776314 -1.10481772923102 0.0127987055334488
0.586382664700021 -0.464994302974395 -0.472184404394373 -0.977326871410244 -0.81216289284694
0.15407580943022 -0.864554720998893 -0.778472995274211 -0.0582081277148941 -1.0382859511307
1.42278733865326 0.703969521015791 -0.302715425219713 1.69048133213957 -0.236677643710272
0.555411268746198 1.66807888679225 1.9355505597528 1.47920936424109 0.821652594399404
-0.119116663127752 -1.39065598297731 0.41314257996344 1.1477231458966 0.833026827256635
-0.486343795935022 -0.047507003553784 0.311726720969263 -1.89169243210456 0.132379620906776
-1.087223186839 -0.458470312569515 0.66491562270859 0.44825595537898 -0.895276944722917
0.789262382981904 0.364413254957995 1.03888060436731 0.761214242462108 0.557754682189414
0.295706361971088 -0.0068860216920065 -0.942397127530181 -0.246086342110534 -2.41510693106606
-0.193729209327976 -0.199568196518158 0.517545926152193 -0.826608447046748 -1.04812504789281
2.76004714529701 1.53874786599243 -0.164664724831802 -0.48788561100223 -0.223121483638833
0.170172632245886 1.64842311455438 1.39890429405372 0.611066665257471 -0.898814577390445
-0.315278535899448 0.00566225962923286 -0.535679130426675 0.553947751629583 1.1953253199758
0.131351149201622 -0.374087636230716 -1.42269639910162 -0.867571912835813 -0.985675525091234
-0.660366779449939 -0.4519196504653 -0.940321528934175 -1.93204570190077 -0.682262855117072
-1.59210051401683 -1.58257574430311 0.494652472309401 0.137899711870222 0.597071180547443
0.743434393420757 1.03015330576684 -0.336160491564973 -0.791319700924676 0.345731964143412
