0.78023850781258 0.154886520163244 -0.376121125016367 0.558878866970625 0.375361320921794
0.354250482771703 1.23295610573292 -0.391439298045943 -0.440142619703004 1.35857552495386
-0.150585107322574 1.16959006219672 -0.160078462898483 1.02221296365872 -0.145597354035964
-0.193725012761834 0.469372158676713 0.0480158656638356 -0.240120041124203 0.0837726047658718
0.579092366478469 0.522123574023361 0.10309599519981 -0.159535603962643 -0.974413314994545
-0.476996685305409 -0.42803197264027 0.00530230025599393 0.400168520675703 0.949681787994074
0.630618803242521 -0.387238290478837 0.126496944072014 -0.408286072793795 -1.22190626677212
0.590967850043425 0.980562197804476 -0.730493345529493 1.05949501555085 0.35038691863928
-0.293305579396054 -0.844165061505161 -1.7051332258119 -0.630230812018988 -1.37775175821212
-0.902926226357323 -0.202623146643589 -1.22743863718157 -0.480240293169024 -0.257703101599298
0.332238663979724 -1.23859002389677 -0.993157118648827 -0.019928284706304 0.951059007987305
0.110134962574058 -0.554639471636085 -0.18675350404206 -0.182033896851955 -0.788570559842804
0.268638082795833 0.798330341886433 -2.2934714015799 -0.336997660419285 -0.649676773738514
-0.113581326501448 -0.973901170982617 0.447892274940095 -0.643237809754477 -0.829728414146049
2.19464246339677 1.51472974915659 0.991649709848552 2.17612219388546 1.69596507341974
-0.680247875790798 0.505563914662105 0.338391000292398 -1.86106111013623 -1.32941930252891
1.263631466967 0.109248256317718 0.381259499550792 -0.612886376713262 1.67700067582505
0.807707374766323 -1.65052168451605 -0.514196309264716 -0.747534077806204 -0.133791786555015
1.18997891760776 0.396504391860204 0.300268946961759 0.683235472809416 0.733998725956119
0.964820945995107 0.325640393013559 0.413552951848602 0.387744932928841 1.84097357218007
-1.50295363946409 -1.23279115394572 -1.64566738913576 -0.786068859326419 -0.912903704937928
-1.07262929373988 -0.743716153680069 -0.576125572431127 -1.3482504362235 -0.500950886864539
-0.429437049018464 0.935885981539303 1.26151257463382 -0.456678367149115 2.03489648911142
-2.52972026922413 0.392535936802228 -1.543098547296 -0.431893267722878 -1.02742710687756
-0.0308880803098843 1.13488398761841 -0.818229938379729 0.0996476776634505 1.25340887341879
0.572850680956262 0.75008128739388 1.50348196249627 1.50939390511937 1.23424590614595
-0.0251689179368934 -1.97267367511164 -0.535842633860291 -0.987139760227589 0.0765979702091434
-0.229865380491891 0.222168969484921 -0.891890319388808 -0.456577375878287 -0.836188474681039
-1.40804436381445 0.732116033337498 0.19983751764978 0.587430412602826 -1.46149137775882
-2.05718223818461 -1.44239218634922 -1.51599553690076 -0.755113713658551 -2.49514069068564
-1.55640740647663 -1.39211585407993 -1.65660913741032 -1.93189265325881 -1.24241283713816
0.213485611630372 -0.136643729331924 -0.623784242705444 -1.48735817460211 0.724099208337926
-0.655616980574968 -1.4507782866016 -0.116374718690336 -0.345441442583717 0.6466058851379
-0.796459974841116 0.0545611758108454 0.248394793962663 0.440521789874154 -0.473202098231723
-1.03944315543921 -0.732340160674272 -0.278839892511938 -0.0374890538331084 -0.290250469556324
0.82938921230859 1.58437817748007 0.793456443052953 0.400108974193295 -0.385449744309633
1.31888507723821 1.30269620412692 1.39134058203433 1.13276037851303 0.767935807718509
-1.64455158935363 -0.596322255798675 -1.92430130766171 -1.16198649013026 -2.74767183410003
0.805431092714151 0.370230881256874 0.417239491961239 1.10704260556876 0.275975964678611
-1.29381834806214 -1.9372419966381 -0.788963734680825 -1.39409095577662 -1.32824958961734
-0.478792293214344 1.7112757483638 -0.302774321572688 0.358824143521707 -0.134968414121784
-1.66497628585143 -0.367771262735056 -1.3171548456042 -1.00721918480933 -0.390238482393511
-0.783212898337905 0.709684782438982 0.339216481310244 0.288735324886985 0.454537912222828
-2.47359184316693 -0.340511301174327 -0.0667269840958067 0.596350079210725 1.06071617335609
0.406439476908652 -0.457701561053478 0.252633818762575 0.0310423284744679 -0.0769992318636432
-1.68172229271967 0.0708714374540786 -0.0409763942687096 0.1863096485169 0.151036918422183
-3.29887173750127 0.446374875031997 0.405651013747732 0.351164446333722 -0.564173502681331
0.888024734745892 -1.06264514943214 -0.0782817433671744 1.50758940876517 2.19155235707378
-0.111236709206667 -0.982993244972689 -0.654940133048378 -1.59123398001711 1.09786961077207
0.0796655952643932 0.561789747620479 0.328510248612374 -0.516011631720405 -1.39987342862867
1.34720738831265 1.68478359821504 1.51368437066542 -1.05182334877763 0.840700814508198
1.0824789420085 1.27449970433367 0.937101144019661 0.92086984153481 1.39787774599427
0.788389981973176 -1.01802610802673 -1.06953079087948 0.867039430869248 1.10467061002558
-0.701503305953044 0.431494478206776 0.746125726133847 0.992294660569376 0.489561526736976
0.276355318269479 -1.40843755512379 0.965065314470709 0.406374371811253 -1.24633694794617
-0.981139136209299 -1.27996125401538 -0.854319069603912 -0.946571885333529 0.422028301431014
-0.0873114771233938 -1.76539560421024 1.31531524260483 0.71852760391824 -0.650765909708962
0.0245151290076069 0.238318525659481 -0.950406459361069 -1.0974269772479 -0.178902366546935
-0.425299327740718 -0.640239389705113 0.653451990184461 -1.24956220601372 0.0835441664669265
-2.45386293974276 -1.70287705034568 -1.37370308734797 -0.972813870202027 -0.0748124804148268
-0.403430548566231 0.628187670669867 0.593932962422847 0.0539384732805971 1.43921751897873
-0.45924909145283 0.165544567805586 0.571586273400161 0.296150226084786 1.16460499949822
1.18076383078183 0.442943587074754 0.272700929292366 0.59338410549687 -1.066564708538
-1.08119220288025 -0.350742309245576 0.159022169046524 0.213156070762639 0.202181718459411
0.467100488053737 0.060358614071146 -1.08272660598735 -0.45740621958219 1.53855481866514
-0.981527581536152 -1.19779118732731 -1.53030398146194 -0.893711065673255 -1.4018566099372
0.69053184881585 0.477289852574313 1.06453403071053 0.647878898822113 0.92809700317271
-0.0915771282888047 -0.799378140209571 -1.27866064757913 0.562813399125232 -0.627324603684567
-0.692561300114321 0.656944042030528 0.13264527864669 -0.817736954721308 -1.71233235922163
-0.847530920742259 -2.18503993022132 -0.338114935325808 -2.1676038123609 -1.07809334241868
-0.362879540498792 -1.11924704004027 -0.77493427362506 -1.65378225643163 -1.45216972676934
-0.553157894007288 -0.939462607408779 0.495341933692325 -0.932626922136354 -2.18118783353741
0.475094045910002 0.546847764234606 2.40862240145952 1.66323342080332 0.430606256852363
-0.73565266574795 0.0471557366560472 -1.03566079502191 -0.175840023973624 -0.0518772640652633
0.280595778776513 -1.69879317243801 -0.817972557408829 -0.657185208569056 -1.35670601451724
-0.162801136788563 -0.490236134814514 -0.381707068537931 -0.913562577789762 -2.19797643035267
0.974454358438323 0.821150822494039 2.24628155615497 1.80271736889293 0.750879193889599
1.67361999274169 -0.718260305053811 -1.27086327156707 0.462457260151235 0.568051604646933
-1.06136905462136 0.219078037482262 -0.48155116957541 -0.810551419283489 -0.0852502747490501
0.922470659170844 0.809026495952592 -0.137092698399627 0.815567775422768 0.171853505664238
0.786507722171149 -0.251725615002594 0.182670454836615 0.568492131348697 1.58091500470632
-0.296236865797991 -0.118852798913003 -1.38311423828245 -1.18280433929953 -0.477864132671965
-0.0676944050328668 -0.602674393296799 -0.431834102216247 1.35647282778911 -0.865777177563887
-0.0694946460826425 2.02902355291822 0.451903077871016 2.20183422322925 1.32067322343776
-0.952811447041994 1.51309291455003 0.746447628736947 0.714183847907759 0.100402363607526
0.049968992500391 0.64514230177847 -0.2231171717598 -0.122556733865556 1.18586530731341
0.292759853726868 0.808477329923591 2.03115576145968 -0.231270651027603 0.356317028302839
0.0993768110835039 0.262577977797452 2.62152787585081 1.71791555504158 0.919290646851611
-0.116814708343404 0.0400076552953677 0.879270644781289 -0.236636279583064 0.85451171471812
-0.103774862603952 0.494044799102333 -1.60722802252141 -0.469498165096905 -0.480877397153091
0.768061258812376 0.0936808120118913 0.621509029618735 0.231976081355043 -0.470258757408876
0.23149175018363 -1.47739317043133 0.448198379598479 -0.743505953341702 0.7033390514384
-1.6009043040885 -0.925363027266305 -1.1280069931922 -0.540619847789467 -0.444757734672346
0.519265089591572 -0.414842895463769 0.135610870145163 0.585680818760421 0.118709614178589
-1.94454454162695 -0.659880804893714 -0.947589345082767 -3.36061077171507 -1.5370575729724
-1.47045931779343 0.67298512897908 -0.00528942798550328 0.631133738402276 1.5506909025342
1.54074544067376 0.557659707263917 0.478341275852036 1.15919988558257 0.816449770271127
0.281092018214916 -0.580196388053549 -0.467019240118992 0.939097580431485 0.811914131433476
-0.338436211361787 1.28987003424118 0.79351238096842 -0.541800250479117 0.298291708004081
-0.0296182077675651 -0.159324547586725 -0.915118018486579 -0.600078694953749 -1.50102829866961
0.0342883091761855 -1.55060931013969 -2.27777809049577 0.274071501793601 -0.00606060471955114
-0.330988022206325 -1.64473226289203 -0.635200598856699 -0.41348298504516 0.543357319637524
-0.116869047079994 -1.16803151501577 -0.924372875748291 -2.30786124111725 0.485708906717532
-1.99696742658794 -0.792009528358547 -0.121584506841342 -0.448785409219033 -1.58575232462437
-0.41935116142169 -0.0957457887851242 0.4733551929851 -1.31038299421172 -0.623979022636339
2.65927981454871 0.969882126581353 2.00761419092394 0.600538554056497 0.780049143035591
0.736337417897723 -1.42437939713428 -1.02344082050899 -1.01369421912074 -0.149704111735312
1.51386382066095 1.02414129273333 1.05013537838384 0.378743282168332 1.7941344352872
-1.32908876099075 -0.106711572016945 1.05508832931265 -0.291799811501554 -0.0667285963629269
1.98340524534589 1.86722154247008 1.1743579365817 1.5501250367316 1.35602105347807
-0.98560000723239 2.72493227831017 -0.0197722006027727 1.25348747103279 0.417824269319307
0.199201161116176 -0.556702873617589 0.295075718291002 0.260400930174584 -0.3917640158488
2.08028805195573 1.69883516283283 -0.935905378810712 0.727241594494802 0.668378383482043
-0.458067962840114 -0.0184955375483482 -0.757140473800185 1.68954664510163 0.585685363622242
-1.50809056115523 -0.869365826902054 1.13388978692674 0.915229890718502 -0.730345655745859
1.41396919723159 -1.41550359800443 0.549172254059251 -0.456630202880551 2.11861681625401
0.453545926960735 0.0475939355034896 -0.414638229794187 0.0434849160631659 0.799817428403225
0.260629630600909 0.808371548792919 1.12300777709051 -0.209953334559869 -0.115222228599284
-0.280576577919884 0.199127412865547 0.149182635693055 0.927564115336909 1.19396879310866
0.0113115075975473 -0.72115249997454 -0.559520488377545 0.321688434836775 0.479992411270442
0.640522160202954 0.0483215357451943 0.801646608670398 -0.324028866647968 0.796313175277701
-0.29879777491938 -0.515014256064909 -1.69179694276498 -0.930690191805394 -0.206681126773428
-0.732203963438759 0.00154064622691916 0.820821369784778 -0.412614151086362 -0.0549238485089839
0.031074776314808 -0.410848712234845 0.797347273464481 -0.31803355837618 0.319261681840971
0.120549402770595 1.79935670913398 0.648931930091635 0.738679887181768 2.48855579622289
-0.15358491286804 -0.670145840299248 -0.631992512454125 -0.291647738033098 -0.745321275062015
1.62350313628886 -0.241030878576413 -0.891931836691493 0.250019810929612 0.648501019144979
-0.848854337961507 -0.339978939570119 -0.123056945028917 0.940436601065748 0.500860474838971
0.414795215263537 0.895353567857265 1.15378434762535 0.587812469800711 0.473668794197087
-1.56968718690465 -0.738271757614933 -1.01057192214506 -2.49297779963646 -2.32839070543785
-1.13178086084643 0.536869021205037 -0.57661928362867 -0.111369625506208 -0.683982918641153
-0.272581271647731 -0.558562791126373 -0.293788905470281 -0.0601123809823355 -0.533130405637121
0.198913869348917 -0.846730842559095 0.212570755810124 -0.803857085813675 -0.468042365189688
-1.377669721111 -0.788964375038763 -1.96606540478115 -0.225324276448683 -1.36939917451183
-1.13749968723281 0.316109306489518 -1.68709072346013 -0.224061438613584 0.242583279140304
1.00444583682128 0.260902147822523 -1.10299746730993 -0.202955731228935 -1.35309884018062
-1.2055391486359 -0.652886029877676 -0.653514561242673 -1.42339630226868 -2.40373893835267
-0.11277035519482 -0.928248523422858 -0.989924566136218 1.2688443683274 -0.205759795949636
1.12558035459706 -0.00571512319167261 -1.17831082868283 -0.427811067018334 0.47880749058909
0.847903320441362 -0.132775623137649 0.551311428262027 0.530333157470944 0.732897395127199
0.706987314571498 -0.249786318041015 0.0599746191830537 -0.358038560859555 1.17551860153905
-1.10896112197861 -1.48677466391917 -1.18483315643299 -0.204441871552094 -1.10646763917338
-0.226370205316213 0.326952869269613 0.0988608634851812 -0.15290364937921 1.70446901159229
0.48239681940206 0.852959691145766 1.68373138484995 0.631520165705948 -0.34689500285574
0.599808913150059 -0.170374013402762 -0.675891491981658 -0.264630809946731 -0.442398199791936
1.44855164151329 0.880414611097753 0.0168458698362683 1.005348434825 1.58482673936184
1.26410838270518 0.118952728428816 0.342515458865363 0.268880789190858 -1.36419144459234
-1.18536708469318 -0.936925581718716 0.667408972723497 0.578855079914015 -1.20775911744293
-1.82650513318629 1.22541228132827 -0.37189253819016 -0.00851771207226673 -0.34713361781112
1.58764916507233 0.717494649853727 2.40915397535245 -0.0865477867104839 0.445610619279914
1.09305353406092 0.726551262965758 1.51411143373614 0.511779453588738 0.645955357691359
0.970905610142922 0.801772553514982 -0.561494358747184 -1.22155265966392 2.02682870787151
-0.916865280361775 -1.01320248683549 -0.509453188259782 0.0171305282269527 0.297574842467321
-0.359326029531793 0.677790824421112 -0.096609045041452 -0.400415501021039 2.00561420810297
1.32379694753944 1.06962688036519 1.34434859033825 2.14329524965362 1.25687993075259
-0.766532463736018 0.191349679257889 -1.2597570372333 -0.131904162377964 0.959029845945168
-1.76365280294347 0.695718763305524 -0.230973478422166 0.193316384963507 -0.283494784923412
-0.552505620887939 -0.481514365379131 -0.197558214753192 -0.81726166423988 -1.12640538525719
0.0101303344560172 0.245410733700545 1.0238101769057 0.241788415932423 1.01532512419544
-0.303562368082031 -1.31484090386992 -1.07721566255448 0.084870000757186 0.708705317414019
1.16185148134047 0.269175901775875 0.0810250997018908 -1.50190763416609 0.968630463633684
0.620446845883535 1.06726364399664 1.8130806918104 2.42803163308689 2.4131613142049
0.0239061709953051 1.68104865863787 0.466798241703606 -0.711826327372422 0.512351703729971
0.247959287017255 -0.924363868361501 0.945783194650937 -0.440139677736952 -0.124198666072886
0.692060523958827 0.154815364501014 0.798568119353154 -1.36735626101246 -0.1874130650056
0.998609633265518 1.85019210895992 1.17221859603693 -0.266805087693574 1.89312108104323
-0.54815543933837 1.09009006407107 -0.51413135330166 0.135352882132304 -0.344978501655766
1.47548954599506 0.659994577338184 0.637380064856071 1.40467668366716 1.87831020846549
-2.34282530460805 -0.594301574122599 -0.969140567958284 0.98784366684964 -1.41350900469179
-0.300866551881036 0.821132825839889 -0.648381982867439 -2.62649390149158 -0.388579506667989
-1.74033142290444 0.118668643360794 -0.115651652131172 -0.103007122493562 -0.429211868716578
-1.5383218137656 -0.497345972749632 -0.650696779775177 -0.499489627939657 -2.0081967217776
0.277582643171561 -0.120098350965485 -0.651769123622478 -0.951214379424494 -0.929928734100658
-0.0797504481221736 1.67518470975207 0.744922967061837 -0.1580765841538 0.520726450173311
-2.34656344072519 -0.171139370331088 0.0694186347038647 0.517337277931187 1.7872532260685
-0.342165131620105 1.79066238283648 -0.264596064287332 0.35937787941312 0.145458171467157
0.922326934520154 1.59154045122957 0.623898502619906 0.119543951264515 0.838610678102836
0.796246043483047 1.81881171856778 -0.429207487314544 0.666118655439895 1.15439917543238
-0.702009232728477 -0.553280682092713 -0.853100789705629 -1.94426549883487 -0.172693932073618
-0.133945232937662 -0.436936463399789 0.390653162215147 -1.19209156840968 -0.194141066336675
2.02398411161196 0.864151248203572 0.811813183350144 -0.742386984661185 -0.140517952158117
-1.4071555028538 -0.463959337765499 -0.785511609565747 -1.61595534414123 -1.14084679691922
-0.403571226819564 -0.52045373315459 1.0043305113862 -0.340277055994112 0.806755450652898
-1.47108660548662 0.579123294416297 0.0720158281841296 -0.259740417242672 -0.673779588894558
1.45673165821683 0.322537777536621 1.65420048325178 0.228323075852592 0.235810109791052
0.662766013297761 0.110572417484424 -0.88395346976605 0.524311897981475 -0.403644592447267
-0.701190307018516 0.390292909004388 -0.92700887261302 0.311194435095107 0.27177714971463
1.00708085867729 1.08202560539883 0.881416302922858 0.956305643193778 0.583470159899776
0.362120178833262 0.120393555581263 -1.44679011827227 0.147880591606874 -0.133725093590421
-1.74999297682755 -1.08645594723034 -1.24173341738331 -0.999237321281824 -0.245670717650127
-0.70518113120206 -0.117240739086303 -0.762521373499092 1.0057772029247 -0.155416365305368
0.543112646731756 0.0413044242724798 0.97768412387552 1.08620351051738 0.594532655636504
0.776833347507359 1.51811040957759 0.420137503259913 0.967821286542514 -0.369418553485596
-0.277929262570513 1.10322702915965 1.37801549437183 1.92152642739289 1.23834105109215
1.3744938375728 0.328921224161245 0.222977155431767 1.74918690950694 -0.539793733159296
0.00272000324379701 -0.176192325713388 0.0327992206574345 0.496829144023319 -0.0744376869345379
1.04244063609375 0.914488547814769 -0.150386027584734 1.25603255571938 1.27280228238993
0.539842756104549 1.51881203956957 0.605289628167134 1.22116644814343 1.8042843904682
0.718768658107811 -0.206406061890301 1.04069244147806 -0.790816319543809 0.280538631789395
1.09674776252552 -0.0848506560723357 1.02323959251002 0.172148850254111 -0.334800196359283
0.783330322512863 1.3452446634336 -0.327184794474938 0.985699385745427 -0.221642997702379
0.327303160044743 -1.45843962455458 0.877953642543044 0.159150174626774 -1.02608824467699
-0.801582723843752 0.754655152005386 0.579654357256295 -0.0657499148472701 0.381080445317168
1.74784814783922 1.46010471047072 1.18580421995993 0.0569331040496535 2.06873850220199
0.0128741257314528 -2.1844572174831 0.144718417592967 -0.534676766427583 0.54012699072806
0.784153445734752 -0.658695107954704 1.13480794817139 0.405407249647278 -1.18444844997804
0.0806018630081431 -0.186845787091303 0.985417492845864 -0.716829022633459 0.415437467474421
0.312879802557693 -0.54809097100213 0.552113149028956 -1.23327665075143 -2.47191135741663
0.886077941384092 0.939545379512553 -0.065412175132659 1.42149551699147 0.378909037633221
-1.61605038780324 -1.35190012057235 -0.524708090214269 -0.749115300669569 -0.0514533820118087
0.437001450100158 -0.269452371351055 1.65927348223521 1.24585556242143 0.0960862395452959
0.60980343247573 -0.0515634415987859 1.13291052792101 1.69522551275523 0.196848251631971
-1.09620087333395 -0.535814346351496 0.529120400422263 -0.640954675538186 -0.286119658487622
0.678301682228965 0.133171616302196 1.35715491755501 -0.306345465328596 -0.356245067904665
0.387090540064354 0.0425138093875286 -0.099301304847408 -0.834481420725164 -0.877104152027679
-2.2399957443243 -0.358322604231236 -0.188451236023965 -0.315689935882559 1.15572395687675
0.888989392584864 0.884727563533608 0.911383156771396 0.823690075478784 1.0738871805225
-0.0560123306574948 -1.52502029546424 -1.18849016107999 -0.530213187806896 1.13372018153575
0.291941786185803 0.0378985252255349 0.258108966218293 -0.00275834492591506 0.374177396361169
0.0688790265890085 0.221011555875214 0.427281386131846 1.08871592762293 -1.05174710357239
0.175287805713802 1.13733610086223 -0.04650695928632 -0.289734038850967 0.700069246443864
0.350347358231396 0.944440570895691 1.04952953048458 0.695468846818435 1.88065123843589
-1.14058523215225 -2.17548938243288 -1.46378718525453 -1.17801742800942 -0.0206967347898901
-1.86281992461863 -1.26621520771219 1.13307851618942 -1.26531478770063 -0.63436859371584
1.04073295536671 -0.0808136549897869 -0.0934364076006993 0.539297329159327 -1.44370841215253
0.701188595703839 2.03490630446902 1.10060398928959 0.703211905448308 -0.0971064362868254
0.721171426892606 1.65512539755185 1.40825693498021 3.20589943448809 2.1785599742458
0.541620535348192 0.852959307923896 -0.500359235750488 0.228024419417316 -0.0388913163739701
-1.21345753161189 0.236043156175312 0.777287840911256 0.103904444357552 -1.18593312186245
-1.38922308477833 0.228716669864745 -1.27032124784594 -0.337778766096755 0.940004913313147
-0.698137042831453 -0.0390520913263211 -0.148856053082423 0.0809238185949833 0.918156159037807
-0.246190231241098 -0.352635795756448 -1.90901958101789 1.01814995059443 -1.39099267867115
-0.176203572875681 0.374826618212924 0.0796813932986235 0.781373463156686 -0.00992979632028892
1.2242236676614 0.233825090240666 1.20741374226626 0.711108430749311 -0.166262947260225
1.11599091115417 0.0197485196740546 -1.21770825750312 0.132152718326137 1.63631530682323
-2.36342611764479 0.123035070391726 -0.214643676158768 -0.965134477630549 -0.740846879257956
-0.586528839837364 0.220928735443954 1.38555849200451 1.22423582831701 -0.129648369308366
0.0471056544893506 -0.1864811800338 0.762443427831013 -0.446258662340645 -0.168170610996078
0.363530692351429 0.77484332847506 0.336245272829683 0.353892759040862 -0.232651772130534
-3.27748642476636 -1.55332626451983 -1.41905067920415 -1.73492277025464 -1.19439195970274
-2.35630090640501 -1.07941100216957 -1.28948344570694 -1.50500218646055 -1.12071897704133
-0.172430272158648 -0.146289393756575 1.0062887107345 -2.21468714182569 -0.167570809585067
-2.43915889245068 -1.80738269175279 -1.82220769742508 -1.64160903819858 -1.65930868897751
0.600173802124328 -1.1339176764504 -0.880327999634236 -0.805844439559076 0.0272193530499179
-0.0184972383597442 -0.701046094700215 -0.602452972318616 -1.28652717402206 -1.2048073157791
0.211000516079198 0.477204909010945 0.694999590879827 0.776147569617291 0.972733722856848
-0.834142810086866 -0.01577584142241 0.997709525299858 -0.668061443751349 0.875206854811603
-0.49449024592376 -0.608396500961961 0.11841673261322 -1.61226934987217 0.396097924628917
0.956739111289996 0.284457123531277 -0.113152455626862 0.490326933275784 0.976170558968488
1.95879830640087 1.33835046165541 1.79786278625967 1.60327485224826 2.41451971007769
0.354298794522693 0.148889411612411 0.525018574624318 1.29169220720812 0.264428448769241
2.09104351696333 1.29107240471402 -0.161177860036014 2.11033793507006 1.10587696324333
0.400199890651276 -0.238649631984832 -1.40811403195272 -0.289330863077944 -1.44685984557645
0.120559375531884 -0.664073511061204 0.0295013808661164 0.993524665329649 -1.02189046320339
-0.113085769944906 0.91469120732299 0.32199332374415 -0.232466196475981 0.644939523127045
1.80168589062486 0.986308923459803 -1.02627515291698 0.339168271871828 -1.00541325088699
0.332514745852692 1.12782145270323 -0.893386314590829 0.144072107016714 -0.156699364399916
-0.461533830376358 0.875633860078671 -0.474552878291308 0.302508808941523 -0.740500674601114
0.905547136695043 1.12600768867438 0.0117307256209374 -0.405516340722448 0.172945968814409
2.12402376801962 -0.640003498603737 0.535656997302556 0.628850786164314 -0.365358631273781
-1.73141590607402 0.436854811915681 -1.17531415334263 -1.07335971592333 -0.85665724009487
1.62574437100365 1.25813428474026 0.998720742808 0.698310036699582 -0.00591043585735315
0.718601138426109 -1.03529012654512 -0.0886111170629636 0.663142580988857 -0.366317093637755
-1.53441925436757 1.08641917689662 -1.71865601668482 -0.581267807317742 -0.681088945780851
0.0197823753761614 0.623625142195039 1.14855165777494 1.56284569754524 0.656322260174379
0.662435981999881 -0.0947834784899748 0.46790670842565 1.08805933857932 0.319287253336582
0.860343257020625 0.23035980177293 -1.3454916870234 -1.86304258241117 -0.798076445196804
0.015975703301699 -0.581676454471953 -0.767488833392842 0.430424771670158 -0.459041994679025
-2.01614359640931 -0.735563963602592 1.28687644645346 0.225709821343433 0.471153123126912
2.39952823478945 0.437568554530198 -0.0612391886362433 0.753809749727635 -0.0949136325140115
-0.558831392115006 -0.273793833473403 -0.553923692783011 0.0710612771456101 -1.4128602697256
0.201236111691618 -0.472706484093635 -0.305690429125975 0.223797052872434 0.112732960059807
2.03007864792816 0.722534303024414 -0.979012649541282 1.23111690858892 -0.202468725084765
-0.26826550029853 -0.70844308572066 -1.27581344222674 -0.705045528388544 -0.0541012363344285
1.34420278153326 1.15104290456761 0.777283933936616 0.951869088429294 1.07331363997165
-0.365100712491405 0.635545670877349 0.769559959495769 -0.755255213921963 0.221976481483806
-0.160194398522028 -0.0498374229567236 -0.290504376613346 0.164172590910257 2.75388362925378
0.372213277142861 2.40523687312697 0.679255802199521 -0.43844434035462 -0.40021678184338
-0.743490661354876 -0.532768397181046 0.295176004956378 0.391254961362748 0.137327367375471
-0.25816080791353 0.443312404100467 -1.31811181206602 0.136319067164682 -0.430019741625831
0.868933535849107 1.13605593647915 -1.32483768806033 0.583597943343135 0.360487292055922
0.233148671212747 1.45039989805465 0.067148883715688 -0.11011517753893 -0.533939533901194
-1.2638210657751 0.940374163673311 -1.0927942103368 0.00421569469829347 -1.21866000999426
0.180242040008738 0.117866894938937 0.825569995965536 0.851576408773277 0.800543092767445
2.32619527849892 2.47316398679568 3.34044662850243 1.49724165407126 -0.0951878752409149
-1.58140388703432 0.397104453210999 0.349251661193405 -0.717288270616068 -2.76360085609151
1.22490586374766 0.619950617191224 0.346483916584964 -0.00183195516255668 0.227298958214673
-0.0261027089050372 -0.0462676935771592 -0.705272851962322 -0.105869957882782 -0.506070772923213
2.21315353808005 1.33462947290439 -0.0702387556429677 0.585301471226959 0.127020619169823
0.128277763038987 0.645370455973976 0.780771062226179 -0.366796861657633 1.24856602392716
-0.348184196215721 -1.09378524285844 0.207444035664391 -0.529110153374726 0.140762968373137
-1.57917852646986 -0.951069405766052 0.774156905377774 -0.0812151205337743 -0.768573476298759
-1.63385892996369 -1.04147066918902 -1.03643213366956 -1.02165709256252 -0.488748011833823
1.48134659943561 2.21847496908901 0.123498720622519 0.818629585273376 0.938594546199412
0.517094576923557 1.43030482853167 0.372508126790745 -0.618638614644678 1.86298746604877
-2.03837955827812 -1.77647030688843 0.511372728185517 0.812677215638756 -0.830284753357376
-0.170889947322469 -0.992581478741206 0.799904513575654 -0.258539185236161 0.945732711344591
-2.03603560914067 -1.43158830115711 -0.934046362360869 -1.37580291952427 0.11311216752868
0.809152373292502 0.60964468023197 -0.415108764332857 -1.53688827963433 -0.775411543815268
1.12874557177034 -0.623747972456759 0.621540670970691 1.91281956390868 2.1219564278392
-1.99432157825161 -0.544668200835891 -1.21967435268593 -0.961223012166565 -1.47263105660819
1.01372246946106 -0.56703718133346 -0.450283688936476 0.438264631277312 0.331219519961564
-0.922687119424018 1.49756255122265 0.0269284640159865 0.303603389751527 1.54011550859109
-1.02782183326729 -0.386900029363977 0.238668467359148 -0.966173543117521 -1.49436215612396
-0.0980849110088421 -0.349057909450497 -0.648829774371776 0.0818895284205821 0.842411949532539
-0.171644321060535 0.385445743410885 -0.289856021733759 -1.47993935158348 -0.256461934562703
-0.831583240094958 -0.407117202431333 -2.01384152734628 -0.228354486628728 -2.1761025940226
0.998146826235705 1.26734451844233 0.241150758392827 1.10182782720373 0.618550035121622
-0.13155393305409 0.721841655033462 1.08342584624081 -0.432757396668434 -1.0245382514326
0.426543474196341 1.17290855547082 2.33044407120001 1.35597050700317 1.65073601126143
2.55200606870352 1.89531000240739 0.477627542179385 1.09996997032493 0.673255680345996
-0.599655615923273 -1.02989288077433 -0.920244984239755 -0.22928708222496 -0.747659570510863
-1.39687626495686 -0.234097647671781 -0.171126441624313 -1.68866463103937 0.423829029297372
-0.365707997482909 0.827357768163786 0.276420606183877 1.07372153917394 -1.28543197783815
1.46364677862365 2.00898300968182 1.00654288104612 -0.0180645540965966 0.974824586874206
-0.480540936561785 0.998970249175192 -0.273749740433809 -1.08430960922635 -0.829012282571391
2.22046843329665 1.68230224631396 1.6289860538636 1.04086290398656 -0.0661153381788654
-0.280931405459476 -3.01781675908408 -1.22585516795387 -0.171849087576234 -1.28259242869717
-0.904673206871055 0.497277279012972 -1.47128757645449 -0.443725270709412 -0.514185525539674
0.235335580212257 -0.0650771440328119 1.31335154379415 1.45383806289235 0.985843558921316
1.43108151441356 -0.26380261226901 0.59041158203429 0.251909663028447 -0.201658141965264
1.75386494361668 0.186284486683968 1.58254689364779 2.0291642501924 -0.533863303455665
0.0400995704627171 0.402341414488826 0.339792484996666 0.134552308767385 0.27147729730263
-0.307720882196429 -1.16340340448912 -0.77165421606468 -0.112647439122872 -1.14168642727085
-0.466284035949995 0.424006780936521 -1.07433510287661 1.37185721409224 0.121409294114196
1.43513239228479 0.480643908219142 0.164232243809396 -0.108282912666619 0.162901583001213
-0.253880753736043 -0.468035253639072 -1.15968269103304 -0.73203282324539 -0.390092973179862
0.611625532208029 -0.916895126000878 0.847714694849768 0.695158869157034 -1.1689177757557
-1.31648211055175 -0.0148854843763025 -0.155715920804681 -2.70771565591238 -1.02111214169109
0.764079682340818 1.07903877201445 0.185132177340993 -0.12498560060654 0.172259219651831
-0.438972723587975 0.387967363684818 -0.0732682078413935 0.83203870832908 0.324073888535439
0.37407571874397 -0.256627380238646 0.2821164000601 0.321221331966225 -0.283262415638519
0.0254311956422811 0.36056451768727 0.0716268537606263 -0.418361028688657 1.31939148607265
-0.697762170083531 -0.871053874035812 -2.15307252035818 -1.16256675742719 -1.01572966252316
-0.0741103474209327 0.21374328349994 -0.921846983977527 0.72971291842766 -0.126429477877238
0.472275994814981 -1.38023225785485 0.874308008122805 -0.202784886934388 -1.07365245361141
-0.464536680267652 0.248466398437841 -0.956478560428296 0.224471499105888 -0.470902363711269
0.954287032367535 0.581245891869537 0.286303289232151 0.637102933536308 -0.255298478172895
-0.371193776813926 -0.250678605180589 -0.00922155124982416 0.945065516847188 -1.14021497072736
1.09166225709734 0.0866699398462354 -0.349737363319145 -0.852936593105056 -0.0259997888996847
-0.824847204132974 -1.63694272343732 -0.0831360893123469 -0.730561479615268 -1.05417524476229
0.653355037627711 -0.405738019443982 -0.561096520681882 -0.294157802424917 -0.8465964189172
1.09616480938311 0.32288507351833 0.979733096353377 0.558521662656652 -1.24680700875347
1.26069794564076 0.52866806162923 0.879465696615634 1.57798473983558 1.68952023241353
-0.410279546212776 -0.20228439230473 0.52653394841847 0.134421032645982 0.320277881737334
0.0255487170520436 0.071490918273909 1.12316677349994 0.3873996699474 0.830265185493437
0.743541985615829 -0.718314872228451 0.914981967878827 0.785450288235941 0.553841529611783
0.577282752421091 1.11030259989679 0.34557493255426 0.0694227635386095 0.299238774962154
-0.170113580828338 0.340714016096478 -0.0894289135496158 0.563272860367361 0.364377846618396
-0.250652771274385 -1.29422971993264 -0.842581017794113 -0.319399266177154 0.197498210250537
0.653438292866545 -0.142800659701488 1.84623010708217 0.156464496796342 -0.322589385919874
-1.08549405855365 -0.260088305127167 -0.111013732345148 -0.616414348621955 -0.490973112471738
0.613528842025053 -0.695995449760949 0.425916898902835 1.54978666192958 1.32997109477259
0.221764209900398 1.06285518907041 1.70004405973496 0.810219500130488 1.21275920666377
1.3934212336581 1.2176401120605 0.293791537814493 1.47054894139159 2.05713250447907
-0.95195905525848 -0.142433526910547 -0.891152741378573 -0.748895324349806 -1.22690081447363
-1.56999278319639 -0.443172453968478 -0.128571805166814 -0.790411104479915 -1.87296084206116
0.836401508400637 -0.510545994495198 0.856984394370841 1.2265874020645 1.03929736451611
-0.757843272314685 -0.931161353829561 -0.459031817748865 1.00529971176222 -2.08902244265298
-1.67882012466034 -0.569647351559786 -1.32254666907733 -1.16773373903283 -0.994198798301756
1.28299346149987 0.466706939946271 0.945715222437463 0.962272894177367 -0.32862393167918
1.26683248745107 -0.183868427852268 0.26209383457004 1.1862993877636 0.288926002125715
-1.16474811085205 -1.18790376490286 -0.990565134588794 -0.910378376736583 -1.6457134464138
1.24176168096639 -0.095515721992571 1.26820926588589 0.0599987008186813 1.0964090526333
0.264006766733567 0.144259599617472 0.431604317689128 0.752815547473002 -0.276886736325381
1.12972532148024 0.495413484991903 -0.0698193592222457 0.063914358581755 0.0260102513065783
0.513477278460704 0.583107196032522 2.01511200324646 0.482152206253359 0.550510909915836
-0.858344649935803 0.262881151715044 0.836944544116935 0.343363615744886 0.416694712499333
1.27272925443298 0.437467185014994 -0.537864936897243 -0.540427930108806 0.0769958857024348
0.929140387657245 1.13264760782838 -0.034378683382761 0.495287648312818 0.322180127132618
-0.326033428747273 -1.10710770358566 -0.355453593146185 -0.934605247685401 0.293922766777711
0.0568123079069539 -0.070961237720098 -1.13358812756724 0.62606228954354 0.504792534980015
0.154705490324912 -0.271040213110144 -0.0588705175784218 0.18204779744697 1.04881330480977
1.46876564364921 -0.363786635067481 0.894600357427426 -1.15469874220469 -0.390860350865844
-1.17684055920931 -0.625140839493966 -1.22474792590113 -1.17519991010271 -0.994179544594141
-0.536562431308765 -0.53735160414307 0.0344562268109188 0.324036386787173 -1.16258652698138
-0.787981294697742 0.764391778222927 -0.686254292476392 -1.07119975666087 0.405096806114075
1.73774693807162 -0.13386641598007 -0.566100337523921 -0.273734027006708 -0.24630457510873
0.0810066458732464 -0.101897229156745 -1.97820140929243 -1.96337713539436 -2.19597537699644
-0.531895311584497 1.37140565085557 -0.376274799409367 -1.93660147463974 0.637789286796656
1.30924641090654 2.50164170736296 2.60088754661544 0.283906362736218 2.05506072883682
0.229842195705734 -0.873130729292363 -0.245551620619634 -1.27188443738284 0.055716374352253
0.199878718489208 0.290195253922131 -0.111380732963192 -1.94178395002725 -0.217788845828983
1.41805046052349 -0.355788316487333 1.21914841043602 0.256333426379108 0.254299590591334
0.606283042451009 0.948960531603451 1.5883190986359 0.0215619245345955 0.71901154813465
1.1441572667782 0.780970393850204 0.57082985388621 0.226979263127228 0.846394605073983
-0.931483744955345 0.407825555525559 -1.54919400103488 0.0407234508476397 -0.143836162684574
0.0375597947642114 -1.53010639803235 0.448464658284562 0.0703870424535917 -0.125987751632905
-0.848713821180841 -1.3982716232707 -1.97634478624739 -0.434722362728077 0.0519155304531679
-0.341001133446022 0.148969230173524 -1.39804287977675 -1.04412607175961 -1.30340829209239
-1.08997836320421 -0.537010781735489 -0.845286474782466 -1.76693132282359 -1.74121466475139
-0.369308285059683 -1.66297224870387 -1.4768794368931 0.0649339738608626 0.249193380873364
-1.11801515582747 -1.10285408841307 -0.280495702177197 0.495203425980264 -0.149062911823657
0.237837081271876 1.19488874661501 0.861111565690578 2.81514790510742 0.577540008251962
-1.04513670488522 -0.600287142181723 -1.26430628263388 -1.37487052407573 -1.44409384130707
0.403403850437908 1.37592767479334 -0.224893374459928 -0.404677031315983 0.209611703862411
-0.0667078626282756 0.271092972670373 0.293355383318888 0.654536234150537 1.82575569721886
0.811950289382607 -0.372013053161088 0.845818660962958 0.720123850173575 -0.712526988737239
-0.204722304866828 -0.312238125880893 -0.704872647166626 -0.557246022033087 -0.860617240822754
0.325096269121251 -0.18282160072979 -1.9228129511165 0.131969057456799 0.165286889721818
-0.762309496217546 0.585911423963385 0.166567188832306 0.082650530889316 -0.773331515326248
0.181926150158449 0.223781083609261 0.257726778723591 1.37360959213923 1.50736117678885
1.21230233521467 -0.206613554598741 -0.142370170567925 0.0797619679284501 1.01086512972552
0.659181709720975 1.31658809966378 -0.828837858076021 1.96942208457301 0.470782974780918
0.311220461766371 2.10097011666999 0.758417804808506 1.41955251703381 1.04205064253893
0.564159653510139 1.5129301292036 0.404333497036067 1.3973381851557 0.266865942646932
-0.868775181129 -1.66856710674256 -0.188018215075887 -2.19149193484833 -0.271689986985269
0.0224639759515097 -0.414845501079317 -0.0131428568088704 0.597940792686933 1.33480929912689
-0.214266100808436 -0.4310520136852 -0.698619366190173 0.260247265355994 -0.301128343074917
0.328177756936333 -0.509941405843512 1.16032316779377 -0.556897291579069 -1.63963755330362
0.0385432511300239 1.14537690288479 1.94469732289271 -1.57001262568291 1.18619125331881
-1.45852834476979 -0.803631478717931 0.0444138954300788 -0.501901193918818 -0.788352421286448
-0.0101559491968772 0.4134453416854 0.0729049769218189 -0.852693990333778 0.30624615922251
-0.669273284302892 -0.139600898364548 -0.850344296231779 -1.11300168343235 -2.16660470084059
1.82578084708035 2.2174859529917 1.64812548338852 2.80967085507405 1.44702236073148
0.398889579597379 0.311604709734626 2.67594774354428 0.0481028944608117 0.705749233085839
1.49003649729838 -0.502442573933234 -0.3274955316188 -1.28667856001203 -1.13196178887106
-0.220537875593521 -0.0101699716808167 -0.0883820094914567 -0.406986967551261 -1.35339853530472
-0.367418869268138 -0.889435665543298 -0.755652993300142 -0.0753207060508861 0.268765903036127
0.388881509125282 2.05909710380282 1.04526461091753 0.908481147070056 0.0681036027682033
2.01902210246424 0.744520906362633 1.29099658776681 1.01536152575759 1.84449132529681
-1.01522898600768 -2.28344072844601 -3.23462368967753 -0.381791267259579 -2.2645383371993
-2.07756092281193 -1.44729028110618 -1.99071646226223 -1.15957685660122 -0.804418891059911
-0.850053384339277 -0.605203629649808 -0.293123070036918 -1.4876045010019 -0.756915765409083
0.177829856651364 -1.41137758610075 -0.576657489371348 -1.06388938516865 -2.06813402386698
-0.201845952776716 -0.400397578600514 -0.338323265627277 -0.487347982444343 -0.837832920381413
-0.729741664338238 -0.211752353220237 1.12228952751743 0.0228696481504881 0.876169361496584
-0.281536055210443 0.279261194473245 -0.00546016192922476 0.563091906006084 -0.14750581849059
-2.66997953238013 -1.03591856601342 -2.19565084529039 -0.594496461040587 -1.40338795352114
0.895736473574497 -0.422637844393069 -0.0515895626311622 1.99171189322142 0.923212258372976
-1.19107769629574 0.144764836271448 0.542662445026147 0.21076344712207 0.135850266829709
-0.0914649722903718 0.597643629041169 0.887554190750046 1.62304721046886 2.42884888920671
-0.113694446133708 -0.14816151992812 -0.104922174992619 -2.02111137482278 -0.57773784982016
1.06822077200002 0.900789721247385 0.462094770754015 -0.474644044224328 -0.613937840448278
-0.48556850839496 -0.778064435145803 -0.971901558031342 -1.49237250004038 -0.890542435569982
-0.249476836549981 1.26898922196934 -0.589428242588102 -1.29352199356071 0.781999822547067
0.550733830908305 -0.476873768786738 0.447932325507998 -2.66044714442843 0.0531756109843186
1.26362821613119 2.12923752907347 -0.33951412363106 1.56750787388604 0.851428272904717
-0.389208528986675 -2.09704195011377 0.302103111924527 1.53170782522457 0.669275794957614
-0.562957372312822 0.385663771219609 -1.27632000165437 0.95111134153763 -0.23400603146144
-1.44514470909029 -1.81121684594096 -3.11714728454475 -1.03370121300018 -0.856068864922144
-0.844730417041326 0.151151194707176 0.920073642120425 -1.11309145277943 -0.114258517161217
-0.886670783672532 0.663770142592966 -0.740409812848283 0.53532502055459 0.628312186652006
0.782726452339048 0.109684159894477 0.754254589502882 -1.00314926198868 -0.0506208104090382
0.852181782038443 0.965441393393751 0.0255412852395394 -0.039632965854438 0.11789350890943
-0.547921864275384 1.16648743862265 -0.381580967582928 -1.08330278717258 0.0634324821361457
0.58787066287288 -0.162264691303341 0.800838285110856 0.497922126891024 0.474765466538504
-0.80451141205655 0.016484025798631 -1.30593706676138 -1.71671480999126 -1.2893983840373
-0.0599124875164194 -0.82998674217211 0.303303642939529 -0.470799169513229 0.973525763865927
0.121733998971403 0.13078514935545 -0.719945038706857 0.388739179499237 -0.913061186891482
0.767855558143141 0.535890640582166 -0.649199410338181 0.223369001004617 -0.601651798574427
-1.06603216018545 -1.71128606973476 -2.11989743565259 0.136667910632174 -1.73102109901689
1.09121951238345 -0.228114433673101 0.200016256692932 0.0538302280287756 -0.311904730675727
-0.220995882387673 -2.16239122701782 0.33516954177521 0.0281585123982209 0.296797801903341
1.55307285090299 0.922508005757215 -0.533960906965611 1.60914160946385 1.50835427479696
-0.403080839219307 0.0193030208558645 0.246128770296524 1.21172702760126 0.0245836162252023
-0.409516533794363 0.77756881933628 0.00969706682485516 -0.454780656707631 -0.466511491124699
-0.216544270065575 0.770046945190499 0.495184479702537 -1.26733419053393 1.00940762390817
-1.22702962935899 -1.9439375862307 -0.710563372950531 -0.531724494716609 -0.626952597982964
-1.29383425313987 -0.357288801801608 -1.98040532514599 -1.6451200193969 -0.410051024425172
-0.317871818424656 0.137731507486482 0.189442026503904 -0.621812734462973 0.315346602083651
-0.284054678816818 -0.325834636106819 0.0964324364669178 0.414754893779666 -0.523175400439893
-0.912093198401807 -0.251149037947609 0.491922102457743 0.769615927544516 -0.665145483010909
0.0511549829669419 -0.984353216173441 -0.664000168487182 -0.391579207779798 -0.0566864428467109
0.274397956674274 1.40847166244337 0.619935743704873 0.311141984648659 1.55723825363228
0.830768264526003 -0.220397403481667 0.708776784965155 0.135294344272124 0.739668941910073
-0.0669860612802783 -1.48186850185421 -0.717167074375406 -0.000560986495846572 -0.328427411501551
-0.29042720894876 -0.371033444551468 0.558091701761914 0.566989262546563 0.289270584932228
-0.703776782849308 -0.685415283527799 -1.20363924064758 -1.71528480181527 0.718741769350416
-1.00752252158561 -1.50438779015458 -0.497022333945469 -0.972276485542667 0.474221652573749
0.302899737126806 -0.042010244564149 1.39415812870607 0.342654455242785 -1.23421423261526
-0.164172758959718 -0.661955401364554 -1.28245232688655 1.04592104790249 -0.110156299313909
0.114491064225343 0.638469048785098 -0.102267251016619 -0.35976603457237 0.291832505914563
-0.612067038603486 1.36708261632835 -1.61887130245393 -2.03142055072204 -0.720970785217484
-1.55379765664054 -0.163257140193718 -1.0438986211734 1.87867619397174 1.40855530356771
-0.274479190800528 1.17224084365987 2.17188443683399 -1.14363742633585 0.726704240570909
0.65936560006139 1.01682763581439 2.28043582393386 0.854175512964269 0.781367214776597
-0.394848906111802 1.9839077472726 0.0189110848782688 0.508405463098364 1.20971189991805
-0.835502532281975 -1.41935006313885 -0.342826538007871 -1.60111371689162 0.20973073752932
1.62938551918207 -0.507757232749962 0.0882453194795347 0.936021516493378 0.564778385937572
-0.679801429647817 -0.189843872829107 -0.393015128838707 -1.25897763195041 0.0476291038843522
0.311644133286997 -1.37569501293998 -0.640969424361162 -0.684004161382644 -0.828632322030482
0.390530284164324 -1.51241447531201 0.539989038666415 -1.16220375235228 0.218900730005634
0.136009068406712 0.833430816957986 0.420306666147446 0.716469189977721 1.14691089529913
0.756953711394036 -0.809850838450212 -0.00325086494579246 -0.478527177496584 0.953690828019605
-0.138845388584207 1.08677310808534 0.61295337985744 0.536873619087517 1.02700421791287
1.38332169657487 -0.537149106388905 0.544651946031458 -1.87798010009671 0.894357174166162
-0.900316151789411 -0.0538706599325432 0.583302921902167 -0.127416290517593 -1.68451295324681
-0.202104335305015 1.50133239954977 1.26396643395143 3.19923485267002 0.593928733378516
-0.549228326294137 -1.32669297424066 0.0496691728047008 -0.172477233515216 -0.0632900612519759
-0.365169600553392 -0.773595076771758 0.0144962296147512 -1.80134872991381 0.0473119651185028
-1.92292156275148 -0.601076851620621 -0.683312787677663 -1.29196094021287 -0.671532086251786
-0.803438938451432 0.395044431928113 -0.932731497442373 -0.378979443505379 -0.42067197885122
0.29532980934526 1.15111593966915 1.52272778530881 0.875698791911222 -0.806826366481354
-0.0886790537282812 -0.870571920109235 0.923308403361794 0.317061640162777 0.226196157215619
0.829671752149256 1.42496485646377 1.22725913336351 1.06583661320234 0.974169534767256
-0.0366596751735612 -0.312272808909833 -0.638600875564693 -0.0930146459443066 -1.55391985426988
-0.831843199964168 0.319084433469357 -0.506990029877945 -0.863445005790899 -0.725764956378641
1.05014632347461 0.960062725511087 2.32064846433423 1.42998492739752 1.91787500742134
-0.881593624269604 -0.30799186867904 0.292926522552196 -1.02866796247276 0.579408215473582
-0.574665689450534 0.16989809582838 -1.09668591452451 -0.945560293820687 -0.604596338462586
0.533230387139788 1.73191894842504 0.646989065484383 1.24261968068033 -0.995725814312749
0.0493935673395539 0.933689487858902 1.32466701890157 0.3648733528673 0.386360473292721
1.85861701254704 2.21805679131619 0.647117191119389 1.7065139377712 2.64434843509359
0.256447461597145 -0.369822516954848 -0.108067388952863 0.581326167003979 2.36716742147836
-0.460067884840314 -1.74282845211882 -1.05694499535296 -1.80262813026545 -0.432753561353426
-0.74135681712193 -0.145646307321673 -2.08878396013101 -0.0306750802124295 -1.0645777387898
-0.495138475859045 -1.34997072399194 -1.52190271167372 -1.07337838422049 0.085294521770533
0.66924238298255 -0.0288597310412136 -0.196205413923443 0.0501775423463964 -0.0733266774757671
1.43213849148637 0.937502152942931 0.948424289162292 1.81729984204587 0.483171048678135
1.25927279465209 -1.27043651654751 0.102408071985918 -0.454089400299671 -0.208712929999819
-0.504471635427681 0.393660800306897 -0.0845495446959064 -0.430163090033216 -0.288355731239129
1.17310719760473 1.0840028537393 1.2092320261162 0.260594922444769 0.508928471031527
2.26368337047729 0.547752398270822 2.39117991490248 1.98538972177716 1.05798982199741
1.30264118799742 0.574285697034799 0.0796022810687769 0.103140815092533 1.97365920482903
-0.73098246825228 -1.65018107488273 0.069297568457611 0.819977085796291 0.0337017237918359
-0.195576784454134 -1.00656377981146 -1.50785787355642 -0.906250126917491 -0.504376114416431
-1.08002507702423 -0.824799634286084 -1.04165112226319 -0.378881873502877 -1.22300052991213
-0.33040162168652 -0.927715753599809 1.56125225166097 0.753204283388239 1.3811953008657
0.133257223833985 0.134935702800221 -0.709330121309262 -1.00581599800961 -1.60588619078907
1.0744617441562 -1.22710245021721 -1.57429754719776 -1.74689177328376 -1.76711925853539
0.134697312846299 -0.000479037222818481 -0.635844636723296 0.707356840283583 0.978500263135796
0.0930407664659341 -1.2090733424338 -2.05428313261393 -0.257175850791498 0.3081133959317
1.04960887687252 1.82558993891157 0.365088212160683 1.82804874906025 1.44010553294008
-1.07780654439633 -1.2435202535821 -1.24183502163266 -2.69527790556029 -1.14319997396377
0.200237638454842 -0.397391801993643 -0.188263281426788 0.261619625863403 0.870752770509289
0.682474421901212 -0.318066430240793 0.0561433287239155 -0.412052717267733 -0.297986627305345
0.123118318127872 0.713447613481119 2.98004237869033 0.652660621068228 1.15490048487428
0.958951736395431 0.0222392502987675 -0.403745839453714 1.95546770366721 0.350612869844088
-0.364879893722629 0.353532002746584 -1.86129355649784 -0.500754042981171 -2.03354633395728
-0.958237805760598 -0.658332811881927 0.692740610670495 0.017042136954665 -0.914548445513862
1.72838119019138 -0.138478990570252 0.610885912958375 0.532599162987289 -1.25491014924108
-0.772850923321449 -0.815885078723039 -1.0522664138719 -0.896716239869079 -0.858908703066805
0.218104851253929 0.504410804968763 0.468263748232317 1.11176889974123 0.157805541660172
0.961864128437889 1.18369742780792 -0.0686629200611545 0.262589323111853 1.86505400790205
-1.4168077992125 -1.82786935372037 -0.108571073626486 -1.72199804201689 -2.5273619699956
1.20631264209569 -0.688752365226532 -0.78460351627381 -1.26480270548388 -1.74169188981883
1.53838608010614 0.0475384636597613 -0.776765851679783 -0.29231936890863 -0.0715279248746745
-0.840665845089398 -1.25520568982037 -1.94941594482344 -0.536566402257266 -0.465362902091816
0.775205080219341 -1.80912504308537 -0.403731811261437 -0.449813770939977 -0.438767941996803
0.543231209099253 0.868252213316461 -0.709421301477988 -0.576564298716996 -0.381934684364285
1.10889994711594 2.06016365062619 1.55045126537008 2.1052314023738 0.929411598938812
-0.707126738539718 -0.249395218620483 -1.91932988203305 -0.849304065203075 -1.00095593091693
-0.302258267669303 -0.362216180785332 1.7358596856856 -0.880864685443573 0.334333516043692
-0.676234414381169 -0.138914189423872 -0.693002545126055 -0.627725871026256 -1.51178321156209
-0.747421281147324 -1.22840230784913 -0.480533844691839 -1.2577450384047 -0.951849054779379
-0.798088048064827 -1.21564407117093 -1.10427950501124 -0.915037715351921 0.867996393124296
-1.22325268415798 -0.467368884570062 -1.08459134483427 -0.680822826553759 -0.778159664080395
-0.565318232895641 0.271340909855698 1.06148898304684 -1.57696524363829 -0.231319722326066
0.412464382482054 0.772322615018724 -1.02373290403876 -0.351587783110492 -0.0336463015969049
-0.877058293880191 -1.19731770219093 0.0526058185158176 -1.86327244269819 -0.363234160998389
-0.280378299029424 -0.640252934068595 -0.0415374780240727 -0.629486093734389 0.973926340110399
0.00057311852983187 0.916556826713543 1.04447517995188 0.883435173170614 -0.730465700688011
1.21406671210649 0.920156116005154 1.03180584527155 1.24629594021278 0.927206599406086
2.20919825835697 0.914891856173103 0.711999799544884 -1.25060268115664 1.48951211297185
-0.0010704133478685 0.177080186524867 0.936235035405447 0.403991377007688 -0.398427571565272
0.720263306330142 -1.0863961534741 0.53213217791114 -0.616139691811665 -0.590920912398958
0.128275229779151 -2.01606360947959 -0.595607782169199 -1.118488604495 -0.121058840984182
0.401266985710243 0.0930638415686742 1.90870995434373 0.330811038036713 -0.751397916151485
1.04702077208097 1.4884675332533 -0.592513719519366 0.749897558878882 0.583138424152952
-1.06080985163345 -0.0297588544223134 0.00153723732887892 0.764570042442757 -1.04211296337928
-0.455856886310137 0.304921634028534 0.663639458563602 0.188649438248393 1.45776068167197
-0.151945293905506 -0.131164170574991 -1.19062601152232 -0.674011596744298 -0.335072456227319
-0.695080624139707 -0.371443848469579 -0.366755007549883 -0.219111879919724 1.80972504661519
1.78643218842621 2.46421349125661 2.42790137064747 0.98955951097982 2.17628819471911
-0.365270970138562 -0.260857022271344 -0.832592721355511 -0.557073949605701 -3.7259917097794
0.369256098045167 -1.88935868570317 0.471007828631275 0.581067824272007 1.02699663475319
0.409467189890667 1.67295002567163 1.16216513056049 0.793797894384119 1.02786541958739
-0.649510846569571 0.82011112658351 -1.2807040572812 -0.521843423845982 0.670169907027072
0.359350644515816 -1.8234360114907 -0.363482381134881 -1.53720594251731 -0.565288744621669
-1.59734405613964 -2.16553164313217 -0.87891548618635 -0.429871305886177 -2.08757658402787
0.572954017750616 1.81728034657543 1.43346266606537 1.99157690687798 0.982557480314454
-0.370593530258305 -2.12696775689536 -0.65483938469445 -2.47579309925981 -1.11507666091856
-0.609555566677462 1.36057795380788 0.583371599416787 1.44542519210093 0.80629223480709
0.330224726202858 1.24172176876971 0.426888804409354 0.948803285323073 -0.312538054161526
1.52080987127922 0.285317603528998 0.112449856642488 0.930874905045435 -0.0355370690750633
1.11140107564002 0.492963838069994 1.26633810042713 1.15797950332755 0.37561872567706
0.792592420579347 0.361373922408232 0.654866472129432 0.263159793420778 -0.0128436526681373
-0.314674422897885 1.40076403400065 -0.989475922090844 0.750493546775642 -0.295945284670323
2.70234759361087 1.90239041960321 1.64260213091603 1.4333217356366 1.95090186355612
0.987296470915148 -0.0929914591476032 0.582610203942365 1.36273879099641 1.11949691373347
0.583715641881788 2.34399819648062 -0.220634667390207 -0.0530735862139597 -0.0554844766565544
-0.171913186918701 0.651113200756275 1.58855686946851 -0.315582002381115 0.0220858882362583
-0.416731139090564 -0.256136769369516 -0.150648900675802 -0.482070606599579 -0.289116039831685
1.11421958856821 1.32937798313265 0.687894672138726 0.801203969758229 -0.44912301056926
-0.452723132897371 -0.00403005429173812 1.08907785968891 -1.16331196921193 -1.16702778225719
-0.177987320833324 -0.168455376196567 0.0233509455254681 0.206965804694712 -0.394176205252068
-0.287908126020917 -0.545275769541306 0.397121419804022 -0.299328510754036 -1.21296516161139
0.584612339941502 -0.95514115897334 1.33966354556196 0.530474643919918 0.437728492497222
1.26979499742024 2.23402408801569 1.57736595428134 1.2899571654823 1.6595409881817
-1.33319385477428 1.88661493271921 -0.163932884541107 1.56561915065219 0.834583185972444
-0.555733018188282 0.358667246808408 -0.191821648532382 0.220437990938722 1.26790330503776
0.542821944202944 -0.146623726659894 -0.584889170639612 1.67599021487865 -0.236734310635529
-0.182744573446533 0.877777898771515 0.851002558393488 2.09159856533712 0.0182994137786263
1.43978411679182 -0.996353420746778 -0.498941282215406 0.82192213085752 0.668188167890111
0.846824373144253 1.49569197055894 1.91293464823931 2.02130123026324 0.391582748470024
-1.79146790245791 -1.39397649378114 -0.657705912190234 -2.22161893382336 -0.323819366540057
1.43963549046866 1.1645151280054 0.342275336879968 0.35077573888576 1.39762328772928
0.865681343600359 1.80733355437044 -0.218389089513207 -0.920625592842975 0.27878648733624
-2.18289960425193 -0.944730109466259 -1.11106117867078 -1.37168155663442 -1.10946840324181
-0.794406239602117 -0.975361221257736 0.277180693276795 1.20619747151202 0.516027512729429
0.186534922202161 -0.668757857000841 1.12880838190914 0.951885918531947 0.367522485039642
-0.659027757550414 -1.76217697964579 -0.690113061918484 -0.460326607566719 -1.78515760531411
-1.5970442170962 0.659844365765224 -1.22406160167783 0.151202185740074 -0.904570551138733
0.752320545695641 0.0743153843305967 1.93531043532757 1.11958446614231 2.14503976829162
-1.22145269641024 0.113795931788741 -0.654486079795598 -0.933440661284155 -1.54068729424124
-1.44507455718864 -1.9780889077886 0.434229559607913 -0.233628938536381 -1.14057691504362
-0.848039083309126 -1.38996593628638 0.399242066486415 -0.477914513233046 0.151703771851322
1.85124344108507 0.562831759578695 1.56662959750496 -0.0591617014458205 -0.212953057512588
0.890531358828159 -0.0471617784210225 -0.682194735520074 0.812002829025069 -0.108299579016776
-1.09543690329519 -0.54209280528781 -0.98966413169716 0.233970781346491 -0.159545270485763
-0.592637467639074 -0.436718082548523 0.862469986701778 1.09066888666215 0.783256012573249
-0.113588800898994 -0.125120778522646 -0.213915805664231 0.0659957348176816 -0.508007468492766
0.2604190678953 0.825711920160037 0.422066989126339 -1.53333220391726 2.01686122225829
1.00611561806319 1.29711587917827 0.192536622129729 0.478548690041087 0.609778491292619
1.56977175862296 -0.294208330374435 0.0237984073477699 0.677951819922102 1.08280079329027
-0.748378396350062 -0.293976632227932 -0.257366131486079 1.13528646332588 -0.744904704063587
-2.61244912983103 -1.87071838452091 0.14587294373449 -0.704694449516056 -1.70305675780611
-0.233352344593529 -0.762291403145747 -0.979973761158327 -0.673250102155709 -0.306958068604445
1.79838519986638 0.773107451203971 1.73912914783582 -0.283126050869605 2.17471551928047
-0.977955604197951 0.468149056035243 0.877290628528631 -0.237663184060724 -1.44956527410161
-0.15040247979932 0.641637656823145 -0.546850076217526 -0.759990737676188 -0.755107202275999
0.535759889000915 -0.561817626535691 -1.03743378701493 0.0376864738201808 -0.647019196204184
0.720111882354731 0.393961358043694 1.75302753222143 0.444285164173067 0.377688147596694
1.12165403836251 -0.747871930330361 0.440173433142369 0.169660394989458 0.241303360755476
-0.522109444662092 0.710323009958325 -0.381005482026228 -0.517620070645557 -0.828036649387366
0.732802964942065 1.15785493097382 0.941525587482421 1.23832789606469 0.236901328508952
-0.532591998422364 -1.41880510287574 -0.539499503981168 -0.669568751373803 -0.119157832244793
0.0243613377175098 0.614484255745655 -0.436501174004291 1.46218619433556 -1.61991090054384
0.770310090324423 1.24251438066939 0.916350637677912 1.7308898977979 0.694144052606999
0.638288226542588 -1.74975364737408 -0.986119786862352 0.710554936930629 -0.221993568950983
-0.127773378077278 1.14337695686166 0.651612495420103 0.917713932102643 1.28255585199107
0.469015007925369 -0.655594652244756 -0.791010834927737 1.42741553506276 0.251982544298078
-0.00235620639178985 1.07330723023825 1.11494306004859 -0.995350845582005 0.27689481132323
0.467291310510723 -0.3543619088247 0.66552571273715 0.111681618553924 0.658048912711612
-0.190800279165759 1.11323508464443 -0.550676988470516 0.297597291529275 0.637050488944659
1.44936283420979 0.286562324103549 1.81459880053595 0.792730059888786 0.486146339114851
-0.0838938979618649 0.624747180689318 0.816722109437882 1.62326639337407 -0.398594373412511
-1.45665859074044 -0.769003311531054 -0.885988942120862 -0.854416633250883 -0.552441858251516
-1.54321483813982 -2.05459260225129 -0.896216283261961 -2.0575154503755 -1.32031616752949
0.00641098307903226 -1.35070675359145 -0.156808009872651 -1.04052062466633 -0.861430071740196
1.55100711038076 0.180847463312259 1.16762373263714 1.55168716537643 -0.399670255170999
1.11828223712655 -1.52973184193706 -2.25833403868481 -1.97594841329441 -0.101110693483578
-0.399271653400697 -0.773997028795423 -1.56614862496097 -0.130654015638511 -0.0976083131765353
2.54502021961066 0.0191385399492838 1.51570736274291 1.10687709674512 1.8203065205637
-0.615467457325915 -0.719363941930832 -0.344404358525425 -1.57847488659003 -1.23281138526722
1.38323223565084 -1.19385952543585 1.03706044258076 1.00010309403586 0.410830446944296
-0.0644140424568614 -0.799862842094379 0.843313393272975 -1.14762124649185 -0.0144400477399478
-0.940243639295249 -0.191204395066274 1.47546762480719 -0.222885190598813 0.0839962838948398
-0.0297151575565041 0.23758850017123 0.976843292735306 0.415527515146899 -0.0970349725481233
-0.177342018589822 -0.20803293674008 -0.791969136875529 -1.10845200700108 -0.441630825400388
1.31074414397842 -0.37405739967554 -0.9200778877154 1.15837261564709 1.15774098955185
-0.875832189605885 -0.904492922233149 -0.287045167239689 -0.316804252218324 -0.327917925166053
-0.967305408312322 -1.12480976305319 -0.275067940140277 -1.14327546699676 -0.655979256971281
-0.311867185085882 -0.116230902757828 -0.510244778101364 0.0910968774932556 -1.67432675498088
-0.693405025223867 -0.493808839024165 0.519792724106776 -0.0228335958230093 0.157477089262494
-0.488231659360371 1.32611968535213 0.970448216399716 1.94834181747446 1.73458198288217
-0.559859673639346 -0.350632933933951 0.216785145092011 -0.050530276294838 -0.39386981978903
1.95449543341622 1.68341445883094 0.64266554874161 0.37048162316117 -0.20180731606558
-0.233728845774798 0.972052019726355 0.776866952877666 0.604897088424187 -0.09153285385814
0.486168967691475 0.473276205313615 -0.450972454628961 -0.217066731188697 0.521693979290166
-1.02862292356744 -1.36255620252127 0.345698285802757 0.549319060003226 0.14380323545262
-0.521392226968107 -1.97220071584324 -0.234052842019086 -0.452361064159399 -0.834591203177847
-1.63743998089582 -0.130089961395311 0.139331622660135 -0.578684326227805 -1.32789075582172
-0.0755599093457292 -0.0877319843059857 -1.32633553671392 -0.382477823843774 0.867509498850345
-2.8034650587674 -1.88528418549647 -1.85937802850548 -0.514539880904725 -1.87338161853625
-1.124929783877 -0.331602321504969 -0.515376658278395 0.17829593552501 -0.281712923251144
-0.135224766212054 0.945916742466561 0.934635926936895 0.935654034820151 0.145774834000314
-0.85927437790625 -0.690484492439364 -1.1930696330591 -0.461980750341325 -0.510458403425256
-0.722490866638988 -0.11046729948439 0.401512367364656 1.05414285512615 0.638857001640995
0.181706941789626 -0.399295000114269 0.226419598278688 -0.210641651138148 -1.03220636582292
-0.140790435843829 -0.635008172495961 0.531485450363748 -0.992662862038015 -0.793580578228489
-0.316999181233334 -0.609595341547528 -0.53629449524761 -0.345810284344325 0.493497162737683
0.130275066534907 0.869342425657025 -0.0861354367856661 -0.120689259302187 0.149977991018526
-0.392937878409961 0.751657894873831 -0.308892836580494 -0.704135414698723 -0.291134500834168
-0.206194272431948 2.63992791688024 0.335053848202839 0.917942643196982 1.56872187071236
0.0321625016052086 0.98082060411475 -0.270331033418493 -0.319889158006748 -0.139995713805561
1.05923773554181 -0.401191359940062 -0.0744014632393476 -0.0541696206402574 0.455592782099979
0.217329762963221 1.0480616584221 0.00108427325386963 0.777448695600772 -0.572895830878343
0.375128080617245 -0.778016130586766 -0.801876761542665 -1.21625642715368 -0.839545913062651
0.548803587682744 -1.00023309447305 0.214650793632524 0.243279390596278 1.07377594870827
0.0107138374314494 -1.45954483992656 0.023518173975539 -0.367254257539974 -0.497625822234347
-0.39537296886893 1.96450929992829 -1.27007854000887 1.41207894716625 0.318254402884553
0.273481541547558 -1.10588065104283 -0.334217574698186 0.392147431506116 -1.07515250632108
0.742184880211465 0.107754710327447 -0.267639001366445 0.0595973912093208 -0.39012304458708
-1.40189765526587 -2.17017398030922 -1.75904595382444 -0.165716957069022 -2.11363861342147
1.36688683753792 1.16939917708932 -0.0177868512806608 0.314657315273035 0.317741193630431
-0.716837750064021 -1.25065686084295 1.08491229612354 -0.450669087454277 -0.323978839208642
0.591263564384464 -1.09902219870071 -0.220904284315896 0.110002156850598 1.43681162157849
-0.743240199149603 -0.456261976160938 -0.359188377099787 0.408657447960827 0.734931203771356
-1.52316334755091 -1.83859830329735 -1.77668833719895 -1.36118557656331 -0.919519516985415
1.29438761021926 0.577878273353073 -0.900209454836754 -2.65172143777065 -0.951731269967445
1.28165353688747 -1.64430233387772 0.244197201805488 0.560053424122518 0.0760484256248329
-0.000486440470316249 -1.98436968411328 -0.731753891179282 1.77979292217263 0.129342470620454
-0.236000334138868 0.936785646867203 0.436479572695372 -0.268822307193544 1.55255940743253
0.856298787540805 0.197998281909262 0.54089262246783 -0.791213918585311 1.00726426449987
-0.708873910710141 -0.239343882267587 -0.382787761893572 -0.303210805937462 -0.413059313781994
0.294688459537219 0.423881421798367 1.28124650412134 0.660776737732311 -0.106545579911968
0.496502822978099 -1.16492279970355 -0.312490742928507 -0.226743777535266 -1.24663635702768
-2.55033238637406 -0.87636044626918 -3.42513079447222 -1.97932099087403 -1.94074810758172
-0.682935455494907 -2.50457075632999 0.207635119184925 -0.224544556696763 -1.79490793646951
-0.107272971060653 1.14083206152074 1.70676995608457 -0.047537195167042 -0.348771449877409
0.788508877567682 -0.084829854408325 -0.926860696582807 0.174626544552356 0.16843176085417
-0.73680518560995 0.543819099989646 -1.04953425932557 -1.6093701577639 0.530745919268234
-0.22866771501442 -0.80396060185518 -2.56777274606604 -0.69986798820393 -0.569686971276874
-1.51899406484454 -1.896028167437 -2.77109671275399 -0.997215533610854 -0.510963292301868
-0.257812446208824 0.672075142211991 1.70343089176082 0.0496150259736855 1.50092216338614
0.340172836625413 -0.732690776227185 -2.16368693864265 -1.01393728131611 0.35955255292101
-0.518264067756299 0.765697779078117 -1.34447931735158 0.717858351155833 -0.577026112518938
0.934154370707662 -0.511237057827038 0.284945807069382 0.258732849194278 0.329780648756856
0.283104513870425 0.517122246803177 0.985136803825747 -0.429269661877047 -0.38037542760667
1.07823727000728 1.02988510373612 0.14847505400644 0.361264419184108 -0.444799591019409
-0.27109886240711 1.98123889715607 0.176400822749328 0.749809700867044 1.80786278445815
0.371255184085765 1.8063777670665 0.479106376881245 -0.662304574359904 -1.07644812702037
0.675149824152258 0.428281227708975 1.21701705569531 -0.0752500343114953 1.2077173866053
0.0113385919856319 0.895041444096976 -0.151995075902392 0.0629761094563197 -0.126266053183419
0.330907696276821 -0.988521109254353 0.971695431242666 1.08644909085028 -0.215254173069312
0.170534050336571 -1.23493513607945 -0.735593095615221 0.231734307339695 -1.46950701303773
1.14718686360478 1.38546707937531 2.04979244031906 1.12033421157808 1.71273069686627
-0.201259350143123 -0.810904216242402 0.872746526086217 -0.771577047540246 0.780245763956889
-0.232366311483734 0.704217575295254 0.654875876259324 -0.273460920118301 0.459705574352613
1.74120736906038 2.54931070180326 0.0620301982015508 0.524078601194386 0.351243013453344
1.15505758760365 0.660384527929504 0.394481266468708 -0.837207786527951 1.06564211508016
-0.320870855939645 -0.174528886162993 -1.6696209511719 -0.224348866621983 0.606843866885656
0.496373941337461 1.07813404042766 1.0997188313827 1.16792137166873 -0.244631127563565
-0.27259606568765 -0.836878483265339 0.250663479241518 0.725892005678495 -1.06745313271553
-1.76848737910989 -0.896044707412584 -0.334861674865002 -2.44652268681617 0.379918738497243
0.402421188781439 -0.26485061037331 -0.884457970996921 0.119278512297278 -0.428164542402572
-0.410756457034712 0.165547677060186 0.540154919949394 -1.55854591067704 -0.829742637370834
0.477200919089579 0.817898862520476 -1.03364060319041 0.46155020747164 0.232447743013563
-2.66010942447107 -2.15975377906689 -1.28858981450763 0.0814194085747739 -0.438552403164211
0.0675265993038082 -1.219486618053 -1.34095604262932 0.940761881693585 0.456939188721254
0.478517639951765 1.04354509506634 0.924260238226051 0.626934556044436 0.718940753028712
0.303901570772081 -1.08275990866182 0.115470631547358 0.455014003069533 -1.64080113599073
1.14946313311294 0.135363325802554 0.893836467433826 -0.782781216611135 0.300625617852732
0.116772203939265 -0.226085308841517 -0.205549309842245 -0.201090284816401 -0.433422656647446
0.439681989196992 0.0220110079648308 0.873864934190203 1.15102571155545 1.20776650632253
0.203725612964413 0.689204222850936 1.00679456175285 -1.05390682047715 0.115460762031645
-0.904284534152261 0.582392644681758 -0.235938881926398 -0.0458309144362191 -0.406761609630318
1.47289838153455 -0.654308083332809 -0.589397115991452 -0.381661343467724 1.21829802182442
0.164101754664422 -0.704416817422704 -0.562641996956396 -0.989665241677169 -0.591584615952172
-0.116608053192334 0.271916603353879 0.359837899984358 1.81483165180491 -0.869521360971149
-1.75514899695732 -1.01018070366261 -0.670426100691762 0.179246677522368 -1.05695123773231
1.34068655606877 -0.622144048767956 -0.65382748380662 -0.151451670915354 -0.791819426347934
0.912009486157958 0.873582657098412 -0.537933973034869 0.767382891420328 0.685623454946079
0.872046212854624 -0.212616036376909 0.766846565519276 1.34541753489504 0.502780861049967
-1.1608937124092 0.122181017777748 1.8723464177194 0.975047348559315 0.470601889432517
-1.73728519516106 -0.706548649260177 -2.28299615752054 -2.10875895920522 -1.16810455246572
0.176491434194965 0.128138230893237 0.479544551479662 -0.478286099890182 -0.341331836758466
-0.447580293026412 -0.263920314804092 -1.05234144015896 0.399268769209238 -0.740512595027053
-0.809177995136915 -0.527809859071155 -0.15149302587165 -1.13702223509405 -1.85268801080999
0.728773287246999 0.855016222958612 0.294580885211716 -0.281008208397975 -1.14365136602542
-0.235732190455861 -0.490959001313111 0.240501413766695 0.904605761008694 -0.125230282417632
1.56488306695488 1.32873170624737 0.633533989568155 -0.368886315933259 1.61433500402843
-0.430960452081819 1.83120511589444 0.130243594641379 1.08555651287472 0.780152640758769
1.03436768516544 1.70637396326897 1.1467204566571 -0.197969251961715 2.104903667197
-0.673927867893768 -0.839580035574085 -2.01628398791208 -1.32480354052822 -0.758902195361489
-0.607654099539304 -0.296437347445942 0.274018256102896 -0.989366454364907 -0.226234905509356
2.21271239350124 0.466771095094958 1.11707742474519 2.09920711111214 -0.599525318143792
0.987370787683794 0.811345147738023 1.93920595384299 1.5538136928305 0.463775118020332
0.638207606495407 0.130730000784048 -0.390594840085376 0.806295272018316 0.195651581893236
1.96157594648768 -1.00001246901719 2.10051222627429 -0.965435113033304 0.748154850680709
-1.598040629804 -1.31700666983675 -0.683460821220555 -1.01596147671102 -0.813213352442963
-0.521757571822163 -0.138312615117696 -0.215307367725951 -0.764735970762116 0.613286063964069
-0.0965080334393152 0.00594933528570521 -1.41902403866574 0.260100219167917 -0.416097571086171
0.962225659830373 -0.407334638635295 0.701709192183891 0.431567619541298 -0.435151665061687
0.280508186912305 0.499560419384237 -0.04166185036964 -0.244854817614051 -1.28019145303471
-0.891431970295203 -0.738561294313902 0.422261380065381 -0.0426038965649478 -0.668128309792456
-1.38103633955357 0.144185660828226 0.19742135144067 -0.150015296752616 0.798526305816352
-0.282906520476658 -1.03002817899381 -1.01870375517529 0.00689498673753086 -2.55479390282113
-0.871547971901249 -0.286714558335277 1.4984519876406 0.337511367339392 0.10523785758808
0.367603915800091 0.208059157481714 1.6780539269799 0.643201394783521 0.99974621586832
-0.571583805966584 1.12025683096448 1.06138579086388 0.216858257872459 0.262948611523621
1.11493347942214 1.26629435327088 2.38119295669709 2.4324670236189 1.61368050594547
-0.105551016890026 0.799465031978306 -0.0971374392007154 -1.30649012896899 -0.482325923027057
0.430009567613943 0.715908451918402 -1.27906633647789 -0.125594649077556 -0.0633774141506326
0.27044266736097 1.16869310568487 0.952553073181487 1.23685305735536 0.169998677978042
0.0540184358258261 -0.00211892122635592 -0.857342957783301 0.293777336901774 -0.462972698307597
0.744818313757226 -1.03950902432262 -1.16948165030244 -0.740064163389852 0.15183705494274
0.200691208138063 1.32905837536171 0.296504020737235 0.17264029779766 0.736748542088129
-0.867474108194338 -0.760892559513295 0.377155420112724 0.00108303055554468 0.516214407181787
0.635288901709501 1.60715645320857 -0.347694451416796 1.41144581988079 0.607453015479884
0.25835734644941 -0.934033213143654 1.85830917388758 0.461357009748564 0.912902954578564
0.747850086664461 2.44803482960846 1.98955259080148 -0.117690608234437 1.09619424171831
-1.54816694115754 -0.307320571568084 -0.781765858720556 -1.42828106190743 -0.429604918577662
-1.24584167951901 -1.92900576636523 -0.353485988013433 -1.42641452061463 -0.925048191925178
1.64569924798764 0.465703484564426 0.357360397577148 -0.0223213764538244 -0.126437594598549
1.29660044571815 -0.0498374208762005 -0.33423171129464 -0.788136915702473 -1.41208578189863
-0.306743775962056 0.834617527085101 0.142060673483654 -0.498341917041778 1.56904192127736
-0.205758760398867 0.888529253203284 -0.205722097142377 1.16420040679651 1.27785018221265
0.129924018516523 0.333317603345972 1.34029538585921 -0.533212046435969 1.35622620931462
-1.00336702530042 -0.0914328975572068 0.913041497416532 -0.835630594446885 -0.790886277831584
-0.207489614620756 -0.578298284160724 -0.850003549080281 -0.276673781580696 0.376779241163959
-2.58100456866818 -0.77291723172673 0.190802773095313 -2.20607965356114 -1.96878232061648
0.164414414301943 -0.521940410796475 -1.36926767395882 -1.13673793254631 -2.30551061779862
0.832622945402188 0.0688308860327128 1.01916981580224 0.882313023532191 -0.782699999833277
0.289902611592837 -0.384082014042571 -1.14260906370934 0.198797789696636 0.338624791641483
0.0122305370952339 0.070166734673909 -1.34602168588871 0.180180501302978 0.11176374309379
-1.20375738839786 -1.6871185407088 -1.24927288231056 -2.71316737604815 -0.781968718211315
-0.505689315263986 -0.872252201771015 -1.56469554232326 -0.493288487962337 -1.28745550657045
-0.671355917103791 -0.0503290858209524 -0.843187937477733 0.328863446556469 -0.657751873823369
0.891217253875544 -2.31442680354157 0.310871384025211 -0.0364855997488971 -2.01577107195166
-1.21577946096804 -0.110199546422502 1.23588955070901 -0.149581168460583 0.307595596132554
0.368666863672793 -0.337272549398778 0.476601292345801 -0.51820975616134 1.02089804693942
0.324353931510703 -0.123501238818678 1.07312129348197 -0.457301203166159 -1.35848082377535
-0.0838586900800996 -2.58135995338675 -0.443649535195892 0.794040801683548 0.513551040966267
0.975222565429178 0.527646088541247 0.497913318107476 -0.123329569526019 1.5307980133969
-1.61913677747698 -0.475083725837813 0.370298215692317 0.797332616868884 -0.1356952871587
-1.34900317667484 -0.244676796916943 -1.51234954550805 -1.05711087263206 -0.91931949445028
1.76889497598513 0.415274883875873 -0.84181827527218 1.30049308189515 1.4099922565688
-0.527708465946001 -1.01641937623245 -0.0476771602236017 -1.20995712004841 0.29285615621576
-1.71473349692312 -0.316341559930117 -0.370233332133662 0.332661017654824 -2.04669982865712
-0.0328806908487503 0.259043636752898 0.242619154882317 -0.231163355850752 -1.60801846992414
-0.379804687454965 0.0380789261057 0.337869171190495 0.263169580424585 1.65638479452503
-1.01119194477408 0.927641115631861 -0.800335435568607 0.44167475248191 0.951847565007582
1.09435412186497 0.897631858793772 0.640196144805235 -0.0814671206560584 1.77529598861051
0.285319402549734 0.17374053935742 0.466272001140494 -2.01513288724576 0.0253807121041816
-0.51623402786975 -0.782683143095346 -0.921953263974904 -0.410160445594735 -0.314238449040746
2.94098558302937 1.1034056794739 -0.283603934646027 1.18533893183586 0.27440206100906
-1.0167391833529 -1.57165104646198 1.28779806182176 1.00734814657492 -0.0841531956838472
2.61441682547791 0.507182209097469 2.26773735508887 0.615409747454429 0.18155541622811
0.183639960787419 0.136226534381199 0.0791910440699296 0.694931501585757 1.18913856785046
-0.0361511041727679 0.173192001629514 -1.48308562334282 0.806134256153878 0.116115347451279
-0.481632307177369 1.8914672341648 0.836168900720655 0.333181249320101 0.960036257705376
-0.0435486635797481 -0.464639941106733 -1.09287251591455 -0.30189077190169 1.27964053060065
0.605176431486395 1.49991055142667 -0.478586327625621 -0.168656543343509 -0.0829461424061028
0.227851492216565 -0.0992272558816992 0.608483871159233 0.462287979590251 -0.241709423522633
-0.438684507598721 -0.022943603491782 -1.34048528746066 0.00363764015223832 -0.416136661358755
0.575940418176363 0.349120604180197 0.893972439572231 0.019061020278953 0.992539311546639
0.129860219360653 -1.20797617865938 0.869318886315205 -0.589345616063828 -0.0517651636388769
0.291879177659894 1.82200353367937 0.683622222847804 1.15379746720496 -0.0195711147666806
-1.08614931238625 0.633553287191908 -1.39554268501234 -1.76923964595572 -0.610608312117184
2.14969255541902 0.460961038933986 0.607253363186065 0.565572684543638 1.52981907055722
-0.561939374852583 -0.195564995988331 -0.39585402576101 0.0769226633103747 0.255403012124578
0.0153601827097262 -1.58986203702001 -0.975926380360005 -0.480383936288837 -1.34084043997602
-0.34603938034571 -0.382243738691055 -0.47669589390542 -0.384506382176344 -0.835268816207984
0.539239467732763 -0.535986229179568 -0.152301324488307 1.21823873497004 0.0456125313294497
0.223681927808549 1.20662660812501 0.485895564659078 0.323245553731438 -1.15251210128469
-1.33804156563022 -1.27769515048111 -1.15007726176662 -1.31242114735356 0.371712391235416
-0.586759229418046 -0.0905757361430417 -0.309735140821526 0.757479887004031 1.28431109337836
-1.85847985698177 0.5776401938585 -0.120140893496423 -1.54235982157107 0.126207832493315
0.915763575217849 -0.250218894205816 1.27422946453493 -0.280169512849314 -0.19590157268091
-0.849643993754207 -1.28359874294072 -0.733068270215437 -1.07577811997367 -0.131247658643285
0.267266465938729 -0.012658992620077 -0.94441429828037 0.397125039338282 -0.378216478002307
0.785763051500419 -0.108009005683188 0.030238582152451 0.123181220318151 0.152386273211283
-0.151945604881254 0.225252741995263 0.440475090807745 0.986352466516414 0.0294853776005575
0.0713497968452117 1.75013013289829 1.77832062583083 0.803675212597474 -0.989085038484342
0.0536090015217702 1.49647151683053 0.816278375554552 2.11806703846753 -0.634471372203935
-0.772785936753726 0.236470041563326 -1.3845669795418 0.0983717616955034 -0.401685450633495
1.09490618434549 1.62467189472972 1.53932605658076 0.786539376169606 1.06431984488021
0.746585635337079 0.191140598298164 -1.24962768943792 0.609158126842148 -0.725616000156474
-1.65008491497806 -0.737238436961698 -0.380675800883849 -1.47003621887294 -1.56861056293759
-0.399114553461667 -1.24818250407786 1.13099734195622 2.13578031555346 0.461920669855505
0.0229319593895754 0.644595599928561 2.08933540871628 0.154120566598398 1.04653221913999
-0.637254162230123 0.582945549573257 0.208231831489501 -0.957277679142048 -1.35424823986704
-0.600263904635111 -0.40453129305094 0.452139816841665 1.52768837910347 -1.01326857860223
0.838380145155866 -1.60824574283746 -0.574704102733828 0.926281638727302 0.167840453365234
1.06074323364696 -0.200247101095153 -0.567910009348484 0.862541460796045 -0.467960913479396
2.62766929438275 1.72823995573763 1.80833559629246 -0.163169413408764 2.00867114967684
1.54537564475671 0.269779447922291 0.654859022159511 0.436905027181142 -0.573665659339711
-0.136722168776986 -1.83701177433454 -0.755122383218351 -1.56252225795637 -1.73333177942941
-0.71098857314692 -0.369770548706885 0.950362307081482 -1.09817792899185 0.487685894126722
-1.03624785550819 0.474091145916411 0.580115826374172 -0.0929636870215825 0.223840587203506
-1.83262214213145 -1.61867654115126 -0.733186863566723 -1.91790466863762 -0.310255729167385
0.0656806022849626 -0.504502423458523 -0.262312429530539 -1.2522950604053 0.0646354022442486
-2.27434106836389 -0.708171852745764 -0.0369365249358027 -0.185426038828608 -0.277767200359618
0.736130286406485 0.0143329287230546 0.853256188901069 -0.976546201945185 0.619350630699227
-1.18328234930591 0.325115638499658 -0.57793924083701 0.492815995145463 1.11298599832834
1.06038393755248 -0.0729262198404211 0.0604523365442713 0.315248300031616 1.67976592644706
-0.576819819623363 0.415784720292441 -0.77636769233789 -0.90035559679671 0.353827261557554
0.700129577414857 -0.656052425025214 -0.605493753635416 -0.0350807856917526 -0.0238676162390591
-1.25565372576935 -0.736630735236553 -1.89755145707616 -1.36517164697994 -0.818232308431908
0.281662565899667 0.507980026186956 -0.659158709533693 -0.771010183249315 0.351268024037041
-0.145124705046387 0.474208092571025 -0.140288584579879 0.205231398885486 0.325412472140255
1.06020616216459 0.680872588404103 0.540894429683478 1.9406471791789 0.879646889915297
0.17061754856752 2.16863799279596 0.535558083952242 -0.288444888935086 0.518829260843702
-1.38160534858162 1.08561600923742 0.333694318282767 -0.89044966828659 -0.488024597328204
-0.23594155237135 -0.492038870074601 -0.877867773161977 -0.313281190734395 1.29313850132827
0.483290009258229 0.240233478816839 0.0382373808846342 -0.391347465231191 0.0911893787265905
-0.283301505324707 0.914465143797937 1.20061387845281 1.08131249671246 0.841246385808233
1.26592331959997 1.34888852575405 1.09984045474303 0.805701238198144 1.7071577370768
-0.252275891594933 1.04974907056124 1.17020304295521 0.669086458589107 0.0854360660554404
0.147876640842251 -1.33452494745399 0.912600989678907 0.999884605923294 -0.877189543951005
0.615069014008249 1.10343291131542 0.108758852447346 -0.16825335403029 0.11718931442701
-0.94714978806162 -0.727810605665126 -2.01165917095467 -1.17479320886104 0.10398423493636
1.05519220201915 1.40717865423118 0.622362968002558 -0.267213397505497 0.503729431548062
0.799283946441412 1.04658822689009 0.402627852381781 0.14038708834765 0.8575881030644
-0.225372986024499 -2.02925747700666 -0.834392163819317 -0.997453226787905 0.0799255143396614
2.03165593197759 1.37857491226123 0.175847598165959 1.50531108705561 0.789357282320312
0.357197968661918 -0.244684799896709 -0.703434983325884 -0.58977316629292 0.13269388442771
-0.703855009793638 0.0861402422931267 -1.03267796889675 -0.402825942156361 1.28704098043684
-2.12952660095285 -2.58411242270695 -2.53664921143373 -1.77218813467948 -1.54907584653317
0.699999703549985 0.194582790841746 0.0726546483248373 -1.45522712262113 -0.708899428002275
0.222008894910863 0.135732950053666 0.0913793143682437 1.45864545757914 0.446332002267723
1.07944522761301 0.273701753003827 0.239773043817349 -1.09009153509783 -1.42498661261877
0.462541893684449 -0.293766965208602 -1.1544130192712 -0.800992845338643 -0.202081909662688
0.249329863079342 1.1880704799618 0.0144536830281729 0.00663859116364036 0.677384608522946
-0.380685748388215 0.129285673843438 0.131158915145556 -0.0433974480999182 -2.12925816972128
0.506103904454034 -0.2798107675168 -0.0672311171663406 0.369957838987765 0.865990039205642
-0.229767976123025 0.318025186715708 0.963825019333047 0.650099997484161 0.0817493778403661
-1.16315730901633 -1.99156760520779 -1.12773295690247 -0.550885998844733 -0.976794226697789
-0.664171033408781 -1.18103641621142 -0.883083843329229 -0.900959168448117 -0.785695442051425
-0.302813353560304 -0.635768853743802 0.819812431720354 0.178722504061389 -0.878084915327157
-0.191777783929655 0.524492309205357 0.452220550476922 1.15750066658428 1.07208741282066
1.07365307959708 1.23429987425494 1.38233830330774 0.710015949260726 -0.264336762254676
0.479706375096164 -1.1502935845941 -0.359972458363414 -1.21968201719486 -1.77494501432851
0.524910922758652 -0.832674696927866 0.280193468630919 1.80813781772022 0.518166001869095
-0.836806943547405 -1.49306237285974 -0.687738126928019 1.83195549400553 0.29255736565855
0.078428759356487 -0.827627751731915 -0.0361053746792258 -1.01302702643186 -1.73112941753947
0.828643930720791 -0.769546250786054 -0.433427937032282 0.421442843093435 1.23737830190377
1.38100894226288 0.847566632020827 1.74897300128244 0.58729625967585 0.595351007793517
-2.28113201857443 -2.01851877061803 0.0899641029068569 -1.49402306466724 -0.310955260626169
-0.0938147188033955 -0.759061951249952 -0.509358961250727 1.15726556569752 -0.79149982333215
-1.08293112395406 2.11446862449587 -0.247351662235597 0.743402082426293 0.481397335058278
0.112268348024991 0.284162235167224 1.15837614913721 1.63806853672462 0.620276968777939
1.44482413908405 1.6148257224835 0.86006582412416 0.519033794033162 1.38107706700027
0.536000518323487 0.0319902628583314 -2.10587260549582 -0.92927757056777 -0.14361688037735
2.10565252327357 1.26845980602733 0.685925690196624 2.18493348120926 1.50270606247458
-0.958042253361202 -0.548302302591843 0.342981717435373 -1.18167596442455 0.229765352683427
0.408447144819084 1.1217376108957 -0.00828133570458212 -0.0899379077907044 -0.131583671354456
-2.51669750727831 -0.463988868780721 0.0801232316802452 0.621090106355626 -0.722113441693968
-0.246645531578413 -0.773194653480517 -0.21718820583349 -0.147922365137463 -0.456471545422088
0.594510308575379 0.731398948159562 0.10465533810183 1.73617560217123 2.63063836255424
-1.2049213998129 -0.814327214882048 0.273974701954237 -2.20496330378589 0.671561824229565
0.719758789547006 -0.613431750568875 -1.06236520387565 0.312667044630717 -0.717164208245555
1.50924657610091 0.310902048573469 1.9970481979996 0.484448730761492 1.27434123816265
0.387229303712707 0.690889351242671 -0.0141623827691854 -0.695624512505182 0.690181142953591
-0.175902851311047 -0.463106515359385 -0.636374381186772 -0.861646086147214 0.599419645380996
0.626240559428945 2.0060994509753 1.16086452097806 0.168851527533518 -0.847811564975563
-0.964625523289453 0.554634753843733 -0.156913927434226 -0.772849831467449 -2.12369282996058
0.661272394172985 -1.11168701124043 0.892344573462985 -0.505235369057916 0.517946124802057
0.521396322839604 0.991444332594299 -0.979468510390063 -0.140353969594759 1.13617965646458
-1.04213816317772 0.299739210340536 0.136751147066182 1.3085203508105 -0.776133875420372
-0.482068706753324 0.741261304554107 -1.46589436868865 0.158041230385822 -0.313555506302347
-0.775041960455881 -0.859465702910933 0.227332547172056 -0.25176784879913 0.32804323025775
-0.759591461135007 -0.0334457654296405 -0.324000823780381 0.0977032161191252 0.325661174503886
-0.293878322226614 -0.872398002945866 0.0461164281836052 -1.51402086032546 -0.0023346081286513
-0.460964560805643 -0.0948867822054729 0.992310283948483 0.896814101555853 -0.857909492810448
0.562135233974302 0.0680274763073428 0.319357481292621 -0.56095929527918 -0.174209315480206
0.328355139838132 -1.09102543946054 -0.560674262496867 -1.08845103847308 0.193809580354792
1.82263998704526 2.28824155407831 0.893316891889252 1.64544590347445 0.98678791539909
-0.0134306122572771 0.299034683283303 -1.4054850169155 1.28282447807367 0.875683152918181
-1.23397030367689 -1.43553967528333 -1.2508336224997 -2.46297573125418 -1.61795471227122
-0.785369330572007 -0.853587729049643 -1.51040567437131 -0.602676284084447 -2.05031876841924
-1.75054933460836 -2.16496791527593 -1.43633452851608 -2.05752490867077 -0.467145215310882
1.21858980961029 0.245315033824474 0.218390285299417 1.73795976652855 -1.45671256446629
0.330092185657475 -0.363836957698464 0.578950114740933 -1.27603717789216 -1.0385041549318
0.366749918181331 -0.0844982464512926 -0.680507105987985 0.842835867303473 0.2539125216284
0.227726811979846 -0.779010353224538 1.00005899994275 2.24072833977731 0.881670896019076
0.82191338665855 0.376799489950922 -1.04984362650316 0.347661167790256 -0.0205407884986823
-0.565376291471896 -0.441877342081187 0.555822327957578 0.74291146203876 0.4124122927941
-0.107292006025389 0.348889692903124 1.24259537336616 0.660893936277743 -0.632563650567297
-1.91923865321792 -1.65287012436237 -1.32229987893379 -2.28395467552947 -1.28675346470991
-1.34520883135602 0.221859291502989 -0.474197320208679 -0.125024987583487 -0.835937749628414
0.338903284873374 -1.13219147714313 -0.381859053232457 -0.802240479715393 -0.162493555554097
-0.292174879459862 -2.03172967364823 -0.377807127840837 -0.81320645746073 0.862588121214439
0.666865556114155 0.459826909588945 0.661654582037228 -0.136728151425191 0.456015659315131
1.62997293169186 2.57719027306165 1.49479317208603 2.87628930264242 1.01193487345182
0.202974319185576 -0.0361265196223166 0.184215511823375 -1.14246508281723 -0.859883825155822
1.81833641522002 -0.424493993505854 0.0770657306464896 0.699375956028681 1.11840962552017
0.153726397416079 -1.09215897883094 -0.049132524130683 0.598710502969455 -0.350606050947796
0.185131350031776 -1.07130408791979 -1.26367468505877 0.382978013028954 -1.20106381297329
-0.236539792717835 -1.3894126926848 1.0075745890405 -0.0278099013889891 0.152224403150546
0.780489606743219 0.538910823174272 2.14340327144111 0.899626433804429 1.3996840144557
0.346682101378654 -0.158458043804174 0.579484272647523 2.07716967252191 0.228849224266465
-0.276462719656257 -1.00349006248275 0.0481937451930329 -0.3648228407164 -1.22605285087827
-0.0619487753654901 0.338566447321556 0.0847257376062999 0.405013223918795 0.954083662317479
-0.85139706879999 0.486457945160292 0.603946654556039 -0.716713061543563 0.782211627102485
-0.897376942946181 -0.227030259104736 -2.14597955234834 0.499529586492573 -1.89432658162466
-0.732911447804154 0.956977691562871 1.68556381526287 0.615600500078645 1.09093191178038
0.441517869897004 0.407320741234299 0.308162501799622 -0.0751051506972309 0.998154720882063
0.129423998786528 0.433206211083655 -0.125848327669046 0.483462350829849 0.995009358400643
-0.132970156166171 0.500029062130048 0.103584735719089 -0.289073538736236 0.274584123835114
-1.33903740582132 0.302978070347696 -0.371841404926674 0.404946304639734 -0.554812771933456
-0.529397803270254 -1.07347242375543 -1.10304991965044 -0.438158441485112 -1.26389720288655
-0.0792454027873694 -1.56433409343821 -0.504332865640996 -0.704759198264846 -1.04307729871758
-0.590720420444448 1.16392438446338 0.196247394778077 -0.0728726003961422 0.494045568736681
-1.26328037898084 -0.771309087392405 0.551148458166579 -0.431839372615646 0.61356004994738
-2.40486649944279 -0.200947520637192 -2.33484498382151 -0.0719406792336464 -2.06267618303676
0.506174197956849 0.644486269878983 0.719961660717381 0.196159416834931 -0.8237647300073
-0.177460995895866 -0.308872233091662 -0.966560011799829 -0.430245751730839 0.0622027882598419
0.18364832904108 0.172607722876984 -0.276083556998431 -0.347068080852471 -1.42799155949127
1.37980581789091 0.852157707608663 2.64764646917681 0.589437441854803 1.30733541958821
0.67594743376082 1.59421586674965 2.28231146820271 1.2180436540516 0.879408069642106
-1.09999135254607 0.270658108537933 -0.710914923355538 0.100360517647532 -0.0441800421359054
0.722222479777135 -0.744058535230127 0.439753823829306 0.545233893653403 -1.73773736560928
1.10624182015419 0.537241963293911 0.271735383111466 0.810586445145554 0.502745558822857
-1.96241655990581 -0.228899577978624 1.75321307084884 -0.213842362593015 -0.263766751747618
0.644912109907064 -0.580484644084891 1.21331424858058 0.440047578804567 -0.067706893167999
-1.31387525452445 -0.56566424639236 -0.690039399419108 -0.416005190540447 -0.936335871945411
0.312544107627417 0.834563430363387 -2.56108121935764 -2.39115253974334 -1.56478123815993
1.20307518797539 0.42993787629175 -1.5525560155804 0.302143048369047 -1.30732146367973
-0.259674302623889 -0.490616962124474 -0.635486199377322 1.265492047664 1.115477588072
0.972748943063686 -1.48171174417189 -0.890572252870095 0.195926204814629 0.493755085814432
1.08248917527183 1.03594149575728 -0.533172814547628 2.42584090606877 1.87225342479309
0.443763729871914 -0.694115348863922 -0.0269859380161728 -0.848744187621432 -0.283232396886576
0.513935371312963 1.29888373373658 0.491080066406412 1.21463008368613 1.32725851057415
0.638787551144763 1.43133353949693 0.388980428802535 0.433856266756971 0.890361369265457
-1.94191585041837 -1.12150699546183 -0.378605596445847 -0.497005941231839 -1.57153359511875
-1.35476447761967 -0.0213295073222263 -1.38709573794231 0.22621996033193 -1.76951363182265
