-0.177765015025622 0.482905264152487 0.11175319115537 0.887026649889063 1.87899881921868
-0.521601164460527 -0.750734153485696 -1.17563162693311 -0.616252100837372 -1.42938299491031
-1.02046275917551 -0.903659581729434 -1.78896342445515 0.000302976402050015 0.289025982749965
0.110391154422677 0.0408076991838305 0.750078763299315 0.839841443761858 0.366942571953253
2.16810607037929 1.35592472249404 1.44425636330166 0.0392521291187667 0.568169834320799
-1.83301050241568 -2.03221499999235 -0.952322674860148 -2.39063062547612 -1.93763873586474
0.156938740529351 0.0726929916979129 -1.05574387328729 1.00222467709041 0.0734003551806642
-0.709113226942758 1.80543197596689 0.503667140869129 -0.382432023453582 1.07846099328196
-0.0282786905522924 0.627359441734552 -0.836972877730381 0.394287067203365 -0.742336532092364
-1.31253137858964 -0.103184790113362 -1.24826311549554 0.902266000586514 0.251275947488516
-1.01134692628567 1.2121731975938 -0.8798585728185 -1.07350097405679 -1.33942480627361
0.520972584680846 2.40170452357231 -0.251517353258492 1.27284805985739 0.934922807353626
-2.35882103362179 -1.7916218591589 0.483239665323604 -1.0346647825389 -1.6848274456747
1.7463500591742 0.909855909708815 1.13506856597481 -0.648159609305014 0.607362815470324
0.877888863195464 0.939296052177152 1.11897782680866 1.83005841612007 0.679444964252648
0.58720554079193 0.85145064830533 -1.17952617972719 0.334913282576072 -0.626199392962415
-0.559328107102554 -0.290680206583102 -1.3978493130148 -1.1731902399559 -0.138216675031865
0.249633440953625 0.838989913114306 0.161359945296 0.199440227651954 -0.0460827805520207
1.79821712520224 0.912630456447677 0.664618216672664 -0.987891870651681 0.475994082397497
-0.127030418802114 -0.520614218453848 -0.322782654137567 -0.313085192936647 0.611802187244434
-0.929382739071771 0.530834144511759 0.169676208889702 -0.741517972309195 -0.989228531971311
0.923620352594511 1.60809099581847 1.37278929296658 2.00330978358573 1.52423083243537
0.670246806461099 -0.492596441030302 0.224028646021112 1.16495316694931 0.152943515390817
1.62196139477397 2.14580618618912 -1.01467086305856 -0.256497628994939 1.5245366236842
-1.5037186636882 0.704739334502571 -1.24499237291495 -3.26553150794824 -1.33199819570026
-0.42644133804898 0.161087879463625 0.588235339330782 0.577433474936913 0.488546815556511
-0.854156610290042 -1.16387898648045 -0.0988358347733721 -0.199967173130204 0.510255649481273
0.218438473062307 0.499559045110543 0.757386263521171 2.68474281975157 0.661247616191543
-1.46573797688308 0.0479504090158256 -0.161854150479501 -0.180263035868841 -1.37687474258514
0.428922848564842 0.083535682401488 -1.72373518822903 0.349214677445398 -0.88313977126439
0.89895851137735 1.10962480744664 2.04940278670938 0.579495670941927 1.10740703058064
-0.4641679014572 -1.84426810642929 -0.228043977150526 0.366963099314327 -1.14591862188765
1.50846745458407 -1.24146102165012 -0.742087886018013 0.469708472614363 -1.02166587228923
-0.058155904292316 -0.179093521315251 0.141195990319301 0.9771431641399 -0.632048357488869
0.715164077064122 0.311903944380024 0.245596342583271 0.382640184311449 -0.04236023568077
0.120501203409621 0.806035639889475 1.99645179955857 1.07967330343637 2.13128582368648
1.83566993694751 0.049639579007535 1.04832764240383 1.69261174805722 1.23504635034206
-1.33436272356264 -0.581722161127775 -1.71258234232928 -1.40739259396542 -0.505706991990487
0.14520724403522 -0.598548060658238 0.422284662021908 -0.444282367682919 1.32333074847451
-0.435256251764156 -1.63930533279762 -1.47046711745942 -0.521482017003583 -0.569899452938482
-1.10350428817435 0.829503065231071 0.0619693380124078 0.366488543531767 0.446262947593747
-1.27229019194006 -2.18355021941037 0.187995390903201 -1.46456998817765 0.459727111701983
1.18281312573206 1.65813439727974 0.449651410571351 0.360404900485367 -1.16437243138524
0.322962692286629 -0.609056666257983 -0.245028229491275 -1.13776694563553 -0.590071342176865
0.0971124400940269 -0.392124200118777 -0.352406397085798 -0.1181047161869 0.908672248777861
-0.672646487662399 0.107376092350641 1.08540770983871 0.538130069993303 0.438903396292117
-1.64778516585227 -0.929298370415783 -1.88191667277741 0.787608846736168 -0.289868046686466
0.0691442901188293 -0.0209155965085184 0.0331598286755381 -0.013351814747108 1.36921387354774
-0.746251171722261 -0.695763071140973 0.39107189384165 -0.849305543665854 0.202822475446687
0.147827157315739 0.140222724015779 -0.0278878370421619 0.413105737749261 1.10289774529474
-0.00648423538231625 0.387446497037687 -1.47113037506506 -0.158892210385637 -0.199320371562652
0.574082658466555 -0.383991675947678 1.93236033528587 1.13897919031193 0.751103760532422
1.07469355838675 1.60682809175522 1.0963956148656 1.05063539058577 0.536383122092011
-0.473662403193035 -0.32869251592946 0.992893395142492 -0.578866349133068 -0.322139776313968
-0.0331400429016366 0.445588003126443 0.871725252414667 -1.08136659227563 0.0570554422654133
1.05149960601997 2.11722669142297 0.323441259457088 1.88036170408042 0.713653108093023
1.05893484542632 0.381085159146051 -0.761046489562266 -0.170132777125973 -1.08752398606329
-1.18157338818151 -0.352345873834021 -0.443643166189058 -1.12671273625836 -0.284983970674074
-0.527322883492673 -1.33563532276881 -0.0696946345661988 -1.78709895446199 -0.886866812321785
-1.75824151529487 -0.0283357935358226 -0.549140809833675 -0.632318579270058 0.232386876721087
-2.5490088427539 0.668003609875032 -1.68800919833801 -1.67789617352861 -1.5340139750693
2.01474614478113 -0.0210183496325458 1.0568059126995 0.704323376633433 -1.42659345670755
-0.280526012922732 -1.18487174119388 -0.135747530039147 -0.465657035256595 -2.88739913981121
0.215796673270353 1.31309043290764 -1.41354984353725 1.35523878642464 -0.523081297951815
0.361177548331216 0.188687977186444 1.65050138087877 0.426434291808543 0.446657232652884
1.08437522713632 0.529803049199399 0.0805883584531241 2.5615924694457 0.817310885504238
0.785673404391868 -0.481191386754824 0.226980885675723 0.222094151280034 0.277343080292865
0.130286751551492 0.239806352052119 0.470309981758321 0.348652498240583 -0.579325552326431
1.92231570153369 0.464304811187024 1.77999361140764 1.06499749175248 0.496793603960298
1.13767042422612 0.185609811729834 -0.51827884578664 -0.43129852779382 -0.175981756052153
0.371439595741423 0.20958902292267 2.18730095674369 1.78607256186237 2.58564255195798
0.900387073583796 -0.0845218783953409 0.20379209012296 1.35771339398459 2.00231020835427
-1.27269233685671 -0.0618700379029958 1.31497230045629 0.190936209614979 0.461805075166026
1.62496508135715 -0.25192399167944 -0.613653641391675 -1.51060333901875 0.21408756200459
-0.200258983749362 0.182857562629518 -0.679240862239529 -0.112549490860074 1.44814481381002
-0.132438705988354 0.057836217517842 -1.21972044138637 0.0305191913095136 -0.936707936003524
-0.983210577168995 -0.960826560403462 0.209693390743232 -0.776850632484228 0.206162517527411
-0.0671137935863587 -0.455206229629556 1.66974151181994 0.492766599501007 0.444426819438899
-0.712713933974582 -0.463673669871066 -0.948783360166534 -1.27554955479048 0.150871069066935
-1.81383698736565 -0.254028735668185 0.076180011751785 -0.444000054416431 0.6624837286065
0.0616357883146755 0.472478224065272 -0.646675175533197 0.402117651347982 1.31153187258175
0.639920199916155 -0.532508225390876 0.549348631306889 0.56809710917995 0.65841143629782
-0.401811748297731 -0.291787833108766 -0.785126055454961 2.08461928608035 -0.296118438499467
0.950028586884734 0.116522070921431 1.08906884141898 0.947919017056236 -0.85879726123191
0.0665465815479433 0.427889410611276 -0.322492696251935 -0.478881217408687 -0.90991821129994
0.372311629311283 1.233307238852 1.60044876334085 -0.122041284547299 1.38797676067647
-0.73109728184196 -0.793087063113082 -0.10521472456166 -1.7624440033346 -1.6590192592618
0.153324962600822 -1.34249382807919 -0.6180642124494 -0.986726523691444 -0.963167277738718
-1.64435507641884 -0.529068697770919 -1.33889922668021 -2.07207419212959 -1.61351381703541
-1.86926961391498 -0.900608463955281 -1.15371458825115 -1.05095088083241 -2.67924717572632
2.4993188670568 0.988351018964321 0.360624851725605 -0.797374535816653 0.149290076603375
1.31980424543492 -0.293227597142388 -0.0299334587669998 0.662035615343088 0.279150133811209
1.40672864999306 1.20601051152175 -0.422427152956524 1.42755198637342 2.15365396138539
1.3955065663708 -0.0278162690023195 0.663886703252743 1.24074917739893 0.438589910843076
-0.655479523646935 -0.971857035506377 -0.169905311668376 0.419628062729416 -0.396494726305827
0.103725865464963 -0.234367691649853 0.882772299383593 -0.0756216504109596 -0.298454747506016
-0.355801074476472 -1.55934448075815 -1.35249121617775 0.847473881626996 -0.854411896888832
-0.527045731524696 -1.13382173657869 -1.11501750796718 -0.522104316881648 0.443271085608705
-0.404720721722014 -0.556517090899617 -0.0486191630250892 0.894574827697785 0.454926601185819
0.464831095466418 0.406247983036291 1.33074827200229 0.664087962456085 0.272523656475208
0.934023172415216 -0.305378743622933 0.429103679905481 2.50669186914646 0.736202306475048
-0.216068242270992 0.172780027642177 0.0994837646500541 -0.582619439626478 0.590384825402372
1.05203371427612 1.88092718040117 3.35247257376033 2.14624919308641 1.8527255178637
1.69495163171218 1.06166802617213 1.56971867990967 1.39551493582378 0.628016969336573
1.59718521073792 -0.665173361062586 -0.27851393848642 0.877229786804842 0.175444943675943
0.194812068344768 2.44369350273888 -0.646018965537997 2.31068224636362 0.0152945667479363
0.391571677559171 0.561237001147015 0.921315846533258 1.66921545659384 1.48121292753849
-0.471869958184246 -0.778498955925017 -0.421870095457217 -1.22620840290468 -0.0641626021356158
0.418126402998642 0.190688820381626 -0.445454400364459 -0.702684908562813 -0.469626450676211
-0.103622957054415 0.4600473178966 0.680000824064548 0.45225800850365 0.658030864543972
1.78721328173965 -0.0874931402227071 -0.250678598877863 0.495944456469715 1.04559378760725
0.21656609619212 1.09811378887367 1.40589689969352 0.453360170462357 0.112172004054574
2.29778456907402 0.681728749942479 1.14392979805732 2.054407591326 0.747340789054605
0.612549025536325 1.38010629559292 0.325152634401734 1.41119800464613 1.59178210933644
1.64328981570646 1.98735235310157 0.416952043978326 1.12808863616256 1.19225182968449
0.102612108450652 -1.33373163680453 -1.22005967866812 -0.348682297882054 0.48992307582897
0.147060189980258 -0.897219711966327 -0.518308715545272 0.876710255177162 -1.236406116408
0.594390776321165 -0.573808819418634 -1.75655438738004 0.308324777237113 0.946587663149241
0.630403605479363 0.282997320106481 0.823983072863992 0.255580221990705 0.519262094743724
-0.671434092418792 0.957453237360326 -0.737571987776822 0.723492886567816 0.0281902378412865
-1.21712788777543 -1.0930714135912 -1.04093896038305 -0.781748983853505 -2.08694349466092
-0.166535526225756 2.21347741085153 -0.596341723507025 0.824918858929103 1.48119710711353
-1.94178864359835 -2.80535533730814 -0.532586671807514 -0.784373044898685 -0.528575021592704
1.21330620046543 -0.30145588227835 -0.565197160570629 -1.92890062834754 0.950851129538389
-1.09248622297772 -1.97359148848251 -0.136994358718049 -0.718879153365226 -0.557875255626522
-0.234533651852718 -0.364498256589414 -0.508205579187199 -0.699288343467594 0.453777500012866
0.837689050802559 -0.283800172049375 -1.08343764978276 -0.255683481101804 0.59772686942789
-0.854961769755542 -0.392729702410273 -0.0581485442390988 -0.443103536465756 1.1244648593882
-0.99507876477304 -1.33443567950236 -1.06087795992539 -0.273662604815145 1.16858988297661
-0.217661001717107 -0.325133545015431 -1.08966184377282 -0.956156284146292 -0.814971470170797
0.0455307053583007 -0.307960916476656 -1.28209221897273 -0.0355418853820875 0.0744565803750292
1.39875793416127 0.387780297957518 1.08387094892366 0.657113620062896 -0.0432093630610562
-0.830788639712605 -0.83919195008993 -0.683041280304852 0.802938741881471 -0.638536668952182
0.13246616727721 0.724143053947972 -0.332212028413441 1.5194195017802 -0.642631933737324
-2.58792853343401 -1.94746049028586 -2.48972011451714 -1.89914446821289 -0.102043085853123
-1.47945205537874 -0.377466542626758 1.25141204715056 0.148771773136746 -0.731820951744949
1.348626038031 1.23007705038626 -0.253997241560947 1.54365157336335 0.0798667156119904
-0.519046755101014 -0.49998920858711 -1.96310107999247 0.236483413085729 -1.28742470326747
-2.65689139521639 -1.32820678521765 -0.580485808365418 -1.7175312785575 0.0451931484946718
-0.909912497936285 0.906195624923738 0.947084004064839 0.751113405434297 -1.3273481731646
-0.0681384138567163 0.878016481038136 -1.33854190334777 -0.827526198057964 0.612673595241572
-1.3135625026975 -1.12492488777121 -1.03692433815693 0.649910130757247 0.560999988767783
-1.4102631235476 -1.13285928018756 -1.23827455043417 0.478924500122071 0.165475030974481
0.905652791945749 0.961718592670164 1.0272619776269 -0.39727624629833 0.363733361151762
2.0688472495221 -0.576113992205717 -0.0536692518028655 -0.00861116320910275 1.7608783138519
0.699756682514649 0.526755023839511 0.623418587633377 1.24907579338248 1.09525404198468
-0.0776111979755067 -0.637486504036634 -0.429057021632087 -1.49829009143943 -0.837784930515107
-0.842169465592553 0.107939956081753 0.820600553486325 0.514669248746954 0.653819183624974
-0.231128849445571 -2.10481113821365 -0.912575776489742 -0.531711395223275 -1.47531761494232
0.140937366407355 1.23424952518715 1.27324304062497 0.801704718810365 0.834375973010262
0.253141165243422 0.819914949920414 0.3965432950537 1.70783802637975 1.06527141154365
1.93230859702323 1.61039490753438 1.04454298557722 1.85162946567144 1.75051277905295
1.61744265160021 1.43290875879124 0.129088709490232 1.81957594461343 1.00646560158173
0.414000215917397 0.817586335503808 0.138316204174486 1.80017208434977 1.50204233227327
-0.0129404252692778 1.38519135684146 1.18735127103767 -0.54212273100155 -0.330666925083606
-0.00789453525006856 -2.45718033356056 -0.303626162371814 -1.19538412777078 -1.17454300362089
-0.725404113148153 -0.395284852015216 0.632419930503279 0.575713134636779 0.702121321551975
1.47600467146509 -1.13377040978163 -0.608853087180834 -0.271131927706586 0.868013987422064
-1.30734741827602 -1.23473798298438 -0.224451408735383 0.301889694214283 -0.462713028013228
2.13716926877866 0.592756894036919 0.865960888715629 1.48804802270891 -0.519589444006876
1.99673784355043 0.873383558111076 -0.250488059263839 0.197081932511174 1.32968159704997
1.19895367063938 0.390009071538015 1.72301145024408 0.791563369116344 1.17458290817249
-0.978228508171926 -0.481585616717019 -0.143289020456028 0.26003177668327 -0.793045052604377
-0.403255002712809 -1.1247701024717 -0.137378050748558 -0.0978176387055518 1.0970452801706
0.604855758520628 0.755851595611304 1.06603838903425 -0.235409435243995 1.33531728878508
0.520092217406497 -0.158455033936548 0.477273982493296 1.19319750223878 1.24473304044539
0.0929722692047818 0.120045219230266 0.060909776084248 -0.245624946361102 0.524159275103948
-0.0185672479657242 -0.685656620435588 0.152225877563396 -0.624776426485749 -0.643078704130087
0.204489180958372 -0.742809797200707 -0.783316469362689 -0.680525489122052 -0.75270287421103
0.666197121710269 -0.172327632210615 0.000601946215571303 -1.16524021659865 -0.841967768500801
-1.70574074385569 0.825798220581448 -0.918940423782506 -0.82401067627948 -0.497551791716241
1.60792466532903 0.916173316847102 1.69251781663903 0.398135083973906 1.55023213716855
0.291408470932104 2.9289160856102 -0.0356054492115497 1.47709612234952 0.210433215214332
-1.15335281919313 -1.81802433388527 -0.466610933865655 -1.0295148717069 -0.981571725437513
-0.715524371301276 -1.0541586657501 -1.01837456267862 -0.188193975858634 0.0711525713786281
-0.343504985210006 -0.14620494689773 -0.857097768005395 -0.114132933734011 -0.260264585635925
0.729004399702013 -1.24662152165706 -0.153959200257188 -0.023643138040849 -1.84131561328479
1.71676226834242 1.7333312165876 0.574612355814033 -0.853903228916596 1.0489323149831
1.1776915204629 0.514372180372769 0.61771528219628 1.57965638099251 0.297365169975993
-0.425345118218578 -1.30037218028745 -1.29905527035779 -0.603829605959292 -1.00658180928986
-0.145838056964869 -1.07402644974223 -0.749559838057058 -2.11431699066096 -1.51348189884433
1.10630584105434 0.743723050324481 1.20885980533212 0.412531755444682 -0.847294936250256
-1.47275364733819 -0.722741688431659 -0.750939407482069 0.533660266083393 1.37237296281788
-0.82449476164998 1.15698245495093 -0.268707302042822 -0.221610919153362 0.428410037137298
0.242519644284203 0.30065909358056 -0.824296436220023 -0.486322488970517 -0.0673482570532339
-0.622427816729178 -0.0511245936512778 -0.582087507534149 -0.87747252361569 0.653880680457039
-0.886097349672766 -0.489906469903262 -1.31704433852078 -1.09271826569146 0.183084376864793
-0.673746393604513 0.214382443782317 -0.355155097225931 -0.902275600341835 1.35422497048159
0.338075487521671 0.518135403270463 0.162329083256017 0.138462277116564 -0.963288662252331
-1.20452148658529 0.955238928911635 0.919066546153887 0.964740871058602 -0.0168985632703676
0.469253458469036 -0.374855994241229 -1.3440747484535 -0.36777620434673 -0.353937872467404
-0.011368047114847 -0.0236118112494887 -0.351316217363275 -0.243055622183235 0.183893925610644
-0.345593007356975 -0.678359758928711 -0.220471121994316 0.158969061573894 -1.32571284636091
2.02865956400525 0.519924312010363 0.628506365371702 0.645435085225797 0.864081383324273
0.568393745398627 -0.677185145492211 -0.260355232402014 1.86151442624137 0.639366304722594
-1.10907091183581 -0.128405651346864 -0.688926573525078 -0.206625500778117 -0.261635288749093
0.71813833956946 1.08416012192596 1.36544493922804 1.2286840175115 1.73099558274709
0.384088753179013 -1.52766097692062 -0.136305462222654 1.58113585694847 1.22576891637542
-0.107305134675583 0.283112558405525 0.757256394125532 0.268357556141245 -1.2597818500847
0.767614077090854 0.537764680736467 -0.466201974103046 0.641878935103394 0.37651552342808
1.47080852837205 0.260191291881467 1.01977034080125 -0.452897965263269 -0.00105620335411068
0.63232471379389 1.31987551256968 0.266458449673879 1.23157893430584 1.83955693077299
-0.0641649649566647 0.267142662619768 1.75768519243542 0.853002476230068 0.893420773059018
-1.17065173075072 0.698433062235421 -2.00276522858495 -0.961198011852168 0.390798489066024
-1.1392594349801 -0.437172100838292 0.207634989443308 -0.947827154044323 0.380978012857049
-0.426309316820481 -0.872134494855081 -0.173653501715041 0.83624265781222 0.50965424502656
1.3612055005262 0.425934407095812 -0.310734476821863 1.05363868094959 -0.73531914974396
-1.52383402696039 0.354725387517362 0.942640002825839 -1.00769274084115 -1.25144506130995
-0.701700986326506 -1.2477123113052 -0.591906813341903 0.0589877968959842 -0.846858362437032
0.0669773958060595 1.42953793358954 -0.407126301019998 0.349318284202008 -0.990257615341564
-1.95008324335919 -0.430945655569671 -1.65310771486365 -1.61896566053435 -0.00209682793106453
-0.775174643864047 0.690966240327712 -1.46154840636812 1.31319394958871 -0.53220007021632
0.908782610227651 -0.912965818982591 0.647372315131404 0.692698694481025 0.017441620896186
-0.181202087865779 1.13531594791206 -0.19960378603989 0.207935935766478 0.0830962327747301
0.438040021846432 0.0830284805288724 -1.01543960992931 0.0804162797469396 0.355362773927601
0.624630373384364 -0.41109544811811 2.01706095911238 0.230434635101573 -0.914761437177774
-0.183825259776817 0.569909552088177 1.3548102389158 -1.7334499077604 -0.570243201901209
1.7003357979975 -0.00399385468485733 0.394142760164494 -0.547096892037149 0.920446063259749
-0.383862252214022 -0.258239555061998 0.259336530190512 0.1725225153095 -0.973913468483366
-0.49067461174595 -1.57491170050191 -1.44541012264957 -0.294296472326802 0.0595977451405037
0.70349632085936 -0.155229157283105 -0.225804378367424 0.474634286386739 0.0449007509218001
0.606401507194153 1.31680172104061 0.600364694913393 0.178771048235505 0.0184742015321595
0.940080530299379 0.590342928843632 0.714268012617468 0.0156104256295988 1.03959553641275
-1.33472653502037 0.849207745665505 0.984808114917131 0.618760723431474 0.0345509873790968
0.0158572152093822 0.327853360878497 0.119937545705824 -0.837671433667795 1.04719471071302
-0.277756828356707 -0.597805152708343 0.91510494971772 -2.94985984949126 2.17158601613816
0.688552492886277 2.21800342186744 0.694005478581637 0.57882445507294 -0.0969335918884426
0.0611227679458115 1.15056158878539 2.19101712344088 0.380832133003342 0.350363418880625
0.779570086124926 -0.471831740913338 -0.451272485389788 -0.513303333824398 -0.735154277018546
-1.705995631237 -0.472552085194426 -0.454603154549491 -1.62792898710939 0.988551680666977
-0.0596773607302634 -0.191537058095968 0.221910568846172 -0.505432003670484 0.0797863255265581
0.398227975648191 -0.330478070897306 -0.794171884591944 0.131537526244162 -0.746249822618369
0.809710081151223 0.0610919487018235 0.986176043370872 0.390474070230427 0.831744863894591
1.38798639056325 -1.43964178127949 0.989088939638666 0.906235777477899 0.361392650576945
-1.07566728426359 0.761050624701404 -0.867189636299992 -0.0668867769882244 -0.172925771645327
0.714063136345356 1.81871020287908 1.23116084067965 0.672468972298653 0.511646975423196
0.140830259696163 1.38384799794633 -0.584423180852336 0.00183820777487002 0.0500236810342905
-0.930374978984855 -0.824305853763101 -0.631452411851733 -1.27911369918068 -1.72827302770839
0.25872840706209 -1.42019440799381 -0.59791863281051 -0.429473332375516 -1.0928260642448
0.649565491481107 1.50450757300652 -0.036441469284411 0.655031745014711 1.30318878223441
-0.336593958900287 1.30542949808639 -0.177882439465924 -0.410606627555765 -0.53391508168576
2.02259109342851 -0.448403374977319 -0.323688109348984 -0.675772826752915 -0.528893840504506
1.5213798180761 -0.16844903802257 2.18461085387226 1.8741504722601 -0.0493017315232795
1.00045035524746 -0.897192613419312 0.0296480204300824 -0.401357668083637 0.214517007767356
0.540954227835185 -1.25027906291577 0.744160143136933 -0.348691567499165 0.0925248241371524
0.564480934642229 1.93727012067363 0.848611792473374 -0.338369556454834 0.535942443892025
0.585696695420903 -0.122124093859333 -0.251546030935677 -0.428393635250259 0.960112320444913
0.264351496551145 -0.0545759087805457 1.1338877584325 0.504363108748289 -0.413324054663342
-0.667452941003235 0.332486592686717 0.906804613546009 0.0485972181581083 0.641167227995313
-0.525469276080083 -0.606724297542996 -0.271266543114659 -0.667470447237653 0.449380774970962
1.56594929451166 1.15469960389414 0.154374311632239 -0.460377234199509 -0.341979272740716
0.829817035994069 1.16163762422748 -0.178889889530604 -0.224187742567001 0.168618392888693
0.781334707562878 1.0299008114147 1.28898919618024 -0.00588200931510746 1.79123879517139
-0.923657343537398 -0.855356270631676 -2.88800992477938 0.656470486528144 -1.852971604686
-1.04904132955219 0.243853967164856 0.230435215769201 -0.23841373342804 -0.155691722993671
1.30577437250568 1.34351283683712 -0.990895369642468 0.207591687434549 -0.579488975730653
0.38615577410345 0.80378626922335 0.754485035645405 -0.260331037330016 -0.222919111334558
0.174903724747016 0.320834136815756 1.33270436254297 0.207786398140749 0.50747538245005
1.34109905665977 0.962291529876714 -0.699600994881899 0.572816619267241 -0.15989476624455
-2.55979033139105 -2.47595487241137 -1.9665320979616 -1.84643032967933 -2.9129197560674
-0.243913053415812 1.35310182087054 -0.510202162837625 -1.49780381306788 0.875530638658337
0.624693727160888 1.4571021411788 1.05734645726196 1.71503554667339 1.57520770729267
-1.33867704754301 -0.103801692928937 -1.44225820529531 -0.0301836291580426 -0.489865414736771
1.17347965973075 0.876827378799582 0.400511183635894 0.484378977357221 0.290238941246289
-2.54074757759903 -0.309147334835594 -0.997146969368814 -1.29513287744094 -0.26474994761255
-1.28816222701618 -0.475909887874746 -0.157790019953618 -0.902511901510716 0.836153952080863
-0.388458061607417 -2.00263113004088 -0.965149908890039 -0.650683495077891 -0.137055540460231
-0.372592310645861 -0.599609763179278 -2.54062246215186 -0.56520354147515 -0.903332266983658
0.303586828201214 0.144750989671629 0.250983812547453 0.991006426793787 0.141853410177997
-0.115055260941256 0.915239033857963 0.863169572395758 0.331315936647793 1.43948716615883
-0.0657753895167013 -0.62060142697353 -1.50841773576236 0.201652675744672 0.246832942868717
1.65045171514075 0.581516622038821 0.509324928095314 0.633337152318752 -0.160539539090019
0.125041507447642 1.33871474622 0.658832688489977 1.92572671475281 0.31501273785298
-0.296074773392547 -0.869395126101122 0.0742136777818611 -0.296696610880699 -1.07162510982772
-0.538103302196387 -0.408393352217724 -1.05025458955922 -0.409669595345834 0.00668540849985794
-0.332126240277528 -1.4906448692675 -1.44967198737098 0.342953568487975 0.0936951487597712
-0.930662567767408 -0.853430140915353 -1.67393342906302 -1.06399615902832 -0.747697971050718
0.567064004615837 -0.0750781350237492 -0.474875603206303 -1.10513178888376 0.661031396857128
-0.495987191659154 0.716583017225596 0.883283665127283 0.0581893246343866 1.38013192600161
-1.56594280659615 -1.07746835361039 -1.11551777251908 -0.849484010063771 -1.77352969537858
0.360124338567344 0.643139085925779 0.974397667769808 1.75709981476688 1.10948327060532
-2.55168283150783 -1.73547111680176 -0.180276224757066 0.152697299345231 0.123979501278802
0.474254245975662 0.0339446551758995 -0.318655440548927 -0.252924404321383 1.12164390232321
0.482314746078458 1.04264710033943 0.0935174761818044 0.80886879834593 0.994892770982592
-0.541762239133375 0.302274588395646 -0.571678478695864 -0.187356261201474 -0.701002567503184
0.334065710526488 -0.628981921141165 1.15403639485165 -0.0495091845894926 -0.895908216046461
-0.303093236358482 1.0931033007936 -1.81129274582166 -1.16542807235221 -1.29508720274128
-2.2846831516306 -1.23443585168768 -1.6918484668582 -1.29682042003825 -0.308646814638057
-1.21557756801727 -0.252567478703506 -1.76856802115838 -0.418967631648318 0.310774428810456
0.734217833630069 1.35493117325311 0.377475099462756 0.333841284563943 -0.433952384320675
0.207229542679043 0.919343529996087 0.630490824448572 0.514790028167131 0.499131730760059
0.63748035117164 -0.73273978262193 0.358532166902466 1.4462520204966 1.32669982354203
-0.322498190919993 -0.273254649187595 -0.400301785402097 0.512328613937517 -0.384850343341547
-0.819893070988526 1.33782346684914 0.650838199208064 0.888189651812628 -1.04903289292761
-0.103675348942255 0.0850493135171592 -0.176230687175367 -0.54683173089796 -0.0597842260019754
-1.28007561651831 -1.95546307089231 -0.824982833490163 -0.39088542378837 -0.59802002091454
-0.910184197531724 -1.05306481126133 -0.278672374748583 -1.15172179498513 -0.889871997239577
1.17416304931601 1.45502425569176 0.380840978972415 1.33962154115511 0.30731599909271
-0.0345903410054986 0.104324644562263 -0.704549349761732 0.984160248540996 -0.991414240717492
-0.438965160301427 -0.0678241985756599 1.72005403756371 1.54381782396785 0.746621899564099
-2.41330255193915 0.0345203051484949 -1.25743210464771 0.240558609241674 -0.0595200584133653
0.0845211062695047 2.32891524235842 0.618750596265157 1.50352755000998 1.41606832113406
-0.290372574630625 -1.26613567266603 -0.218261725844573 -0.868331328167044 -1.60919002107977
-0.0199982132622606 0.13029267692476 0.236216867916288 0.0837001677659641 0.365026685363413
1.44946162481374 1.26036800186768 0.650388835714789 0.490131125377224 1.59821841767407
-0.28087620277314 1.55361677238487 0.790620492637418 0.617616205307958 0.839121255542467
0.317370420463157 0.442478692078731 -0.573671558740202 0.31686676566634 0.175337321658526
0.878967052647954 -0.363743787282498 -2.54372985469358 0.200691083620887 -0.976648602606525
0.8903651393576 -0.196709335756911 1.67523332268375 0.499713136757155 1.02278430829119
-1.80377200854583 -2.17253117506569 -0.0807052336775316 0.730999692290655 -2.11378037551279
0.891617854370117 1.11476491072384 0.418603944451716 -1.41702260346897 -0.522993486750497
2.18854996506174 2.20139908493799 1.0487631143258 0.189462158928467 0.354502329843282
1.89426964334025 0.0415067623901965 1.05608528784362 2.87533120353104 2.26953329752786
0.0211853028664512 0.443503555888665 0.848218315770064 -0.365293473955782 -1.34804894062098
0.535753351491188 0.813481014574427 1.90546393143849 1.30562211544835 0.603781870160588
1.08803230289844 -0.24023623581588 0.282062564389494 0.46653500163549 -0.1752270182211
0.23239937630879 -0.706360650528983 -1.66882807497053 -0.478500696378003 -0.885019636967486
-0.764495658656788 -0.0857649016371572 -0.766316007641016 -1.7851118539677 -0.139337823252327
-0.527257689476544 -1.54911707947784 0.0629916775320301 1.10810236509853 0.284195565340007
-0.245048330919137 -0.185933948182009 -0.195501480922933 -0.0892749602119124 1.10220797323988
-0.244302590408907 0.357890172557836 2.36308277062298 0.831001110095066 -1.25141710362729
-0.368078501670201 0.988974206672623 -0.178643383632436 -0.0812737501428293 1.98165197666829
3.08885686150752 1.47250521644496 1.15839739638734 3.1449540075324 2.70559000602285
-0.405223696836805 -0.318553390559856 -1.47264569955362 -1.16797872824343 1.05264053538367
-0.605028035602904 0.509280803423123 0.122733645575193 -0.666032434503514 -1.44266407029218
1.08569692944291 0.569145559420411 -1.0722378881248 -0.025259731072203 -1.00395499436909
-0.669906207789919 0.338698384742893 -1.10016736939093 0.145062665276944 -0.546474490000875
-0.464790265723748 0.700059484979778 1.86956106663433 1.08588238098987 0.366317196095049
-0.460231791319475 -0.808648489426621 -0.494054814651615 0.570215949363508 0.108451359507778
-0.0751115942732742 0.467339533377684 -0.057996453060004 0.993130423836834 2.55235154339421
-1.47572944032482 -1.26842022273821 -1.03820315457707 0.233474829449619 -0.996459665506392
1.34351644846079 1.86224200040094 0.817832716106433 1.07313976565364 1.32376769732116
-1.75778184991424 0.177725758045669 -0.799493436833408 1.58156116434096 0.176250517826256
-0.0617789820393339 -0.135469344553356 0.0511987639832486 -1.10058505948341 0.479229835732596
-0.233686875686521 0.158899447101716 -0.887279895887986 -1.42197119020326 -0.816777159831295
0.762470018894062 -0.290220245460881 -0.333733448865836 0.485144050608823 0.686803825695619
-0.926114335662583 0.292795872608142 -0.54284490101444 1.03472998757677 0.621409834364494
-0.259797586099961 -0.672186953956546 -0.193231915165938 -0.187873596444047 0.087693859259357
-0.292682466462501 1.08651566563032 -0.0919394432453333 1.0957060243881 0.10448538786341
0.42907901763274 -0.375987741618415 0.563375453402699 -0.772949601948262 0.298192337975321
1.50302692165341 0.580882206971491 1.83418048296077 -0.0921466620183702 0.894862047498676
-0.78252517563651 0.708599499484505 0.627455327407018 -0.479689556687327 0.372805700049716
0.777934392503238 -0.970214149165267 -1.62885944230493 -0.429942091307427 0.130950648119739
-0.58573433992835 0.424786169512719 1.62109782770656 0.435157146416374 1.95088277133859
-0.471398884758859 0.446875567804569 0.773593493920095 -0.0636070505030249 -0.676741688557899
1.29970519985185 0.0924967345822015 -0.447116483082087 -0.662750033256842 -0.508427865354922
0.746685581963352 1.65170759070913 -0.859054222927665 0.914658075471223 0.326861807828908
-0.00933212617508665 -0.0699690904634462 -0.684978310468664 0.841201057608875 0.952560561044314
-0.0884461990310536 0.374189098500047 -1.3784820367869 0.0785751724131244 -0.0748717321182366
-0.425564959288049 -0.359571805666463 -0.190348946491627 0.290658925573599 -2.25064979090414
-0.203083008464821 -0.489387241539355 -1.13454063827672 0.236107501505552 -1.18637398676333
-0.0690193605179763 0.0336893044289899 -0.637877347849116 -1.24013962252572 -0.975962403579482
0.434815829605074 0.0263121817693473 -0.220388510206005 -0.529974797720101 -0.882014086245715
0.369765015907703 1.62596147836153 0.0814652753116917 0.17620044100476 0.426456643682745
0.136070825224123 -1.46112064503931 0.18201593744038 0.570231718461701 -1.204010546208
0.00447663448044589 0.837929606843453 0.0737133485896285 0.754471459444186 -0.314850561700721
0.107526840335071 -2.0492289833409 -2.20537095285329 -0.175435907853353 -2.38274196436103
-0.258367167802738 -0.134025194448302 -0.27194866445215 0.943467828848287 -2.5141508156679
0.907189590486343 1.77623264694308 1.51615478300157 2.11621584572775 1.48757184245658
-1.29991700719108 -0.475792749694466 -1.03048342987163 -0.451905624412108 0.166901869767923
0.544092971488551 -0.305759813223782 0.911277960642065 0.563304559812877 -0.571527315456635
-0.133454900422661 -1.22934247331732 -0.791182184210099 -0.549812994276808 -0.507550571006099
-0.329919445921599 -0.207685064620126 0.226120062029862 0.856967103077751 0.783497371212257
-0.012376002999708 -0.54533527324345 1.47931319576434 0.494061788157239 0.316316798332532
0.396098742575336 0.332342025627093 1.34295227084432 -0.0441348557742574 1.13066726964854
0.371125800989414 -0.699157546655458 -0.437560448392044 1.11350088946956 -0.402932695732889
1.21590123913451 -0.0616502281130228 1.26717757429398 0.776027452102632 -0.160164138307715
0.0536809919327346 -1.1095784291288 -0.667148407204199 0.0798384637397007 0.825252219236281
1.72699406545 0.564634673005189 -0.180555528317912 2.21672279024031 1.47292850532002
1.08239699657353 0.437460555290791 -0.0953321005351705 -0.00228498270432798 -0.195074642979278
-0.666937759137513 -1.48626988021918 -0.458485452851357 -0.427814889697978 -1.34997513828095
-1.06295277339288 -0.968763643536879 -1.12518973581145 -1.40799289803222 0.0643133416355494
0.922215201691092 1.07644207996926 1.11545574619791 -0.189126653841321 -1.08573675599305
-1.03005194605641 0.768882670451002 -0.784611249337482 -1.48274455319649 -1.32588304995934
-0.193302672553268 0.76366924077858 0.768890048577504 0.863749553615412 0.00284749801840029
-1.04514545529434 -0.888542407595515 -1.10447168467115 -0.811696487160037 0.396750311988539
-0.643476187083298 -0.0476303187763216 0.997468002927619 -0.548933700839406 -0.00370665148564203
-0.263717907662636 0.114472784064772 -0.704599554593325 0.473141417079768 0.0426255262855346
-0.86262684514635 -0.525850532594338 -0.497192839362158 0.0491286143070946 -0.525221137118631
-0.597635676291408 -1.22496870971834 0.304999045236823 0.354970127405461 -0.924224712048895
-0.781333455806274 -0.113712166558296 0.0366969672732823 -1.31772170013163 -0.0205081312140009
-0.641413388851103 -0.359319688941698 0.479933126753455 -0.0386846604459269 0.134512529567375
0.859080233718446 1.28842291914953 0.101831235392894 0.997881087783689 0.948385415588902
1.81612564275554 -0.793449445625959 -2.98620510908105 -0.865021009689354 -1.71166403122556
1.12037188909524 1.59305011271963 1.84143143145043 1.12516664786265 -0.548576251725819
0.785937544157497 0.425205312183506 -0.520149250731954 -0.203543702893163 0.20506713971128
-0.512848048819188 -0.984628969479058 -1.34736159187099 -0.199528506089839 -0.1655894407343
1.4054644637899 -2.02593033530136 0.628638808387842 0.461036003905511 -0.42671895115214
-1.6489806046803 0.16932555253249 0.164234992025794 -0.00931029704293136 0.314822752322651
-0.49066035737481 -0.417465200799181 1.42782068103552 -0.171434170673658 -0.724115003510701
0.781263883821096 -0.447880694125575 -0.0513252809398967 -1.21999808009702 1.37869671078007
-0.453268382352105 -1.80341733451259 0.132291642870552 -0.94037785390175 0.587527974382067
-0.924263438692589 -0.198963004146245 1.05768695336928 -0.435807180463729 -0.475970267556306
0.723415469067751 0.719659951424741 0.246092325398196 -0.384676214759662 0.64140091211567
1.05180092625913 1.17467699903011 -0.120627472002882 -1.79345977016309 0.991103535724159
0.577886277267097 0.106884277435117 0.0778931155207266 1.29999456924854 -0.506166151536306
1.77710590914913 0.430646939590771 -0.137480405475522 0.565110762833392 0.778038365198642
0.601868956797062 -0.374305865133345 1.06667160840024 -0.310199902247292 -0.170701456211639
0.839104879273456 -0.795367244495709 0.853453284309914 0.346205526101395 -0.0121336972398878
1.60531134236137 -0.87934803160144 0.485467137826511 0.393461016605091 0.376481017235292
0.0939130525239014 0.66174740800312 -1.40804393190833 -1.33575314104918 -1.41336537598247
1.93669979433349 0.533829355035523 0.316912894530169 0.555518543258841 -0.722932444511228
1.47425310604498 -0.885492969538455 -0.486361707995869 -0.237873048980089 -0.117237545632045
0.123041416342229 -0.0158999286232464 0.728291959211851 -0.301429849197768 0.547639838416411
-0.779629038086265 0.0759265580097891 0.615568723351494 0.353079339135308 -0.165247440878446
-0.339507985074444 0.201277091814244 -0.587989369331822 -0.453404013480026 -0.861134114552871
-0.112243289850452 -0.883735437456347 -0.218102629267421 -0.0486490278559835 0.936986790679474
-1.78122306396498 -1.55923413719315 -1.46986332032595 -0.85040812475058 -2.86112182437914
-0.512689387301812 0.642151673102087 0.254626560892016 0.805586394109843 -0.339414021018644
-0.455198686960523 -0.541669183457095 -0.0540671447843008 -0.729218797363111 -1.08449070085451
0.302446947829944 0.63903805410858 -1.31797483595478 0.616723332467229 0.92432223604991
1.30458036184155 0.353600095261217 0.0184261380576057 0.0938497366112544 -0.0424787503236262
0.555053492490258 1.49783199337401 0.551830783845984 0.738810455481702 0.215865327187766
-0.845323808505378 -0.251041228879989 0.221116704608257 0.323257828968176 -0.883218593069524
-1.16461589871134 0.327851990257344 0.140785669988954 0.68505782172926 -0.0260579414033023
0.411434806957193 -0.687767829648531 -0.377989940185503 -0.473490249820063 0.728950922178662
-0.888370119682781 -0.0218700798584467 -0.890024378498922 0.286568570618035 -0.994483084513704
0.634454287033906 -0.332578984623286 -0.511797545866031 -0.650500652469591 -0.101201281040449
1.83168550394674 -0.172052132626337 2.30179091234592 0.692347157478429 -0.160690978817349
-0.611402501068952 -0.0147527131690838 -0.649563210806164 -0.414330935258905 -0.128805349141224
-1.91143023995174 -1.21456198951763 -2.49236225045919 -2.91754415533631 -1.59568071930328
-0.6744404370146 1.80736792423755 -0.755790264315455 -0.0448069273287187 0.38631408496612
-0.00556789360647762 0.741799359184295 0.674923616853379 1.50507497188193 1.25180698322913
-0.744722449060466 0.657099574063636 0.91420772950383 0.410507891988509 -2.02324948898316
0.826563904807395 1.17716587903212 1.2512024671479 1.11400189290599 0.327930677753507
1.61982667255066 -0.476171763091172 0.194643331456564 -0.233786052603412 -0.0139373567764303
0.766387393858569 0.777820029446906 2.24516566656105 1.23083391586475 -0.501080864554529
0.154876083954947 1.32595199365695 1.52846564157857 0.135052851350796 1.4603011649243
1.61034922775131 3.303842416377 2.71081585338427 0.366470080647076 0.177695248165591
0.574960654749393 -0.404967900793522 -0.586958984594003 -0.640314953911242 0.814451696376232
1.2982807116699 1.44353158951801 0.338725531404071 0.677536293648761 2.26941978660702
0.0394108127895838 -0.139157697268017 -0.770366184448864 -1.11093126571842 0.568304291588624
0.123339851724793 1.35946934740509 0.360379634511927 1.59086392224778 1.15132715096841
-0.697196121845626 -2.32142373093742 0.492804061392843 -0.684026626902957 -1.06164873838696
0.364933499417561 -0.662307349786793 0.60957624021976 0.103606780666541 -0.145610836855445
1.07973229907626 0.632928946432802 -0.945656207760463 0.774337944865448 0.885411433748294
-0.252442913191575 1.09836784473011 1.05984914118306 0.158535317395859 1.5061028481653
-0.17602247366887 -0.397764385786467 -1.16673346739162 -0.622898290252402 -1.64048884355576
0.00676660780994991 -0.284423935537229 -0.548445923605334 -1.34530302317758 0.570920152412701
0.412366878151642 0.890916290120533 0.351048697303886 0.483107573051599 -2.20592640990705
-0.254707962906526 -0.9965281549858 -1.00966947757545 0.853562209425265 0.259316615628559
-1.09510144892341 0.423460390564147 1.01483567544423 0.836965129654115 0.461422115409136
-0.399099250120504 1.19865625588446 0.37855252746811 0.774474237046605 -0.435312651073637
-0.749665915314153 0.951431999680064 -0.471948266705091 0.0300968814762035 -0.621244448496237
0.450464447076815 -0.347094898284513 -1.03170031366437 -0.74153687558429 -0.954770652694234
2.40789435842042 1.67863497183856 0.188246438348193 0.149645397119136 0.986826194911462
0.88551682216111 0.604862877788705 0.0412935926183646 1.51336680183129 0.629829322223328
0.0757202457584968 -0.0415289213172387 0.837970366048669 0.429256088831988 1.14360660914195
0.0798525883520557 -0.900884256924291 0.665571443582339 -0.870784661805106 -1.17987747204386
0.745787019131526 -0.807311801647357 0.802737695275264 -0.889312847670396 -0.289882880089427
-0.282219889378394 -0.757572973251221 0.477067653952218 0.604575108670798 -0.458709437462708
0.34126969812318 1.02696026319879 0.998417574716492 -1.30485547844016 -1.50422781366623
-1.16573027010038 -0.437676727013047 -1.00985837072482 -0.440298817278507 0.60698959792217
0.300733335165963 0.0730347063260279 0.0197128952287178 1.26233367764448 -1.16660654079586
0.560658307787755 -1.34189861037048 -2.01965418376433 -1.59171147003756 -1.55628596212834
0.573615800015474 0.563146083197671 -0.927236990487961 -0.505275433652606 -0.0759447785803906
-0.295832823935761 1.81784872346194 -0.542303081461083 0.451291213460223 0.614177700091967
2.94196644701934 1.10008278039058 1.91055943545522 1.73145382986638 1.2929518084882
-1.16959257508613 0.616916484408202 -2.06313707580865 -0.604254467454706 -1.91874563306734
0.860225103513907 -3.006604389373 -1.16497322547658 0.407246736456946 -0.144328740159413
-0.400875101511265 -0.815599793373845 1.46861010017506 -0.507840395206797 0.656332597204469
-0.456398510167496 -0.475717214243978 -0.905071878615124 0.409534074347757 -0.493268317891967
-0.632593223642318 0.33307650298397 -1.54970480440736 -1.89476731352319 -0.964108295132699
-0.807295859602843 -0.927804330575739 0.251444324676389 -0.802268597492494 -0.780018731838534
-0.9917466891237 0.246273600481933 -0.230558867447911 -0.981340872568427 0.121678730246161
0.658995527434542 1.60380251745916 2.22599497147444 0.283593882548752 0.61709329522329
2.10188299556456 0.35002403578659 1.06200505559949 0.146964754071859 1.95608492043437
-2.26654124112892 -1.29179107434628 -0.988393569955332 -2.35672807628639 -2.78464339243524
-1.28942275131967 -0.813157627723197 -0.500271979720796 -1.99224076316813 0.14410684823057
0.18630019206536 -1.02324503154544 -0.740619607647283 0.402622578771497 0.13779903882655
0.486886790906692 0.746031654498741 0.142088631478085 -0.00728353380894575 0.323481275939604
0.584663996489887 -1.09324584031463 -0.354724831052864 -0.863973492483118 -0.289768321459419
-0.285095846718164 0.0765461935890263 0.579140902988078 0.142318078834499 0.230316356458575
1.15319544506443 2.14096237760524 0.0713130609318517 -0.399431353193704 2.12716215992376
-0.654590518489728 0.161672465042339 0.196283188488287 1.14087842067493 0.760281551540061
0.556279906569091 -0.924421992681962 0.0883067165574436 -0.035398028047325 0.256810072913454
1.21076835465589 0.628383603754983 0.349860609251967 -1.38699879049787 0.66692320242573
-0.644666913346733 -1.73824617983717 -0.0155743553617617 0.152345790879448 -1.19324953561013
1.24891314389924 -0.481002918018788 0.442576696818224 0.389083862473426 0.498243951295451
-0.972257591796749 2.03858280142953 0.598939958781477 0.388967151841525 0.679995636601433
2.59223457442569 1.37214923468908 1.52955477753394 0.770697138136358 1.30938169103219
0.414522016224943 0.0110607169416319 1.20816374748968 -0.065496764851162 -0.674585589127989
0.779786247456058 -0.835544741894412 -0.540303063938522 -0.283953328743384 -0.237500767599671
0.134113186722736 -0.474291507831275 0.468779419329902 0.279646416714553 1.60719615092681
0.826902047951959 -0.45799655128712 -0.856084851365433 1.03190766926304 -0.370361004357244
-0.246684627699413 -0.391533438778985 0.0552287936486093 -0.305483594882457 -0.0941721254281967
0.420369525950934 -0.899127119271232 0.380128244212602 -0.0295145397946152 1.02715181116084
0.636429824682773 0.195453560136214 -0.574239495037898 -0.144391236807565 0.561825754565385
0.779221197068746 -0.793769935069609 1.16477005411392 0.759336651597871 0.309075379765809
-0.543599895827666 0.833291309829051 -0.0173829191030688 -0.0624579457384628 0.506285623463121
1.68482531966746 0.868642323847716 0.478034250882375 0.807891496116876 0.0408771456983349
0.638037123040094 0.450929866333536 0.463357416441717 -0.0729774737977065 -0.959747511829411
-0.827608486909601 -1.30136012856103 0.857082949949186 -0.656497801034028 -0.219892091224844
-1.8107469948916 -0.213729068109833 -1.35765811097787 -0.856174586190176 -0.960456791469633
0.495286534061735 -0.464571289285616 1.22045660838997 0.841162605269107 0.98035772253943
0.224671903778476 0.946438391810834 2.16625074891513 -0.311858286636792 0.817279030274191
1.23894319633584 -0.320309844470289 0.448208309101077 -2.01850416726834 0.513963989759761
-0.96211157735813 0.0344605850145274 0.481709600204845 -1.0156486552147 -0.05289226148684
-0.280532128911891 0.161288447771702 0.0424660171582319 0.824370393684805 0.0997228800670878
1.22766948639519 -0.166241910269669 1.81440402978142 -0.142642494304563 0.288447381538264
-0.299892527172821 1.80633136956033 1.1184896003468 1.14493451317469 0.525069151139785
-0.164881479823512 0.229286125056336 -0.914640087084029 0.775437218590553 0.998431659788396
-0.180124054347916 0.489629146469794 -1.32424913235277 -1.87176130704033 -0.847166792739166
-0.0963391778174956 -0.461719197377661 0.567029959617694 -0.527999138288479 -0.334638132204048
-0.410416371291851 0.0243344337166386 -0.975918328365897 -1.42030124880136 -0.957254040897213
-0.801728828883424 -1.95579055896039 0.676480178088584 -1.42386229399439 -0.718927967475456
-0.325232503265681 -0.869315213191219 0.411470593841826 0.0194967393439459 -0.604315331132672
0.979089860853925 1.07709103824162 -0.229223485287925 0.1194111229856 -0.268950737290114
-1.44278840828201 -1.35126647472091 -0.812688149071291 -1.46495198298871 -1.78811325678354
-0.660801939713885 0.256919507000163 0.181156434920052 0.901731453342651 1.02847221236622
1.11342603895679 0.419392141283444 -0.479435012752407 2.43867380400325 -0.195068869760076
1.53450793372126 1.3092284269047 1.53347502953605 1.97271748843814 1.07508066929743
1.23078825041646 -0.647293104818045 -0.12793086219103 -1.01693762874417 -1.40309695458167
-0.555243852700265 0.344542674614164 0.115758126996102 -0.924793653152508 -0.0656716163161091
1.00929137120905 -0.0424285627851503 0.922433971101837 0.586134353751503 1.85217898076309
0.488402147448707 -1.16398538016723 0.188231391149535 1.26284694478635 -0.861743428289573
-0.649285755037271 -1.34079496575637 -0.821973897974367 -0.44250647124528 -0.747967818172908
0.473590538767289 -0.532753995645853 -0.637595918141844 0.755521871755387 0.714374462331782
-0.121434449805224 -0.26359205684167 0.172333302370105 -0.647338474157511 0.151995517396946
-1.2169943293255 -1.15730063852138 -0.628945112691 -0.516063108727808 -1.00464968655725
-0.398760839818954 -0.888096432196402 -2.0439778138057 -2.73703549944438 -1.47193114695259
-0.104212146076654 0.0210346478669159 -0.429384325181261 -0.993965607460384 -0.535361961071586
-0.7648842564434 -1.13175431876423 -0.425309989654621 -1.54238570528923 -1.33672188971082
0.0495345569317454 0.226804612873968 0.138258129529862 -0.331050291382463 -0.143285530130523
-0.362863077508689 0.200520631946788 -0.694650296671699 1.63478544400169 0.892785665306666
-0.448551492199804 -0.178024998516583 0.746642300378608 0.614023831145515 1.03804035996676
1.12775476762192 1.87105217027729 0.101454433962288 -0.366491500172416 2.0136023014197
0.92564661774867 1.82815444623279 0.402446846735721 1.38562035214956 1.8192499327717
-0.416855398965164 -1.78927295662635 -1.404358841163 -0.364320638700082 -0.207620415590771
-0.467075268415138 -0.485124189910821 -0.766889903650169 -0.78431213318622 -0.88728583800366
-0.614436269485072 -0.428749701331423 1.05292792845266 0.309739628126121 0.85462353310725
0.893515060795995 2.11829306816651 -0.42976201072634 1.25455269123327 0.911970747676854
0.425647244504638 -1.05648229617003 1.79904141143803 0.723724683109743 0.437625769994226
0.363536672975179 0.393758003592354 -0.561878877846952 -0.946239756153524 0.256517390317754
-0.250288674512574 -0.351443478427276 0.640174925974927 0.835045702630226 1.20513823356846
0.00686286367934791 -1.52328506213993 -1.16053257974893 -0.415110864371348 -0.174363524110934
-0.623408331996123 -0.132237729176275 -0.178771382616352 -1.15076473203475 -1.55202668446184
-2.11273030271958 -0.972945896723389 -1.81532556430987 -1.5583585353051 -2.41201313504483
-0.909067729510028 0.41698527297254 -0.669035074886767 0.109258690690022 -1.22976625749107
-1.34888889093161 -1.60043593194781 -2.20871533736403 -0.667497347800938 -1.3225883633503
-0.428014380703747 0.500271495308866 0.36296164480154 -0.518844477297786 -0.891090406778194
-1.53684516843009 -1.97461139086422 0.206402241203327 0.0122225281929963 -0.981573544758973
1.05171205136109 -0.30267655994352 1.68552750743977 0.420361015498941 -0.438855076221005
2.72183894476171 1.54646382375926 2.16664424168985 0.509983802875251 1.67179274943234
0.411585565026597 0.791378020684028 1.01148156353951 -0.357927512633592 1.16112526317066
-0.806714420120355 0.750305289510413 -0.0274108693741064 -0.0768455137191736 0.72950997649134
-0.705318495309196 -0.244172306798204 -0.427919884331731 0.218964926768228 -0.329588072774833
-1.22750029020476 0.405835805545189 0.768283234208437 1.22269632247425 0.178474762843658
-1.73059666689223 -0.693594324625657 -0.759315579271144 -1.46162024110437 -2.08074262418438
0.222657231113172 -0.498632913760773 1.15043953086949 0.158117092058543 -0.620972461426535
-1.16981491587521 -2.18848725007554 -1.37179061061961 -0.997972239528218 -1.89564456156959
-1.46495328816118 -2.15338970413994 -1.61116374921256 -0.676754368909425 -0.0362835603320034
0.212192042016798 1.02472659802777 0.170241506103993 1.76122222248563 0.395159044879
-0.50729748374462 -1.7204259083981 0.553499573046477 0.12432310088232 -0.0469096076770767
-0.215721934761159 -0.482681508642107 -0.911499622306055 -0.769653210509004 0.232321776117094
0.14279400503334 0.0203837824617164 2.06602426840402 1.26076529026499 0.323684656258333
-2.14216000552633 -0.679091410407516 -2.5428676955997 -1.72353751030572 -1.39175790872077
-1.5493443991344 -1.19078228060495 -1.06151518149449 -1.96272720569462 -1.75939301444828
0.586361446389913 0.374465601845432 1.73947583468694 -0.0677676858702519 -0.0739415437585832
1.45880733406613 0.223035395125843 0.213392065410417 0.248370387942336 0.144225593747137
-1.09441974751612 -2.9612866477944 0.17393959305906 -1.80873462751924 -1.273624567941
-1.99482511342791 -1.01848317740865 -0.859749978386894 -0.51333442457825 -0.331426083459667
1.53918695100362 2.11831254714203 1.6218250055934 1.38939744119307 0.298341529687458
-0.802542498517488 0.639659201512083 -1.20707868219259 0.838539710757295 -0.159168487439731
-0.735934405450083 0.369821163132359 -0.0662780505586314 0.352898939480026 0.166701118360732
-1.09147487408188 0.717143185288706 -1.29846413860655 1.17606975308286 -1.20151627929458
-1.57731172829712 -1.29671422694527 -0.411261826725031 -0.897246732931191 -1.6347211620239
1.35575261933873 -0.121477169213917 -1.34348836393889 0.588639433297744 1.71443822900642
-0.288377908082389 -0.756815858978946 -0.755874256990822 -0.769350187295974 0.521066430560671
0.086954656424091 1.29908645590186 0.397984743174297 0.858001167266607 -0.128375080132459
0.364070470180624 0.75419310156695 0.687106024208954 -0.260330192974351 -0.436431397407219
-1.50365675242728 -1.47666728062673 -1.32274009105662 0.886071227756949 -0.787409366656444
-0.74745097587874 0.011489361447334 0.540606636332889 0.156798050455585 -0.28138359953329
0.956362636636973 2.04635307902356 0.215008741116337 0.156636690670906 -1.12591242932827
0.744345554107047 0.128447844306787 1.02675507260271 -0.133973394254369 -1.53568443572827
-0.908937717058893 1.08633422271436 1.40086539778912 -0.106396089423311 0.576350351206746
0.55196773764946 -0.392663873793143 -0.848583245489716 -0.000818466469142826 0.476545710820553
-1.90807579808662 -0.170581119816898 -1.79803777411347 0.0109259768589891 -1.25441793352864
-0.90027810309336 -2.23572802747309 -1.31139827505369 -2.0648677691645 -1.79041256635524
-1.53695579171357 -0.678612614654575 0.154768751702828 0.478891134155314 1.77343448246605
-2.25303349495934 -0.385607749303236 -1.47387618252414 -1.98497843829265 0.195054690562076
1.54644688512753 -0.616123891145976 0.947887592829558 -0.181798431211229 1.2242134321906
-1.08296647823888 0.875545832514571 -0.121671830316147 -1.22940500198656 -0.79149494762325
-0.837618892557514 -2.14111118071369 0.596604933564755 -0.545268457097768 -0.0200310433527588
-0.293071271576099 0.352257232900308 -0.538829601810642 -1.7096458912501 -0.841248339843178
-0.46476317394984 0.11781441999347 0.340617903087857 1.1797130660916 1.00335559233067
1.72321341307201 0.681320154897316 0.699903606345788 1.69923785375047 1.32354261253917
-0.42835248210965 0.547394989239695 0.638692374050361 -1.24818544072562 -1.21166551511989
-0.629825628595134 -0.187188879642546 -0.0507340793685785 -0.545237569175039 0.160460179219657
-1.28436716556593 -0.0791007551987908 -1.07067563825331 0.693761243574835 -0.842321573417211
-0.803065308438277 0.652341957213748 -1.16138108080655 0.730776780508309 -0.0484045897900295
0.0820428046132677 0.751036250912714 0.890099602077847 1.91991249716242 0.158345425338237
-0.406498437574941 0.353407666829211 -0.509285157608731 1.01502529597683 0.245029081678734
0.617004511931621 -0.9221190589649 1.22582395153042 1.65141756158217 -0.146748184731311
-0.315122065559372 -0.113374507578542 -0.92922904485324 0.852418083481276 0.4174914374653
1.04563052585247 -0.00633621634729016 -0.503924865095827 1.0910648761512 0.486032196284911
-0.931751719830817 0.222671468975237 -0.877208152340116 -0.256288851125809 -0.639036932805442
0.185371747050155 -0.937932255973164 -0.0860323246691179 -0.866816633291318 0.583945927032265
-0.252233731281356 -1.01152581045426 -0.641909874285687 0.722922212949546 0.0443641263729684
-0.575706969602104 1.24858312526652 -0.472384061449121 -0.0901995698876158 -0.10055645199727
0.901085841081327 0.84372073931771 0.143968250654919 0.515280558996717 1.19243933810665
-0.0396483813594994 -0.974846523557867 0.89797226563404 0.043387239245365 1.30648887431119
1.14884702426023 1.06365724028795 1.18872536859713 -0.312515327894687 -0.328719994358195
0.860367587372533 -0.381582399267454 1.1346379021848 1.1038920013536 1.89213638108381
0.00966281255424733 0.390939910066843 -0.512205635034457 2.36797516367473 -0.611349066949078
-0.213023934399003 -0.5623422525063 -1.34786987520806 -0.346443679889953 -1.53331893325929
0.163693553867832 -0.129777669307792 0.282718946326926 -0.0533109157628225 -0.308201581203226
1.07084100643242 1.42009969463001 2.73595251915829 1.15574708990368 1.48128444678892
0.259386730382727 0.448394812215658 0.454843214721437 -0.322032059751041 0.676617447587663
-0.845641532913996 1.06277012657548 1.49646698115401 -0.282406327156665 1.24031515208086
-1.90611406474654 -0.242839869760935 0.539524658660371 0.0985800002656114 -0.385540015972879
-0.128222225995006 1.5088608656936 2.27233332401635 0.791288008756662 1.5890870827193
1.19588028004787 -0.623012998448209 1.44376500498373 1.3425540824461 0.36760473216287
-0.127322107658393 0.721288973579689 -0.334422364183878 -0.69754464536499 -1.013928905261
0.66595841768299 0.445977896502971 2.30778357999756 -0.751839669230294 0.250199977762727
-0.220956897674661 1.05636275111424 1.16663254848603 1.17836247950971 0.439855339274224
0.0391911714867716 -0.126284249840105 -0.967326397534366 0.73522450984845 0.472422274561133
0.132732007460794 1.43664277908425 0.510426535150355 0.483219297379066 -2.42456825525546
-0.720297653535945 -1.10095161584834 -0.981752024694449 0.176588594831251 -2.0973830259337
-0.340850775342176 0.35507292704048 1.11394148306227 1.65202708219554 0.802176006659193
0.827945795529177 -0.0216425327747924 0.833193494348912 0.331762182510438 -0.92862547342368
-1.79573840513812 -0.905412956505504 -1.32298671833422 -1.47290729055456 -1.07305281768161
1.34815084131468 0.65559342764508 -1.03510498527127 0.923231498298116 -1.27462556810358
-0.349213387864635 -0.411601261744289 0.0658558139259716 -0.905598727349047 -0.561869493403756
-0.0664212655596412 -0.379673861505233 0.125524376784342 -0.9497880885465 1.26611514019094
-0.932862438103069 -0.802330570952749 0.451346004286439 -1.63307740442723 -0.515459642120407
-1.60561763291129 -1.3305890382232 -0.922963070423194 -1.5698329099275 -1.64951329509754
0.127621685670788 1.21986575122282 0.536562918084574 0.443722446922325 -0.0415017096869866
-0.896986714510585 -1.74669485934847 0.242358360467118 0.617146306226501 -0.113913796307767
-0.92466857829642 -1.48148659887793 0.504533770725333 0.152357096678214 -0.79318854638559
-0.964311738038907 0.0614909072003895 -0.0209811705972108 -1.35440185636499 0.310161865846023
0.344558179293177 1.25061361500739 -0.177901461111601 -0.661111399638109 -0.0396789327928293
-0.334653223903637 1.03771307353507 -0.174341629761962 -0.731050615864861 -1.28805128344866
-1.46398416640463 -0.743663192610982 -0.567951183470453 -0.731421337628609 -1.37825105951801
-0.065621380734283 -0.618804060959782 -1.79828358761437 -2.32295806953078 -1.20884498533927
1.34163190587237 -0.813077178303615 -0.0918137252712871 -0.631537797493708 -0.752618188595982
0.922444067274501 0.727809468343035 -0.534890241795738 1.78176203310686 -0.512064518625986
-0.367593669936089 -0.872964847248332 -0.0822648993480934 -0.904827987007027 0.686553958225624
-0.546140256754222 -1.52394220967002 -0.780259684005125 -2.04068007191617 -0.942126671394843
-0.168954771170592 0.52309024180668 -0.718985058202312 -0.929013644083271 -0.0283100467165794
-1.28955446510802 -0.631737410808871 0.326678546076301 0.897876883478655 0.371282781761527
0.161640614718948 0.0105121877324269 0.184651420816598 0.728076061708054 0.527376808407611
0.15404136050556 -0.119562818694109 0.362134393642333 -0.447783219031455 -0.214685737616947
-0.103128035159359 -0.0395407593981577 -0.882587405041326 -0.378596981390469 -1.84167800164741
-1.07591402793901 0.551008585677423 -0.0230343817766412 1.3025498875781 0.501659062781771
-0.894861559554281 -1.10207802978724 1.15891142816169 -1.42872951721336 0.659483876654453
0.830701298629839 -0.553415342563822 -0.959237472497173 1.22100873143762 -0.890962605626651
2.26607100178122 0.760144832399837 0.475736162132011 2.03262952899254 0.644721038306218
0.554367890421175 0.417976987779077 0.0900997623744973 -0.129370591964491 -0.194548587818522
-0.870117499674025 -0.970832696871842 -0.457595843885899 -1.10976870517822 -1.85652775567014
-0.616247297124395 -0.125175585075156 -0.685648924795719 -0.555891425141822 -0.912870576615681
0.108866567572158 -1.16354481649059 -0.432132945765199 -1.25560612061446 -0.588752810169089
1.10989111045547 0.785558946850054 -0.666696883301341 -0.506937538417787 -0.387913230476343
-1.22995406180978 1.11901659246747 0.399663716593177 -0.329853755459656 0.638546546895424
-0.451838584700775 -2.05699560067654 -0.751870861262209 0.00819323006278982 -0.353043932924594
-1.3205425304889 -0.0746807222752416 -0.651177560731592 -0.616419503788999 0.443239953266219
0.125282380991658 -0.0673540047627992 -0.519186317879285 -0.243453436194369 0.829822925064277
0.556782039055765 -0.317105078255109 0.0400879036612267 1.22849854366979 -0.875533256225341
-0.982486199638696 1.67958074670715 1.76393697551535 2.03016307097603 -0.584198507902234
-1.89760803397761 -0.893094536174615 -1.23110442056166 -1.26621796571843 -0.331552864842164
-0.566619519695181 -0.873600352786499 -1.6148612689053 -0.873232908658621 0.495826435383161
0.425008603996272 0.124837270458277 0.724512166049273 -1.70600336407138 -0.959309465426319
-0.258969434948462 -0.501773036511086 0.639134252861093 -0.625712103486327 0.721207424772485
0.386717725163543 -0.986351157724299 -0.444340152970685 -0.676816295340061 0.02164690176101
-0.583406579106526 1.01450028714858 0.240927623837423 -0.216046234637684 0.66588509191965
-0.0643749263072049 -0.420476737169063 -0.916674059060366 -0.110667749398656 0.441419188124703
0.0732465804997502 0.674527535029566 -0.443854773692047 0.116994196314661 0.108432125938116
-0.261610265788595 0.125684011270338 0.102019608183352 -0.368282675105083 -1.49714318602695
-1.47283027343032 0.149235241839168 -1.49590574290936 -0.817299171467088 -1.11441725576565
-0.281533261353275 0.326957190859675 -0.118521721621223 0.930623313733171 -0.560550277779735
0.913923317266936 -0.805973733084133 1.44092834946599 0.835482133714089 0.775184505305498
-0.517183122554182 0.622773639287765 1.15971163003689 0.868618268429937 2.35962343775749
-0.920192537340885 -1.66479222250006 -0.130872711834571 -0.829422493215364 -2.3804430597511
-0.796515468517861 1.9114905427469 1.43060282707194 0.867889023403041 0.294581125936048
-0.642218325953557 -0.352775190542606 0.129338455044787 -0.881128629457087 -0.131802563432606
-0.172910817631157 0.294241331786186 -1.42478125887407 -0.6253980561898 -1.04663180238508
0.199247051891328 -0.560964585230136 0.0771695581604987 0.543370141071587 1.44183531273803
-2.25048084576078 -0.661827892559232 -2.29083446861855 -0.468183481342184 -0.114551905018406
0.066823482662013 -0.469982815774694 -0.112262249654519 0.145056329150907 0.763813486107015
0.104309406556287 0.914701760941861 2.03930164670576 0.525794066292309 -0.740300814484802
1.02925325602347 0.461137515740993 0.583313788704654 2.34012711173823 0.210618186711442
-0.575377433031305 -1.52872172735776 0.931198489918085 0.491995537521509 0.601684455749561
1.43532222476192 1.21359919869732 1.33029182173738 0.030994602779355 1.61405184227899
-1.59157122504585 -2.07509605153497 -0.58127834486654 -1.36949112746924 -0.97710204078495
-1.13107286977322 -1.05139776031066 -0.249859638896002 -0.963252899329918 -1.0605341647265
0.323762594139598 -0.510663554248302 -0.317732415025521 -0.882451606644206 0.5162950428873
1.84305718287481 2.47648327253713 1.04689000229869 -0.171703336740024 3.41428620320469
0.0869859239208172 -0.222143497071705 -0.94183379813403 1.23705745979677 0.428854409866432
0.0377958787544193 0.644402309198209 0.500323517411769 -0.0200084659823234 -0.129545084807369
-0.341960541505248 -0.532120148111094 1.39090411200655 0.674577617196271 0.303028429662409
1.98707313036883 -1.28462176223292 -0.794406609348754 -0.846236229568066 0.904823620019188
-0.296879820800206 -0.746230707374245 -0.0607030825701038 -1.3526886666101 1.21175652228288
-0.0504635414038556 0.434895240065985 0.76588774557532 0.0166785216900588 0.355982331840531
0.0151043481877698 0.113169695442143 -0.221832702547566 -1.44593607989277 -1.06817931938129
-0.267474031382746 -0.659977871849045 -1.36854145150755 0.300441620315806 0.98089432761731
0.364325714955264 -2.12681478720926 -0.516158636078666 -2.6459079557795 -1.26226834928564
1.62235196329371 0.661323431303411 -0.407490877271954 -0.633319758488601 0.927338616523111
0.291715696596956 0.667566249461833 0.500351617466235 -0.974394415633558 0.411589078081177
0.580585738538915 1.03933576768719 1.14669320086657 0.236200243298283 1.78341863902989
0.504342067885329 0.890220986819452 1.37674338787882 -1.01837884179834 0.544433093159754
0.446974210610683 -0.107347800300876 0.86247630982989 -0.48066419359891 -0.928316344036542
-0.322601756939718 -0.103277102202049 -0.91491409094408 -0.44200744913004 -0.765742821999266
1.31455903113876 0.435777877886803 1.746727442467 1.47877436958845 0.485378644475663
-0.257249100148738 -1.19745654687042 1.08031144240889 -0.300505329767974 -0.605940347428258
-1.41188302179472 -0.246231591449726 0.784652594049599 0.697624458155288 -0.105864854540375
-0.198611871724346 -0.729727631275748 -0.104126329804768 -0.548491845684195 0.681024678073846
0.470058665201232 0.676679696797107 1.89665703560349 1.31493892780185 0.966640887856731
0.209373220552962 -1.70020732553868 -0.565158827156299 -1.47680098143566 -2.05050520397729
-0.971829776053137 0.956705392336325 -1.38397053284624 -2.05562875032261 -2.1843567864329
1.49924150211339 0.0854631823795136 0.569681427556489 0.640791040676705 0.0142764350763052
1.96439401856057 1.11254756960059 0.977824183478939 1.64188029678551 -0.012288329339823
-1.88487247386383 -2.5032953807691 -0.942611673399547 -0.307807207706058 -1.34703968957706
0.333717655410601 -0.376017601146525 0.100435235494266 0.392857775953668 0.437204891239338
1.51976021595575 2.91094657483976 0.358696639866726 0.674391392070101 2.41579754838058
0.676628697884106 -0.694959450889189 0.801358338235514 -0.179988810198904 -0.446866810205555
-1.13248139130611 -0.107439428330099 -1.5283517013537 0.0849125405056478 -0.492939269617568
-0.790393971822973 0.562249827931337 -0.228974328758186 0.7889543942548 0.519301773306035
-1.45981704350585 0.992160246420984 0.85468673008035 -0.38658383781051 -0.789038791618263
1.55762522418097 0.301266075384088 0.00668838943944527 1.36832597767741 1.12355937869353
1.08326101342841 0.831380501720308 0.900313355651297 -0.916829424259985 0.0889362413789813
0.854679037175784 1.76376116231157 1.42169534032863 0.533774012300489 0.0387484762454877
-0.61279010962154 0.288398957170569 -0.325208346604125 -2.19881671040202 -0.394739212136043
-0.57891987205713 0.533926189624359 0.484406250068462 0.6384435871398 0.107875798780648
-0.0927277406921676 -1.38775463313638 -0.993561144130129 -2.12101210920729 0.131390489006041
0.129672301703161 0.439656562383246 0.120709816443555 0.210108464385079 2.57953268669072
0.677044532604061 1.66418753035401 1.70239336773004 1.4195102926292 1.31136363819592
-1.05388045324168 -0.752365816927112 -2.27596064291233 -2.13166393397718 -1.15707354590536
0.836972414611933 0.114542465424563 1.11098616687091 0.276192073386444 -0.618949607701508
1.10738925407812 -0.195211574716593 -0.77352324489984 -0.118129879766635 0.247029123822315
1.14739511178906 0.633186401222157 0.473418907094944 0.9979972014917 0.947279984382039
-0.292234895820189 -0.612084955058105 -0.437272860906262 1.19130984486677 0.269214188030893
0.293722099276432 0.0258087446119349 0.913503996580798 0.80462153834597 0.43899019111896
-0.950634999135497 0.379176471564962 -0.520272196241838 0.308460454509794 -1.13263813610125
2.34852344004243 1.22555439995889 0.641969482226506 -0.185814179425831 1.89648907316141
-0.529073885562278 0.202347915032314 1.46200783252695 -0.377842486329242 0.0677944711484777
0.0592310299436669 0.00208193389132408 0.486790436126119 0.163233470303733 0.884287980098286
-0.874026152922035 0.525572214779134 -0.181921447229956 -1.6115252837607 -1.06636460977522
0.314836570787067 0.605647273349218 -0.261696851546912 0.793032486687592 0.102257859837517
-1.35786535680414 -1.17761369215947 -0.0661456061352057 -0.990733713679501 -0.206204475627609
0.131844272727837 0.114144387684545 0.223086223201946 0.878052677004366 -1.40844918406497
-0.0489235595250967 0.613539501475968 -0.160474266491031 -1.36593232423789 -0.686712016443423
-0.647265848914486 -0.485608541101259 -0.128661992499848 -1.12051758876826 -0.315928832059964
0.458312392786953 -1.19944221438516 -0.856116273436886 0.716620563468554 -0.32514358430781
-2.27997403317458 0.178088780031372 -0.654328396616415 0.576986400487329 -1.52689263399037
-1.19632074159194 -0.365917636658278 -0.841985109859442 -0.143149397004717 -0.540851495853508
-1.06260092069224 -1.46432917550231 -1.54459833217164 -0.701355752432206 -1.82619539468761
1.03607715538337 0.522131640310499 -0.180975293590785 -0.906449003207403 0.721453746837387
1.55019047045495 2.1024128038554 0.950886680880832 1.97669288191657 2.8205122463686
-0.0185616684212257 0.210205292249854 0.240501703512452 0.921751304568909 0.341176620997384
-1.34738331616169 -1.1834372681943 -0.380006118862498 -0.430031027239446 0.0840389054281032
0.165185682637715 -2.13104301401633 -1.36331514843996 -1.17034707208896 0.611266418048269
-0.64056088228748 -0.932974261589835 -0.138858546327173 -0.502309431612613 -1.00123902291807
-0.383863787627164 -0.189472429198252 0.338705960404553 0.0578822400205536 -1.1553289760362
-0.129548936095054 -0.0616995543496853 0.655631213131274 -0.373620936935499 1.41498913883604
0.503063016499984 -0.132708624376942 0.262502166974602 -0.962095528321601 -0.161201152694205
-0.0871656132581494 -0.318082731612623 0.300727645753411 -0.0542162334118059 0.62321510501705
0.716239561427873 0.943905665022438 -1.56463884392945 0.0665415972390406 -0.508987591179732
-1.44389443772161 -1.68846161337619 -1.47892583258498 1.25161268322299 -1.43009716711057
1.03833095235482 1.54399552613655 -0.435538702381037 0.438459152927833 1.21614057275157
1.76432733912093 0.587622410398304 0.951794942940323 1.03607306034871 0.333445235373366
0.342471348967899 -0.389495878659999 0.771924687633077 -0.726176285845364 -0.426853994491671
-1.82908193650193 0.295633429615368 -1.13492301563004 -1.37545576996474 0.360278053298509
-0.196428425008086 0.0702760421008862 -0.116327543933135 -1.20582114814235 -0.352192152353668
-0.810602927827917 0.439443474824484 -1.22160246682109 0.26014214670729 -0.331453456639021
-1.17302866251193 -0.454986134958307 -0.385266698216835 0.524280459398563 -1.11544721170615
-0.441949110200827 0.594651860821566 0.178111324695479 -0.172709938536199 -1.53840590194871
-0.40635422380524 -1.37848976201005 -0.448088617646149 -0.746085648578382 0.857693153566967
-0.801214664860437 0.530141861477262 -1.20692493784847 1.11996369658552 1.48470007193193
-0.178641642206454 0.201376545788264 0.369608504931522 0.805493715550388 -0.208763546732551
-0.105556786494193 0.0212067333083916 1.03179429599427 -0.390728048054718 0.704746920708607
-0.819743279822877 -1.49673205395557 -0.92805241573303 -1.64896756557139 -1.52857503752869
0.82182930981831 1.77076849704057 1.1129819291297 -0.212452860727316 1.3288792598953
0.45672173887833 -0.295283967295308 -0.869423684195084 -0.886996708162304 -0.443460519867769
0.549852300908007 0.0300350051677776 -0.938778947317519 -0.802130399806289 -0.0384749873036565
-0.957938540671671 -1.4157370637876 -0.184944903694612 -0.82190600963234 -1.37292931271248
0.82217782321784 -0.185410076540075 1.5635611854118 1.46496682113642 0.938040235140702
-1.32526947422316 1.29701218366521 -0.962815504524207 -1.58677478357013 -0.564394815911174
0.864819683319454 0.914239464841102 -0.15221810170565 0.690779523421706 -0.693859958630923
0.759656100719823 0.460294698754035 0.00883097512342877 0.63623604216582 -1.05600408170427
1.98920916919647 1.49913675993413 1.75313855018495 1.03535647502176 1.0762189580965
0.177124571309715 1.33921110928982 0.908044532173327 0.9595865232929 -0.67406015128172
0.522051203340721 -1.34303262046433 -0.888135686334213 -0.542297910502397 -0.28789245489178
-0.821340647094024 0.548554100490747 -1.28003547900243 0.244937612463216 -0.659527132384188
0.0977321698743641 0.585209718129018 -0.218242896604172 0.449852229511211 1.34710880810028
-0.256694914059636 1.36417872622138 0.218847376415785 -0.802178878796363 -0.105636533587898
-0.970338675399271 1.95050765934927 0.561827493761846 1.39713188215842 -0.256815242893025
0.673944401230792 2.77258855842932 1.65175430774443 0.71931077506496 1.52409464545901
0.3577032083864 0.795870894460106 0.786507128586972 -0.632911657885049 0.879797862349963
1.42196527514517 0.189242971007344 2.31778409661822 0.271714856046404 0.653462164164054
0.512165851627372 0.227342266283124 0.706594899129275 0.232683670558891 -0.367995334241592
0.399125764266529 -0.29040132732306 -0.773092200483155 0.0521252861964332 0.87063529879899
-0.39106777816367 0.815410963190203 -0.947429852550395 -0.571025008808786 -0.90317405015005
0.370821669724735 0.911923769177564 -0.0167015783401085 -0.591988083262679 -0.234259188810139
-1.03114578521703 -2.3868568948906 -0.657995567283349 -1.12508614700732 -2.50935943101304
-0.538709585246126 -0.426908093946352 0.232754600308295 -0.35325005959802 -0.355953029950592
0.757033784205997 -0.719426292793337 0.334632476601649 1.22109683427462 0.0808783916295953
-0.948538046386413 -0.538044266623132 -2.52679926845406 -0.514920750449484 -1.41096937738965
0.852277472958941 1.02089586174879 0.282249262162636 0.975172626533886 2.44786341578373
0.615847236765135 0.275329848734452 -0.481351319705271 -1.44620233087399 1.33748898693676
0.984979098487561 -0.618714950147932 -0.224549074277219 -1.75611135782707 -1.54779226832618
0.471756532107477 1.47203862859805 0.766598202050633 0.939466858389651 0.298561304720389
-1.80580478672905 -1.89170386065027 -1.02799613071294 -1.74354244394953 -1.17625708120237
-0.0618518523784894 0.500301000716036 -1.39955917622275 0.163122274093386 -0.549722675167597
-0.461782459662431 0.113157106979599 0.387994575525673 0.729846533612778 -0.284372136922084
-0.221485153494743 1.29197279052013 0.869107321967453 0.127605811018404 0.652927209105403
0.548286618828016 -0.138484275355261 0.924108611332719 0.0155936081862684 0.425954080863973
0.82679484029146 -0.0786245386066572 0.795180294125566 1.43017277212449 1.0868758493251
-0.138768104150105 -1.00437257786203 -1.74600938293076 -1.85888778592695 -0.766962781169383
-0.111356653629276 0.444001351717252 -0.243108790418765 -2.07965564376692 -0.149579165309618
1.15466671564397 -1.27595656939004 0.139856635072083 0.454940234913435 0.967750614826476
0.191349097869753 0.635967473924266 -0.0413810850880504 -0.376925823911683 -0.902761220958058
-0.712296636679666 -0.368584717648255 -0.441689265750647 -0.35016034829802 0.0644648302401018
0.524001952092411 0.3508495530773 -0.643029878578467 -1.44430506363352 -2.29993890043698
1.64025604702536 0.0996442963103258 -0.815729064888811 0.488026074115791 1.10125062510183
0.913372537634657 0.180663171282648 0.166118001363745 0.669296402858197 0.182071846885342
-0.156896595625754 -1.18913629131397 -2.07192159525441 -1.71023295386042 0.043623998596168
2.08565255961114 -0.00820721897563996 0.301878912552587 0.974631771190017 0.83652342466651
1.25074334886297 0.0143236054802485 1.75380637112273 -0.931637072653063 -0.0207381717631851
0.697008718204008 -0.252696316950936 1.2529164571571 -0.141724408657959 0.1927407207476
-0.928061949815148 0.177290061843911 -0.3460546880004 -0.477716882994009 -1.29172773552688
-0.708442299037488 -1.0041442543504 0.0562027487835499 -0.856568783254578 0.772628408179125
0.334256463416174 -1.30389544684813 -1.44950336818791 -0.0286278859082743 0.260109117417773
0.0306212820786225 -0.0545734857427417 0.118790493364478 0.299412103065495 -0.308363817939362
2.57981142985787 0.62672361431194 0.950118134607876 1.53472801321291 0.759778231540798
0.222965627200497 -0.00457701398505268 -0.189300921038909 -2.60098041343829 0.773795819432173
-1.15143960244804 -0.950479253024251 -1.70184964661505 -0.641886899220053 1.10065303480804
1.33169680424758 -0.46670329241091 -0.404701520410272 0.55430494376145 0.849538407495753
-1.57267862495312 -2.16165028919607 -3.00589888963395 -2.51062186582849 -1.2069496356782
0.366808236967367 0.794926490045853 1.36803998322557 1.17259171265204 -1.18240854678654
-0.594321935887099 0.721419663511185 0.382947946303189 0.0821351011652004 0.184484053474725
-0.657354481379579 0.915327895690528 -0.130083347837438 0.213626062451223 1.34012604329381
-0.60559377098706 -1.78350954084317 -1.69533856744954 -0.806966037921382 0.137210728558195
0.89154665584569 -0.570036487728529 -0.62020162827508 -1.35598493545411 0.460827498305234
0.408255274491722 -1.54090171244752 -1.48487708644921 -1.37805114671943 -0.516869504217274
-0.177587799744214 -0.925880130436498 1.02140673010104 -1.84358646215869 0.220100779439035
-0.0553369879571679 -0.568064316325719 1.99396619812367 -0.662330252315482 0.774800329176073
1.00094623362406 -0.545860272346826 1.05734624101907 0.832956914499559 1.16560658807639
-0.425591514020462 -0.0820162143064092 1.99852259829654 0.42859760668601 0.736762480109681
-2.45496556327249 -1.81644485178432 -2.00887849214654 -3.45895741824819 -1.18877596779048
-0.923301516444374 -1.50571521394246 -1.37565515712673 1.6944881108566 -1.02175937562171
-0.967792648982672 -0.229339744826812 0.100979384625351 -0.318053498891357 0.322641046969265
0.837521268355388 -0.40123255920446 -0.556811175089797 -0.94560199574734 0.182126839542503
-0.253001055753793 0.550325476050428 0.0501828072579213 1.31406292735857 0.306314927715184
0.805452920080999 -0.185499645183508 0.433413697222717 0.583600573639712 -0.917380804010707
-0.754539248029987 -0.743423171100065 -0.231715949789721 0.871542941784204 -0.184227890848401
0.699143377660235 1.40611890706857 0.53120320396197 0.728211251159707 0.213687592463286
-0.883422516476887 1.0821689951775 0.736582768317295 -0.333943887770291 0.779387708443234
-2.59173102366476 -0.534731166508797 -0.850317388922279 -1.20978141208388 -1.2071658081021
0.49243702121543 -0.411391741119828 -0.48317451720033 -0.871788526124631 -0.973065544151888
0.0125707623403397 0.25106760589329 0.0950981118000186 0.272185106952962 1.30995122651863
-0.346549793244232 0.367627340130195 0.0526654291111477 -1.13326710958992 -0.24218164659028
-0.215511930982237 0.867066233453582 0.897605403949106 -0.3380921761668 0.271769025314461
-0.697039246733796 0.734256975702898 1.93920974512643 0.391861632349718 -0.219532723014407
-0.0100149955762303 -0.586203361543696 -1.59029322014714 -0.843204603323857 -1.71276936272757
0.325811172118333 -0.212151308250766 0.734638847395006 -0.945355396017941 -1.24250188707544
2.15238722555755 1.21459070685344 1.36821069361113 1.44709044355771 0.3551083449614
-0.78811215443842 0.201678693515913 -2.01495295009183 -0.816862693724862 0.645549496428277
-0.537756009026051 0.243061288721198 -0.462648417734906 0.320507767828061 -0.23644142608366
0.370896310354561 0.669070165753024 0.836479580050953 -0.401875503596937 0.654776640722748
-0.17059570143071 -0.0667171007420818 -0.120910347017108 -0.0714138877194946 -0.0934757027971604
-1.13120223864059 -0.0670508487558608 -1.5413354011803 0.615713347087901 1.24906976495506
1.13794105786101 1.46202468964588 0.505814097915845 -0.148860819327765 0.584013827108951
-2.18460044371299 -0.0739521578499763 0.00469330485055779 0.220597994286281 -0.991984721535259
0.37443272337632 -0.799312035678663 1.82502523189636 0.424718323820971 1.49780566773104
0.169069601504085 1.34010360913856 0.569973731511373 -0.202768630030379 0.939424449564909
-1.23544109757792 -1.16731315082829 0.954306426804505 -1.56518296540681 -0.546323028713008
1.91334618037818 1.07699271613388 1.31989473491972 0.708847790401273 1.06717722790366
-0.711528240070835 -0.615545573692645 0.617452609339418 0.287279058365664 -0.175263872542844
-0.817492857559451 -0.403946780121691 -0.179521253101159 0.636685083779853 -0.0982170210737331
3.73787093868786 2.22333003644502 0.457232975743529 2.35767967256599 1.04103376056213
0.354162106835559 1.89453029424201 -0.137911034835182 2.04905842546485 2.52613003601734
-0.736206570631247 -1.81566770872652 0.361659297594956 0.426293295858687 1.33782742243523
0.247606141361439 -0.436231499716217 0.269376683297482 0.455240490527567 -0.754575304148694
-0.655608827192686 -1.92174100943096 -2.55780749721021 -0.549277191684854 -0.925573433698629
1.46345642812179 0.344963403284635 0.119276779439012 0.5228753053363 0.386033063338062
-0.0891076485030567 -0.359459683555047 -0.424380462020704 -0.487294650622561 0.605476881498887
-0.219864469072644 -0.336230497301998 0.622587824511433 0.497272372809245 0.812169466379313
-0.183401094525033 -0.0624861890572696 -0.483249374608407 0.880457873867689 0.273492528708034
0.485978506686296 2.40679547659388 2.75385362445546 2.13951639446435 2.04729227607019
-0.526369500020723 -0.934206025004047 -0.348325367976599 -2.00534447674606 -0.52304519138509
-1.19046487037655 -0.638672339803505 0.933467258184994 -1.38720506156992 0.0348130099760877
-0.479419187530372 0.575521340696821 0.260553734367727 -1.30626715698661 1.04394572941689
0.927017365574387 1.59709370632694 0.887948205741161 2.02359375698694 2.09377764960402
-0.714128888877037 0.0924744093872043 0.088374832460783 0.477863901924444 0.116501770096394
0.669115000240908 1.08114414019267 -0.00380769185005274 0.750366568643169 1.27714137686599
-2.35989133240081 -1.98741988701118 -1.33718239507248 -1.94260219613709 -1.2796826156112
-1.51140752392291 0.629188201316361 -0.525676698771797 -1.10304510299362 -0.0430700185678606
-0.919642522366629 -1.84310892379087 -2.31492876993622 -2.59220853806938 -1.30011235403935
-1.37878416341665 -0.638022474034442 -0.261561114011874 -1.17633671475262 0.0530426000336471
-1.61354916099861 0.462479666635749 0.477786612964282 -0.762554827982034 -0.30918410609945
1.24723988614441 -0.20811326892279 1.11632499047454 1.07110576035087 0.235697901385353
1.38880743191194 -0.146054531044719 -1.31417520769056 1.79850900784655 0.926886775557396
-1.32670628893155 -1.80103475085964 -0.200146249784439 -0.148651417392886 -0.21958144861389
0.143984925515866 -0.285732429011655 -1.30122562390231 -0.698537912465901 -1.46510633942677
2.32278585819553 3.50194266428103 0.423250243716063 0.264628098250557 3.02802145078566
0.49550239528971 0.187001756133165 -0.798388749001875 -1.37282958326932 -0.308513852375651
-0.661761612666896 -2.16789426687412 -1.43042949407627 -0.699802944430678 -1.49025330060207
-0.856947629057412 -1.31643356316014 -1.0411737452797 -0.279918234782453 -1.49484214926449
2.32476961289543 0.044132597081053 -0.0246306431763347 -0.916594331726353 -0.56687229826877
-2.16836108477577 0.000913962587826278 -1.27345366302023 -0.0805822704833068 -0.781174997554683
-1.68120177653657 -1.14687336368037 -1.31825828119602 -0.771426120156274 -0.703098869566188
2.12486296932924 0.581050084905255 0.0763026709350278 0.734916108186086 0.877682830024452
-0.728655629463615 -0.232009049556054 -0.44957490901656 -0.0905003723992021 -0.195387661002091
-0.881828787372437 -2.15062215317885 -0.365977756145637 -0.565570055982421 -0.875706190270396
-0.362323869638722 -0.179394691015023 0.406395039737037 -2.68723838826662 -0.66256670270523
-1.73691431024031 -1.4315606512473 -1.12207156654649 -0.539201324719912 -0.819698429649303
0.491579748779928 -1.83167312235119 -0.846699270872957 -0.430949266216454 -0.34248037892674
0.380157410661366 -0.628079666274042 1.89493096901013 0.922747332987395 -0.990870508449843
0.911551007653374 -1.42156291243175 -0.465029588714756 0.236091677677854 1.52180558954966
-1.09518663660129 -2.0117236745756 -0.570515730728119 -0.783855165526895 -1.58053129542583
-0.399931621230006 1.3574772641562 1.23821709934213 1.53798840672928 0.683273831231453
-2.3377376201177 -0.786780857953629 -1.67164369088387 -1.17938067826281 -0.808039588068583
1.79657425807245 1.34872411887862 1.08231499288664 1.52848304123677 2.66470235516576
-0.0487244935919973 1.00327632890384 2.36532731613105 -0.583236908480005 0.865007424114401
-0.354239447552362 0.509715190210533 0.646701657288295 0.738846301824929 -0.659926249524522
1.03751213702534 0.758283399549237 -0.790719935844773 0.286011312011889 1.37038688832994
0.0657695239459369 1.60961584438455 0.596649382492856 -0.940565928290275 0.412505835949582
0.387318284457508 1.44355720777485 0.680765932280726 0.236941499027462 -0.114362792524295
0.193378167174523 -1.80136703966304 0.669435373400626 -2.10031638161934 -0.371456808572425
-0.0249938174683338 -0.54335149508057 -0.252818622528175 0.432776021738215 0.789467951685992
0.880739164282493 0.992357977306171 2.01274311347231 1.4430276203772 1.06765889459833
-1.88655201038675 -0.519296134013767 -1.40470579855989 -1.47798994604942 -0.409217593009052
0.180339584428644 1.10961416505691 -0.318641241807422 -0.323140193965221 -1.76143018187411
-1.47994477290739 -0.211804886261538 -1.94412216273268 -1.15973587903057 -1.43728906626268
-0.574456944176009 0.267948773094089 1.03884778657645 1.40299104260763 -0.777284820555428
0.308484144675744 1.66756849200625 0.564108879668426 1.52353612738771 -0.0142914078316333
0.241440088385786 0.253069296079465 -0.71348260111959 0.860215680163736 -0.914491394778226
-0.601471938253256 1.28599876735323 0.953169884757897 -0.794380410310561 -0.441615800879603
-0.921871452558221 -2.29864465444983 -1.03253416683596 -0.571660629389503 -0.979250081395351
-2.32659712420438 -1.19855857131714 -1.19473840901988 -0.555127255059083 -1.21404776552162
-0.686948606970865 -0.162422177871487 -0.391136496796163 -0.575108399536533 -0.146170536120592
0.0228456560725426 0.375076255484619 -0.830186484012547 0.736391633188841 -0.78569203872522
-0.366613036028975 -0.0554775990383251 -0.246719258073673 -1.08085364698431 -1.98200355636649
0.464853565431276 1.02201614068861 -1.0124118761336 0.0305679170821439 -1.37746872988761
1.5889698641453 2.04241851491663 1.34322086271152 1.92725929488717 1.20224637309979
0.65019066238703 -0.495899930367168 -0.86878015215024 0.839307944514592 -1.80870266229534
-0.216001321632458 0.0549089047545792 0.395802224174383 0.797856613733811 0.559806280981928
0.100914911813225 0.536841079683749 0.222686097114847 -0.96969660331331 -0.573675254589826
0.675645594624819 1.42976626219948 1.28879441130954 1.25973464114319 -0.696510669032382
-0.648988312144731 -0.341659397508203 -0.0155604442869688 -0.942443204150602 -0.715935201519242
1.49312808401219 0.349299753044434 0.529663496924215 -0.169310417634234 -1.29958127340385
0.524705234747159 0.0116252415161262 1.07754906111276 1.03325027881281 -0.396887289526285
-0.868924948278172 -0.0565685627017476 -1.10745284039626 -1.74170653588946 -1.45292849522559
-0.994759999152265 0.314964401329154 -1.87237037905892 -0.826241447535865 -0.885969169791129
-1.37862583139514 -0.424850600259218 -0.48116960320655 -0.113762073463385 1.44092345499415
0.70468860534768 -1.1660406482544 -0.275658625441658 0.456490996570766 -0.700632611065431
0.337598758632116 -0.628567094039262 -0.954375469615903 -1.2417702697724 -0.799960882526241
1.09027826310935 1.27180269246129 0.0634357154370227 0.317765251975406 -0.781103085409397
-0.970153202413927 0.392762532145851 -1.81075271024771 -0.199551720331605 -1.35721916207734
-1.39174417225269 -0.390475757237889 0.250949648588109 0.0387532482013437 1.09665273412551
-1.2652201383078 -0.41668206927393 0.51654648254394 1.62403701159356 -0.572216043134053
-0.58557596326943 -0.0816392458294329 1.67050535945502 -0.615214209730377 -0.534306503886377
0.723726874641134 1.68444098528418 0.933503617678142 0.180827151552865 1.55912332319628
-0.49849299264189 -0.493897705594026 -0.351749954431389 -1.03817428453519 -1.44920034880381
-0.633460758773351 -1.43202759044986 -1.6252007546383 -0.645246026120863 -0.567238690298186
0.681528852609818 0.245372544995155 0.425525339689786 0.717066338445146 1.04179082138229
-0.846573982848198 0.0590754691913155 0.326332916218652 -0.513257660226743 -0.582782697418302
1.51482245194054 0.0578879448368325 0.965575257039239 0.161565314845179 1.67341713275307
-1.05787987927542 -0.622363542381577 0.870108121744491 0.693805594945598 -0.591719586255153
1.24341824842881 0.316701015530838 0.383886069014701 1.77369965661327 0.686026658102026
0.102531327570239 -0.16946996248485 0.764335399623825 0.591390638687516 -0.234034711687598
1.39202888783308 -0.656263169688763 -1.47081453729673 -0.117993269746246 0.175491316635684
-0.436966818936251 -0.134932867414662 0.234425151592016 -0.264997900931216 0.795712768748368
-0.117906527137019 -1.30885550738668 -1.35115861660081 -1.41160853806879 -0.685531720443798
-1.99409151327749 -0.839551578346797 0.402056762214714 -1.15069861662911 -1.66835474026351
-1.05047589032342 -0.406082938872888 -0.123193133872743 -1.19640817259109 -0.69131101096947
0.248634442026897 -0.484308834081986 0.449491774868495 0.599824785547039 -0.446883701663637
-0.288175371181555 -0.712451347917893 0.79796067330837 1.45719684737305 -0.155926790515249
-0.805036969875946 0.151249432780852 0.0916191170642298 -0.875465718672283 -0.701021295111315
-0.236008712269727 0.209714685233094 -0.552315133238118 -0.425268363624403 -0.499047465885524
0.883666694814224 -0.641237338353019 0.83747096262749 0.421548869971969 -0.6172067688459
-0.0134919660301793 -0.897680790553473 -1.17167461522093 -0.171173741152849 -0.0114421017333507
-0.0456802224346438 0.80160534325003 -1.05863421447647 0.998490048412564 -0.622841076588496
0.703335681205176 -0.209408819811277 0.0884074861184526 0.0789298910309639 0.0903702107987693
-0.912139842080119 0.372035944149209 0.510450954260072 -0.251503563255237 0.611442914034785
0.360148855482256 -0.376389219267793 0.821168490512572 -0.392957686698442 0.59211844658913
0.33966515657583 1.56175419761371 2.10375562819913 1.62096651317667 2.35342789612407
-0.473550158780031 0.632015106975502 0.392073730319982 -0.00214066161933205 -0.329219597304983
0.340889796475903 -0.600259286723522 -0.196304918312245 0.393210138763385 -0.945907152274528
0.848773925136161 0.0666716566167095 0.620714977408486 1.10129310901132 0.643792632464723
1.2941563109839 1.73823568590465 1.85578604057472 1.59715408256794 3.09947961124185
1.08355476439603 1.71844897717504 1.86924355555927 0.734658862652865 1.64482818596017
0.98877300668256 0.151992445619282 2.1219540179962 0.88722492818878 1.56635848649365
-0.181244268274845 1.36944152937186 0.0695258604031987 0.655427285970573 -0.710099507390695
0.528150104826175 -0.222345319101593 1.43942391461534 -0.110752501016824 -0.104126963143997
0.325666894300829 0.829554900047947 -0.106924899012488 -0.17201693034421 0.510971813534754
1.26528166421218 0.0375657191196361 -0.820764686230433 -0.578448852713181 -0.502569829272643
-0.204963323469872 0.328861217014785 1.34344029153278 1.39680028127622 0.444838742495342
-0.122238392415783 -1.60763417812738 -1.7605088543794 -0.132259915169858 -1.22296329633667
0.503269591160473 -0.172783596338416 1.09364875308208 -0.476091803070055 0.391745327710528
1.32152742871933 -0.86129816876543 0.231239855233064 -0.0188445096991397 1.00690534650182
-0.259465133439109 -0.460435901362946 -0.0980004821258625 0.531575638674417 -1.2445367667068
-0.081054681958508 0.605317239643275 -0.451575852470276 0.869938176056222 -0.878072751242549
0.616854760553445 -1.70373648236701 1.55364436190207 -0.16851606606428 -0.859652582536627
0.502733599649478 -1.03102165204716 0.708324784727013 -0.419898253606529 1.2259110590441
1.36981493597317 0.609621089696867 -0.254738657885509 -0.22615630673707 0.401930445846933
0.853033596331429 0.109218795291228 -0.117036262567883 0.584867439520162 -0.0730275672890417
-0.403381151075794 -0.665367374624772 1.04221108984232 -1.27503457630845 -1.42954088528797
-0.845512871179571 0.795182685188785 -0.412546028643352 1.05832619780427 -0.325518801248531
0.00843108123332445 1.32164244165899 0.819765426648702 1.43452613635866 2.25710055866278
