0.929602115031522 1.34486228532623 -0.953495239692506 -0.0727744471582747 0.69957198408706
-0.726441637030047 -0.260882022291445 -0.920623865411302 -0.473958993401801 0.783812202955301
-0.611939890339333 -0.973243592098639 -0.146240779431182 0.259283012258189 -0.655605275183832
-1.28128127740295 -0.451289681121024 -1.34923606303432 -0.0564688736195498 -0.569519899641271
0.633920355574908 -0.10048434685489 -0.98546617901419 0.640160776380135 0.330057094759434
0.372791038079974 -0.563544986618378 -1.982464085254 -0.0514955689487557 -0.955348439223641
2.40688203247817 1.43734350548083 1.25706321652657 1.13256570390535 1.94862703633657
-0.967883267818711 0.659504037097024 0.591271437819611 -1.13268353362531 -0.698601199630153
2.7559546275949 1.12635305722439 1.72839167474074 2.67257802740829 2.60346983246225
-0.610803175780877 -0.257339744792865 1.31198022824625 -0.321414101429121 0.350002347207834
-1.09711146090299 -0.602203402153499 -0.365591322114232 -0.57974761925586 -1.15363500683335
-0.307651324430596 -0.127239414750399 -1.42822910961218 -1.51955302896876 -0.809712902870423
1.98200070390939 2.04925821200277 0.631053766901256 1.09181086830334 0.505922770484124
-1.56666349453502 -0.325654509219222 -1.30478169755014 -1.48806987575486 0.0195695008739321
-2.35503492865294 -0.050792854044438 0.486800730542355 0.0615084153991754 0.541671864181025
1.82583611996715 0.450804897473939 2.38630982995257 -0.720005686717069 0.564169930222614
-2.1282812417701 -2.52978906870295 -1.40855214828972 -1.74242059714794 -2.11079953345554
-1.25410291483496 1.27300941859688 -1.15178192640974 0.593242920828034 0.170216908740336
0.0122162780319655 0.63959136987823 0.880763590981826 -0.241597329876215 0.719596077245239
-1.21558891887018 -1.5864615212362 -1.61729916223967 -0.70158022471602 -0.272869540460625
0.376236645359105 0.485171071452037 0.332757134174013 0.889958093945393 1.61482586856115
3.36270395978699 1.61620004022395 1.85765654580591 2.71419963430379 1.59986986226562
1.21938597506719 0.776384010234354 0.104576356943369 -0.185890943009331 -0.181609886243561
-0.207551023040146 0.915970530156609 -1.30571345980849 -0.802902388770567 0.392925482407154
-0.367533150061462 -2.48520123437935 -1.02389299079628 -1.61804331635854 -0.848258694792505
0.270873392884634 1.27115170219011 0.678414019622027 0.278331550864535 -0.584481843952993
-0.585773705265192 -0.144398589507156 -0.896661223641656 0.27669415349961 0.766869456170668
-0.337895944602814 0.79118298480403 0.986700257334675 0.745403043174768 1.07164253172354
-0.358746898979591 0.510024462179302 0.319842535127255 0.748632266605638 -0.241647115997438
1.26323937281746 -0.125150884691543 1.34087836272701 0.406764094415163 -0.560885944232526
0.254303601599552 -0.368755670246491 1.19557782947772 0.255826595607833 0.946509544484095
0.856225452167074 0.276553282347537 -0.939090980620074 -1.5204418506599 -0.00690687719381511
0.0493346539511001 -1.34223765089964 0.26489576166644 -0.420226430796587 -0.367465518984708
-0.110085588257695 1.58980785887449 0.758006274329284 0.266779579427631 0.389644795149652
0.39095450550046 -1.02925155967332 -1.78398252130081 -1.65393501007632 -2.20491875898625
-0.382952848223273 0.409420492618172 0.0532091894308599 -1.17119151919664 -0.840113549501048
0.719830127016804 0.650340481914334 -0.143264319617045 -1.70211430683766 -0.0435941113606872
0.250284096429918 1.18803695447413 0.770444368304191 -0.69300799846805 0.706990822184757
1.34154149392755 0.23497338590969 -0.530680037948397 1.13591821968594 0.266113987251155
-0.58436104667097 1.08149944318973 0.872880090672809 1.33833971077437 0.904425022942817
-0.872520850831656 -0.0871966385579413 -0.116898518038013 0.332170038634698 -0.29721293847982
-0.311900939923533 0.145060980136466 -1.34690630447847 0.811387800303496 -0.567631055064228
0.0159516208594381 -0.936781857169032 1.38345383408338 0.145129453029664 0.175261593689887
-1.04544675597081 1.21874508935983 0.00406915660279841 -0.210420541612236 1.43276497506685
0.0816596744220585 -0.032349808162762 1.28242762242047 0.779958956976741 0.558507306119961
1.22613804404813 2.506264332986 -0.45131657998307 1.39969790627259 1.78966498868405
-0.388176300496705 0.555207903597915 -0.679518874563038 1.20512821060046 -0.243435592192042
-0.327563887746461 -1.11289625177627 0.785391730890473 -0.21830738706715 0.837576741296408
1.78328489343937 -0.554861261622791 0.377267680615823 -0.52704891241852 0.712322488201236
-0.599211074941586 -0.431002897894558 1.49489546437672 0.698142606130293 -0.80033254235723
2.1057882673713 -0.472539081006363 0.818534344505911 0.00848191341911993 0.369065303723094
0.255206066595746 1.1558473371092 -0.104542319772379 -0.495395124216407 -1.24044471965562
1.27102678287679 -0.735686885969067 -1.40722534650846 0.484154262023831 0.17594493318859
-1.65997795571752 0.600417805148299 -0.325081880356117 0.302881462606903 0.331783714336707
-0.190906885386005 -1.38259810589621 -1.2930898250326 0.560190859274259 0.9880703266449
-1.44763802470688 -0.0247207235280527 -2.11423364582055 -2.35520032784156 -0.504658584155733
1.27008689908367 -0.117585399999037 0.929691272455451 1.41299400225068 0.790818745602893
0.206685329878051 0.105921829527187 -0.208297636817388 0.645910709447879 0.822049004573217
-0.536164368812281 0.343168276194895 0.440538732867294 1.04414107803838 1.25700741023859
0.449381777475589 0.152576988330747 -0.0412725930701491 2.29070501419873 -0.450801681702667
-0.616458020122106 -1.43583903100817 0.77841759130893 -0.641588687633794 -0.131690877191516
-0.636872723028947 -0.999831138246067 -0.963378195494703 -0.235583099311651 -0.619768848631148
-0.516785936966912 0.622902791665513 -0.538032501757186 -0.412118368059114 0.317173679366573
-0.782416274138193 -0.603769418896889 -1.69338967274751 0.168413399086705 0.0637341624034461
-0.941906516550578 -0.770296399082446 -2.4475586928664 -0.758982028358724 -0.930794298562616
-1.7778591607053 -1.75171964338797 -0.43447377679412 0.829891007960676 -1.23231042696315
-1.30994011137866 -0.150457855158392 -0.272210730493275 -0.265403264109417 -0.725108673072983
-1.2016824669596 -1.37677524455245 -2.1907810223798 -2.08742656128907 -0.420092092022045
-0.344362992197888 0.38038682292086 1.28335801268665 -0.0160233628412416 0.318606675788356
1.09580500547363 0.417780840540699 2.18640177538424 0.394752734915571 0.939096358708217
-1.1871090596833 -1.6568836505327 -1.35009966232755 -1.54659767602277 -2.44571052539812
1.46005288882193 2.34609666576997 0.425368102025726 0.125513815862365 0.274039753756222
-0.00414403381969394 0.408562670263378 -0.977175192056393 0.59711500922812 0.500358214113211
0.67850970100865 0.887380726047063 0.692002044100022 1.21124322016555 -0.173188283459615
0.43125458697992 0.422538554132073 0.564933136188887 0.13395569763815 0.249368168819849
0.746226486258826 1.88222463464927 1.36512123790738 2.43966793756379 2.19231306488045
-0.773976772859561 -1.69788108480159 0.396546992733675 -0.135285437382442 0.384023288086787
0.673343718658064 0.440939864679239 1.32654794648536 0.166600142689445 0.999500426927596
-0.225665283730193 0.599372387641359 1.00739194595633 1.3040182123107 -0.612007273707738
0.536557184214647 0.0633254081077322 1.16007896331988 -0.0489038005572824 1.50635667435443
-0.416693616347319 -0.978892608575699 -0.974025249624082 -1.18522939920625 -0.785619532568727
-0.0117207145693573 -1.54237645472929 -0.596180580284533 -0.465328882204208 0.203521171543332
-1.67225015498328 -2.00450770683824 -1.19470123844449 -0.643335414902184 0.424512298847756
-0.161693096999988 -0.602839738730731 -0.932770633645138 -0.674966977279167 0.733842352330747
1.61091518972261 1.40116355661394 1.55056837286773 1.55992618978481 -0.286151504646831
-1.74690459895363 -0.698583441770176 -0.715659440756375 -2.33541502496946 -0.407670673122983
-1.16925132340805 1.06331653580831 -0.0685483610532638 1.95750335563144 1.67216311145094
-1.14312745529853 -1.44523509199573 -1.93225011217223 -0.0955694419815123 0.178130072960839
0.646991129343286 -0.792846568950636 0.374551038064672 0.169902788946051 -0.265329967636914
0.0510747643533962 -1.9274007685914 0.472209860166698 0.0670664830355499 -0.798675660186915
0.0952937594908815 0.456048887311671 -1.57608657948003 -0.585416340893709 0.403851972730212
-0.189486815459631 -0.249938291928962 0.982649680049156 -0.94786761234515 -0.629898361082639
1.06084197598878 0.40494876033614 0.418928176513582 0.364885985419501 0.422959075955885
0.0075057676474753 -0.367664902659857 -0.0132826961417336 0.118143290700152 0.158369700256121
0.469653253125391 -1.34898398731767 0.128733435408376 1.0301258580681 0.215487234733374
-0.110951332753689 0.386724940830261 0.148857204474234 1.74202949149977 -1.3276535084616
-0.283290779425063 0.970461942163963 -0.676727310291894 -0.44129860629524 0.154041996741447
0.195153173154743 -1.14648634760376 -0.450297522763694 -0.570129686946807 -1.25404477263732
-0.382443895337759 0.037088180233719 0.236724971020756 -0.408381302306767 0.592931866948087
0.486049784943831 -0.889756398598186 -0.797358270103882 -1.085736921079 -0.99105832369114
-0.0129726200716458 0.36523008172663 -1.21298488536982 -0.0712179768430523 -0.332305268252633
0.267503135255002 0.450979091672878 0.961429821648545 1.21069164743084 0.391497682922959
-1.2026928681934 -0.450898107391742 0.099049478690062 0.796442108580783 -0.907512341557389
-0.0960859064972072 2.15900422274943 1.24316784074223 0.96863190494768 1.99722919466884
0.118536141597691 -0.195336953290181 -1.23395651980528 0.290285328411757 0.0892641852091743
0.951845381327866 -0.797541817961954 -0.150056491007773 -0.0148094545744417 -1.53196091462171
1.26823302666845 0.306633489628263 -0.0449391907776716 -0.204995452705335 1.31077947888471
-2.23596866325223 -0.494867772479328 -0.219003286673537 -0.539815488628109 0.637615213657868
0.244190285246276 -0.865449885083422 1.02901791184537 -0.42833377306609 -0.600794056297953
-1.39311094307917 0.143584276535457 -0.218019785275099 0.73922813862822 -0.666127348489195
0.251565524924397 0.257771160863315 0.754689860286539 -0.0323411407110316 1.26514304740945
0.890644439255564 1.70714447863669 0.850946765125187 0.298747262292726 -0.192274386789872
-0.953177434609394 -0.619857362326276 -0.428725351199513 -1.25179227728638 -1.70774915727504
0.173401741739773 0.645851870367672 1.03260886830771 0.46279244723604 -0.774392609068527
-0.511483198853509 -0.749248970815328 -1.07335822724144 -0.686904303800652 -2.3114986672874
-0.357608239054964 -1.45249828513211 -1.87530755532581 -0.749816389683071 -0.82449810482523
0.754144334254638 0.736370056803164 0.257967117035299 1.73126550752667 1.16563628377845
0.706080616887628 0.462328927868408 2.36410212252 -0.0398811995192412 1.7382179218454
-0.789797598019838 -1.55378718165882 -0.60577248984937 -1.12381192388941 -0.122812351194321
-0.028905149441804 -0.0572270911159845 -0.042354364512579 -1.04270463941567 -0.221216159334849
0.654605186704753 0.0918489928382374 0.864435799189296 0.954423362507003 0.474760189318402
-0.155413964225986 -0.473373711033731 -0.442072989472426 -0.602346457948965 0.407059903038735
-0.0550899726062825 0.241659699204489 -0.0356537803649979 -1.15026160725536 0.00654036019708648
-0.265726659012292 0.0694264972243092 -0.250482427240119 0.387861878327937 0.663004895566227
1.13428360859426 2.48288727559666 0.652922124245245 0.350739213414621 3.10063565929011
-0.317855863646547 0.240510059618876 0.111795535455349 -1.38044241960921 -0.669899859868084
-1.15915056710696 0.617661469392073 0.248947861972151 1.07761413548791 2.72361814169006
-0.525457642770151 -0.921318174803424 0.130087058736876 -0.0864713049796897 -0.760864545292928
-0.801880546682555 -0.506573222368233 1.57857314928744 -0.924001914328182 -0.211054367267325
0.14606558187378 1.48715572615086 -0.303669186405381 0.682583937692955 1.18862612209557
0.33153545383036 -1.07090367619909 -0.492847806868511 -0.280961594874576 -0.266417861310146
1.05412210698591 0.445139686263379 0.785879212159924 -0.610365469214918 1.65119409023855
-0.067633684588372 -0.413061259817758 0.699060448618856 -1.04242897703491 -0.178785405283539
-0.0811372106901976 0.656826974161527 0.584039866981794 -0.152900329806582 -0.236436369790962
-0.362500513315622 -0.0891057164757494 0.0110963110955605 -0.215976822278784 -0.916395043882448
-0.418317509992816 -1.6148614892334 -1.10506130445359 -0.0984430774490065 -0.891808214927687
0.759190925436372 0.640152606887651 0.560432369956144 1.00782118077108 0.447771555654784
0.339941644117472 1.20202084288703 1.64863329309186 -0.134536259985327 0.10693060942565
0.0787947053848341 0.954102990785635 0.530843326379042 -0.212911522245118 0.567688838240521
-0.781711941588341 1.34240082224013 -0.0310416067880226 0.0129493081896595 -1.26066352023822
0.49180240133691 -0.381782239381638 -0.0391606502899578 -0.737208015702323 -0.679199518587333
2.76568016154036 -0.105027775426909 0.33611475748861 0.292408131897306 -0.674764860268904
0.538278907937646 -1.76760592468862 1.16699350037996 -0.51303156593678 -0.170436172396771
-0.857087380464386 -2.0046264068075 -1.90666275032159 -1.01377019615166 -1.42447962555321
-1.13805825876597 -1.14564566302803 1.19358682843664 -0.440408941987248 -0.78097808825059
-0.13371135271147 1.94730961591034 -0.5372420821852 -0.727730322818704 0.163133933627552
0.816848894786848 -1.23599646317783 0.27216334555294 1.47452704836964 0.97821517604514
-0.578879510167102 -0.77930301296102 -0.44031083571033 0.179785434813622 0.206356967603782
-1.65442658280594 -2.20265309691108 -0.450705685120488 -0.499862758982616 -0.719339107936085
-0.902353831046377 -1.48168660526515 -1.16871563849424 -0.499946047089755 -2.26481557284807
0.177381062848011 1.14585563046307 -0.0444885399836892 -0.149555995616668 1.01308843512372
-1.31615489922949 -0.628412582820371 -0.78538060226405 0.159727972100177 0.617579926586522
1.26733225390678 1.05402463853353 0.102098621962155 1.36145897752923 0.602110411809308
-1.4298727123425 -0.527094404118638 -1.32461080442618 -0.379839590001278 -1.81524937545274
-0.41240425320714 -0.0188263506343725 -0.663519546240982 -1.31428509312389 0.70626901642293
0.600512026006341 0.430966910800633 -1.80343660093059 1.06639605270796 0.691560375739775
1.77994540896657 0.935858109142937 0.476475863838407 0.520052638912809 1.22035094298322
0.0766494841721731 -0.596299986819976 -0.623146655724835 0.224348901344988 0.24015175850463
0.523888044791687 0.86193978748062 1.22963271551053 0.797185967813977 -0.868194235439155
1.66371470518289 0.82907738866404 0.435011496345725 1.73978203542546 1.35321467909875
0.893414565983967 -0.0390610707525755 0.993998437707621 -0.0974659848221429 -0.897496303937568
-0.737351743690207 -1.21889018001561 0.52726885663684 0.00300826695493858 -0.65934008083766
0.377724625210171 0.500747750647472 1.22953350026219 0.325058643536591 0.0483514708896164
-0.467968788812352 -0.0840876730742224 -0.884820245033806 1.24005657948284 -0.144697637100927
0.0916412690347599 0.44469695167041 0.717867858603622 0.461421847746572 0.0449764046929735
1.01572238307403 2.40256115830978 2.63808175907761 0.687327652042319 1.99204537513975
0.665266550951415 -0.00628248910654779 0.22861612077688 -1.2700889497793 -0.26133763811584
1.26123226132085 1.11661336184291 1.58177709808169 1.61139085362559 1.22425096503366
1.31785754034585 1.83397272300643 -0.36249132855861 1.71593318296053 0.0501256189000483
1.24481581905598 1.01772991295716 -0.751953644753604 -0.357841240131409 1.19428172154833
-0.0743362681380685 0.997352176624805 1.92518494488671 0.635913195919328 -0.551198939367411
-0.112488209903619 -1.2449092401931 -1.29564455123542 -1.18090123581307 -1.44375000136894
0.842091544488936 0.674975495306645 -0.514789045165473 0.524289378767311 0.403116496598052
0.268184975106203 -0.0994777666881698 -0.0287121323530332 -0.0472240337778298 0.570176916599307
-1.34320870706738 -1.48621020039281 -0.330533440304831 -1.19212553428253 -1.36451690447294
1.31284179067634 0.443772396465151 0.858178378862613 0.168722136127439 0.910291166539904
-1.13533264053904 -0.845571082529744 -0.582750296896727 0.193313626262032 -0.472372649722802
-0.0652890150902759 0.635599163592933 -0.711775795495947 -0.0173882084532501 0.636516450029957
-0.757533631368769 -0.703386203424441 -0.980012794052585 -1.46933248908537 -0.616430661828506
-0.667634530515935 0.13331090673705 -0.604039588919378 0.451488731554858 0.860016067707642
1.65976000919734 2.71922018245168 3.58780874169823 0.568803793698885 0.527470256661149
0.834017423124655 -2.27709167218316 -0.660226583236415 0.241427727751581 -1.07521150572989
-0.740778758030652 -1.09106235711149 -1.76595228192224 -0.475824722090965 -1.35441741710026
1.14080238363093 0.0677053731162598 0.411615044073177 0.124494150373563 -0.142894786875661
-1.09963273370579 -0.384607198716237 0.592830156668202 0.749598606353999 -1.53264037683045
-0.495667839532612 -1.51700016478467 -0.709199251713468 -0.161087036343173 -1.50319845349156
2.29283239039352 0.643224403132799 0.503426202052046 1.65261374208356 0.535774276342632
-0.477405976116064 -0.181922583737618 -0.786267903183642 0.266104019134528 0.104248552262216
0.0391006582904745 1.41756769339534 2.21787379511082 -0.0888278352529523 -0.0302413835266451
0.09933730959172 0.0037113004184119 0.905075736848613 0.446366070307782 0.462880364530609
1.71855592169816 0.887122487493679 -1.16595269341586 0.64148942110212 1.39442210089983
-0.129809737923053 0.0354863803514744 -0.454470305074899 -0.705211013551154 -0.518732761046343
0.630493963080108 0.725855174785293 -0.744398850885491 -0.890625163038111 0.0707285139396462
0.549157397197147 0.744099445402087 2.30718786434392 -0.0258353514945862 -0.97117346019181
0.0452020966744777 0.209704689928395 -0.325335039961415 -0.317792507267216 0.269273690187461
-1.28562472940449 -2.29437288493645 -1.71915940310785 -0.580859857706024 -0.669871844290953
1.71385003294222 0.373673893095773 -0.135815047357521 1.8615759744939 1.08208130584468
1.88460736286771 -0.216873285859003 -0.00423342948168082 0.158438449708943 1.75242896757486
-0.631999046335729 -0.125215496327842 -0.625550558317852 0.338559566828401 0.021496360086484
-0.639916454742694 0.140863378643661 -0.551499528180571 0.163645942601058 2.29581551261041
1.60932103917915 0.630438926357735 -0.0305267021966457 1.73183119375152 0.895855935675717
-0.425404874563268 0.901872202080662 1.05297956303047 0.984516217739726 0.906372880518578
-0.0876004271045302 -0.0300354129525565 1.09837806400827 -0.623496645779381 1.37263105785941
-0.472147212472214 0.949533641666334 0.840497843736228 0.18084492096193 -1.44833352754752
-1.6760280445941 0.375855466639799 0.303452047579611 -0.343168076477991 -0.646824956964525
1.06589077474758 0.430265059540749 1.05430979086994 1.29970818383741 -0.434933103485035
-0.53327111183466 -1.79468591034031 -1.17510837915359 -2.40311728020706 -0.044812630841627
-0.266472700094759 -0.647792223879041 0.297240337189943 1.2094416663646 0.971658324697717
0.508877448300991 0.603070906262995 0.214116031721391 0.763106116215464 1.48201083281534
0.185372293470255 0.463761909103249 -0.733784327401903 -0.451992014189505 -0.0178509776788963
-0.11977342754332 0.660502927864255 -1.86682044878312 0.494181098950226 -1.49350410615846
-2.58325382055558 -0.531397129466903 -2.2461330994898 -2.2215567089841 -0.878829408623646
-0.112637029214559 0.118497679501565 0.650596012859159 0.546367351337438 0.0360497900368641
0.291028596994059 1.58253297872957 -0.916429425133792 -0.67768851680395 -1.2088485268929
-0.156874679508649 -0.345760080030956 0.897451017529514 0.44167467275793 1.02550407648835
-0.620632595434461 0.408768245875376 -0.119064692998574 -0.334248461627514 0.616377430671115
-0.0936506511944325 0.783921114042069 -1.29061814706797 -1.68711361932569 -1.02024448471096
-1.60295376482671 -0.361578240115384 -0.642381706655863 -1.14807750930116 -1.03374476825065
-1.48819446738333 0.64936683116053 -0.793994516372242 -0.113962378279359 0.43099315868503
0.419395831625037 0.0304301972117487 1.30734673342718 0.781856824126607 -0.481307048848376
2.0500183177988 -1.32254114193949 -0.0164464456973459 0.782913938593052 -0.577237415394151
-0.00136816914838672 -0.25562461948371 0.369940019786408 -0.129858405234436 -2.05500986494142
0.416187756333555 -0.899649781151728 -0.289696121376646 -1.00884306992165 -1.81826146315993
-0.420433905097974 0.791792631452499 0.491114331223123 -0.170504220285479 0.359231190016932
1.01160736822062 0.880167023526326 -0.273734812613174 -0.800327023446702 0.0756255245602183
-1.92532419695298 -1.52687742910891 -1.75619600520088 -1.05334333560599 -2.15190599914289
-0.377109030253572 -0.545248979343138 0.537572022142105 0.341291553142685 1.85460613052789
-0.0248558021232734 -0.426243476024665 0.447931015563432 -0.140526922206687 -1.53027476676663
-1.20298577534006 -0.567245955596852 0.443862950640633 0.0531813819841154 -1.02667756928269
-0.204405739313036 1.25735317967017 1.66580600379165 1.26079722282828 0.273540731027836
0.587812122072753 -0.25683187463001 0.864710982517608 -0.127788571396674 -0.690664882912956
-0.991958127401394 -2.15667087374905 -0.125073626325717 -2.71939994643871 -0.703784658420722
0.861963198092247 -0.163129964699364 0.694533249671134 0.15626692443645 0.146847273627727
1.58792475557041 1.35770643291946 0.650806229655644 1.82876481983401 2.26542918699414
1.08958170693071 1.11724356929282 0.773443770715093 0.0386237225516367 2.73752889107419
-0.341679662930879 0.214193126822984 1.32680508484033 0.260141665069052 1.33809442213901
0.372234438115141 -0.303530322540557 -0.715182590208846 -0.964767807068753 0.25040300686396
1.37392030469872 -0.783781132477525 0.684908317370109 -0.486629596549798 1.11140872726963
-0.0638447942934343 -0.755888683265355 -0.667774386511694 -0.546146779220997 -2.65499223981436
-2.40780032654119 0.318445321808191 -0.772323706115371 0.17037394514473 0.878647987788946
-1.29239998508447 0.0464654585569056 -0.912727468576083 -1.1029546856645 1.00582816126658
0.129499852288161 -1.46273762884508 -1.1441868765818 -0.248129253779602 -0.546022298191423
0.712504698350644 -0.964733444197149 -1.1097739697508 -0.638022492096251 -0.317796582916968
0.299345431459738 0.294169286450003 -0.488123658244587 -1.04137287491241 -0.346119606116202
0.669603433269706 0.0670824771193032 0.754404927219451 1.24081473756557 0.420328035340431
0.175113805895652 1.6910031995347 0.620560142599802 1.53064847041509 0.493702748763489
-0.0463106301632818 -0.339469899241553 0.568206918941482 0.145728768133595 0.348726369175436
0.222955994444764 -0.0758987772106463 0.490613228061948 0.682935333090147 -0.42649502869092
-0.236835132815363 0.717567238035209 -0.246135022273735 1.07213921459902 -0.313116923171487
-0.370963533239913 1.49321668820242 0.470529245259027 -0.50776725368201 0.524906510313806
1.23094961301305 0.171030614917711 0.329813195649902 -0.978411621375816 -0.288810662455912
0.785890607137423 -0.248848683446612 1.0621398483209 2.68276079888236 1.12378325394192
-0.852175434177897 -2.13928550839685 -2.77989862402511 0.295874914324488 0.160820479716468
-1.83383679708753 -1.3489013506838 -1.25067435984615 -0.544484164451066 -1.70145136642682
-0.312057072459218 0.0235373217010962 -0.0979138452071364 -0.539692426892242 -0.620552554162298
1.25318406652028 1.89576990251844 0.699427488981627 1.79573831406501 0.950203343101356
-0.312268678804544 -0.742140378965046 0.561406998528919 -0.704418887429621 0.0985773095901031
1.81592120085256 -0.0366295312072115 -0.278655380307907 0.149670517344245 0.757218072830185
-1.64127073066078 0.24089280102223 0.463864967067473 -0.914230477006616 0.18761854141167
0.301622741312367 0.0138642268529051 -0.585223510520015 0.442444335019835 -1.45791489298823
-0.806951760666797 -1.21406288025315 -0.491380393427034 0.499580039181852 -0.640908549379702
0.24127682146555 0.644138885453749 -0.257377931139637 0.25298644491224 -1.40337626569814
1.33824248384024 0.443292156823746 0.0146440956311114 -0.200647806657908 0.84322789904659
0.104269557559793 -0.00540196519684834 0.33398806466403 0.055690372891553 -0.484787489605036
-2.50135949042411 -2.92304958689323 -0.0238223915026934 -1.26284595428196 -1.73434743370877
1.141675954886 0.838164294388101 0.939388986021939 1.85843340366107 0.175805324388114
-0.385408569699211 1.14597384813103 0.540853360031972 0.79618993361876 0.459202666617202
-0.629487513943645 0.335401762222163 -0.0166329293562215 -0.508745191872492 -0.0736471623232016
0.404375069917806 0.0464584386617259 -0.168087961192662 1.363738217514 1.21795744179593
1.56408441705974 -0.769834594757698 0.475468394402528 1.85327462626534 -0.00504514083766142
-0.78737434958032 0.0347046442576141 -0.572815903743683 -0.325534292920564 -0.318792539899779
-1.06213357494176 0.171354974782307 0.960585086344591 0.570356384687688 0.548152443191946
-0.0893400160233114 0.375139161352442 -1.24529502072906 -0.598914874081943 -0.150227795762892
0.689908961872068 0.680724670159546 -0.0345622920806359 -0.0653664756725277 0.406244412465372
-0.894121592879547 0.073834938212805 -0.125560744367076 -0.91468599730464 -0.634855877204833
1.60423384704833 2.01419655814611 1.57559977941439 0.638654967217444 2.71221970710894
0.508928674916525 0.218462472972973 -0.0794793453475775 -0.317037658522108 0.438189095484203
1.28262190847938 -1.07197851150631 -0.299157947490813 -1.22900539144031 -0.32925026466326
-0.435602642587919 -0.337990144657758 0.36260769793695 -2.29643518806869 0.471971467448846
0.287753219827287 0.629513520759813 -0.0302053165767524 1.65341717579497 -0.194203674450903
0.474040284957693 0.529954972860867 0.691120415822 -0.433604053762927 -0.242320313759805
-0.310024890891123 0.119984554743383 -0.38302237584983 -0.838585620757796 -0.787202991182111
0.0518822856684137 0.427414367786556 0.227356030108537 -0.702544619104651 -0.725269514131881
1.35468705152159 -0.00226699532204272 0.195106995143129 -0.489027469859273 -1.15219023478796
-0.598561922094101 -0.367426049257724 0.287248529702222 0.620933218363381 0.456459239731301
-0.484179478502337 -0.848852550723846 -1.45270465262373 0.366287072031096 -2.76101987784216
-0.655829939298501 0.616709763875498 1.20025398782133 1.36617573816262 0.146623082406882
0.107021480634197 -0.248814182157696 -0.919880457820149 -1.41458650002155 -1.4204094201683
-0.4950569379964 0.279260972351464 -0.665924064380475 -1.76578361524841 0.087960127957686
0.943542149840455 0.0639018269787248 -0.100766877250448 -0.985413117398067 1.04719821873742
0.506937401260838 -0.525107047919222 1.89863768037138 1.16574752472403 1.16832106722944
-0.0335281304646063 0.148644037723778 1.07794895477029 -1.07951113085314 0.0160198283777051
-1.06238059261837 -0.000752858971936159 -0.709443454326286 -1.46792161677059 -0.635020439736877
1.48187176671674 1.05603679415936 0.0844558826615101 -0.741283471522682 -0.949639293332703
1.17513065349265 -0.0500056803114984 1.02480281848001 0.220849386739296 -0.558425676572648
0.642540403446114 1.69625099079612 0.0793876883939646 0.872281608336745 -1.05558328729641
-2.30948050179909 -1.00410226746086 0.0908573177029488 -0.875934663843537 -1.34739741207168
-2.09076023527982 -1.10902091111061 0.620311757006697 0.643165542791412 -2.28111022731436
-0.401918529915425 -1.1922199143359 -0.582459259803395 -1.22704059875659 -0.438047720063516
-0.627929098341427 -2.11286701718667 -1.05796988309329 -0.746581738056189 -0.498173772744784
0.427893680491521 0.972756866891302 -0.924089875992787 -0.317847298474367 -0.801965515343882
-1.05761748746815 -0.856456338369737 -0.464059792418289 0.0455751489861625 -0.36250323974183
-0.138392526525826 1.01375027562932 -0.848681938443616 0.455749884311378 -0.0235565656354873
-0.070154518430182 -0.423238123783097 0.275297752645739 -1.11332850380538 -0.035768246968018
0.108249473885889 -0.319457876517541 -0.893598353662603 -2.27747320076214 0.264707328772027
-0.750389671807628 -0.0700112843263268 0.779759380980505 0.252328028121195 0.943504724127857
0.911542268577209 -0.784995272106813 -0.699270173749691 -0.562298277057137 0.402512093266792
0.992603182028733 -1.06212858968173 -0.33965410990081 0.568787094701279 -0.463705831884988
0.291070862620869 -0.809473479583181 0.168952472747709 -0.136284545515523 -0.000535004310388346
-0.184501532200701 -0.403963470705146 0.171503931971599 -0.606765791468091 0.857266758177667
-1.28035410155382 -0.567580037697532 -0.186096748196829 -1.26528978540567 0.767121814117024
-0.939052596155957 0.168664637341304 0.397563592142213 -0.860528626238002 -0.382270079215367
1.16532884287978 0.117310817777424 1.55954519801914 0.420283474523359 1.33874211056923
1.43058084425117 0.441573585443533 0.789249404853025 0.0280595336830063 -0.290058768969666
0.128943513030145 2.16847942093628 -0.219629124986837 0.340011399358129 -1.11581400797023
-1.05993057376983 -1.78518135765783 -1.09672587641963 -0.253155559497861 -0.530953469459011
0.299861884974431 1.92283731718504 -0.202340940007627 1.19245491516236 0.446791658679633
1.20296793074351 -0.984036391188867 0.274023516466397 -1.55210755314391 -0.872678272716641
-0.641100158892721 -0.399140599122678 -0.774119191550861 -2.38445126479972 -0.272672631875011
-2.07157280532946 -1.39268982303536 -1.13768244972911 -0.828869312574774 -0.684801233559718
-0.567858435975154 0.187012674871746 0.111390460824689 1.31066607206961 0.507695504148855
1.67129422334292 -0.166710084603021 0.521971612188815 -0.814969343289768 1.10770259226737
-1.16899430043201 -0.364075316445189 -0.204232498490672 -0.716046506717531 -1.29943273698187
0.371073320326767 -1.32493970113026 -3.1106423938084 -0.56877872454154 -0.211265866360176
-0.0143430542001077 0.28629118608179 -0.745349364448601 1.70640312783139 -0.323318654076374
-0.557096853649788 0.594237888788289 0.819263404202663 -0.432293508269415 -1.21836653502802
0.359276083122786 -0.725560507263448 0.230962992304461 -0.361921982031713 -0.285593809106077
-2.94952923973826 -1.47324359522248 -1.40108603175769 -1.10256526155928 -1.23377405371895
1.09463301919681 -0.888345718344403 0.758459909280565 0.0901777654433838 0.191348535372647
-0.269949766974042 -0.948210711335631 1.12503135686557 -0.192739837456944 0.254765776911687
0.428473667047193 -0.918245043911073 0.391440017273039 -0.244457396793398 0.513146111224774
-0.185185824617168 1.30109422905168 0.597214435815932 1.22450962508792 1.88925969665653
0.201369125102399 0.130912920619615 1.09343072142085 0.787576247735273 1.72128459886775
-1.39165934279003 -0.0769498962026961 0.757562569914911 -0.18318902245961 -0.356160075040766
-0.950586149514463 0.0534586583500257 -0.822023262780133 -0.153022524759819 -1.19488888509472
1.0316721395059 -0.343446872299863 -0.370747516626683 -0.899777440186679 0.287464727606042
0.149134265064289 2.11038468087122 0.131144683801871 0.8568228532748 0.242000256231852
-2.44100405440296 -0.893512939160482 -1.66160134958168 -0.267647088049085 -0.61785667318095
-1.01910960976519 -0.178404499320525 1.04211049988425 0.901585493393212 2.15980398012079
-2.02125984853642 0.242392763590211 -0.0984724595330454 0.201139722977143 -0.0867590084662516
0.925344089757088 2.00271281919859 2.26712278487064 1.46227023299319 1.66534746795665
1.15299764205306 -0.45399312917024 0.969647385753927 0.94926396822125 1.40573015763223
-0.253363291893084 -0.00799688622697445 0.590957905779812 -0.747857631186229 -0.797042273411302
0.136465634739881 -0.214272653274134 0.314658560741355 -0.884900119490933 0.711558533367124
1.75760502963765 -0.255914468779971 0.317595685460763 -0.852844746984609 1.2079410677246
1.72559747583746 1.65503125837273 2.18899586419814 2.27284763178127 1.00591725098755
-0.182628277953161 -0.950810533883408 -1.83035983412291 -0.320623494749552 0.0567097047033537
-0.156656214071974 0.467785064431232 0.28630179520716 1.2343336588529 0.80746567353403
0.000104476254029803 0.21443106085601 0.109905090563472 0.0330632758420588 1.27770575114802
0.704939981900614 -0.133118459853285 -0.149005710509307 1.36855017489942 -1.17350026356974
1.40259071712689 1.91884202734991 0.835884302089315 1.61984931263119 -0.178507204397031
1.95076904057782 1.25379225269932 -0.217539793236585 0.568103380572984 0.699503667663062
1.27253306712341 -0.230775073047862 0.853823901816728 -1.53078318776884 0.180110995865274
1.27313785937761 0.257608454933218 1.23000998069506 0.377176490255407 -0.0271211263921977
-0.974710019643595 -1.76433957990899 -0.564289228109606 -1.13111838265671 -1.23014934856759
1.60859769411934 1.94057846496355 1.57113437512589 1.65760018355758 0.944436127932086
1.00883474488815 1.12338400986946 0.798079170480668 0.949693803634451 0.917710321242565
0.572853451234082 0.249703506108763 -1.45927165866792 -0.501164332676062 0.930053623985979
0.27865478243206 1.50654631365122 1.40890395059965 2.52505434242832 1.14881701209337
-0.740879014052495 -0.944920118053463 -0.813726579913011 -1.10402404164672 -0.92930615694595
0.523946050164984 -0.657780745068347 0.667414716322338 0.551674335868893 -0.5676999451931
-1.36162715214216 0.41619224556622 1.05580777398891 -0.0526261063821034 -0.0876083618063276
-1.36643515971123 0.281378010358643 0.713322247440122 -0.289613998135521 0.627842967382748
-1.01370742285236 -1.88608288153973 -1.21485112048173 -1.85446021291805 -0.878300596054963
-1.42011954919649 0.441464928362398 -0.0809763533928655 -1.3100716373845 -1.63221833354897
-1.43489082674254 -0.896703384818154 -0.0907975146413628 -0.217821378836511 -0.0793877119482627
0.86423378560407 -0.570658804869386 0.0956513875376003 1.04889943831183 0.338604923559568
-0.319349364958942 -1.62345817091824 -0.0882108327389572 -1.06200766760431 -0.693912512492365
-0.072031588892939 -1.06089481736797 -0.0675958930692362 -0.211115238114855 -0.318589295151915
0.794759175554517 0.102935265525561 0.795492473901185 -0.713252062332576 0.931515070762843
-1.67107452223205 -1.09660618560908 -1.18148582323008 -1.59887216003952 -1.59510424295149
1.00800184397881 -1.32512024103255 0.776870979851892 0.477502236329903 -0.473372895363239
-0.386721505815465 -1.1007298363358 -0.348025538145357 0.234961883614561 -1.1653469981494
-0.89032497948391 -1.3815172703952 -0.524316932293406 1.18128385140736 -0.560073224403144
-1.10987918926862 -1.66053110662992 -0.498381646990746 -1.02345578532053 -0.463390943825566
0.787094935161792 -1.7616436530828 -0.101305576066305 -0.604164258114099 0.550280788508869
0.604328727442161 0.848533371365733 -1.92172969219695 0.0255314798242196 -0.570829053657251
0.296414918106406 0.616011466044658 -0.236875988512965 -1.8147234262724 1.74611603836617
-0.0899120319098514 -1.5361739783483 0.349408205691579 0.473871648220272 -0.426725453015408
-0.869765362903069 1.01753704606848 0.371657848975995 -0.396372417705488 -1.11040747246506
2.20511936387454 2.1953381122557 1.61889017185668 -0.0797410885691215 0.330162953718465
0.359951235426412 -0.326517367808136 -1.3604393544914 -0.441287219512067 -0.490475693982545
0.572162243462681 0.207444551897799 0.932234125389236 1.34336254066474 -0.493983033730641
0.035296782436633 1.44785296211815 -1.87173485827103 0.160219225008733 -0.264151151300207
0.190408578770219 -1.31182122270998 -0.329381444705579 1.81828978225182 -0.194285982184887
-0.636500712320419 -1.55611859219529 0.427634899706232 -1.22091126058091 0.424884759835532
0.74779017720345 0.306925495279905 0.49480566946967 -0.0141925609987583 0.36028919757646
0.338497892607408 1.47937202652731 1.22646725550798 0.744964644617482 -0.215108875459231
1.6486026618928 0.134710742377045 0.893580155465161 -0.0643749421445092 0.266438069369943
-0.0259914673146854 -0.136522000407886 -0.562148975902055 -0.756403963187078 -1.0158341067125
-1.25518350203474 -0.986294009144311 -0.301179605380585 -0.608355403201376 -1.43024064194081
-0.344312249962455 1.33520173029626 0.946464316205243 -0.354508521618804 -0.714314197993541
0.0619150230724887 0.194915421115158 -0.666708955786148 -0.102098784717719 -0.256315637701639
0.0175317050486972 -1.88900917404058 -1.31569251173733 0.23769704769131 0.00266797950640251
-0.739200565168837 0.669071594920501 -2.1750142354965 0.123972280001487 0.870924350118413
-1.84441170444975 -0.519569188880154 -0.893832275581589 -3.14070087223387 -1.31320521646285
0.586138422204299 -0.431809120882062 0.245054966786303 0.243697784294961 0.0316627833916429
1.51652620611635 -0.344495709983664 0.39270024453275 1.75155672575632 1.02354694032432
1.39201420083268 0.0910534829244154 -1.00537430978419 0.401196567148482 0.79817372207616
-0.0694574232632088 -0.713228172835513 -1.04833198633981 -1.67589673165787 -0.257154111138259
1.96048754714565 0.0539267180265295 -0.0316491149572799 -0.403929948526967 0.414020398926407
1.47823749087635 0.0185968097400417 1.45324805801694 1.31768166804764 -0.176727300083738
-0.122677494332883 1.23917802606982 -0.28727220580948 0.159477821268892 0.815243304455127
0.180532590941401 -0.928269791765421 -0.473334499479547 -0.751987616873313 -0.449644959320843
0.12353405393974 -1.11358516378362 -0.269421084192229 -0.583576859689249 -0.113432721318354
-0.995679819948083 -0.348750150149988 -0.169700521690953 -0.928171276697022 -1.2634800402011
-0.250618826714798 -0.573287928051512 -0.255281278700424 -1.15854287717637 -1.64578681078068
0.660595963404367 1.2751100811794 -0.443290174138748 1.23000251846299 1.22855448732892
-1.02495897803354 -1.56158279539894 -1.30115622583829 -0.710255122151744 -1.71384462432304
-1.92087719410531 0.145197564989945 -0.922497692362864 -0.132353722133929 -1.60030755565294
-0.973528352704554 1.06914666914951 1.76956908600626 -0.266442948497409 1.30419932362654
1.7319250820941 0.130733470963851 0.702540795746481 0.229697216565763 0.474568566758817
1.34465149602265 -0.336172960282938 0.0835581511296889 0.431753771375528 1.54114117368687
-2.1910056259411 -1.77014174503247 -0.79381556623613 -0.999794916470824 -1.73931836328533
0.0581779789654313 -0.634960857014013 -1.12066101169894 -0.586395333925449 0.0757943374587726
-0.950499886515487 -0.428600174640858 -0.64942916911279 0.758161121325554 -0.410372824904492
1.34463561746737 3.09424629309711 2.01361203750356 0.512684191558557 1.51209912703573
0.0668740656684395 -0.994330556179788 1.14030790616003 -1.51882750250979 -0.304325712502205
-0.381959939972099 0.388149850636801 -0.4393614540836 1.49885601869149 0.992375826053294
0.525386331485089 0.649731786484576 0.623776332709534 2.29804293377456 -1.5955824397023
-0.374250799108525 -0.0345822025708835 -0.0758947229143681 0.120072336829553 -0.40104710486413
0.208248026021929 0.0717978523286944 1.38604732344523 1.03640990398448 0.732905875218902
0.890220606881453 2.03394064291752 -0.269416770919458 -0.39944892748263 0.975592069937523
-2.32188427600935 -1.54278268235259 -1.05886231357361 -1.17786009669495 -0.044106839771499
-1.17988533811005 -0.818859161983297 -2.36068367631688 -0.674226397677481 -1.63788063372518
0.625556498032253 -0.0405291950771833 0.359345091677798 -0.850600935493541 0.946808323820578
-1.27843610754824 0.0702588600765555 -1.86980726896701 0.247573174133807 0.267639346250111
1.00882982746981 0.0506013457015791 -1.47533126250869 -0.940070269131687 0.153429170930709
-1.32016677262936 -0.725854653325218 -1.39146250401942 -1.35660610076004 -1.26153051373077
-0.940232282820579 -0.904502981335418 -0.214545766902455 -0.316360674668944 0.313543207671005
1.04834720566266 -0.606185798670104 0.285861226521933 0.828318663185851 -0.0546333615553792
-0.448912244863736 -0.371198470638889 -0.0738041987293902 2.02840746712751 1.28980906791685
-1.22219795205489 0.230089989355062 0.377176459538797 -0.719193104943935 -0.0784476400909133
-0.208857784162088 -0.44645978392017 0.0566780192699471 1.39119246578287 -0.986207771369979
-0.106372266175897 0.250375378344977 -0.131397713012313 -0.584292545039212 -1.07509775492342
0.553572765531785 0.255510704327806 -0.204052034113863 0.0955986566251888 0.889792572890351
-1.15719494280979 -0.0464035807468821 -2.09461109517299 -0.651267026295651 -1.54979003905575
-0.594899777720717 1.55190635977443 -1.07315519264966 -0.21043413792864 -2.08208341748297
-1.63199092582584 -0.223464576020449 0.149117493533179 -1.17211738171939 -0.777252012539422
0.181784089186354 -0.152864479601013 -1.12350606909441 -0.450722383692419 0.428242811589995
-0.881824812382177 -1.06511882237745 -1.32912999145524 0.86235811450739 0.0745600114328451
0.0927974316499066 0.311415778630672 0.111615380792141 1.13067730648049 -0.156028996200814
0.856212788290183 1.24399594985516 2.67128500456689 2.431847725132 0.681865369010698
1.24354871720919 0.753177314651329 -1.05819883118194 -0.217992387653186 -1.15682319309223
-0.157699476527809 -0.344001726465623 0.0615797143581599 -1.00938090724983 -0.734807115036339
1.09694062105276 2.25006842408113 0.71520845010756 0.676973271043624 0.418198847155905
0.0251375928219445 -1.45567758722137 0.683551068256973 -0.458796670948516 -0.0237893539455692
0.838910701745213 1.85408637411891 0.936721908350957 0.419399143527099 0.766983187258211
0.295645341635458 -0.271109025646898 1.24256904196287 0.667243119847898 -0.107584260923828
-0.58963628050466 0.0785312450595085 -1.55998708362781 -1.93711954789658 -0.0133506634579802
-2.14109256241457 -1.36433139595863 -0.00635394367064765 -0.308409454942153 0.411636907166854
-0.634411310982809 0.696385145812203 0.707298806563196 1.37568279975478 0.534176287931942
-0.478742365303421 -1.03326200736903 -0.127695174719488 1.2187040513921 -1.64119004452426
0.422483156024057 0.574674352942948 -1.30676951005844 -0.470377080745057 0.425862340097815
-0.515517857204956 0.373377311114742 0.85293162319183 0.00350949469504297 -1.23787889284807
1.3209300412005 0.778339291493971 1.64693641542753 0.595119768768393 1.9282250127941
0.61408507562045 0.393043643773683 0.189772362756982 0.016031673487981 0.536762852464681
-0.322575304230634 -0.175479136528131 -1.30633489142282 -0.448466124968328 -1.05914047794927
0.973678676138155 0.674739417348693 0.667356322794388 0.357920323492376 1.57300512974997
-1.30028993948647 -0.791325202098085 -1.09963416636942 -0.978438730276964 -1.70311161195888
-0.120021657047353 -0.782217864642135 -0.601152874962466 -1.14492880921818 0.186208065880471
-0.0545050328908664 -1.67247981509915 -0.0697786144296537 0.16371941211786 -1.09833189229756
0.650267861346787 0.0730658541033375 -0.0995219971045344 0.717949118598383 -0.256522064382009
1.09806509309399 0.734806483268618 0.188558687650185 -0.0173608729801304 0.386410912032366
-0.231117073209827 -2.01609489328582 -0.910588426434269 -2.01352412295112 -1.54651020220043
0.974833883212138 1.87873183475864 0.83100101418539 -0.343336875864457 -0.00934487936774963
-1.03251932843541 -1.48148874836288 -1.62685666272089 -2.29989508268416 -0.657295157648572
0.0968411628871583 -0.982101933894144 -1.24989238564053 -1.23644140481918 -0.289782678638014
0.566753144434489 0.996130231811648 -0.831968877845578 -0.913353544385126 -0.0800937401227214
-0.547924666497103 -0.335903684258758 -0.0568825145609811 -0.750160724286132 -1.38357019790914
-1.36138149864178 -1.14653287041256 -0.0668125649014311 -0.770433172734612 -0.553465182381123
0.506537532724096 1.53935456658226 0.112702775866278 0.774668080825679 -0.436218884511002
-1.28410582859316 -0.337530596263615 0.114832807076253 -0.909373364485697 -0.809052944297648
-0.217601207378094 -0.453214082391716 -0.901167354020346 0.368795424924496 -0.890072891100482
0.835529418626943 -0.838070963516142 -2.7623299852553 -0.0418708216982412 -0.539579161515687
-1.62776417278616 0.673109394290377 -1.00592974963299 -0.333095952873234 -1.30488792976873
-0.733836234777316 -1.70653454942418 -0.682524707654035 -1.31843766143048 -0.168423107898678
-1.55428671130877 -0.716294772770115 0.19071781649865 -0.749073163066298 -1.82693406339126
1.36869334464802 0.0689004986265029 -0.0668702184890447 0.577959357828879 -0.62125600738059
0.703397177897451 0.0258095038598148 0.917217553001591 -0.800155423339754 0.987549658933228
-2.75098284542711 -1.02967417245289 -0.708836022925981 -1.93865076095544 -1.29134848381479
1.25956292891837 1.08325062335538 3.29376184422355 1.94351153274506 2.15357885728685
2.19511115777927 0.381216802645473 1.04798425109068 0.153895749282665 0.725482886547175
0.137610915670322 1.20770504238514 1.25701232815644 -0.466953493458151 0.0367536019334848
0.145144545787248 -2.47308177991997 -1.34478737509106 -0.837669511606245 -0.799911084779368
0.244344109949732 1.09554609986624 -0.328495465677507 0.24482628890342 1.37176948715014
1.62374889304624 1.60795816206457 0.752761844981422 1.26318320634844 1.21632882550837
0.0595664410575535 -1.12203281849386 -1.63701315728191 -0.730156815725099 -1.96207029213034
-0.766422114402558 0.320957187857879 -0.661230591068038 0.000985970696292415 -1.56004842137288
-0.0397469617574924 -0.533917426507212 -0.964504320609317 -0.133894415838623 1.07998752012274
-0.328677813156775 0.204093490217468 0.179759875823718 0.756486175968075 0.916236426694391
0.784341601765098 -1.31112956577421 0.599963089239398 0.626991427648308 0.144134102054906
0.0477821390048083 1.09954394229061 0.864060275055829 -0.167228696542888 -0.527405987439233
0.160674260970208 -0.142606944575754 -0.324137790081328 -0.231314360128297 -0.735018607069439
1.95163491029562 1.29835364404026 1.95484203307218 0.107695381546269 1.05743279090248
0.216852046857901 -1.29596424444074 -0.1231879309578 0.771987029993074 -0.279797324809386
-0.0100236410527249 0.0290112379437039 0.306955908554703 -1.36199905365666 0.79257913131977
-1.13155423047485 1.17085129421154 -0.0602165035444303 0.111240380101959 -0.674478427802265
1.15878690431096 -0.322116931373642 0.209939984243922 0.653882514292778 -0.321950387434909
0.784505850632259 -0.785899053363223 0.415319738464855 1.388569629378 0.302170032803624
-1.36879276992791 -1.04560008851814 -0.889530061480201 -1.08454681120415 -0.840821124004289
0.241008318696705 -0.433445083481056 1.53661331504203 -0.759463552048614 -0.620327594300849
-0.598482728997229 -1.52397138545338 -0.557253404723551 -1.22397126601377 -1.53601034397925
0.240046585040445 1.39810792337951 1.4716390184581 1.11432644109166 1.22492491787008
0.361905087912882 -0.624283310290385 0.867677928498735 -0.564895876691513 -1.94072511565609
0.990588041156777 -0.213252290059999 -1.19320569471586 -1.36381507680547 -0.825412142645958
-0.142939275816609 1.63120578899969 -0.256933627696522 -0.278059182616055 -1.54713176041135
-2.18238191382181 -1.89443211021525 -0.817952175055071 -2.57789479477526 -1.33538117762282
-0.410761524205474 0.204712068349824 -0.4727010036941 -1.07020670019621 -0.745917712100024
1.7719909380821 -0.476621756652935 -1.02969001191128 -0.0899349737816072 -0.853274719851267
0.0897058731605665 -0.0429311332755402 0.816200337820564 -0.243078199139368 -0.417129179671925
-0.349824952914591 -1.09928838699972 -0.272647547963238 -1.43989102141892 -1.37737968166278
-1.09811954344249 -0.083191512686856 -0.266924119468973 -2.17534100054962 0.885024149789955
0.361349920716024 0.299035644161318 0.996979332005084 1.27025217409538 1.65081175283825
-0.228798876294363 1.0567960395251 -0.226327081016133 1.21770029396966 -0.259972563848226
0.328236587294059 -0.61388833795679 -0.560854238340827 0.709014093463669 0.130842295133514
-0.457663729730171 0.89044176496528 1.02929757168932 2.42511642666739 0.728838354715106
1.61271478242656 0.757012964394669 -0.622534847767599 0.527313364037534 0.306273372449759
-1.24528391408343 0.663485033525996 1.48124372207522 -2.20969938297618 -1.53017975335152
0.307259755335992 1.69317523527877 1.52197417405253 0.341747003222176 -0.197429757001797
0.0568936149998871 -0.261595557785702 1.27164259506664 -0.17715689007821 -0.612907200134182
0.708533792936964 1.16134576868394 0.0985223508903681 0.0408862239073677 0.962689189091944
0.823052514226486 0.0401458669452528 0.290281077106252 -0.394771273725324 -0.712450140900069
0.436627766498431 -0.651138244117497 1.27691126138589 0.762328605514477 0.139979764112956
1.85887945279866 0.631727931394856 2.19361402795598 1.85313893488023 1.12590150918612
-0.844835765268538 -1.06879177956725 -1.04691572148505 0.0530124985347194 -0.295191560412867
0.300566309151221 -0.323442400461395 0.808237420978599 1.35170592332783 0.34071516508446
2.22358458665647 0.960329225555357 0.835847369654179 1.19757485360576 0.393263265948842
-0.276727153534063 -0.531217883345205 0.286420204276191 -0.212202242449825 0.0479949858698379
0.781855193797939 -0.747066005365659 -2.67726207841602 -0.780918346044295 -1.4695139484156
0.903301086575037 0.988301843470055 0.581131855672832 0.794358013998616 0.831797735824425
0.515330951004685 -1.11614405724027 0.927284623008714 1.47085360537393 -0.562495308361569
-0.0520981400552507 0.212931793327745 -1.01510186831745 -0.878704387211857 0.870173844119298
2.08054585706593 1.69526031488071 0.702111979990156 -0.264849220567929 1.67963529465958
-0.192298964535562 -0.877632458601258 0.153903129001758 0.216772264718585 0.793056202404247
0.738234719482092 1.83086946504802 -0.336447999879427 0.900787958792145 1.41978597736381
0.527774562648475 -0.240877727375292 -0.1485350990083 0.555362173954915 -0.456530915920304
0.859818329854257 -1.98323322253542 0.434872499852803 0.685113540927072 0.221618717393402
1.33587659124898 0.741005276739684 0.399760120648714 1.04073893167304 0.861935214055857
-1.01860323085735 -0.770909175727287 0.834688241417133 0.423251187762346 -0.563641115122
-0.859853484193193 -0.299356053952815 0.726025346714663 -0.848669342241911 -1.00975685506292
-1.06074347874777 -0.690630806824569 -1.80079122076582 -1.55751999984878 0.540023028137238
-0.912532300859894 2.15659880631633 -1.38382930950244 0.13591669955639 0.25728010151607
-1.48632149667778 -0.20250614330972 -1.71767570990328 -0.35135898513019 -1.94385307993998
0.580075199021802 0.0168749449890322 0.301024773905154 -0.307887214489605 0.498870956549382
1.05998254632237 0.717067215859076 1.6113237562232 1.23770921981923 1.19090248105473
-0.208302476425529 0.38328037916877 -0.566905281387265 -0.952636028030709 1.2645308765796
-1.25400610760189 -1.39893603255139 -1.13425968098907 0.165653656040371 -1.60055346308775
-1.57797124471733 0.723761254445503 -0.497719965563052 -0.531016868288633 0.0412615262868241
0.669801315285498 0.938945216040817 1.77806651791343 1.55019625261021 2.46061681846025
1.05466565960903 0.537578096519632 -0.578159361233641 1.25519763651625 0.28352453009527
1.59340865869403 -0.563364870695165 0.535801358954272 0.00969063162791728 1.00793571178358
-1.21802477207108 -0.109664279344346 -0.985993142994635 -0.221284678383079 0.113929779888319
-0.467799780825197 -0.174428882670347 0.654018125956324 1.01317197928066 -2.08788584810995
-0.978664337826984 -1.24974010191993 -0.0670928904673695 -2.41934871476725 -0.949846387267728
0.449862884469502 1.44408562929355 0.613388671172107 -0.817962457915783 -0.596651829303526
0.354204757043322 0.521542147585036 0.981559466035962 -1.10103485119823 0.240849144867177
1.09380402993069 1.01106522472478 -0.201828417752299 0.0635096743214299 -0.219034796048853
-0.063337503348013 0.111799995743891 0.14407289119884 0.88119970815812 1.17316016700917
-3.44567583424474 -0.158452581965262 -0.833355967513886 0.114945782594023 -0.755767654496843
0.452946066289258 -0.26880210439249 0.0983319379566746 -0.0394725932078151 -1.18818885572465
-0.15507076727033 -0.00518737576333411 0.819475401928396 -0.558912685693845 1.20243442398572
1.18754848335854 0.200248990578931 -1.02026925569241 -0.166989036428599 0.0148710490229488
-0.334803013302802 -1.12636735327086 -0.636081408152823 0.583012181543798 -0.779661490368737
-1.10666117990748 -0.176217835257373 -0.999554063548653 0.0733763145471067 0.666747850661711
-1.0854739888944 -0.405323278607735 -0.525838693512413 0.363295062850871 0.356625503417684
-0.845773100131455 -0.54682447508715 -0.29648702968174 -0.352050956048981 -1.21634309324399
1.68780169767846 0.120048505027934 -0.236671993402512 0.977125645216185 0.477032485144029
0.957289428883255 -0.644132975818533 0.863224407343178 0.634062173061295 1.45338965444204
0.163224709262862 0.669922564695962 0.993965344331714 0.593009217224675 1.17040847220115
0.805133513487446 1.25624763865484 0.430690493965678 1.72517845715324 -0.202960390997795
0.178283458159514 1.42800673507775 1.32356721679374 2.26433950753674 1.32210078211121
-2.04028869398276 -0.302362273164717 0.0964134079704909 0.928920817553921 -1.32069888430711
-1.85047786930936 -1.41747632555874 -0.273385903789176 -0.518127204828232 -0.220049144293637
-1.84343039308297 -0.551678633506868 0.445951908669441 -0.56491484218283 -1.84968847340595
0.179525129074961 -1.0669916838129 -0.181668050560194 -1.01125356433665 -1.37995470737
1.91338357559271 1.05738583298267 1.95831242514728 2.24389317290095 1.80992075076328
-0.824273813412729 -0.169614832433512 -2.23910559884463 -0.152636752679036 -0.82908904604064
-0.2886888458118 -0.799384261907194 0.245784496967048 -1.10253129311129 -1.45096170932767
-0.592458448980152 -1.08112833447966 -0.3275919042909 0.575977634057049 -1.40708940044057
-0.62344836772912 -1.07303900802517 0.217827741566359 -0.440496889453213 1.17327906717065
0.341508553624407 1.52302323437995 0.753796967499626 1.32443819871992 -0.211648471528409
0.212125168339984 -0.067670907538935 0.457876703777708 -0.80567541025245 0.708967066153728
-1.90292344340657 -2.81696215547815 -2.17668210211958 -1.96976235998682 -1.55302590162469
0.307657871782501 -0.290973387365569 0.868820446698386 -0.692817442461954 -1.44694871555868
-0.15067678136013 -0.376419428553095 0.674415339325237 0.599652748253377 0.843912645217731
-0.372972383865619 0.783908833303952 -0.12750360513095 -0.62351922633261 -0.554440710161739
0.243551890272484 0.426862728298799 -0.392906285301272 -0.310628205885785 -0.598270967778676
0.707580581028373 0.997839864008407 -0.145746983296922 -1.08675359247301 0.871433329276017
0.296705381062207 1.7800538083852 0.198987208166872 -0.490689058379047 -0.672095041670097
-1.29744061864291 -0.258468577336804 -0.906926724678673 -0.121084776199798 0.310356912320016
1.57117959685275 0.0220015791166375 0.88171016222907 -1.04411404286174 -0.640198029137836
-0.742484026808966 -0.659089337149444 0.20403113793001 0.496965587875725 -0.199257764686264
-0.060907567099225 1.27165005859713 1.15307864012172 0.144967870270544 -0.0242642451321872
-1.22479037077359 0.744991550715523 1.331423500185 -0.109948488247892 -0.337517386841503
0.263245296279394 0.361115292317172 -1.00659810450378 -0.0423277390523549 0.317119565243007
-1.04137156951444 -1.68231286528907 -0.734376223964683 -0.325861232351703 -1.46151617427266
0.1121832842923 1.07014898363129 0.738585667520802 1.49423306481311 0.519385095897811
-1.23164063287402 -0.146196804335608 -0.0671584220426193 -0.602213477140685 0.264809782341593
-1.25872482380624 -0.757946137086206 0.166634247668333 -0.882536144085086 0.728326230265428
0.20058277772105 1.20101655775734 0.667031901465741 0.11033797623688 -1.21028880146883
0.841733913953088 -0.792427953704047 1.4743453622019 2.07647715671733 -0.58344929111124
-0.403718860175559 -0.0365346554825956 -1.98835672178622 -1.37340236747144 0.236139268141441
-1.24938957236605 -0.689229294305173 -0.97363760853135 -1.54607004170353 0.0544733245776338
-1.23151327816375 0.896312674035126 -0.837721271258767 -0.618565732230056 -1.17596497573274
-0.750255257104463 -0.305563271395355 -1.21997975831882 0.646166142017925 1.14692552622913
-1.83444187654943 -0.469379407807854 0.89918109086888 -0.118882407895919 -0.198690706292077
1.46169913251714 -0.565148764544765 0.332380780499586 0.541802397370008 -0.140931073626125
0.459907805589174 -0.94168231218735 -0.140911081301682 1.02815659764732 -0.432616793297284
0.10905731105135 0.328739671560174 0.822454146302848 0.952422391757172 0.0574380135860254
2.21056671774419 0.679850102167765 1.09155855997867 1.38429243093132 1.77599724669251
1.25993800307912 -0.820588286137915 -0.664523029466039 1.33589330522066 1.58468666262256
0.423345665562462 1.04780406280308 0.480945727485339 0.932980700939395 0.168796217796958
-1.20859337842979 -0.758751047447505 -0.842041909725498 -0.373847136814698 -0.301876321333127
-0.162047135684571 1.45152216321295 0.327195084718691 0.969030042451245 0.227640730209726
0.885546967563957 -0.339983487252774 -0.651707910685998 0.629666423613924 0.112311847490584
0.857898651869457 2.12542905493223 1.44614559663151 1.78717257784881 -0.557832023243964
-0.957375623572833 -1.19766841168301 -1.37853380082593 -1.26492143271645 -0.688214475704893
2.04250871054674 2.2708457006659 1.41071866052245 2.28410662778672 1.63645534212523
0.51672967133882 1.0411718641195 -0.375803134786182 0.374160533864955 0.296112515443988
0.282017073813863 0.514682542431922 0.707743162492498 0.334765686859426 -0.566213004687331
1.25906851937041 1.36568389676955 -1.28102741844586 -0.972790558262805 -0.787652837699156
-0.0424368410301814 0.612475806947267 0.206502689909174 -0.855776481679116 1.11165592133371
-0.218559390481092 -1.32626713797836 0.0599647626667803 0.0944487104742219 0.0675866100866626
-0.734906279988191 -0.00416668619128088 -1.60024083810564 -0.574710555670869 -0.993329701105111
0.383634237317702 -0.257830516656938 -1.09686765631608 -0.21040887647958 0.0614058750346363
-0.95519146236598 -0.285771727089428 0.474249138496814 -0.445238395506098 -0.36749496702885
-0.530378905702235 -1.28145043265437 0.22331142357769 -0.580320674384077 -1.08174004295189
0.181514669122347 0.456564498644165 0.465813139956062 -0.330393382258225 -0.813026203230681
-0.105544003521401 -0.372117017091762 -0.0387939392389585 -1.51375212430831 0.39880516467416
0.29720119892975 -0.914827622832587 1.03951606770824 0.262626314681177 -0.473776834261813
0.672217768769302 0.753206405612614 1.3766874276033 0.667338446319451 0.69248144306292
0.710947670876577 0.319229073474832 0.935625013412987 1.45170941508823 1.87045679926846
0.573250996578844 -0.511558825765643 -0.0787581590753643 0.620459268441169 -1.23555696045056
-0.112507539151563 -0.795782505289194 -0.00275408293844696 -0.599477824307759 1.00271180675946
-0.472608788112663 0.0131906817061193 -0.296785976116442 -1.05083185330852 -1.28207711043124
0.450506067578704 1.16465078887168 1.02772199847741 0.638521087577569 2.25583225001074
0.0127263618239512 -0.561354424124662 -0.937732185928765 -1.26139437042794 -0.300617720515541
-0.694662661906331 -1.96999573333762 0.116590804634863 0.436581999331873 -0.315385978469346
-0.662562832796638 -0.590762963132932 -0.941330767602804 0.279613346404866 -0.188347333996085
-0.438474896443662 0.645313016189189 -0.528190459237398 -0.314994730231121 -0.530936692655995
-0.771045367183134 -0.031068226312465 -0.00543603431941329 2.01520141734168 -1.28255767875336
0.582947028445993 -0.238031851015507 0.511849170246483 0.243105075624233 0.598585354897663
-0.250034574322602 -0.306185158258804 0.045214840562272 0.346144854572525 -0.262760784834728
-0.696414491836555 0.839020445672166 -0.0437946234866381 0.0295541101857394 0.119404695800614
-0.153300934829441 -0.643354286744574 -1.27366177392171 -1.18354442749992 -0.357520292295889
-0.0392821816980565 -0.061690139211933 1.91530408702806 -0.843306217738845 0.046255385832042
0.259525656878192 -0.914723892722876 1.66578027937487 -1.1426430555737 0.455856398351174
-1.13825435239604 -1.73727673054885 -1.44030173381006 -1.82575021153606 -0.602071998248013
-1.58307904386114 -0.287521661166431 -0.831620493849626 -0.314407473547579 -1.4454199651071
-0.143811849428445 0.325139982324648 -1.18139194966755 -0.136302315290501 1.26323615911987
0.964577726566348 2.30078690322477 1.3063164767347 1.4193395675945 1.2434666497531
0.301453512687515 1.6347403679604 2.23635941284026 0.668242744800652 1.49763655991459
0.601152447414796 1.83129800735579 1.65768185347551 -2.06369767849826 1.01781931047327
0.213429449578115 1.60619848853962 0.637365693184338 0.0211297025882942 -1.28858389098991
-0.294045237576438 -0.440248096935423 0.0703049889443916 -0.990163173160999 -0.377689263027334
1.0283586251213 -0.656203893836432 0.843669412470429 -1.32506564004329 0.393757793291425
-0.863281110328729 0.173864402126379 1.125182711945 0.334115557228133 0.163580693273736
1.00468097531083 -0.344520750876241 0.266928555245685 -0.242912846508839 -0.245590663003938
-0.528277693045452 -0.47213131532736 -0.823945030210219 0.662691142943374 -0.00978655301803727
0.693194663119308 1.61805192322006 0.860962753310196 0.759929236681283 -0.362644047179662
0.640385797186417 0.615580918044558 -0.472190633685879 -0.020567478663997 -0.339667149686035
-0.59106884281041 -1.33035120858111 -0.955749975986662 -1.51671875426916 -0.306858008270234
1.43204748553247 0.645301356521175 1.48438740013112 0.480220833406764 0.448904520143872
-0.500337907014241 -0.694489856759335 0.022195442425129 -0.897440325619511 -0.69860022381787
0.425289591934359 0.845333858122791 0.316051321207655 -1.20105537133826 -1.25879701499735
0.379240161406627 -1.08152469288199 -0.325281083428136 -0.563902156954152 1.69827899702176
-0.0943719074070267 0.998118261467097 0.0156660415912347 -0.173249826679381 0.169704247351539
1.93536407918868 0.824589867945361 2.33026861628407 3.41438304428424 2.20598530983926
2.04153541984207 0.531071384430579 1.60810910871664 1.09783732404539 2.62782066125392
0.854261579365293 -0.060853862480193 0.793348930290382 -0.912178837462084 1.22936044393464
-0.0336918877998866 0.037048571111183 -1.1051357037281 -0.884838391188983 0.236631423478554
-0.491846707189625 0.0710693694805976 0.0241795900246188 -0.72799542502617 0.0693204761149072
-0.47282957255297 -0.639699384986062 -1.51520759837105 0.627975524803757 -0.248517814959209
0.173727312303626 1.33994254632948 1.00104905193189 1.03723391153055 1.92360210891778
-1.21835800362691 -0.794892832004347 1.78125225248157 -1.32283131802156 0.950241198111574
-1.00122659975656 0.202440193392188 -0.307835950926683 -0.264172241780274 -0.508412548570776
-1.05648265619734 -0.800784014086654 -0.519517996808645 -0.396238881766448 -0.327981455097178
-0.921268710714596 0.960381380085047 -0.396359831032256 -0.964344537775237 0.112911549112206
-0.216806704103156 -0.182816991922678 -0.0983919507300168 0.227727498974525 0.52383202291394
0.511505590279376 0.868005446553284 -2.04799987240221 0.190243454432571 0.664681849617636
0.550198982798731 0.264343820404073 1.3287198328656 0.862653973061554 1.0366653135614
0.576351621673122 -1.33721736736089 1.31706464602391 -1.55326117316331 2.07131102011699
-0.963192480321035 -0.449050844949848 -0.344195011832889 -1.07054275779919 0.858361839275781
-1.27350814371246 -0.937875852220712 -0.499234737468434 -2.19398286931207 -1.27165269413861
-0.644597576934044 0.482452834651395 -1.27734016586751 0.752214057084465 -0.518418083708061
-0.742798401752727 -1.14739197563239 -0.497699910809098 -1.31532203176551 0.658732361318593
0.124541260171725 -0.457814181396617 0.168434924370167 0.928929277125589 0.765440829409512
0.549337502958509 0.400990181200953 2.04122196529814 0.704434965077262 1.06132957817388
-3.08887768541044 0.120850670018376 -0.519651643210299 -0.745184204416266 -1.04201262653936
1.62795220683887 1.33914002387586 0.679433572990202 0.988306644719721 0.149151532284319
-0.345973333130547 -1.17693630256558 -0.195269553819144 0.583847217395545 -0.959772423436541
0.854959938972034 1.03434605500981 0.493794141154206 0.614158438071168 0.383259943821818
1.13740055096881 -0.0569731700437431 -1.03206515021446 -0.850808390705563 -1.20243612828264
-0.948389645184871 0.207940047162218 -0.640092511641108 1.81112471590975 0.210471617132557
-0.0674213616293571 1.46247674447116 0.338781196714766 -0.335770098602923 -0.0537170064108762
-0.358745551271096 1.3798378113531 -1.14664578798579 -1.05296419791728 -0.177919596334239
2.32347492906531 0.261860566142502 -1.15389977273744 0.892866738412197 0.8481964744691
2.29522227260703 -0.712815354947765 -1.69278169047671 -0.527004965164901 1.19525431542925
1.00805932822659 -0.340025632021297 0.859527562014122 2.29637108883241 -0.000686965527307813
-1.59375161673227 -0.197179350417238 -0.663163559725225 -2.37524024986596 -0.612636840044722
-0.756288683516849 -0.68489440368519 -2.50955439811312 -1.05339932630855 -1.2278498710367
-1.31576378292828 -1.64856782527615 -0.611393527140409 -1.61265063048573 -0.62452342504846
-0.873146372290707 -0.113917931141772 -0.378291865601914 -0.934669929840069 -1.38319958325643
1.58096904444123 0.25782838319828 2.44653763334186 0.697988785600645 0.509384000518054
-0.132454138708596 0.257177974166361 1.82074774661104 0.81289688779477 0.881343932716723
0.410841250143771 0.517007667495184 0.0505797317024798 1.26703435397626 0.371520989229037
-0.918397851816091 -0.834863378818416 -2.41756230483677 -1.0404253229021 -0.822762891176857
0.354794070749915 -1.31349806645632 -0.374349708964256 -1.48653346732519 -1.49616327644053
0.583449209524863 1.27923046982467 2.42589197520733 1.24848651192914 1.41727718121635
-0.644674992563475 -1.61969855339266 0.0627159188447172 -0.663554111017651 0.561473983633809
2.94475222148325 2.92120775527666 0.352884600976796 1.87237065356027 1.72426051242336
-0.271453114263963 -0.930220422305211 -0.760501024583487 -0.490119506827527 -0.990735863326594
-1.55328254904445 -1.35366229214617 -2.31257636031059 -1.632136564432 -1.8096889633029
-0.782502187072104 0.675927412340127 -0.144361155193852 1.21551347466669 0.419358839401393
-0.564943093454066 0.385925005397063 0.524719954201185 0.0702394495614796 -0.285293485996955
-0.131534585475719 -0.731559103492454 -1.3536305244285 -0.798605878288385 0.420650568605338
0.199548353715059 0.2923216032866 -1.43773592207959 -0.0792666427384418 0.980200051427065
-0.452616048153851 -0.636353669522212 0.767513853283678 1.2834114147915 1.02203971255119
0.0997530620340112 0.524529474883113 -0.767983001847355 0.326678280272052 0.682757263248583
-1.46542264871629 0.885570117645437 -0.611647448929085 0.18640337134289 1.27405238454812
-0.943575787686888 -0.257751567971404 -0.456335313565653 0.235972887256321 1.26329455672612
-0.477310773936214 0.766473694212336 -0.0532224305308631 0.0921655338952826 1.11495013776714
-0.394930903452853 0.930373162383138 -0.282426214711447 -0.730147083631413 -1.19540476247514
-0.564378977426795 0.199249530479365 -0.681545389246443 -0.0301671154457559 0.253110433503371
-0.590170601719919 -0.483061211253115 -2.74240563706422 -0.32625409083159 -1.34472279419231
-0.841540990612012 0.107587192369467 0.215245215143249 1.09096394809798 0.42055944739374
1.13349185769617 1.16214859265168 1.35165451898386 1.46756971009787 1.18676828660659
-0.0889359575247179 -0.363785895775998 -0.191198097250697 -0.577779944043512 0.990651025787944
0.612062856191546 -0.255460158814474 -0.965036143702345 -1.70037692776422 0.746559134397541
-0.965395493206253 0.156722787753895 0.173057266513303 -1.05884567791547 0.657376185810373
0.500057744135734 -1.71397834842312 -1.35238987461301 -0.10541884664935 -0.158055271831562
0.5915823226191 0.729561984436665 -1.55676914120468 0.428405117535751 0.0943243917681
1.34079755512415 0.46015588956408 1.57770157028885 0.192162846598477 1.63864283916031
-0.592777668719992 -0.193225832876003 -0.59386147425348 -0.852435722445582 0.151861890197275
0.665746839780359 0.405576399853916 0.093654793041785 -0.0588327249553811 0.855738400438896
0.494293900101486 -0.659946234023181 -0.604825233508614 1.10306512317155 -0.937841400420033
0.880346175800765 1.66674942265528 1.56769443035067 1.36707381784093 2.42186172770413
-0.369758952527769 0.0733056558826145 -0.384884039376094 0.73724804834695 0.279454315744712
0.658310049645452 -0.859621114809474 -0.509866289365134 -2.21257191513689 -1.52382940662787
0.148483657657682 1.21182202679155 -0.263390758689649 -1.54409425939739 -1.31338295527982
-0.466932906412725 0.569757109525839 -1.6927359167007 0.306394364923731 -1.72506947095428
-0.572105185707179 -0.0854449568254681 -1.91776815561967 0.474258801589518 0.784959990664923
0.569936733021869 0.209764711704439 0.210613707121469 -1.34555466054739 -1.26428491390184
-1.35407226573924 -1.66581974948817 -1.26125948282804 -0.60426240878581 -2.60853128443618
-2.13879973976251 -2.27410136630941 -1.01643401924105 -1.78595232217584 -0.486536569193783
-0.451929425575256 -1.80340702634601 -0.442419286330519 -1.16767991041726 -0.452403459322908
-0.830066530152532 -0.800820091479188 -1.77142755744509 0.839462798310154 -1.03242310559453
-0.582294718197929 -0.193156452749613 -0.700182705058445 2.04440252499423 1.13969654939145
0.013374183023148 0.188977927172536 0.828670374265464 0.773963533634688 0.413279278989334
0.189250456192217 -0.637054290357396 1.14112584557538 0.626092468010692 -1.14248627308022
-0.692804854786638 0.240938402495969 -0.151455771987975 -0.411090128842019 0.115884869866545
-0.357409924810555 0.0574643951643203 -1.65955737646206 0.0799465458156502 0.831763191132441
0.253117043498458 0.71892967137699 0.739613695068978 0.616946856136286 1.9678393460723
0.328000036200763 -0.92980838205116 1.44760418712075 -0.345248647305728 0.0412778720584477
-1.20731659186476 1.37462308902945 -0.761500996403659 -0.675420183251312 0.460231547767947
-0.931270989653231 -0.442469898413749 -0.454545748878264 -2.11791398144767 -1.40443788739021
-1.60744339783682 -1.1377139333588 -0.859604210494588 -0.40951891778428 -0.228796837081381
-1.53713048563358 -1.76424744243886 -0.818832351050378 0.435930422404328 -0.23689535148104
0.609692885340636 0.359585590156047 -0.29835964476722 1.16023897153346 0.280990363999592
-0.269826195037819 -0.574819705200522 0.737330593784426 0.551865097697074 0.701254455262249
-0.807482338424294 -0.976494515179056 -0.318477406423009 -0.536223384982786 -2.27146785497846
0.0687480096130379 -0.351281503516275 -0.00895310323487554 0.709310596885251 -1.6404452820358
0.0331369689031618 -1.00701038743746 -1.04626992647347 -0.116295987119338 0.686598044782448
0.629867636176209 1.25432373527895 -0.142958050219347 -1.23431748420447 0.00231369941585269
0.884711888022175 0.183862399196058 2.20620498691784 0.535415673040205 0.166660733192274
-0.251863049823662 -1.02681225321951 -0.139631236009023 -0.202973454240536 -1.08080135457255
-0.0395004966022453 1.38490129302438 0.772142585926551 0.641215458079977 0.563520546540479
0.586520659325032 0.560155230175649 -0.29493946805653 -0.555289177884675 -1.4964619745268
0.62151359613272 1.70653396845485 2.34657662296136 2.85356643049369 0.408181586934472
-0.0517413498828652 0.035091651068422 1.01058976712333 -0.0382083542145554 0.411991919228985
-0.314774698016493 -1.76241063874762 -0.047005964262813 -1.9589093838828 -2.19401554730612
-0.209378095338629 -0.10609547561526 -1.45812056007075 0.00150159844009276 -0.225965918542522
-0.271742250968503 0.672354627833271 0.06797817642609 0.0774205164683304 1.37514505194418
-0.118396996354215 -1.76638096904691 -1.11924849636044 -0.408172243030403 -2.50371281229695
0.127767904098763 -0.270228370935061 1.10534791055604 0.593442463380791 0.417538248711652
-0.261351130388545 -0.0116746496086365 0.376564305054349 1.25269128813108 0.656224087766273
0.327584134445394 -0.811190200136922 0.899343570676488 0.191802907077327 0.745282975806515
-1.36656859747627 -1.09972961560156 -1.19356536224401 0.202294584346039 -0.436883461359465
-0.175173173545186 0.488843659041882 1.04198704809129 0.225689040950202 -0.230846592526255
-0.343298266016238 0.572951162787343 -1.26040615767453 -1.15682474453764 -1.00942230304518
-2.21544321979733 -0.754775935626127 -1.18657594299056 -0.637884236594096 -0.194322992943323
0.446719106015423 -0.105922287389408 1.92598353749853 0.324331089753245 0.821065035317074
0.49636522955708 -0.998333444421127 1.39097700702414 -0.792608304736673 -0.482907345031563
1.41362554867986 -0.639078964368352 -0.430988703326277 -0.0630242893526226 -0.103045090771973
-0.878898221339737 -0.332674510233703 -0.129250145725925 1.35524143411019 -0.369644388505527
0.705571263029858 0.387202795957356 0.731495166176625 1.43644160955408 0.582181147004477
-0.229746136901378 1.06142250415102 -0.0532116760767039 1.51703166805875 1.28839007417462
1.29936145551662 0.26307036338133 -0.101109570377216 2.15239305853215 0.952313195174387
-0.0647176593853868 -0.0145506512629643 -0.605993000923522 -0.0544630319219885 1.41709683548652
-0.162291984969881 1.10877430675772 -1.20526500762365 2.03348867689132 -0.570239501544853
-0.606464626870799 0.0216666799007517 0.016649031935142 0.163457532921998 -1.0254593627288
1.23607795316795 0.130155344966199 0.881084639408062 1.58525039808314 -0.219218024274613
-1.32002032000717 -2.84930178992138 -0.725389423551487 -0.076213593449852 -0.844576470863043
0.465572046283607 -1.51887090637176 -0.887890023845569 0.343476633403298 -0.147661757039991
-0.0957988786428844 -0.851894350356184 0.0333624086400335 -0.688589876213617 -1.73180693050058
-1.67962014551824 0.116537596025226 -0.450039032661453 -2.0920030085383 0.569038200471348
-0.400449311786655 0.0155050778924668 0.658349385698294 1.0739994194209 0.93024879291912
-1.82724435406774 -0.467981624853536 -0.670026822765786 -0.307407281109888 -1.01582543443276
1.24758087268509 0.89775875258789 2.20026402097148 -0.369739003939668 1.17038052572952
-0.790271768816813 -1.56212158407198 -2.70306298126268 -0.481201888072838 -0.282612124716856
-1.27189125690807 0.0743706681105104 0.0190035398137881 1.39859271709962 0.186005277214897
0.483268030522348 -0.639536414269068 -0.334981888247962 -0.235443459311211 -0.407887438539304
0.652383952162064 -0.556818312051223 1.61151423487893 0.380596711985843 -0.85234240270047
-0.512491860272623 0.414488349691537 0.00314085983512197 0.300992900253635 0.391618523334364
-0.520260262515066 1.47937947466082 0.811985421240797 0.27031625220213 0.971758692979633
-0.953678109787048 -1.31742279887818 -0.983571110080076 -1.58065131116024 -1.60873306360603
-0.631352101310134 0.288096014336326 -0.91085978157923 -0.526143384571046 -1.04101097465009
-0.803626945731568 1.10701347022481 -0.462487205538 0.116205312875845 -0.0379565053163407
0.0563782537738384 0.955524642372944 -1.17834850306853 -0.837197390285635 -2.13076338686313
-0.178037070420504 0.407605398349431 0.163281499257579 0.758669812907991 0.37632669668603
0.0647267633105057 1.23035814422695 0.937726127408155 1.40965156905987 -1.03958940733639
-0.217251149251278 1.2960825322097 -1.83473695347338 0.490155561525711 -0.682214879992115
1.43700463958669 -0.0217035333371075 -0.578748151176388 0.512140882339222 0.988754229361226
0.128628624389319 0.913687145175853 -0.493295864944421 -0.947622498700786 0.991497038575883
-1.46063272555026 -1.37754099351662 -0.464767264453347 -1.15031870249017 -0.0611056849445687
0.192741294194329 -1.32111098645619 0.359735409354868 -0.579211072380026 -0.29819642346167
2.19756734134041 -1.06235125413314 0.439780315874527 -1.52773826488228 0.0118596254625587
-0.60225689274985 -0.238409816414098 0.226396719610365 -0.680411430923453 1.54559475698326
0.411512053813631 1.24015721261882 0.134077913028491 0.41735381782026 1.07820825946971
-0.0610812224629836 -0.608981604588357 0.16560855340596 -0.948807646598776 0.626195367063191
-1.24990893862503 0.212117161932681 1.2787065546393 1.46489139257958 1.79258021043395
-0.493641071849364 -1.46790080486688 -1.14249973181199 1.0636544581699 -1.5064736719914
2.75453741273937 1.70081442976484 1.36778905177882 1.2610181650228 1.05460542989641
0.0250357449797104 -0.346517983030671 -0.266779615313872 0.704406366566761 -0.956337809008199
1.01447447755613 -0.150672826379899 -0.116391926038901 -0.532785572235877 -0.177021886463418
-0.0479476179205445 0.544247619455538 1.34628339610368 -1.1913647891153 0.723615733132181
-1.86654533027662 -0.250461093048648 -0.831096300165479 -0.771231076745642 -0.735212017275347
-1.18820635623101 -0.315560943053683 0.0239357117779217 0.634465463794169 0.442661021735138
0.0130704180049855 1.82320508965651 0.995235917779831 0.954821579338094 -0.00670646412595924
-0.962368080253797 -0.696523959109217 -0.2965415213015 0.764296181786698 -0.634357806549667
-0.291376149630326 -0.963530814272914 -2.15049433095069 -1.38722793875956 -0.940166653841437
1.12500640636231 1.42490557389561 -1.36162339118401 0.685820993257535 -0.948279160620462
0.447119011184461 -0.0952277963908838 0.765982195456258 0.193037257417359 -0.37522653235483
-0.656956079333674 -0.439940142830943 0.2434667767654 -1.33572375084731 -1.47273992768048
-1.24893206686074 -0.507641114850605 -0.28609111375231 -0.872349180660469 -2.05218986413705
2.27038272149788 1.73993735622466 2.03620296903141 1.7266183039973 0.44691521989031
-0.150657444335627 -0.916966475904417 0.146463764858094 0.889737828833095 -0.270674254897878
-1.01149985288252 -0.28357232053396 0.326347561431047 0.797019126302565 0.569805445688487
-0.0719272665065397 0.695134573131157 0.163983218662177 -0.329888101566262 -1.2742447224809
1.00865331487216 1.20834319622331 0.907434260956749 1.14171789977336 0.253022380767264
-0.49633804778673 -1.37548708196071 -0.241685220676933 0.0275148663975908 0.606692894139026
-0.974289010082765 -0.418520476146078 -1.51623682207993 -1.15582908195397 0.180260476139527
-0.0285645633423493 0.814794915204142 0.538991791986357 -1.78572416926277 0.251169332871035
0.401577085226543 -0.854166918154188 -1.26037982576499 -1.44074817308453 0.532673490947591
0.31117059988505 0.867818721075786 0.294549770684545 -0.533088772486115 0.128563438337488
1.41838324130673 1.33636964647778 0.470260143039875 2.2030282407468 0.0637054787055491
1.62525886355851 -0.0345435081385603 0.483230661514637 0.175051862533423 0.848128613805096
-0.977019838378879 -1.74818579300858 -1.06579420624605 0.00188582107086119 -1.07833498635692
-0.95259528396335 0.590725049192769 -0.208609912433535 0.0118540725942167 -1.67424200204999
-1.19956221751482 -1.21097878893031 -0.0572047753016881 -0.909565820321808 -0.0605709611108643
-0.627377895204048 -0.298204255467952 -0.969429578176286 -1.48074371006625 -1.98980645842466
-0.144624843625927 0.768943096432145 -0.960116872497338 0.0204722963691593 1.00970187101498
-1.08658492317576 -0.111876008109535 -0.894330362446078 0.399426174604709 0.423368223513143
-0.298037869514029 0.483655548220711 0.147758751840748 0.431065387801507 -0.208388863514057
-1.69261315597198 0.655067460082047 -0.185342763208899 -0.914296479945789 0.0935481003363593
-0.171611341606485 -1.94998676370251 -0.769161923723181 -0.933294984705453 -1.35046073092433
0.211542405819696 0.579548599192889 -0.62477505664533 0.762366987274378 -1.04977054425776
-0.922583138416169 -0.0238470092094564 -0.988702085487305 1.32735900575947 2.03072422104163
-0.802678950926984 -1.37042194978629 -2.10800784412739 -2.19543679369909 -2.6131298493861
-0.732601123519198 -1.50432990864128 -0.467354761448334 -0.0336848900913095 -0.561260682112899
0.816580798987382 -0.317025228797169 -0.99155778848459 -1.30891226721635 0.0582993084396859
0.566742679223617 -0.343207517704847 -0.740197657727047 -0.0762002510460277 0.996289061334234
1.27121634475434 -0.483028501946891 -0.537622281247858 -0.36182561343721 -0.275463185083802
-0.39745482582335 0.965596080355975 -0.38778120727014 -0.45577739908823 0.0095035642123607
0.378119098426105 -0.0904793778467458 0.16501062311177 0.368467326169163 0.901006851075188
0.314234292109394 -0.0398466142128802 -2.33717931905619 -0.763178555398146 -0.14523078305797
0.576318685880032 2.97809712758462 1.56402563611382 0.962712463209329 0.991007517927679
1.86834988466666 2.39224311371239 1.73848321886523 1.56688509690116 2.04727505910265
-0.404648801271108 -2.1161385013926 -1.25817423272176 0.257324153667941 0.627410531443201
0.747240526097751 0.102943433927713 -0.482755360905746 -0.076923431852961 1.56072075500595
0.77763614823078 0.0149303292245688 0.0737516599132324 1.17500040269826 0.249183643935627
1.22165156006517 0.814560397858844 1.23301766836563 0.836384732098639 -0.0388739228174019
-0.374161390062592 0.382457357653028 1.48374731255292 -0.768734835222396 -1.54317411886653
0.603490239486282 0.694640652424069 -0.627761944767193 1.25831704103598 0.327253225724158
1.59970845695083 2.93537755398925 1.67292571148554 0.49173517663963 1.39493337276078
-1.18028503867587 -0.019243814094506 -0.183041036770691 -1.33601489423446 -1.17778572173767
0.512938105507195 1.30138508820617 -0.267441044784983 -0.366993037930197 -0.408369625790939
-0.189504721931857 0.935886711330097 -0.243027090331791 1.3077504964436 1.28774445036511
0.683649785073415 -0.634422937684422 -0.935311573737764 0.0801829118364166 -0.111858556330807
-2.07727883618744 -0.072798313466022 0.283208226787233 0.26448001386416 -1.16496456529911
0.0779180388403985 1.99352072983132 1.55464028857961 -0.24119171321486 1.13107445470717
0.196994016543757 1.48268922782444 1.59407775529426 1.67248963030826 0.498234780286189
0.472910068292323 -0.112915249554526 0.0487659549492835 0.321273511487662 1.1551788133575
-0.476924319104099 1.38837820645753 -0.985089196778541 -0.696129112498597 0.0772292753098437
0.627613102455711 0.176770766225023 1.60322774454981 -0.780986827814974 1.21140960013569
-1.65343171517451 0.417157813737519 0.353311281767737 -1.3785482376377 0.110281073525333
-0.476733373165984 -0.170004768980652 0.0922143869593137 -0.502598702895827 0.32766977015064
-0.194514955542205 0.310365071825418 -0.24259506362245 -0.874212464779277 -0.402148178707669
1.16619481347618 2.21020040703269 0.127823970245428 1.62290874336915 0.412678522786589
-0.740911675315214 1.01198825241143 2.14106911115373 0.582412031151186 0.644153738740656
-0.295235242221039 -1.46460121026456 0.288177384764353 -2.22653305871746 -0.379531396506111
0.527760621037667 -0.502039790061001 -0.425944734629284 0.557774603340371 -0.18003879912914
-1.88367653785283 -1.33886035962322 -0.863529719299096 -2.09733995846899 -1.72165326155554
0.394552907671061 0.569482330428851 -1.96357932453362 0.834345087286454 -1.19664707747946
-0.317137157604889 0.569459161985167 -2.01903343047946 -1.07046031210176 -0.370878991475735
-0.130433267026063 1.01816986030411 0.0992393634046272 0.476842254580576 0.20898790385562
-0.536417997757425 1.84933368102144 0.492121267236338 0.754921196623899 1.34088178439835
0.147822212662798 -1.07026640999388 0.380553806887937 0.316624506530262 1.67231170316241
1.16774197687597 0.0868942916846444 1.38132125896433 -0.115707711749421 1.02374865729829
-0.215937653301797 0.626720278639987 -0.11330559169008 -0.955220603720535 -1.17741324507689
0.64174764780582 -1.18945993792993 0.906400931659414 0.475263048924751 -0.53581353115789
1.15666501976987 -0.0253370901538423 0.968073719894872 0.0161008034449853 0.00867507203064349
-0.254513112423562 0.356974052333712 -0.0334041279595183 -0.719443314947856 -0.884367871143358
-0.4096308239156 0.449106065158742 -0.620799523511143 0.417158854841464 -0.696710857115285
0.841723720604729 0.874630667570441 1.19599050313179 2.31369290303173 1.87763122838189
1.01837851655251 -0.524824495737345 -1.00143734277269 -1.33284327514452 -1.10593171382714
-1.56142081589337 -0.673658204350593 -0.380844948058774 -1.1855778495264 0.26428150275885
0.713041698099886 0.179147782881271 0.371572025298732 0.510672643432837 0.46989624751936
1.47339895909412 -0.778970536260763 -0.154170031994963 -0.628126558680741 -2.16640349034568
-0.260347325315588 0.490562472048721 -0.621193242367685 0.206426630511039 0.588538891063563
-2.13090317356356 -2.60674934653464 -1.1218491994837 -1.78408068506935 -0.149505524230402
-1.16341025696334 0.127090446618311 0.413627135917765 -0.452959170906421 -0.29131297008968
-1.14992807746661 -0.60414250460452 1.09272190403829 -1.53695398042916 2.36372771512809
-0.256106498193646 0.325503483472635 -0.203741363497012 0.550093189413135 0.0942946838718936
2.04663903688853 2.50342358879814 0.794020065765159 1.23925455614484 3.03649134358155
-0.753530902225528 -0.752507093183424 -0.458158706903277 -0.0367166430746986 -0.232024668564741
1.12535117490589 -1.05801495546473 1.65304765684328 0.381206532898363 0.216118467885578
0.540112052463471 -0.616075437901017 0.6737544313007 1.03170212181025 0.96629247460616
-0.064484325194145 0.874616276486828 -0.727125411437574 0.286521709289656 -0.0660739104989091
0.320645361833648 -0.401060575037753 -0.988530595285762 0.160570641585813 0.468074814539499
-0.357678235305222 -0.27442215244354 -0.547911884716746 -0.502301663793268 -2.01189565656207
2.00002355283102 0.142512258664167 -0.885435111844084 0.481897143930263 1.44861027777508
1.32495227004557 0.0840582756515703 1.68096346544247 -0.0516714866224496 1.34146870021633
0.0252586199841714 -1.72928620808215 0.00560607193580379 1.00566069327078 0.53137029442151
0.352151568156411 1.25234700981654 0.997877948232979 1.00592635232896 1.37345799186465
0.373271171669792 0.680241595789025 0.999530686674638 0.10945274095076 0.257862861793784
-2.14564255509058 -1.03876566905268 -1.02920080458116 0.499259795457119 -1.28509238606552
-0.70558721545637 -0.769346123188423 -0.0222723733603215 0.843325020034406 0.949663960771224
-0.943346823856206 -0.673663751772425 -0.26684313997058 -0.118459530983945 -0.438093972888815
0.0850762162799912 0.582013928932437 0.445703263074026 -0.549903450898455 0.425205402661631
0.472689656566833 -1.13738983822337 -0.229484892530246 -0.29763648706791 -0.0182421755942494
-0.0195216917782348 -0.717175947725269 -0.0895813396531567 -0.301932684185175 -0.515319495829638
0.898138210811917 2.78273662586822 1.27308350422527 1.32476405768989 0.946623663638352
-0.488669400704366 -0.494749671866152 -0.862225481221322 0.565365212346303 0.948199667086562
2.10607179166268 0.805981929867107 2.0490891792627 2.22187837792542 2.75535627882888
-0.0175744559845782 0.300996710693559 -0.345055067518292 0.579421778648104 -0.747823353924861
-0.440098663475876 -1.15020043996682 -0.126948896901805 0.399036051583559 0.0315867308946449
0.289662635906953 1.32978362615031 0.651357268266159 -0.0959225497474284 0.893970938379954
0.428826971659131 -0.544646557159005 -0.280185838469259 0.883730728708731 0.778873618082273
-0.887711195252015 1.42219540603092 1.77912820675759 0.830069169340971 -0.307566120682785
-1.38105313233747 -0.636893043895452 -1.45362793845791 0.311374282954588 0.253285770362932
0.986855293436667 -0.088676161531647 0.819255366461534 1.49604038098864 1.71158963815927
-0.816549155107131 -0.398080579619997 0.79318111602921 -1.08135335567979 0.571251443626725
-0.77372461682416 -0.963884059794663 0.198764012260854 -0.940602812033513 -0.117970913315175
-0.30508066922419 0.0378722827470501 -1.23929560890204 -1.201648483088 -1.0479495335273
0.953484128751111 1.09680352001509 0.793000905828553 0.940104720524564 0.631161819408871
1.01284307369342 0.665201362477394 1.14269348723824 1.94254791137807 0.81567594731496
0.842187427533778 0.174267310468742 -0.133635866970526 -0.0916644061065253 -1.59050896153261
-1.10647917326613 -1.19643977704614 0.184580279345725 1.29795214038172 -1.750309884289
-1.78349012922307 -1.12441013173688 -0.86112012326731 -0.506193149114121 0.383775506438002
0.60801931132897 -0.0740947404364364 0.811198361531598 0.38374937143078 0.106590557808407
2.18461882497731 -0.313492360405436 1.80631842132408 1.32433582962427 1.12846199197497
2.06135221101429 1.24242787814936 0.582289103119771 0.604250432707921 1.09803281038377
-0.107147388565548 -0.155953490714151 0.132312659280893 0.381202231424237 -0.243185696022685
-1.45605739571888 -1.27290609166386 0.21374974359574 1.21038077765168 0.104804577696761
2.758508579787 1.17873890687662 1.31536339574839 1.56754789067202 2.45534518187662
0.388668106508153 0.0783115110754311 -0.0840555521344824 0.339099325192013 0.449698087014958
1.19962019722207 -0.73216266817654 0.993220661446278 0.0393440773228072 -0.538438341167477
-1.27711998971153 -0.902600229453481 -1.03877110374321 0.698020897269358 -0.967507862610733
0.0170045657887155 -0.570596560961943 1.85490333647504 0.341823848370857 1.69225116545392
0.204773234568351 1.953509928476 0.830500429029485 1.82497242169092 -0.511168016521739
2.0844335908719 0.331531970923077 1.09431644700757 0.762505047457991 1.12632247716583
0.298969398603795 0.546752851800042 -1.10527918658467 0.523494373238729 0.838486372394047
-0.583340867719335 -1.25866167845543 -0.613538808539414 0.145296005949679 -0.161216317455561
0.718717576040017 -0.229827271577743 0.820626923143823 0.0330479736443426 -0.0566336254178627
0.800542034403918 0.021639103635392 0.123715993281462 1.24512513125498 -0.0191117032824371
-1.45584807783613 -0.329653440599739 -0.130301596836526 -1.38675205147667 0.35167211001375
1.48294650154194 0.959284274448103 0.189198569778658 0.734514880657109 -0.324968950886171
0.487775520636826 2.0027517513984 0.590662291503324 -0.553790596633137 1.63038030345288
-0.330530404086475 -0.107775996990775 -0.536847083982117 -0.0714837532892018 0.275087142445078
-0.295501064248697 -0.418086513019973 -0.449350348346149 -1.34651822832133 -0.922987666280499
0.966887451114918 -0.386102695706784 1.28952969247933 0.833581101392225 -0.145118617860356
1.17658395280418 0.770874634299187 0.928324971214385 1.09689292194474 0.115971163158311
-0.316428983519192 2.41422337517469 0.638030266758246 1.3115728361353 0.343520037319639
0.690566640433214 0.677653245372322 0.589484866633752 0.671482214441549 0.359533471965236
-0.113297324490773 -0.0589139895935246 0.911416449769505 1.62889504294017 0.379366424473985
-0.392992527642617 0.565870110885329 0.897509918180587 0.572578906963414 0.521037803915362
-0.197632561468706 -1.13881424240002 0.576155613612295 0.693484213022327 -1.55285077254352
-0.0931564031655756 0.840862985440666 -0.46969906031488 -0.115379011247286 0.0371969600952313
-0.174841521978492 -0.244593776887866 0.0156512843155253 -0.882607647305204 -0.483471296372747
0.732568948331887 0.814450176786163 1.93393754239673 0.0752751889652763 0.240810037417013
-0.253309148173249 -0.313437955041215 0.0601710461015743 0.140408088713432 -0.875963676676717
-1.44423065573603 -0.00730000496597057 -1.12696954803363 -1.15423483048631 -1.53753084751213
-0.82200986600557 -0.92369025232419 -1.03131259125159 -1.27281784491906 0.300345730510442
1.54783341794939 -0.025232513053347 0.604592649987926 0.421335877465968 0.0890386922310463
-1.31702703192751 -0.785649021236439 -0.141373187174309 -3.03639242667787 -1.42362656815097
0.999446412776139 -0.00685265888294148 0.4651769402836 -0.795104934538025 0.426976513013519
0.144894651471772 0.864299133456 0.557012179194307 -0.709863724687952 -1.09973740081791
0.371044570401569 0.939412907118297 -0.344646019307094 -1.52491613731481 -1.86730226957534
2.22285027756887 0.385034683627776 0.576944469611267 1.59974569883461 1.63626182719673
1.38662710210999 -0.917248485014866 -0.713394367302492 -0.0452210442904377 0.343086548439099
-1.16147083265695 -1.83518411666922 -1.53066816942386 -1.55675047418017 -1.45573579003752
0.240493094238311 -0.512021673229985 -1.59864858888025 -0.541390924898687 -1.99810190263629
0.426796875399497 -0.415520810494924 -1.4205954119429 -0.663748019792902 -1.26952678049042
-0.205821277285754 0.584194009804954 0.589864285172902 -0.453958969462615 -0.943748191747982
1.69987947429822 1.34684292006722 0.932410553605187 1.44428379749846 1.65896494404778
-0.218030435386387 1.59635834387953 1.27972847947008 0.226226029640687 1.36177858781298
1.92523706405975 1.23378756488204 0.372655898726736 0.34910482448179 1.34825235395982
0.00376938566064917 1.65349441692067 0.395131565048265 0.22807674894627 1.56025747129464
