0.493588596139628 -0.21782823892892 0.518686947381753 0.750235751750342 0.700432473958036
-0.228565551532584 0.0151723701706392 0.890077375618809 0.0412049072101059 0.366439609520451
1.30457889058091 1.33012157640537 0.699066665563649 -0.427506623011162 1.15357708385698
-1.01341252202996 -0.407092250828466 -0.274710786980387 -1.63342023216865 -1.0910445949206
0.227294038080098 -0.310588189186706 0.140227493513295 0.580921923103432 0.486447984085921
0.581510701000318 -0.482762620033922 0.704953052989267 1.2615862076462 -2.14116142970184
0.615827587403934 1.44810284323923 -0.136913361539368 1.33623948656045 -0.181874559536855
-0.0285125679214635 1.19912694509616 0.167842374976972 -0.198308684415668 -0.105328803229211
0.0442547584176176 0.511894018688123 -0.0972180791815056 -0.446266074934106 -0.804034020765546
-0.395591048391216 -0.390104557859242 0.0389693061836421 -0.516176976421691 -1.74618408253364
0.774790225891168 0.460953423106427 -0.0149184564137764 -2.01451519631724 -0.710490583341311
-0.22270976084129 -1.65592294677038 -1.1650598814215 -0.815587343359165 -1.21916544415838
-0.476169842824535 -1.634720039628 -0.779429638784618 -0.560316347986254 0.0536316877798877
-0.318448596672513 1.22858445142225 -0.202290774196182 -0.0670312656894345 -1.12256856216919
0.367242685957097 0.0868252276941781 -0.221407385947414 0.585023523513501 0.13955120864439
-0.190672445808179 -0.817831422789971 0.136766659867457 -1.33018493718334 0.339364156645286
-0.686086753848127 -1.0481227902855 1.30731891377753 -0.66794967686006 1.18725559324742
-0.363367423414176 0.838299690174948 0.0945149911243707 0.0262663013039981 -0.382694914838546
-1.2733055121355 -0.174432278502136 -0.11164429641861 -1.01857769899304 0.528465605057984
-0.552605325892049 0.240721878234237 -1.00366303364429 0.346648869037899 -2.00849513873457
-1.17192761356208 0.124322334005853 -2.14452235450614 0.905023853040447 -0.520006009894626
-0.584936589090903 -0.46254831366459 -0.284036250539972 0.258895329121311 0.0151980977368499
-1.57779359943443 -2.52909198463791 -0.272963077242858 -0.00112826443738984 -1.42354410898097
-0.796137290743302 -0.754033482809605 -0.766287724562056 -2.27613880856963 0.0327409474726417
0.451832839159305 1.79643285332334 0.583852081228734 0.254765035595223 0.910286165116996
-0.732793114738343 -0.868156219705201 0.14656830668942 -0.490755419621945 -0.192502957909833
-1.25771980862306 -0.218208537707599 -1.16268086977866 0.3554068783688 0.483158186535223
0.610004336463046 -0.418178983867353 2.08427358229454 -0.174586093697079 0.246685961054835
0.247811312822803 -0.0466691748769848 0.127031529213621 -0.0630739758938561 -0.350570828077121
-0.473976714266634 -0.628853939901304 -1.42212392295033 -0.230613722237139 -0.470042203772636
0.210903172667416 0.78246222809354 0.845343504570187 0.411389091807923 -0.278002203963348
0.269993215104632 0.0224646335263437 0.546004152379651 0.603750499381594 -0.91472651951571
-0.744169121247592 0.582596627382702 0.364277872883593 -0.0959392850963837 -0.0829601790588836
-0.908311687089812 0.947745020120364 -0.798389860789319 0.444070473092445 0.158611311579845
1.28743850512769 -0.778648166224295 -0.778489439141093 -0.208165079961078 1.79802333650619
-0.564578442366094 0.449212735661093 -0.0591806579064153 1.32008764421372 -0.769409425288559
1.50451576151801 -1.07099114017478 2.0022938811917 1.32378041161554 1.36035070964875
0.453455175995809 0.662491673492192 1.35135272877201 -0.420679671167087 1.3560795077452
-0.83406227458567 -0.373798601247363 -0.344091890440451 1.24768948717911 -0.691783840554029
-0.43242306252226 0.0815587500319403 0.866342181006246 -0.924012477084932 1.16642377974573
-0.261637434346815 1.53660513026116 1.31540445712624 0.649430754348077 1.59373730917234
0.284808324447353 -0.182168680449708 -1.14256058490538 -0.132033797621037 -0.192612009527167
0.38941276136127 -0.0589456350499244 0.527390350007051 0.0105249632771189 0.381944494912976
-1.06854588742291 0.10522483305937 -0.103514209074015 -1.02535488037572 0.25339797998256
-0.39292088447095 0.030140751564895 0.557013986451533 -0.765236809881152 -0.0571262735825646
-0.0656044690043682 1.75437245236702 1.25002668033781 1.22349134394273 0.18347645003056
-1.82038619485842 -0.0381795025766585 -1.92010546814857 0.498036630099166 -1.2286346348882
0.686167563632782 -0.0415512652069996 -0.353226477513999 0.704132405412008 0.0338312658659731
0.0296304009664945 -0.342418348340172 0.118298133208086 -0.17079051193246 0.044348381673599
0.0254530340341835 0.906829495128029 -0.241668101549009 0.621522933567698 0.125143679894072
0.553157285776375 0.226475459001061 0.701542311979571 1.36734867427227 0.329099280232175
-2.6205419974721 -1.96328192567295 -0.413283564732988 -2.05576283187794 -2.49247559698097
-0.369505349331794 0.657315652183038 0.378358970489299 -0.0491976552844309 0.35140558160628
0.407068807581552 0.675985913441451 0.318641335195903 -0.172475287359721 -0.974316653786591
-0.650508658374558 -0.633956761716327 0.56884566824713 0.905099151095523 0.981506679679582
-0.00549678094759362 -0.830108619522154 -0.53989013240505 0.979365061240573 0.408567199645267
1.10366293817516 -2.03118418248141 -0.153986232546158 1.14273433095379 -1.30868802649087
0.107549509675329 -0.642747486018629 -0.230083446735045 -1.53129920371371 0.920539971539506
0.200465528042804 0.491279706895906 1.33785320955655 -1.12653688208905 1.98815655144824
-1.40128415619145 1.40736472820257 -0.388210964048574 -0.595348381738527 1.53287701812028
1.74433241359551 3.09722313131226 0.731732030725947 0.640081136560119 -0.322044290806555
0.724890556860718 1.90296906966987 -0.150912846344778 0.40865316688152 0.2240296158442
-0.141913009884297 0.0471004427917393 -0.758546412036593 -0.155937574361582 -0.261710465620803
-0.234461015899733 -0.964970497126617 0.839740624989409 -1.4138799328813 0.231417305272254
1.95136315568632 0.804924971344175 2.04067136653993 1.80539129053644 0.977767692632951
-1.36002680644781 -0.68371821503062 -1.27111972265482 -1.2346161639258 0.328629751506527
-0.803131506815934 0.304487643946362 -0.205353171637299 0.906545671995991 -1.60256566369319
0.0503447262851742 -0.0355665259025632 0.299982768568234 0.380618793321261 -0.50107826521474
-0.466712104510032 0.7755460126871 1.07637886599229 -0.972987472406277 0.901694095060544
-1.03516909951735 1.5012833597231 1.31167405271709 1.39996988377613 0.102740282271052
-0.626460438990138 -0.629749439988535 0.0128652865843349 1.11226069252252 -0.410713477099155
-0.194878326016862 0.427942087044302 -1.47422021910309 0.781207764061949 1.41807535035915
0.619167895390244 0.82770200240508 1.14748215178192 1.58625412467566 0.897868929706633
-0.354884634940259 1.50314719847363 -0.887744042661015 -0.30541991432065 -0.0686864320376666
1.14018873809639 1.46801524989978 -0.03501394031213 1.74979588429658 2.08741635209402
1.646302255071 0.602218164822241 -0.592709438257504 0.40033336439685 -1.49692917794645
-0.873120351860907 0.297122189149209 -0.359857759375797 -0.0801343271989645 0.753618621214347
0.0471274841409826 0.217798323672013 0.495506066493992 -0.971239639615535 0.635087248882235
-1.27833582576428 -1.3400022824044 0.31553551300528 1.35147718627784 1.16541132394684
0.00497922138639277 -0.546271556581306 0.359141119142794 0.641086211718422 -0.166695577002426
2.11089988695369 0.713199452152215 1.69522971860089 0.540633595394434 1.68823670894382
-0.847567072756457 1.34627917372601 0.434879063876176 1.7571080741015 1.43587407769382
-1.49141536859192 -0.53029303443041 -0.309382645168891 -0.936836487997485 0.0863381165413025
0.751913650515709 0.52839660354279 0.473488300099462 0.734132480199084 -0.00194134789004202
0.282598758864493 0.292862370792931 -0.410040447794153 -0.292675985609174 -1.07276285442022
-0.515002173762446 0.166925370302795 -1.06317132620044 -0.685307402246018 -1.15192945210432
-0.285124335203503 -1.42455539214442 -1.10364116244209 0.897158603214508 -1.23928496007262
0.472181089147886 0.877194655892086 0.0670588836525335 0.504081965342032 0.109345964251188
-0.187620402409802 0.0959042745608545 -0.951862959626804 -0.83803166079618 -2.09450563339345
0.756399367766118 -0.342083107750269 0.527551627574182 0.919805436271418 0.783975015365998
-0.434368963700928 -0.8681055889486 0.280723238907204 -0.442606466976911 0.271422712209228
1.80103973562705 -0.754226414587379 -2.30615873223994 -0.504975326147235 -1.36103149558588
1.41393543147472 -1.20098595486746 0.463660239919007 0.839698834659916 0.684262995756071
0.735428433199103 0.301455014880458 0.422460790145555 0.584603056146564 -2.16898142378885
-0.374593631693841 0.521727419545931 -0.544695649832048 -0.613527393418121 0.948610933129793
-0.247910134592963 1.02866257047532 0.756414484517986 1.47021840614206 0.654900865890667
-1.67527203590155 -1.98914948887925 -0.944568656717568 -1.54557207732593 -0.195306644244826
0.937542386800466 2.8964546253229 0.597322557958648 0.929827354654586 0.377901767375515
1.56811504059326 0.755357153261401 -0.73282485578198 1.46177118551356 1.06787318429488
0.473164815715585 0.748667137422588 0.596624086915153 0.84129691672739 0.225522590659366
1.07866089511317 0.256834020985064 -1.35769830291317 -0.943913514096472 -0.0127246141881401
-1.63489272879367 -0.251642245185938 1.13632664259952 -0.216281932282214 0.664510817058011
-0.86133764020195 -1.14704550198204 -0.0547567438982077 -0.199669783426759 -0.8853219994522
-1.13233813114144 -0.85040997999539 -0.214519518373048 -0.240328425866479 -0.772130245616888
0.136480058963025 -0.307771149573318 0.566154122394925 0.901821305254045 2.21515997246627
1.0505068876994 -0.0309667494495165 0.501673978339806 -0.329328540906391 -0.665406277284216
0.906657068121021 -0.228497377016004 -0.584696186940295 1.0640615939767 0.47610044612207
-0.280494447000716 0.0993205560869179 -1.03092830539658 -1.87210036869919 -1.33823312627784
-0.181250116687951 0.270487280244403 -1.05012088074176 0.671200475637364 -0.797935797220348
-0.983286736425415 1.6504825788311 -0.133453408531329 0.416191301589927 0.98826805019479
2.31338803921119 2.16503341259255 2.57543667873234 1.1322164655578 2.6556755328456
0.062560853322814 0.468865230699231 0.0941619273678306 0.372164963463596 0.042740147953184
0.353735318336588 -0.802724627985895 1.60539328466196 0.464681936761918 -1.14601248218967
1.84090964733648 0.0848768443838616 -1.50182689803337 -1.8826367469413 -0.372296924994999
-1.21014640887527 -0.905183050854034 -0.707913094188763 -0.6528585625133 -0.632385153483477
0.911921044904553 0.0428710621586045 -0.786450873168865 -0.397582448187874 -0.734859924933847
1.64659726437928 -0.0730680421824571 -0.773668721879008 0.385643020186433 0.990083924502431
-0.478932874019637 0.45397843452638 1.22246960149005 0.0143788501477512 -0.614565591193683
0.620238375867769 -0.571797085334323 0.0557620254200706 1.90425075300015 1.20174760180134
-0.222855038911842 0.309548204349889 -0.819269891680291 0.728879683092355 -0.171108351842546
-0.358626571625335 -1.35457022683516 0.640454808824377 -1.12003002667309 -0.866748412086037
-0.491703477607416 -0.133127858131959 -1.09561631860823 0.69426795977405 -0.639117445278751
-1.02149121091953 -1.77762611465031 -0.0585973854564605 -1.6895530847454 -0.195934307090422
0.256560402700957 -0.0606551992866052 0.861628892082908 -0.733459550551691 -1.3368917236652
-0.263504255490448 0.0216570207883899 0.12570879314282 0.511058375890219 1.64830206719209
1.65688402642716 -0.230538781020029 2.03882547427757 0.235834553406133 1.74340400412392
-0.103839475553651 -1.2723214701755 -0.315304398760106 -0.534726295179513 0.363911791889894
1.17482576688434 -0.0650776103395699 1.08806041346234 0.348295078562537 -1.22207011966558
-0.318919375521153 0.503583250730894 0.106450819206091 -0.936697078033758 0.63422345344046
0.818362285884134 -0.225637069476412 -1.33533025775192 -1.85865888166018 -0.603146658128688
0.201357786951777 -0.876877053784305 -0.709122497935478 0.297618601691235 1.52658448860031
-1.69198228103734 -0.866804415793951 0.897146543339219 0.311518774935419 1.37756539875461
-0.26400452202245 -0.863014509095213 0.212041434506016 -1.06187384646718 -1.4697324566772
0.958558603771641 0.049749203988511 1.51767339601869 1.42446110497932 -0.977267978396295
-0.592647405456224 -0.492347595637743 -1.03834481328549 0.414404293740267 0.660773259374835
1.17068026149659 0.514544863838103 0.133997516413146 0.317871863136601 0.817655596796025
0.449548131705093 1.42724627592378 -0.789536879136659 -0.49240805269781 2.07162402952561
1.16205717474664 -0.286664151174459 -0.0766189294931169 0.289812399084469 1.31212891614909
-0.685016059109828 -0.760612102138469 -1.14259382573313 0.180779010317546 0.252146059375168
-2.1599907661712 -0.555974395666806 -0.376585330674221 -2.50860228366078 -0.0949421022481846
-0.779599698503036 -0.810764103568042 -0.546838686323538 -2.11958889703287 -0.67429491193436
0.849531446788886 -1.19143883491467 -0.947003913790413 -1.5002964186575 0.506420069861682
-0.22028462205829 0.561262445273797 -0.591151953183388 0.489713666822098 -1.66752372679237
-0.196689568193171 0.637287675130184 0.717187313677128 -0.117974973550588 -1.43244063458716
1.55372473188759 1.48729053195572 0.993506087428649 0.0993491820181814 1.03173734246369
0.4531511512852 0.751426930911816 -0.0920775191112065 -0.155388556015995 1.69999332920667
0.770244365569323 -0.434719065918898 0.495891545042221 1.02868014691305 0.175105471483427
1.03398785181127 0.835011843172872 1.05337137009603 -1.30656417241981 -0.0873314643302231
0.304905578696539 0.51628624516477 -0.244671217023197 -0.193672014127406 0.675574614082787
1.84260597161846 1.2057678812912 0.72260739023617 0.126031015919456 -0.213130050845836
1.25307471768829 -0.994922797230932 0.358326259091929 0.0328734887826287 1.02981809443526
0.65028559147011 1.44262470613743 0.589391240248264 2.09405235239445 -0.253750565574896
0.320806594548588 -1.38814888740553 -0.955551704049211 -0.430037266266777 -1.13705239116131
2.08401599304033 1.1376387654604 2.27951492344005 1.49594190093941 -0.0737205239836634
1.35170491211011 0.256013432513313 -0.273988078799822 -0.360118263299876 -0.472954837884173
1.64397373604693 0.490424931997703 0.611852631002721 -0.287054808318913 0.104992565828984
2.22434011924758 2.22159999250368 3.71341016963307 1.75655998921439 2.20180055421662
-0.673747672090384 -1.10561465623583 -1.22407086306759 -1.4512491521745 -0.761191546752117
-1.05393203316789 1.04181291039719 0.283055831283029 2.12206561623668 1.06586165862163
-0.107747581981124 0.0909552761305693 0.600375509203746 0.213438495211358 1.16556308879121
0.553807730801087 -0.32898772299927 1.35958077911449 -0.27898702574654 0.5053428382913
0.77092944250805 0.242968975810159 -0.769423774392429 0.798283567174649 0.890584922195111
0.0717904825614419 0.777770523949907 0.00367055182603479 0.221978953543115 1.28782871209016
-1.18990395315255 -0.421909278870717 -0.0614187440736627 -0.375675168725107 -1.26185941233947
-0.0686040310236938 -1.10825397790809 -0.545350351642089 -0.779562776169655 -1.08420648911078
-1.2458160822923 -1.33720369617062 -0.426743995325294 -0.297139213532037 0.0405088525289491
-1.23521272415066 -0.812773598071477 -1.89345742159152 -0.714578762065152 -0.962776166401031
-1.12794090355733 -1.29459553564401 -0.507168471468531 -1.14537025485094 -0.913251037338877
-1.31649187779725 -1.24418965053907 -2.64728076635241 -1.04998168072702 -0.0505159044379645
0.0701573209585607 0.460425440926299 -2.07745692232607 -0.78102079199573 0.155103159034743
0.323944188164227 -0.0771582231982244 0.0447974950101359 1.05444011269263 0.824681918018079
0.509067482839372 -1.1648777797004 -1.05144447202298 -0.599594118872414 -0.194558710200349
-0.300509806830128 0.101848548458037 1.01193712437216 0.849902846848182 1.49739070888632
0.258816849893305 0.473559262291617 -0.951896187457206 1.43999810945368 0.11755721878023
0.120328241123999 -0.568575851509106 0.323337576429239 2.02058000321913 -0.21138329386536
1.45704128503462 0.20526633246458 1.5057780607797 -0.0547345344632522 1.57217492316997
0.769746102637192 0.55391417153052 -1.29481246048407 0.531611039151904 0.191364790964635
1.55351287198579 0.140032732474323 1.05837048855418 -0.427216200380664 -0.860823838860115
1.44655391052358 1.52072086381384 0.781736052424869 2.92620247529708 1.44655774439759
0.87768478847969 -0.204574944602502 0.464169439307546 -0.128163062505174 -1.79487655862876
-2.16150565931997 -1.1283572538285 -0.216363268622875 -1.5373876523147 -1.00106992459993
0.490630753663275 1.53137306870544 -0.759884616994417 0.688716964762312 -0.884851992160002
0.962813099154462 -0.302072620382672 -0.188918924199842 0.598608255568234 -0.920850612393313
-1.1034086907685 -0.259307137767332 -1.80977808312347 -0.330930820741204 0.00230925507366779
-0.999056729184645 -0.24157869091272 -2.11432972673338 -0.256951264404244 -1.01433025028311
-0.237262094089359 -1.50879294126051 -0.0740394977908692 -0.641946704390014 0.0979873336676332
0.514965497535289 1.67365603626761 -0.186738982353644 -0.578297013561952 0.915533296912299
-0.914267879099822 0.167441980779462 0.0844508302654568 -1.66169756848408 -0.765319907985888
0.630636032570472 1.24498386223601 0.33871534298501 0.202127443099078 1.04921616461013
0.77752033694288 -0.698268049036029 0.532210748863611 0.412241998576084 -0.328980443573111
-1.86410784244424 0.908914757893969 -0.00314338600735059 -0.645960307233467 -2.38233459008705
1.27786044236793 0.573774056622966 0.510074577748949 -0.65778321248189 0.475100715754427
-1.17555786859301 -0.40537577516771 0.857606505794129 -0.451738912636209 0.476614054747551
-0.904742123464336 -0.656916293775755 -0.502894078619669 -0.268331016962884 -0.599224874403569
-0.677485512871042 0.824420526166709 -0.19550383823045 0.783450337329733 1.31292797905659
0.393230878142248 1.86236015011207 1.53908127748685 1.46381812434896 -0.293138513682588
-0.276215182016758 -1.41457488596605 0.130614420274129 -0.365975808021469 -0.413161502052172
-0.312607619701789 1.76337184688591 0.781513825479804 0.554080776584322 0.21376146536126
0.20877928875523 0.394862265914974 0.912189247679418 0.600800689426965 -0.255097067187707
-0.382651294157164 -1.088111958428 -0.280359699996447 -0.13323850571059 -1.15671028942661
0.200100540805851 -0.381673326685951 1.25016854798504 -0.174722006095501 -1.38867519647221
-0.178237977066284 -0.546074595778524 -1.12684009638331 -0.429102049975405 -1.0480248779964
1.33516360924037 0.698556391057317 -0.0308701353601017 0.365224065985571 0.835825725370073
0.827291645932125 0.909217371760956 0.358267645294006 2.06656234898141 2.24681743133155
-2.47887622536627 -1.15178777970704 -3.93614103166451 -2.36087242333577 -1.32006390283473
-0.429899453289461 -0.0176271713008017 -0.546904408059633 -0.150507750696442 -0.142545962382103
1.2850599586689 1.27978722784681 2.80780203544612 0.619008899368157 1.73021398088492
0.176577141500267 -1.31335677009105 -0.207998038102527 0.804135521770804 -0.8239437072825
-1.17460482118748 -1.21961662320655 0.0953461181648365 -0.97611062405737 -0.860767174528911
-1.36961201917191 -0.552883477153944 -2.23145828749883 -1.76561559727406 -0.634229084697926
1.29991961135108 -1.37981558793831 -0.432304023587595 -0.980885635693945 -0.679733107826526
0.78240883003 -0.29275771216762 0.570003625493076 -0.322825628347443 -0.814752246033167
-0.355114773380747 -0.894444592810567 -1.33147266864187 -0.315050976578846 -0.652268203802648
-0.784394950847333 1.22607452564226 1.29975702525623 1.01927422155422 0.605284790358626
-1.02792673076494 0.290090853992644 -0.806179032181845 -1.60939163570689 -0.821734906505045
-0.462826734217092 -0.395747173848801 0.905107196853461 -1.57663487387789 -1.00180486571658
1.17722901895194 1.10074699564262 -0.67552936274646 -0.260972748543841 1.1981538930492
0.984778684425931 1.11355913210053 1.17078130096564 2.0950668095218 0.55923775111491
-0.149179113406797 -0.0395691442358487 -0.0352722035287643 0.282850188492767 0.0527035344727836
-1.01066253756781 -0.665818331850808 -0.92410700148687 -0.790837359828809 0.895716613691049
-0.094241507836287 0.108139783564346 1.10557452806098 -0.165666154246063 0.372883699590616
0.346709386074844 -0.842332040009802 -0.66307317491933 -0.663742077602444 -1.27190933197441
-1.5823849250245 -0.326172273949896 -0.308597987851182 -1.12638895792202 -0.526601038088214
0.864700824216744 1.25147744615547 1.07218329748834 -0.151793435534281 0.892731786639449
0.332824849806285 0.766323790631198 -0.558590239587268 1.67487162328586 -0.409086677965755
0.459934281191908 0.752930678281061 -0.431164183799275 -1.10658916575744 -0.10659567701556
-0.467509843451146 0.588192398090728 0.410832522860994 1.17204654047052 0.701823900510195
0.250980784148323 -0.195581268311772 1.13585061222599 0.311832635519423 1.21529829445818
-0.8137085574287 -0.797384339869603 0.343953412452062 0.303576654022102 -1.34163839024609
0.00225348147003182 1.45008537177254 0.796837087804292 0.430123566883002 1.76439531385708
0.389826785177963 1.30627351304839 0.809424627382881 1.36449177341384 0.298800632571416
0.324533500022986 0.249842040428435 1.43275901173305 0.24249019108431 0.41452610758645
0.204725077739813 -0.998370645435869 1.33467991573031 -0.736368818980753 0.550669917069543
-0.526908426698402 0.362778561854468 -0.791213980678142 -0.127159920543314 -1.05269118103121
0.100431796037685 -0.288951471798707 -0.18651461778148 0.241636243036489 -0.626252357044126
0.0825667510706322 -1.37267972960706 -1.9048186841495 0.360351304401332 -0.770243295235543
1.17371654353424 0.525975245879888 -0.609358367905489 1.56501948802553 -0.00712823334906651
1.07546141079841 -0.625371521737861 -0.23926310080221 -0.081161732055016 -0.687852407706039
-1.19453482947992 -1.20468975625339 -0.626042911690147 -0.15532256029053 0.509971322952057
-0.146456564753641 -1.46072431409072 0.181705542662986 -1.20372550788241 0.442980822655619
0.808971776038981 1.2631023457673 0.99238936299392 0.759120703910189 -0.184913472711643
0.464961017046041 -0.665800902186384 0.0376750571909101 -0.500454349586309 1.30284364569891
-0.670541863844521 -0.132136769088851 -0.394955741096717 0.622059275103389 -0.409802903303754
0.721108835193523 0.91187467736257 0.467325485395566 0.901489482933544 0.0189378537386785
0.0900880673043532 1.46065222539834 -0.440220438907214 0.563358827587016 0.130500221601966
0.191219300352032 0.28446747305809 1.0807729171466 1.00316449575724 0.80961460869467
0.542297080893965 0.109918393046953 0.985234742721539 -0.0804493636481213 0.0854116681304009
0.144580741457133 0.372382538764887 0.97002497041217 0.979364591876765 0.166992284874052
0.563330713238023 2.10696476977202 0.232995478824996 1.8506417616971 1.12238929023283
0.414655027635527 0.640184828432022 -0.424083587669916 0.186794442945563 -0.159544781516521
-1.04668502378515 -1.83982019983096 0.159432890847295 -1.2263475982142 0.163425907000801
-0.265958728576804 -0.203849908059639 0.246899942009413 1.17930144039581 0.327033635182622
1.53328716113397 0.422622549566729 0.875397065071332 0.639956650881737 0.872883442613109
-0.110874680047054 -0.586601250015585 -1.13557993661652 0.574017551677318 0.833657978282437
1.93220440434254 0.909594410053582 1.26972200117383 1.36839252552458 -0.427084792011571
-0.821759645844205 0.132545166999854 -0.392667529316061 0.359639930398127 0.0785592045407996
-0.791922369552459 0.617738917327352 0.807742747242446 0.152559875993643 -0.832080123511427
-0.614131593008969 -0.0575156976261363 1.01065944920758 -0.727150022849287 -0.466866408214681
-1.4714979285561 0.142974241161239 -0.849608906104546 -0.251882615133951 0.703959178452401
1.14858657873177 0.425617024889879 -0.432359564070788 -0.134708041045854 -0.944893113919766
-0.175690930032275 -0.959713208815871 1.52035745116942 1.18343150466127 -0.00958633974094673
0.486716208583675 0.15734319183231 0.221125348497793 1.89422631207581 1.84876077003018
-0.7697958569953 -0.83732680308833 -0.460405260915046 -2.49874772873061 -0.826135825293562
0.206970272774679 1.0487117321102 0.0186472023823352 -0.941031865902999 -1.08189849609438
0.59807547890798 -0.149522665359576 0.404061336862982 1.0800779813198 -2.38334252381493
1.74571107718817 0.762281546890964 1.1418028188 0.554394988923045 2.26883512752576
0.652253913580907 -0.107610845736048 0.126523032295646 0.00480627679628107 1.5555205799547
-1.15212294953405 -1.78385000206263 0.683831989866621 0.966805576248143 -0.952293526941691
-2.55339886392982 -2.83866066295831 0.040710661392302 -1.01801371846711 -1.11216288992929
2.0351749609962 1.57454003852441 0.462911456003353 0.784509832923516 -0.730569162548839
-0.724753990058581 -1.28182687393645 -0.753352359715611 0.0495284847171325 0.324753832819504
-0.519319326319748 -1.49950270289422 -1.88877947828707 -0.520241844340774 0.0197655132079312
0.998878022437125 0.639808369449987 0.634338958000503 0.938575432043132 0.52629025745926
-0.414255145985444 -0.122650628421813 -0.482461339024699 -1.40632638725721 -0.461310040751276
1.47159240664662 -0.156235676096657 1.10647390895718 1.22801799644961 -0.52927308955738
0.277067432386384 -2.30190459627532 -0.307657742489771 0.890070932351382 -0.684738285943827
-0.455296837832144 -1.51840947363327 -0.487460376328638 -0.824079089186195 -1.77595499358323
0.869996627967229 0.745843678314091 -0.42491536443475 0.444503008715554 0.607056426501278
1.02590656439462 1.12654367600733 -1.11118932528883 -0.21521264850618 0.0197451220355586
-0.759087151570534 1.41783467298373 0.248592022627658 -0.686919015305422 0.316096941143595
0.368732427224891 -1.99520346939673 -1.56996015608744 -1.32609554630535 -0.699870982284151
0.822667916153072 1.82856313860389 0.594621128000104 -0.568668953299368 0.48980796188828
1.36992497692228 2.49628834488556 0.762406241176095 0.735540301373548 0.189649566198533
-0.380570980775008 -0.211427159042991 -0.000309856540522263 0.627004583370964 0.819037817942471
0.519648813737057 -0.0780741812333072 -0.784581276258427 -0.560300578665943 -0.518947935987164
-0.274917887544053 1.04053672207861 0.693646549895791 0.717419492443933 -1.43406830662686
2.94994776095904 0.958340620633549 0.988729295650142 -0.651176629658956 1.37701157741549
-0.0308842979067433 0.148548620421601 -1.20933252358203 -1.37999581183232 0.520764525248482
0.832713924234782 0.253635552378508 0.250889016739196 1.17085734495131 0.142815287763408
-0.325613018183531 -0.571199603033523 0.353801415714908 -0.544459208480174 -0.279023987815757
1.6394487785031 1.33497207693879 -1.4782694716222 0.286815060075787 0.46714447860322
2.05042701314769 3.75216786876168 1.65181430587281 2.26120718465321 0.331731182477842
0.0136100915307262 -0.235016420771216 -0.942439817422826 0.126324434620277 -1.38396530926598
0.412856365354884 0.885638100171738 1.15332178323509 0.379425742431693 -0.250320365437537
0.0671545670968913 0.228082078210908 -0.315968175317663 -0.895878517218577 0.502553146845866
0.443332313076819 1.58299064042485 1.9884701079869 0.816946021648647 2.42234734283024
0.0151602279813636 -0.702849218811521 0.220775904078495 1.67678297182684 -0.496950074846193
0.585167747616305 -1.06041126754135 -0.284001219999416 -0.956026327885953 -1.02263730183967
-0.387855205827552 -1.70266097639841 -2.48663651769119 -0.219400206572874 0.227107832922132
0.0662449850481198 0.833405408966914 0.423846107529323 -0.0698662428826474 -1.28395759853881
-0.359672822762509 0.866860032212781 0.487126594256874 0.693151938433137 -0.299148944874954
2.09049751784289 0.905470124023022 1.28108494090003 0.301353610215672 1.27581533551694
0.239008519804208 0.120139609826885 0.0329313201320569 0.337004352079799 0.383510512611243
0.46567101226455 -0.802604789695589 0.150445860541513 -0.43074427594684 -0.266142791199145
0.0939509545182447 0.651040422565571 -0.799064208421389 1.51377791126888 0.411411348147637
-1.6880736858542 -0.0310767434051305 -0.327938971213467 0.36810661151677 0.579036557759242
-0.314602060002388 -0.503486616125598 -1.74468379310413 -0.476834067905228 -1.443308470915
-0.0835448544158229 0.742415201043328 -1.47083300104481 0.574965127171875 0.905075572053032
-1.22715387601484 0.131462268688195 -0.743096557266454 -1.56199781570597 -2.5409159318698
0.787661794659522 -0.719625340571469 0.240714743235102 1.09681189738023 1.49953362157238
0.459296200236871 -0.694862003589558 -1.33600496602349 -0.505753796285006 0.39508247037685
-0.414888583831703 -0.828829246967784 -1.46799004249977 0.892407131983424 0.612302372222579
0.992839650599673 -1.26877624572349 0.371262661170796 0.463264569071646 0.25514209902059
-1.74344619709976 -1.17566270617183 -1.7258422035584 0.199406501839121 -1.75819905790272
-1.32214524869351 -1.05440511408601 1.42161327506108 -1.57898954513689 -0.804358700654966
0.489548231906942 1.51267237133123 1.91832467004726 1.61405200844664 1.18212259010738
0.123599025964439 -0.178412399977976 0.0916260594336059 -0.25623008107816 -0.665492401529758
-0.366456123966468 -0.295750346095238 -1.83776227296473 -0.042882190280564 0.200433378442621
-0.596908267436693 -1.90798624378763 -0.171494223990403 -0.518810451000918 -0.531077880145636
0.948111405350401 -1.60447380993604 -0.0172382066676971 -0.21548556605482 -0.359634176820467
-1.08602879273943 -0.770302715631306 -0.474307350633603 -0.207257739496221 -0.953248962149338
0.650464266570476 -0.510557598165552 0.12368659518619 0.00592983649675585 -0.196504568732087
-1.24690197490429 -1.96730270078431 -0.944275670312239 -0.744170417168215 -1.84111751395808
-0.245055432930269 0.477119818022133 -2.03724757325208 -1.85814093179185 -0.582217032189984
-0.431731513552995 -0.402413100426329 0.00519881880832282 -0.842396455385473 -0.817932978260223
-0.890305721271208 -1.3149932239475 -0.407074419320198 -1.46989123636799 -1.03814582475142
0.798762012675824 0.176664415777453 -0.990432660735496 -0.824396295017329 -0.366159327706029
0.0752448474969474 0.624464624880703 1.14792537323524 0.0692244245714418 1.17291874924813
-0.491799000187919 -0.671748157742042 -0.557640114702779 -0.474812034429868 0.552205674800555
0.934884929021182 -0.332771314719123 0.422865934965452 -0.343140112617121 0.567321474853704
0.315617434285698 -0.523561440206861 -1.1114806011412 -1.47787639758263 0.585665783235878
-2.37499039209506 -2.4202685825159 -0.247168180582697 -1.78583880846967 -2.04254753482936
-0.180476812903407 0.175998259365471 0.310715382826892 -0.308329403774711 -0.108757823110388
2.01511020153328 0.416422221921042 -0.233964446289578 0.411786211158142 1.10660753867137
-0.0370930594328727 1.90278106732402 1.00764969462325 -0.522685507390167 -0.496092266844377
0.0459536837502243 -0.314566174654339 0.173888247275807 -0.30164728157223 1.55996973063516
1.79057967126374 -0.429005879298881 1.33421315772982 0.468211915918801 -1.06391195424749
0.526524128750805 0.75064289873893 0.314702166536672 1.87214909927134 0.748388568585765
-2.08573527202916 -0.223781534878653 -0.727461914765741 0.605245748850952 -1.25631215456544
1.59976404166146 0.320300609077285 0.520622296004519 0.458782286946755 1.18970231864826
0.927743521912606 0.197855973077276 0.239780387676351 -0.0560974123475917 -1.18733699322189
1.45724637062078 1.33767695562711 1.55839983873388 2.08483382143197 1.35115669777041
0.663529674053938 -0.000500258317167213 0.705040817556676 0.815600381673575 0.0963424194432703
0.106396712606036 -0.862950735769236 -1.47020794840619 -0.751099957227496 -0.834969294924256
0.606145331233893 0.626912596928851 -0.257277266411475 0.0558009787240189 0.566753892178509
-0.839866664936354 1.32525851880892 -0.0864747837830151 -0.323599501120171 0.0911001004594953
0.534405111067604 -0.650048488008673 -0.489062682159204 -0.183011185115167 -0.158620859359545
0.0262704044561812 -2.07067300503064 -0.380489523572363 -1.36833359635951 0.0683317718049194
3.58606482126774 1.06713032707342 2.09671655640848 2.41692261856714 2.04382187943869
-0.178074259818145 1.41622909639958 0.846525932480907 0.946382653360776 1.34943543171639
-0.32136848334922 -0.749326232405622 -1.01499784166167 -0.831220535030262 -1.02515902226668
-2.52355382464923 -0.512944831927818 -1.04716838383189 -0.518637829050637 -1.92955179064237
0.809926276880961 0.678987310565764 -0.690121486365098 -0.565873276361217 -0.110324388925335
-0.315206010874748 -0.769966906995264 0.584769622867382 0.165197675007465 -0.87961478168504
0.00147746405692978 -0.362959802253415 0.34505905626927 -0.0731883591136172 1.08038538145778
-1.49775910907529 -0.550612669123949 -1.78580647367444 -1.28367233743675 0.470212840420848
0.537701782988164 0.0457676911804107 -0.73988826273841 -0.524155647869668 1.50535534576811
-0.834670211032407 0.920823623313144 0.393887467188545 -0.602389901804735 -0.860557236840726
-0.265737492079574 -0.971720213217696 -0.0933806625671495 -0.566991953513554 -0.306282949546545
0.529627748619223 0.651318118122147 0.0298731436000647 -0.489994908973502 -1.04659736777716
-0.524781803761845 -1.18298274507632 -0.378657325854172 1.43401701812077 -0.459395954126531
0.392010283474746 -0.472829353968044 -0.793417971462498 -1.00604035529857 -1.57138703707186
-0.515563269187413 -1.30518903320481 -0.190170237963875 -1.12705252102478 -0.31168585546058
0.100099056319482 -1.24295279537346 -0.707289817339192 -0.0920772471635308 -0.0433240381211556
-1.45249183888881 0.104478046318876 0.327639398441491 0.925647020207097 -0.499585611120599
0.783119134280063 1.13046177420757 -0.756677585648632 0.428490645799636 0.43286711036663
1.50163151255088 0.281553238463228 0.0555955562192078 0.957265676327191 1.11738250488388
-0.425877943301378 -0.845868686694242 -0.345777859699382 0.830813665901274 1.22775595160313
0.774843011887347 0.7202130433711 2.35198939281101 2.20091077667261 -0.314202934645107
0.504411717049651 1.43756800794063 1.03715392457526 0.150748999078163 0.258845404188082
0.00475312109434389 0.182855050183329 -0.330947649327468 0.0624951743189984 -0.768776032841967
0.16317849950036 -0.878585136032203 -0.282834032620877 -0.804960828691843 -1.59160727429555
1.12753302091181 0.567213403958786 0.155291993760902 0.171110319204025 0.35346786710463
0.544642068905791 0.733739676306001 -0.107587990093332 0.423707328524192 -0.343719096316259
-0.755470206931792 -0.521093631763675 -0.1813260722376 -0.293054804692751 -1.35131623678576
-0.557376268180718 0.000386845660580736 0.150439258611078 -0.473168329616767 -0.89559437492689
1.00002706230155 -0.528243227737072 -0.364070154506275 -0.413879545595432 0.403992390891125
0.664989240492344 0.186628388216506 0.617912022423209 0.260998584603356 -0.508307126796061
0.633180040937134 1.44629133242642 -0.573369339033583 -0.60614762601629 0.565659137975819
-1.12585903985956 0.022802638636664 -1.15672252113728 -0.812075139622112 -0.124088979498111
0.640784563089136 0.67472843527716 0.659932105717766 0.433342320851931 0.633084728956512
1.71486367131341 2.10783420205925 0.828951837207814 0.267401563697002 1.3381784839269
-1.29168324450812 1.65454510222582 1.67685227186164 0.602074552350043 1.67160130339983
-0.497763092169947 -0.816888858472518 0.314424071151442 0.222872096127222 0.246037689688044
2.13266900960883 0.535761304627332 -0.273515928096978 0.791438799813435 2.47871580145546
0.952724283502896 -1.38811212281766 -0.567899903806347 -1.27092081708289 -0.0771965865306827
-0.847208171175137 -1.07210223114664 -1.12810935560049 -0.592509985840281 -1.18676801600658
-0.0096595715714102 -1.13590999527604 -0.874013313818956 -1.80140444457277 0.432420638816567
1.38303892670582 1.17491021194414 -0.167738902042563 -0.591386689947544 -0.129450887139134
0.996874674388659 1.23293649422323 1.29196063401635 -0.255666223317955 0.85583011353114
0.857860276553499 1.15684471977588 -0.203466726380937 1.2988414370336 1.34896269247721
0.401438243839869 0.0829577625522513 0.492577598458318 0.204927357521426 0.741029014248836
1.43594953500065 0.157589615888644 0.143951195379267 -0.867061472162374 0.140721404755909
1.07369185735118 -0.0639251495154004 -0.327191688167299 0.000842354402105644 -0.16205038047598
2.31671070481346 -0.73861377926269 0.831990518007217 0.134478577604484 0.362570927661244
1.13690837317648 1.50012693623584 1.21105693242947 2.67286979609106 1.49473123099014
0.651155232752673 -0.79099610823922 1.44591390695357 -0.529192511652281 -0.593186483944445
-1.39698891652823 -0.345896173189468 -1.03606344011194 -1.63484782122265 -1.61567369639332
-0.875419650421815 -0.781505374904165 -0.280279987777704 -0.649985408453051 -0.518247839977939
0.68598414091732 0.279332116832734 1.62645825429146 0.199889575491815 -0.569887501737492
-0.0704299530562945 -0.321638620353876 -0.577318008166493 0.00937406073344466 -0.0316571634322981
0.704540067412677 -1.1837962667618 -1.07735580272975 0.718405182689179 -0.200229789118012
-0.602410210108305 -0.0612918916107168 -1.63418472132907 -0.891547898125042 -1.86694838145118
1.83266819620296 0.841145385130174 1.24023656941407 0.0974379877021847 1.71107714439417
-0.186272264042077 0.684394510363036 -0.513142091890534 0.611798414028449 -0.235816604056235
0.297907030639205 0.803415355033932 0.594336663671028 0.946279189283492 0.752703862555603
-0.438470835275507 1.65751264906259 0.326724157321298 1.27355742572128 1.91819445161381
0.0312955008284147 0.123975897067134 -0.938820623482073 -0.201073897143754 -0.0750017320387605
0.401683812788239 0.465266226335698 -0.0858990086974196 0.213251894415647 -0.519615298813466
0.542932043736371 0.293224439188218 -0.110471930488818 0.133502064757447 1.29027485353141
0.278073177381202 0.623520685205732 0.230406478098141 1.4665961644457 1.90067421663272
-0.829661853713872 -1.45964168972633 0.382831962048722 -0.233594774336785 0.19951697901157
0.185896482800946 0.504952739302238 0.91389636772304 1.44293836416441 0.528765892062577
0.736377617960234 0.604732554383148 1.3968780236204 0.563277601437951 1.82121428593318
0.481387283991471 0.0497382368758974 -0.621876756091344 -0.847558590421831 0.301483642854224
-0.339334026622602 -1.6876017262451 -0.567181897949058 -0.780265332362737 -2.07352547638886
-0.0936804870344363 -0.208377970165728 -2.22079594192827 -0.103288978510072 0.744337674995412
-1.08423493152974 -1.88894307504272 -1.8589975195502 -0.795215068476011 -0.611967019040202
0.281060955688669 0.212626563294982 -0.418467826631433 0.955146602649188 -0.73483969644784
-0.214203275359352 -0.848480416074312 0.242332450380799 0.0875151445123984 0.854862334617857
-0.32789421603321 0.41641280290866 0.92989404649833 0.0921933698587756 -0.0517915636443508
-1.82952454302489 -0.63830573151683 -0.0843678971039105 -1.64013117764571 -0.26124574943291
-1.21228026524477 -1.81253965452702 -1.03939919867584 -1.70385069111948 -1.7225433280299
0.472235763161239 0.675461948649066 0.409897482668845 2.12787912151086 -0.052542366456353
-0.789120321856851 -1.32265243579332 0.310482624143803 -0.562599251132452 -0.390776348122933
-1.65602424911763 -0.830900766266108 0.528516606264754 -0.612221729701397 0.62194859928333
-0.857574593825361 -0.189235843131637 -1.82235409218872 -2.55724553209375 -0.846103103071132
0.902407785076546 0.320812821309809 0.195219467542202 0.990789091773004 1.05704174144394
-0.067784222572365 -0.89884876576547 1.15486809716007 0.382323420326621 0.131947947266784
0.0688260116545889 0.684752271662957 0.0737214174871743 1.68045473109709 0.0622650133174691
1.45950810861598 -1.04886786669939 2.09568932931843 0.308562979538011 0.869024804298967
0.511581450696586 -0.804130012127121 -1.36902540283118 -0.563018632306871 0.513311135469801
2.67389624824979 0.589490409107355 1.23438900939523 1.3241811308221 2.15791518093477
1.26560479752922 0.313197323154574 -1.34751136642557 0.883700340353001 1.13450867441809
-1.14553094123288 -1.93118346514297 -1.70920803607474 -1.53894010470631 -1.68497119384131
0.830152747453569 1.09579090214732 -0.320616316473667 1.31829414340232 -0.0924106050634131
-0.0925338319223586 -0.578261174880101 0.177761986193492 0.414354125505217 -0.375771840561976
0.201707878741585 0.707070076666738 0.33004962932644 1.18737270140645 0.300108527753928
-1.60137474857793 -1.78292804895944 -2.81021835992867 -1.886467994581 -2.02469640282276
-0.414562973211867 -0.599430634513982 -1.37892152542668 -1.31656039433939 -0.13678238872102
0.200302209494768 -0.17088677643904 0.804627429301217 0.956857258856872 0.967411898500345
0.589195478545147 1.26438720904049 0.841929120730786 0.451926960634926 0.0868969400207574
1.6159254445589 1.73559184810195 1.75250651061794 1.91273046685815 2.04562727524499
1.14404088933358 1.54356594809386 0.574825478663693 -0.532610208124925 1.73406089142105
-1.56842301705924 -0.66864168963984 -0.222656631456515 0.105668869210256 -0.491709967668734
0.532872752299439 0.416310393355537 0.721835848827763 0.559548543223525 0.735086328005344
-1.45368662686066 -1.99522528003921 -1.38150723614553 -2.00603989206467 0.0356698481241375
-1.18760710066318 -0.861595656881627 -1.06124710280912 -0.115194159013326 -1.84882354700186
-0.817770780735016 0.16774776817803 -1.29198639032471 -0.819108629963616 -0.184782097650157
0.84004376927121 -1.23736029630741 1.46196659489378 -1.00707297431393 0.913456121790196
-0.00605343503247266 -0.0156520424142548 0.700566461224653 0.34013129109109 -0.799296049231266
-0.377271851120389 0.198439694372319 0.73113033229309 -0.519027756096097 -0.985148561727988
-0.121809797597771 -0.487386297595691 -1.27653368298401 0.0616702481903129 -1.12110829866471
0.259074409868858 0.774300283551297 -1.98134132262532 -0.581677122949485 -0.15704351415447
-1.71181672701161 -1.10032674628457 -1.35665445934241 -1.6542644921683 -0.587846390287123
-2.41552155196386 -2.36064705326676 -1.32969982049357 -0.665226173584446 -2.49602272470603
-0.827909729379973 -0.321214213167651 -0.596143288801356 0.252309225263219 1.20252843702851
0.0527912575861835 -0.702768527099386 0.809479658729895 -0.358504297375363 0.0926653782390534
-1.8099328407267 -1.712281928463 -2.07824290596452 -0.708596616980842 -1.35916260322409
-0.180388931911045 -1.550272464589 1.47292031055451 -1.0612495754624 -1.92147141748637
-1.23787313238414 -0.872968890671899 -0.132882484127636 -0.0243159712205255 -0.86235135165375
-0.306840839665441 0.837960356824627 -0.994408007049807 -0.461905117206087 -0.0313270387991472
2.17761620965939 1.30897742624798 2.36239876588737 2.10571152048693 0.936965033926239
-0.376975083366698 0.345283699999207 -0.0920181968891206 1.71519802042334 0.748017935825802
-0.637687565039787 0.140319523746037 -0.0668900347521475 1.77403462925794 -0.256430980386505
0.566622107705302 -1.1049132745583 0.358805162874026 0.62009416768687 -1.02932295816736
1.95033890566002 2.50908652921997 2.16753609889181 2.25740934792561 1.30049414808506
0.162781222107558 0.276145385961484 -1.10814225627314 -0.0769088239616526 0.392047470315997
-2.40948388233578 -1.08961208293651 -0.972918546431266 -0.230820669958281 -1.09830499242131
1.39892375749273 -0.46973286892106 -1.37270921690189 0.484032266969329 -0.608308618484338
-0.823124158127898 -0.604515300215496 -1.06774132109856 -1.24393045359269 -0.544223354275957
-1.59459174808736 -0.728788609708772 -1.56209800381132 1.05259394530222 -1.59373729465432
-0.396384322661438 -0.0888022691416794 0.144700050331168 -0.0496646204458011 0.485051264023751
-1.03628572716925 -1.21883668180755 -0.111717652398897 -0.173213247553756 -0.411278028128919
-0.960744128530599 -2.04222757088813 -2.57259781904671 -1.50094306047268 -1.31160621562414
0.666482310671562 -0.476258426988881 0.622620885675494 1.52438361404418 0.841721525886971
1.28498782823603 0.352306483558305 0.136396496096043 0.111350420129317 2.77023254208288
-1.3450163352472 -1.44849975500496 -1.32408231670326 -1.01435355669541 -1.53218860514328
-0.363876602583575 0.105457734991733 -0.569901331866737 -0.95488029558451 -1.94914900477031
-0.187590801900776 -2.00799613861062 -0.404594822353486 -0.691545831670551 -0.597711328448323
1.162094284315 0.862380112817371 -0.144765738319699 0.548580023289586 0.513448658257621
-0.125501297560899 -0.434633289383576 0.0885967871130926 -0.0363282929176353 0.792872493684646
-0.246820653083864 1.2578151229142 -1.21991875574961 -0.11249842433915 -0.736262212395088
-0.685323059985619 -0.991385916993624 -0.25564373447522 -0.529944588179735 -2.71730728887712
-1.19182481838446 -0.782662758361374 -0.434733865277349 -0.791526166740212 0.060554897967293
-0.912975508363621 -0.351547605288968 -0.678397601932393 -0.606238757883919 -0.679310979206437
0.997254849279984 0.138040776186773 0.943870409836576 -0.979448177754763 -0.354549213563815
-0.510840650498375 -0.8166113419758 -1.39131337214535 -0.373808351791041 -0.857883714683291
-1.03485536764254 0.988666548499146 2.34734766525971 0.0167896760248545 0.351850204165264
-0.678636463539893 0.154496967836269 -0.289211826747927 -0.120917724722746 0.12639603874351
-0.0691608559988735 -0.558945954493573 0.568970950998124 -0.297709560746241 1.61682564182184
-0.133254202819981 -0.702915762434433 -1.13482513638244 -0.808868502794132 0.945028390730836
1.29069279188695 2.57811418451266 1.73520924334962 1.29234829339603 -0.241204659162429
-1.3868279458917 -1.56692609506592 -2.6064351177425 -1.38906060252439 -1.61289510442535
0.0564536890580526 -0.0575233520282152 -0.168727901511046 0.00797116711677973 -0.611565098966577
0.367423510112206 0.442720280561912 -0.710976890494607 1.80444618038759 -0.0843481009457788
0.392493957300708 0.948378469998904 1.53717942996917 0.336011314974708 0.359531459023023
-0.298063039773708 -0.654471059675575 -0.373114879055909 0.902161430356006 1.04451378961576
0.396655725019837 -1.19410940670947 -0.101967224415454 -0.845174866124249 0.438552215883944
1.52448296757357 0.72886240386188 0.694251323992899 2.27574831734687 0.531939438143207
0.265149730698917 -0.189129982466187 0.420586329369295 -0.46332317214869 0.163374958747015
0.277747777983492 -0.820122744405365 -2.23255416653497 -1.95474256766484 0.0470214031592556
-1.40489623769294 -1.20627270149186 0.830311963345788 -1.77744622437101 -0.403289520789541
-0.0910837914579774 0.806781856977269 -0.490161505770835 1.06686822182545 0.796940706760864
-1.14100772077779 1.78601958065302 -1.02854483364918 -1.95954850273947 -0.565229178927599
0.486446849991526 0.482305274375099 0.166553563873874 0.994349310765605 2.67596580867809
-0.74876226775344 -0.756235874127652 -0.77712343474154 -0.576293904203556 -0.112946834385714
0.521256407546484 1.84044164296875 0.690401250432092 0.70260941564144 1.62139222079555
-0.289962536866642 0.605370546282511 0.671805290429325 0.231228046208745 1.60607399861649
-1.25196740689801 -0.564913897645924 -0.216670759587268 1.30128804565518 -0.071348550423683
-0.741101819549655 1.70075390130234 2.23523390585427 -0.0126258329450931 -0.195834028715928
-0.0364908255319626 -1.03198372124235 -0.963826071201302 -0.405111833179002 0.0842162192979631
0.570691117898843 2.2828400597244 0.465394287420404 0.593930022461928 -7.29953267784716e-05
0.807333017084563 0.948284812226651 0.973316190007427 0.894227603934831 0.807184175692458
0.715433392778251 -0.480357764855187 -0.323474800051275 0.715406320314034 -0.566968567898926
-0.895082445211271 1.22840325839028 1.43361927529153 -0.35367297798861 -0.849618901574475
-2.42589718774321 -0.621630077688999 -1.18891769128931 -0.859808092394888 -1.50665146494021
-0.498023499341931 -0.377024894974982 -0.343651358505277 1.20201558247949 1.22296015001687
0.466139190965493 0.856378249246719 2.32117041551042 2.48750070735591 0.974169499946293
-1.09192236467838 1.43186921691559 0.285279838519402 -0.931823413085329 0.638445782011532
0.902064246507134 -0.760049310060295 -0.510210554390517 -0.687826572186651 -1.21632366458214
0.345180198967827 -1.71417995126781 -0.148119377282842 -0.788845194185444 1.35954279573944
0.973553900303385 -0.047000746765447 0.742455409183104 -0.203135463878673 0.786246955670547
-0.428651394054056 -1.30580166003964 -0.809126396708019 -1.44119860198303 -1.45163724545038
2.42145096687181 0.133831191314368 0.853859100903712 -0.0884643510917579 0.608223322944369
-0.441074315329914 -0.121982033860571 0.213400427266519 -1.19161180274493 -1.66389713685955
0.491897685752478 0.236793437492264 2.69604688420625 2.22686838485535 0.884675601283394
-0.750622660622057 0.721355215105151 -0.0773300148275671 -1.15148137295319 -1.38105940442195
-0.626048060420926 0.0612118735321293 -0.834769085430105 -0.167401128945729 0.114943086706604
-0.625404507851284 1.10368630705757 0.683577160275455 -0.870407441993601 1.42498204689304
-1.10646411325188 -0.875127832281702 0.484907425020424 -0.903232706598201 -0.424184384441372
0.0273776541021454 0.492271559543979 1.26498609988359 -0.42386605585517 -0.501327348463741
0.408131590151728 0.881707768861494 0.295475433707635 0.256374674839403 1.73165376390172
0.580086208305628 0.216211653568103 0.275289402721605 -0.450688906907697 0.547669549200986
0.887604165463973 0.132965116837965 0.980726784098287 0.941647619851377 -0.267004924316232
-0.137390108575569 -0.175105762138834 -0.96096045774619 -1.08981713010213 -2.42374296930034
-0.702912158693322 -1.19652823950697 -0.268574078041822 -1.31492591622662 0.436391539470301
0.683131671348538 0.686324582157976 1.53760256186252 0.731047152776763 1.91965730535976
-1.88261092901852 -1.32866520609143 -0.178290275678237 -1.38469526716321 -0.760907916202993
1.7144479962108 1.51536039326712 1.26338211904145 0.160576480774496 0.202427502674695
0.988182207550537 -0.60176346211558 -0.514373832231323 0.419684041544155 0.55655562867015
-1.28063766018441 -0.163467178993949 -0.703648788929193 -0.624759574968257 -0.0676513311890942
0.182811576315685 0.878512414180843 -0.977272358095332 0.499161748311236 -1.01301607739076
1.12907274747532 -0.806152441667099 0.828897894452431 0.452224388207187 1.0504398480988
-0.888648926826473 0.36019817346582 0.166533672452267 0.18365686048796 0.153359873525492
-0.531359896010941 -0.68776619151786 1.35893369535761 0.39990350001559 1.1150398037256
0.145303587191812 -0.403230039018792 0.488026345832222 -0.536194848597287 -0.00351408160142616
-2.23951196485208 0.0663961462717461 -1.50190869369459 -0.327135835938055 0.232604350372916
2.29502091906326 -0.233188083813097 -0.557033416630237 1.20757465153631 1.03640422270773
-1.24459982082929 -1.30534669528251 -0.369875220907993 -1.01617101120438 -2.47905617964751
1.10724014680673 0.801637395733531 -0.685832334015006 2.08348439591187 1.44834047730234
2.4245069344455 0.526926037213664 0.548512238436656 -0.31352397230538 1.27995304939123
0.409992135695173 -0.330254179889661 0.964927252842307 0.860523829702649 0.462995720319034
1.16150830338827 0.705933226140316 0.428747637874414 1.9588894066786 0.692479652272117
-0.953444676033585 -0.514903716406563 -0.296880221999973 -0.221043089845038 -0.922165278136246
1.14225983415595 1.38554575744816 1.19357078717967 1.03679330316001 0.0766812000678824
-0.539532018411255 -1.32692236930475 -0.214431533365906 -0.445162609428282 -0.667031311751778
-1.66458937742824 -0.442266756461036 0.830640661812419 -0.787967042108563 -0.639230949054493
-1.84340065911664 1.48521143814631 0.166127926418647 -0.832425741255876 0.610315752849047
0.564785775409536 0.352882281777192 0.889502699449345 0.258691707015696 0.27573716840171
-0.00998355149508795 0.157442398824095 -1.51724892460757 -0.694088397606713 -0.0429076171837617
-0.86872485664614 -1.22390433855029 -0.375927439736142 -0.581890373122111 0.080786395656036
0.887400068046455 0.475413974231475 0.141743891340613 -1.56832214979118 -0.149252703561116
-0.379015658173792 -1.17211241616033 0.233421596816514 -1.75845487578533 -0.51458491840984
-0.478562371983867 -0.0687811364920362 1.55912028063982 0.496519285869289 1.42619771487939
0.0477459011810309 -0.450800913182345 1.59628431118427 -0.317822202278357 0.828894119380035
-0.825330287710149 0.00204103549065257 -0.160969938116943 0.256283885066069 -0.309428093182501
0.0667597371384658 -0.780547487254763 -0.331398586444685 -0.182563828599482 -0.320825637477943
1.40818128189132 -0.188388202060333 -0.421638973719033 -0.0882866182412152 1.00359178885553
0.771678250238361 -0.956301564806914 0.395046027243805 0.724404517091391 -0.0491479879029754
-1.24340607951653 -1.8585024279886 -3.28660937014329 -2.1941830106165 -0.722470369625785
0.561309007895208 -1.0380714123047 0.618761887355556 2.18395686111581 1.81163265519235
-0.356511380596279 1.62258980878369 0.659097653196392 0.207004862339879 0.0797899053816562
-2.10827246455889 -1.36580743362648 -0.132035542878129 -0.229284702043801 -1.71749227814509
1.6214118159735 0.107912495202089 0.54025529618989 0.194833692183356 0.0916422007965683
-1.57868028669947 1.3617682638971 -0.347092232615647 -0.616117304452785 0.137772347840803
-0.472551593031562 -0.183223475396147 1.20919679063584 -0.91108281824654 0.780753765184629
0.0867679701981581 0.811217223255886 0.208798466212371 -0.957966493611503 -0.372841966995528
0.294762877252395 -1.49055132115913 -0.232993188243902 -0.231688819563686 0.596026375780102
1.00185202995689 0.252886516886365 -1.32995781408995 1.01904367069654 -1.17548620317863
-1.28750841380333 -1.01856966283834 -0.102245796559531 0.725920858795559 -0.107527077341271
0.970092033152562 -1.11937535937722 1.17717649746423 1.59943194878103 0.104719740488728
-0.507494706617208 -0.533550320923459 0.310668140360932 0.422452659245993 -0.894736835708478
0.137332746216624 -0.28931940903211 -0.50839419146545 0.488249706242907 0.543880008857453
-1.89526805969531 0.467964242599524 0.530916510035633 0.0946275142916695 -0.336967677799097
-0.76899406000344 -1.43328807085079 -0.172796886636049 -1.57344459040471 -0.141078283349686
-0.528590449521232 0.80331388441713 0.81872803079021 0.621889413094282 0.437025958266609
0.537919730325943 -0.512405940432006 -0.240580067899028 -0.190030181872985 -1.06239352018215
0.00589557336099805 -0.370615619737563 -1.00200012343573 -0.154558673675002 -0.827149924019635
-0.540490006798205 -1.30562645422191 -0.591838242097645 -1.0286511587066 -0.391698772300826
0.851764579979182 -0.861741491567023 0.206928406524743 -0.842643668457793 -1.36217161685112
0.492185221054028 0.782567603498777 0.374175764497987 0.499821492846276 -0.382673073196376
-1.89298959160858 -0.314092877887838 -1.25951909797345 -1.22703423575307 -1.68039128782743
0.00591064354545411 -0.330595231784185 0.263755140576941 0.0508359143376487 1.8604479310544
0.115365166159976 -0.35155615600229 0.314413398038049 -0.393086365132635 -0.119552973873381
-0.235434508325949 1.88098170347613 0.936390623390733 -0.441884688379945 -0.122124747754351
1.5031595611591 -0.565018775755038 -0.0424171294362559 0.625512455024696 1.1753210212011
0.484835157379391 2.6748349532615 0.116360135966913 0.945888784384794 1.18780706260395
1.27262942159941 0.732816108745185 0.0439138074976177 0.941950587246049 1.70176567228152
-0.785317732351825 -1.18953897798676 -0.937971640590813 -1.4210780904405 -1.22321685014481
0.20243626013544 0.0925597768864118 -0.504537182423888 0.0505988216648494 -0.354386568727539
-0.794494866846528 -1.42786046560865 -1.54144646104308 -1.59833215514795 -1.08121808793298
-0.269671080364589 0.114329555478578 -0.450648728285879 -0.078234571418004 -1.14181231312057
1.70348416936756 0.592873622491285 1.20576228685049 2.05980932411349 1.8690200026621
-0.247556258448755 0.168980025786959 -1.77288852163666 0.389649672761591 -1.49461232839588
-0.378929684228255 -0.0580624190258628 0.488603555909934 -1.52382305947511 -0.928924518246595
1.72671655292366 -0.0554901197493543 -0.237405911058982 1.51539998750745 0.646741185215423
1.02987279162848 -1.23041826177273 -0.283552441179545 0.558892490279282 1.00946062812813
-0.53396570995809 0.254637988400619 -0.316089286474061 -1.57012981526648 0.250313234887054
0.672393716579365 -1.63363211387034 1.07352347338967 -0.725079096913232 0.0462098242460196
0.402948778425435 0.000766112552606418 -0.745592929607901 1.83422039448036 -0.333424966513881
0.587517961161006 0.210212926846222 0.032788531924515 0.991553152904435 0.843357070929056
0.213509538407197 1.2974294667727 0.295874348452563 -0.63653263719305 0.343236186043757
-2.25698288030449 -0.977979597822671 -0.295089157639392 -1.76182806530452 -1.24610349483842
0.317404546168822 0.530688871072628 -1.11945205038275 2.23268835378944 2.42846361806487
-0.610790149537625 2.04034903886854 1.81712793982403 -0.0923234461883952 0.854738584763772
0.087375309577185 0.129551126912473 -0.0746214717466258 0.928848370836765 0.366044482384166
1.25147376747557 -0.114503479467341 -0.110724323583886 -0.0101793608305386 -0.108757963775903
0.242583541116802 -0.979979342558613 -1.34705207983179 -1.05882976401876 0.0114840176574393
-1.69154473355166 -2.06786596360742 -0.728052457792035 -1.24076670681365 -1.50015768923622
1.30835627339967 1.6130816709762 0.872420534000314 2.20661768201935 0.681908580260803
0.134855752754258 -0.41559790502554 1.02145286653528 -0.515560155299388 -0.290095334118814
1.7547609254484 1.42761050371156 2.14584978689166 0.664470812294789 1.84505553492082
-0.415302312223526 0.669310658327552 1.68828912572027 -0.68467553057934 -0.0451759538101569
1.0591684371824 -0.362066573783351 0.291365905169731 -0.59907886593922 0.321418909670603
-1.11716850883824 0.274459863666979 0.941157000337573 -2.05371970736615 -2.13954752100062
-0.0944624707717459 1.51231173534743 -0.676857811239701 -0.360434593789414 -1.1745583109617
-0.832753801975147 -0.0389492614847799 1.03215694654423 0.324015183496887 1.15560312964083
0.0748902986052346 -0.777655392148892 -1.86331104764419 -0.615192898778363 -2.29039950828295
-0.993784461777871 -1.10161615190862 -0.480278388934674 0.842746080083117 -0.25721573247513
1.34815366069631 1.44010803116731 0.977788503127043 0.541607025648054 -0.451788933680063
0.361666045134138 -0.44523530368805 0.197590370357254 0.0824346615199584 0.0829663627280695
-0.682263307354835 -1.1285017945756 -1.06147422549431 -1.20058135470284 -1.31682107385667
-0.297394624352271 0.631599789775637 0.650788549067461 -0.190743501744017 -1.25157070962074
0.698213665158265 0.0514707379483699 -0.302503478409337 1.45893558840294 0.727707212664964
-0.384763205751206 0.862887936935414 1.01922812254217 -0.979695120942585 0.323153404726396
-1.10885186397437 -0.307103849568621 0.137454212268803 -1.92557186736071 -0.479604880309499
-0.497039105497142 -1.28951169017222 1.588181372297 1.29297961561754 -0.416371586691805
0.774942338920576 -0.755634780604186 0.415695713833265 0.409756030140702 0.815449754889652
-0.272298725293528 -1.26835253238662 0.0806940057280465 0.362656037014545 0.674808756553215
-0.673444933949167 -0.619667312188267 -1.02528576429693 -0.477426091910538 -1.6246817162765
0.118044915804694 1.92731291338805 0.046057562438525 1.91028366170608 0.95773706427061
-0.455256907828592 -0.559671775851118 0.120243633864012 1.06125629382929 1.73246145949231
1.11325907488732 -0.5611698741191 0.37519563000523 -0.937498644676339 0.705510647720471
-0.470041133518661 0.0262798205088384 -1.40186622034364 -0.122492315464179 -0.0821279704026026
1.34414249139557 0.126585098460224 -0.384688991387929 -0.573788249272529 -0.0496675427910341
-0.075995155797819 -0.833466409765044 -0.351179587094278 -1.06110028543277 -1.1576027668538
1.08490718660647 0.163864416190246 -0.122408964882279 0.00413618930855936 -0.185847085657568
-0.822068570478894 -0.361375987940025 0.831150219165309 1.1678108235394 -0.798293057542224
0.530461073583526 0.4891795809128 0.786220789913377 1.07149684999296 0.776693222021857
1.35644248790907 2.26178177964624 2.23240255076942 1.18802216557637 2.16645529342792
-1.13219571188948 -0.357950240736234 -0.0278196699524824 -0.231252001694328 -0.457424188708706
-0.459100500738582 -1.68194694343892 0.0142033222635609 -2.10665250707413 -2.50886343946429
-0.548232824680345 -0.776688430686127 0.659545434562331 1.36355154184837 0.0135740850693252
1.58902748471779 -0.424019637973451 -1.86811732178733 0.646455270155587 -1.99563673858931
0.471235449415529 1.22858830771783 1.71355351068751 1.00308073699256 0.687255735213106
-0.105786339712971 0.890243443474516 0.090327934938567 -0.339244155339502 0.431743656202797
0.106040943135895 0.155119427652395 -0.598560436082743 0.124165371520889 1.08225596807688
-0.839629531931366 -0.335100474775851 -0.707803809843912 0.290820397121749 -0.0674816632549722
0.823927155612278 0.326922351008243 2.45663772938832 -0.250517560078703 0.259997655123855
0.545753473894149 0.236731383565527 0.59432798828373 0.139655316664522 1.05296452494292
-0.300561648902583 -1.08193991497147 -1.24984677815884 -0.728011433864293 -1.61188039647994
1.60595102247828 2.33413197028322 1.50787721814978 0.954125757119935 1.38554342682381
0.696395043987067 0.889531310280202 1.29377692537931 0.057512747195621 1.66583616322737
-0.101832155508419 1.27705282931255 -0.428772800751753 -0.649462004375336 -0.833849987620781
0.80449840463742 0.302942106758383 -0.47371874078969 -0.415435047188533 -0.268954672250637
0.333946650999787 1.25042908702188 0.684339980353878 -0.553213336244861 0.284889498088242
-1.00819653459314 0.619034524037125 -1.0024025129996 -1.26717842609807 -0.937538280810817
-0.555432327593822 -0.181348523523635 -0.397751126109979 -1.29790817825887 0.182933203475159
-0.0891056108067432 0.0905599990065204 -0.0756957853039714 -0.232430904900776 -0.706846947108037
0.370050763147761 0.825248143345089 0.486480699190353 0.874606925637924 1.74057119437598
-1.02770803818058 -0.0258546705716571 -0.507170002578159 -2.37508608365249 -0.905114716269378
-0.00164579769252023 -0.876392378785938 -0.127683272296874 -0.223904552804712 -0.338735287182549
1.06872650357997 1.15610057099329 0.552053431375986 0.943235177169911 0.928089206636393
0.243087670726154 0.544446573220507 0.878026696651186 0.57640205106479 0.0269853157540153
0.845280577462286 1.23631224590629 0.076830800183926 0.894682959043651 -0.19859696580244
-0.315994838446917 -0.0744655022084874 -0.974790258982836 -0.454587303325365 -0.457862968230631
-0.48313838862459 1.02942757643666 -0.021515017845151 -0.0739124001111978 0.0712191567141149
0.607888773465868 1.39671377166013 -0.184144967203596 -0.0572343725851472 1.220282021706
0.572433872801423 0.488039366835522 0.496285278337111 1.20433163491127 -0.746942349242036
0.321439815059681 0.891440164852366 -0.531156706931732 -1.16730375571469 -0.145399537751767
0.858885349863253 -0.0245360373212428 2.85774451710172 1.59509164151238 0.960422760118866
-0.898235121921805 0.721284064194757 -0.474962812039212 2.29905064073769 0.346657644828797
0.878018540426996 0.302480553052328 -0.165029202334784 -0.446115760236768 -0.955757690366017
0.271145526992162 1.33515648187554 0.956450378107679 -0.144394471110244 0.174787512787001
-1.13727022313234 0.500688337248995 -0.680909316698053 -0.692486643531732 -0.0340344030704591
0.803078582295646 0.178218622693656 -0.702279304592521 -0.340816520166459 0.465851211024358
0.419351531555083 -0.570417547450071 -1.47680691365642 -0.356178263831733 -0.31930144344124
2.36363222632747 0.815406130744723 0.901843651776764 0.998097846240274 1.69122688567487
-1.95112376818141 -1.19255096077953 -1.10944187304915 -1.43690298232041 -1.09627666797264
1.46543039377804 1.61616184825578 1.44174089991952 1.46390652587425 0.280773001867134
1.19683473962929 -0.211539789641192 -0.494925427284755 0.813853483037724 -1.43006253099588
-0.0465682180563726 0.681867272199471 0.284033384193315 -1.53017893351172 -1.45098242702165
-0.611885907370097 0.255184075130575 1.29864917107727 1.68546167825062 0.0115855944652937
0.968164848293368 0.73574226624176 -0.397482225261724 -1.03890933637831 0.178895755097351
-1.60774392200389 -0.89326623053694 0.411292264745294 0.941339455544724 -0.484085113381525
-0.279612494795441 0.153739718894616 -0.367408951077845 -1.05445590639333 -0.615410435618464
2.25742385460482 2.53657697377469 3.66603666517763 1.45191944409562 1.7571175342506
-1.34825197116845 -1.01812469908439 -1.61528497287793 -0.85318938019757 -1.86274672499194
-0.718438880932206 -2.07808181027765 0.254185622904572 0.17132794749607 -1.07898039175911
1.58201582713053 1.45263351391483 1.15534586176904 -0.237354700576344 -0.332799061897165
-0.431018687341773 -0.329216497387788 0.563190318602835 0.771688591168796 -1.23311901358102
-0.664054797329056 -0.209972608609445 -0.300550444925512 1.21121932091424 0.199242098058803
-0.877669899690749 -0.0951463765642155 -0.0888459942696102 1.30650550743181 0.833467415468686
-0.3352156267499 -0.653059052735109 -0.911743583001981 -0.781877113308103 0.302253379644684
0.182297846509803 -0.117606059417002 -1.47719804455327 -1.62060202115565 -0.51459480767288
1.17239148223379 0.522778451023272 0.664031928092295 1.05313137654083 0.434387308683131
-0.926460548029873 0.401837507293708 1.07275933770776 -0.0414836577147218 0.0239681476273413
-1.93629771240929 -0.980482127064479 -1.4606464667255 -2.25695166838548 -0.13805518591583
-1.48808453584361 -0.135027021277219 0.175980331885637 -0.567356167124235 0.647616803268306
-0.873914604078881 -2.06620557604898 -1.40645109803885 -1.48059878951786 -1.35639523651309
0.148670514699194 -1.13670265814939 -1.58889525697642 -1.86635049672276 -0.921035723326304
-1.08774417258693 0.906697252691888 0.53291124391852 0.219867744647844 1.72976228917687
1.44250943192307 1.08480296527941 1.69259409042436 -0.172785511465591 1.4692737456034
1.26403377163336 0.610486004634577 0.334921038557918 -1.71555310575507 -0.0549231011770877
1.74798511860617 -0.374319034676971 1.65843245930549 0.21231159611035 1.62234118921271
0.998924590022104 -0.225458423038839 1.05540484948998 0.671960074092449 1.01789871805294
-0.393835146197906 0.125783456300898 0.111040362093492 -1.28719115163189 -1.18816769421882
-0.23129924050727 -0.120908285866586 -0.181803297954762 -0.684393185154848 -0.654418284479136
-0.367840975681958 -0.300775996465552 1.06218498255132 -0.366557110886544 -0.0968008990996602
-3.3586736543292 -1.91265831688934 -0.934644525284948 -1.75643790937847 -1.07017036676766
-0.222487508737362 -1.37992015472052 -0.893203788935046 -1.18341412949863 -1.34536511216725
-0.910750300430591 -0.0769788029401994 -0.102294993715384 -0.151060772760625 -1.06855512595786
-0.524927883358491 1.13428158945048 1.72462922069642 0.449845013154584 1.96687771630458
-0.0723189404048346 0.0468308006884866 1.55270514986986 0.423928140840703 0.856682734926607
-1.54187514938086 -0.196014680897694 0.538354384766514 -0.949911697079926 -1.08863553386706
-0.857402973895795 1.63322640916688 -0.398560589310133 0.343621270276152 -0.19306218374034
1.21522950399694 0.685641767447147 0.607979962839737 0.511973690746813 0.221404887123013
-1.14005043570932 -0.204504120697159 0.502423762711487 0.31817715846386 -0.142414307057851
-1.05798804649074 0.2103109216975 -1.15131123609613 0.27898471046066 -1.73193881718426
-1.00865703687076 -1.8378977772834 -2.12203139941248 -1.01174929873324 -0.523311559329715
-1.35733813405289 -0.289441739270646 -0.226581060066909 -0.678301852134791 -0.659849670329422
-0.107330484305594 0.850660201835333 0.927780688369924 -2.79415549652557 -0.775807539099808
-0.709743890271731 -0.630789524914611 0.837530503207148 0.236241464122146 -0.145535304761231
0.172178986784256 -0.225748966327553 -1.12344684093114 0.931171150964065 -1.15982835774857
0.877854421915629 -1.66965796026371 -1.33435846037183 -1.23001841781444 -0.619942315392135
-0.676275435937239 0.394469336789525 -1.82669645011086 -0.960481986459845 0.0335732007450672
1.90236879253681 2.01481831847567 0.47305661111968 1.46814937185344 0.569651241653676
-0.174487444440659 0.884228073638694 -0.613118665380628 -0.746630294658696 0.453887662579765
0.380735006454832 0.955132342308774 0.0759819135920557 0.145784816238229 0.808976637538935
-1.17861433329344 0.0946759780618847 1.17657596227681 0.196103896985984 -0.645278729543674
-0.973277503853152 1.50436507985018 0.0487150746214374 0.073143174775393 -1.12043778848043
-0.300560284139173 0.0948319699286063 -0.0526678755764158 0.396742331131448 -0.582481406640692
-0.555269096637057 1.30058005773302 0.739390877769808 0.442257127708867 0.416494916812584
-0.181625848347849 0.282345235493554 -0.710220867094881 -0.122197288120913 -0.87863883368501
-0.149972595812349 -1.41800502301982 0.2681766426165 -0.489531160787399 0.994787673039883
0.950126849700719 2.2775673650011 -0.0203363271181296 0.697951813515093 -0.185997615860387
-2.07932937194304 0.125957140027533 -1.52435868321673 -1.18305340042188 -1.83000389551907
-0.612677063301724 -1.23289785922718 -0.82518493881764 -0.526997439424461 -1.27160656114984
-0.180987717045724 0.0716279670386556 0.249341401836216 0.559029679726628 -0.963114682691246
-1.32615312022159 -0.486045288329523 -1.31634409000921 -0.74241186316212 -0.732978699364572
-0.869867706571414 -0.362147109561498 0.642734932210335 0.596625170649164 1.01799750571706
-0.725971599483155 -0.884036907377146 -0.815596986646702 0.539552860131552 0.697882796944418
0.326503666004223 -0.923431261449097 0.674784930028647 -0.453590548559902 -0.653748764599728
1.41792792757863 0.471386904078148 1.84199873723694 1.16567295351468 0.539655945721625
-0.0548777466445517 0.209157295511502 0.0875434629381194 0.398934507751772 -0.567917104082306
0.533576714712683 0.447493292517936 -1.06790757171914 -1.08022995993883 1.14950062116447
1.56211466690252 0.31229983723097 1.14239864850044 0.683201943066793 -0.4043933057878
-0.997101470569105 -1.15873114242299 0.22393656266263 -1.06999070779163 0.189981558733401
-0.35397029146241 -0.516373421345366 -0.700334402618152 -1.96079458794203 -0.436056165063968
-0.956308703075842 0.463770853201087 0.150115026043867 0.109994073756245 0.417767261219712
-1.53049090652923 0.109865212587075 -2.79900340803574 -0.950403631381003 -2.15261881693873
0.171666540262896 -1.56009193069514 -1.83016377738299 -1.76821552384285 -1.7175632911993
-0.891439030259794 0.290165172752431 -0.551814208142886 -0.695265239797284 -1.17821800983462
0.87732433477528 -0.0804513154880796 0.299218741435997 0.811602400202784 -0.621308285167013
0.665286241907 1.86330892082272 1.19552191865425 0.489295133787776 0.988404844207265
-0.780664686290673 -0.278470320999278 -0.981287558191791 -0.094332017314922 -1.15604290724869
2.1488289242677 3.57721232676262 -0.146352262459502 0.10304461269317 1.11943931308313
0.0895643318890741 -0.723810560294768 0.00649548677405712 -0.119701619671841 0.317499991440943
0.987476252137909 -1.33409555037461 1.03577509218172 -0.431313262961558 0.66231252238803
0.442954342012041 -0.770722664958812 -1.11067606985715 -0.910803531286316 -0.687847186226892
-0.52473767154225 -1.41938865985798 1.2117327838366 0.876044733205873 -0.835351458223835
-0.109724116938283 -1.27298425173388 0.944800793320606 0.338677564718061 0.0195292541741192
0.834757595175074 0.666164646750014 -0.389289063262195 0.423310852552066 -0.00871029786935872
-0.878794714531096 0.630849919570016 0.235257062814966 -1.88073466247298 0.689384843445425
0.144047046752553 -0.0657944436403943 0.240740779291822 0.262328775690139 0.0932085143206422
-0.219449277896832 -0.518228184528578 0.118370162303715 1.02739200789204 -0.302322070789822
-0.597091786659377 0.0934481992341853 -0.195279131594184 0.272135023150809 1.75233798246851
1.00539565166022 1.38849344262474 1.88206165312011 0.460856990639278 0.991565705966048
1.03610557329901 1.77333931313689 1.37795909020921 1.23889234099279 0.962453174099192
0.330985230319315 0.722062418088446 1.29263525626955 -0.269704335194649 1.01376314350081
-0.917488330700273 -0.357566787861643 -0.958308343114529 -1.55544384191822 -0.578987521899798
-0.331475640729635 -1.24675452890495 0.71776611428923 0.781294113411112 -0.325838784756654
-0.603640917111483 -2.33758859207521 0.364946873025445 0.50837297847333 -1.62601528898637
-0.0361816383799038 -1.21854649431665 -0.426597589035345 0.0661334404497923 -0.267712509956916
0.22077018739172 0.40902298976151 1.60932604555761 1.37022905285482 1.0946599643457
-0.343233658941893 0.473352154692226 0.0336125516598785 1.31511737236412 0.207027620911821
1.45253130412619 1.23211585129264 0.693987508326942 1.16328953151301 0.99580310610276
1.57379508055274 0.75015042902397 1.35128733190638 3.06460367269394 1.93821988214241
-0.319693634608354 0.93073503287025 -0.412878770623345 -1.28474613443512 -0.968001333588568
-0.325521896463952 -0.328708481138813 0.0312311779477749 1.12928552900825 -0.337189854632174
-0.434964080206435 -0.00796822226874114 -0.714562934304009 1.26843480761897 0.949681965710612
-0.963150557910015 -0.596659819394079 -2.44639173731405 -1.05519442326125 -0.541947484701102
-1.27763273874604 -0.64268608061714 -0.461622385609267 -0.391673770821188 -0.181145119449286
-1.5162378923004 -0.27047969180232 -1.75919393825957 -1.13208555423595 -1.12463098191192
-1.03034619068079 0.471245209253878 -0.370231483399527 0.399281052740309 -0.246097249435959
1.0749287868079 0.73681974104785 0.905395951226091 2.27684159270553 1.31406643415337
-1.14588594378384 -0.506207207433181 -0.517775360425053 -1.27101250516918 -0.443476520256465
0.893990989216462 0.478800952492901 -0.064434857520986 -1.23845305253616 -1.23523583197779
-1.91940660555255 -0.514398318241302 0.192297535879566 -0.0953920495712675 -1.2921102858456
1.316668879371 -0.149624575434596 1.30804732750266 2.33425046985935 1.83377754204593
0.963017270636881 0.860498465611803 -0.0802628421279842 1.18528211456249 -0.0764579162146323
1.34612499734233 0.747006186784414 0.358428113651313 0.263003140335276 2.33722641999352
-0.937793919898959 -0.126375884907031 0.371642926420179 0.0705972392879271 -0.991114208706238
-0.681314399278404 0.551702533212955 1.30564735844291 -0.280326056476222 0.282949874950166
-0.149357568139514 0.06284535685229 0.4175107097207 -0.746094869710068 0.958623330818161
2.18072457733291 2.70299199655331 1.47804020749506 2.18164876918582 0.717897564724606
-0.555780655103571 0.0181612597532066 -0.789491269172494 -0.119034796734336 0.641240235939658
-0.454234949297911 -0.18495822502604 -0.495922512876112 -1.47529577360376 0.360679537784339
0.327820702322962 -0.981295912526632 -0.545933386489583 -1.92850137791355 -1.24454641688577
1.56521047564629 1.31198891382134 0.491905303917604 1.99482622905215 0.759551660579682
-0.0475315807577619 0.45457537398136 1.1428735932701 1.55170491402566 2.92324473943856
-0.0848573856410925 -0.650974761056217 -0.254472726221832 0.609590239370483 1.39198242682723
-0.616868395587336 -0.395683179771161 0.114758766338072 0.942147724464108 -0.0448477694415763
2.1422526459325 -0.448043506340022 0.958710106883583 -0.580460618622238 -0.605293190842907
2.37739340109629 -0.40830451541434 1.29907959393182 -0.41484451735355 0.249272938514211
1.04582750433186 -1.83909008094938 -1.18940863817457 -2.32579130508059 0.317685197129099
-0.538321225060073 0.19633835730134 0.164060480163777 0.344907957926953 0.218531440718461
2.5344928202876 1.85977925760939 1.09309004108734 0.319157512538795 0.472544182156733
-1.76274812809971 -0.364070496292678 -1.11145544828928 -1.94381669297598 -0.268815857321014
-1.0625534232065 0.642611858261288 -0.606305961116539 1.62564164217373 -0.0288063615966271
0.85172726929101 0.708122192763136 -0.330725177805873 0.512479465895352 1.2861922923191
-0.588423770947337 0.292406027285779 -1.67309747023402 -0.294136162512807 -0.737593684413341
-0.0760785661810081 1.01257315160096 0.645027654253212 -0.0722247470114978 -0.308132258137473
0.701842617829144 -0.140895429028954 0.356620732178807 -0.0526999549382967 2.05965579110904
-0.680334575263991 -0.516103615448265 -0.42189262794355 -1.8002291028428 -0.753712023161545
-0.739346567082665 -0.885871613498902 -1.63330310578337 -0.339606353712556 -1.42177573042676
-0.513949771789205 -0.631497243690402 -1.0825348686523 -1.86705024904381 -0.663136094318071
0.682215748455763 -0.113469232038899 2.10194989223368 -0.800772391311578 0.113352555792129
-0.0693641225359715 -0.490214605231164 0.33756631714683 -0.0648923941459738 0.377293052483055
-1.22873157220605 0.19413327936198 -0.404790740719229 -0.407797558144788 -0.457412668628868
-0.609392471456787 -0.494746002639286 -0.200691205724917 0.680259059565862 -1.42459228754418
-1.59673062597346 0.0735379710957989 0.171218106311977 -0.354479171965669 0.44526464817959
-0.718729483322479 -0.995307375645535 1.40318334305219 -0.954962652161967 0.541393606058336
0.0236774312066094 1.91034909823846 -0.175414790620102 0.750654782896648 0.837661591133087
-0.683119681443048 -0.270421349499468 0.185026358863643 0.666721027248652 -0.462450892556216
-0.236940990068119 1.17783331302173 0.66848066667572 1.56989057220455 0.742230372475638
0.624611526132602 1.02216635528987 -0.115021557056091 -0.422919263893524 0.0378249252775218
-1.03447845477175 -2.89912709954585 -0.557926395430372 -0.904536819618141 -0.801275192378227
-0.645473216311885 1.1271746907459 -0.0312822001920844 -0.782872602267324 -1.98089192494645
0.514619908287478 0.0787042184613878 -0.654383519903365 0.983153111864296 1.26084280653486
1.17270194094351 0.161797891745155 0.428773565298678 0.104674244543155 -0.654370615770789
0.27534733412564 0.487155907858474 -0.207432702208261 0.921134595055251 0.635794390756853
-1.60809953361895 -2.00349499190285 -0.658232244558511 0.0254202975471684 -1.6863203867331
-0.212466262410806 0.13182015879914 -0.798227147133506 -0.729888185579873 -0.40265485545234
-0.282399146020223 -1.83762495955136 -1.43498839123873 0.113478855625312 -0.533610685341277
-1.53536947083079 -0.486022358347785 -0.539892949285447 -0.532713009877068 -0.443458437818347
1.82263752972411 0.0746775461803298 1.28081871035045 1.16904759724487 0.0429487498681254
-0.993574232414379 0.633619891217553 0.123335277796678 0.709725334104812 0.694920439235868
0.586519803140351 -0.913477569608354 2.03222860309462 0.674733259603087 0.358982704151866
-0.431887168104416 0.144502829043464 0.71903090034704 -0.216794466678716 -0.209980712588328
1.31338203759917 1.01517575915168 0.613222830900392 1.41112745203807 0.326699177665344
0.238942412168567 -0.520264654978646 -1.1343176648768 -0.233559058519959 -0.0537620756277722
-0.803946775288274 -2.54878445991693 -0.564905442960276 0.0865944993354421 -1.8353740061854
-2.49022478994669 -0.975737004384951 -0.921340322370261 -1.0685849411434 -0.329354160373276
-0.655424006638728 -0.171620485541062 -0.558139662167373 -0.832197904135998 -0.0196181100890645
1.58585952475404 0.233823415223286 -0.318843957175213 0.464713835620417 1.60190170979806
-0.745070562732014 -0.357889882020247 -0.568979525833635 -0.732116979792329 -0.514615871773863
-1.77930444077125 -1.57759130895298 -2.44338365780533 -0.357468518787515 -2.4730683467877
0.394125003475663 -0.293496815566041 -1.08700514739221 -0.729586730781597 -0.916762186327734
0.0701812847606798 0.621891824121585 0.507567675249383 0.644697065467805 1.69617649986286
0.303183767556995 -0.0114803829576351 0.426282247794345 0.750069689252379 -0.0945133355280729
-1.18594715189075 1.29829278966069 -0.528109603759838 1.91374850415633 0.642986308337997
-1.74448038232282 -0.591616489625512 -1.93651122567883 -0.35708762693474 -0.0627300054277494
1.49897411059743 1.09649412462878 1.39999978448597 0.736414698966423 1.25713642503483
-0.0655451391288921 -1.06002629390377 1.12778910615882 -1.13832356467598 -0.669665578292579
1.22999184356395 -0.0370738298806663 0.513990707490488 0.804090058694738 0.197554538742864
0.572305378431454 0.0463908907570391 -1.84905421791676 0.549089522347765 -1.12244616804735
-2.43304297475985 0.207678106014798 0.331260852505393 1.52353443308164 1.04730402450485
-0.770455884719059 -0.228709550167959 -0.712651637997904 1.7250462970711 -0.883404588499018
-0.289997410514808 0.650421224151247 1.5980555338655 0.277086723331588 -0.632703802273481
-1.05128697914378 -0.968244388977201 0.532162721272218 -0.761158722922409 -0.418320348560447
-1.30812388527802 -0.481008127613235 1.08085444827537 -1.56555214845889 1.9646519229921
1.00125268683875 0.42228802139489 -0.507200880930746 0.991305433146044 0.949607303681665
-0.00907646416917562 0.457197028692212 0.0684505290965232 0.709884996675001 -0.143939762026986
0.805727651809566 1.41116574003145 1.39106643851133 1.70068521856692 0.915714756605078
-1.39242661131776 0.5177223959467 -0.860078496282042 -0.19168091900107 -0.0566163297368974
0.180557704016985 -1.4733153595347 0.03529435764067 0.800189950512984 -0.104083150374736
2.11629756869525 0.477069647837405 2.51528486779867 0.671259943491816 1.06694122511258
0.25347867160014 -0.381269456818307 -0.256146983731191 0.660786444417774 0.403353335034829
-0.707556858428973 2.54000921118808 -0.838240672340854 -1.06427619913098 0.18568083482878
-0.89303482381303 -0.0411508686321498 -0.203755786464608 -0.0224417776078629 0.346424107557251
0.341374297807706 0.477587436817228 1.08934319387354 0.60103027572898 -1.51415879435279
0.699212345287985 0.454224477571746 1.14881451981061 0.923647862747824 1.2950990709881
2.44152839292874 1.21486315187401 -0.248904455197336 1.51497417408319 0.5478756317381
-0.47204224383105 -1.31420989624771 0.336164389904501 -0.879776012756045 -0.173176296214639
-0.0146303469411903 -0.696148414184634 -1.10624889521696 -0.548043368024207 -0.543270758509171
0.107630842834698 -0.286440824657532 -0.0500537510555236 -0.806366787241599 -1.03553518860775
0.537311766318753 -0.641938961984569 -0.576459678883161 -1.39202755478786 -0.119153722639329
1.74144095651523 1.1099008551258 1.76910029961291 0.209917211762338 1.40258489322533
-0.0875304396488644 -0.289554403998106 -0.716304148333651 -0.130734928087275 -0.0241691644515191
-0.64989613255485 1.16497628604785 2.47378613109898 0.894680695333047 0.366937550353973
0.439625310259136 -0.457460816223215 0.807237700812301 -0.613688829238817 0.131077561630243
-0.554133157774578 0.548400088852561 -0.32478913096295 -0.589740937445641 0.956460230591828
-0.217888521629494 0.283455511397125 0.00873070283742731 0.377824810185263 -0.150129910816371
-0.954327004616256 0.30343903453227 0.829223864574213 -0.855275259468425 -0.725422743176322
-0.867415276156335 -0.077710834471379 -0.0504364580994274 1.21009012907054 2.21373159275863
-1.90662778777845 0.404504007137072 -0.2104561607623 1.4493908898275 0.372721108394436
0.879744096155948 -2.10436747570446 -0.0456666885091611 1.07075823015979 0.0130888481025982
-0.605293449472193 -0.580531774410661 -0.262770726997608 0.468414372297624 -1.58352978959623
0.436323677299973 2.05563626571194 0.135971372531101 0.774572012465683 2.25622222624332
1.1697516572009 0.57512026218689 0.237178958565444 1.94558205011248 -0.307651513192461
0.780274290445808 -0.403664019222693 -0.241088502261755 -0.370883378910223 0.234537926065137
1.71672839142809 2.19859502070206 2.87795385750867 0.681381528236662 1.24858295174401
-1.16813969146884 0.69235122843785 -0.0187991964412309 -0.0679252831188163 0.383932910400655
-1.27383401008443 -2.25225971660824 -0.202401634876801 -0.654550442030543 -1.9407214868774
-2.72464378434863 -0.335812499669063 -2.06404084696796 -0.21886205909557 -1.5554681501093
0.471096593873534 -2.29193294605802 -0.0870302740969653 0.222106730151312 -0.412991777303749
0.611474297325891 -0.621342765512839 -0.66828519362777 -0.925408588277411 0.186949331434773
0.697550912377146 1.07603410364791 1.64088348865857 0.43650680482799 0.157047033077967
-0.283738132928298 -1.64356459430451 -0.745194148694774 -0.602103371145943 -1.96419495319788
-0.12481359889629 -1.00311757940644 -1.15362955389658 -0.0739788761060168 -1.30985002680129
0.410874354213698 0.552586574171451 -0.420468520201067 0.694930825879714 -0.70419661601576
1.24057034633988 0.653833019365317 1.26894078249729 -0.339246557024701 1.2453721932088
0.741463642985116 -0.0587773546112137 0.754115006387093 1.22689260295029 0.70459197100999
-1.70352094110803 -1.29002362463793 -0.816740524889201 -1.75948718234089 -1.81985038304682
0.716127093393389 0.94208421441427 1.41312403951253 -1.24649797859151 0.425400340268223
0.378807975693549 -1.18254514943704 0.489435602970776 -0.51768912864008 -0.308124383304024
0.278909644974043 -0.664712335232983 -0.344945120895001 -0.910859378510045 -0.556198733025383
-0.370390014127563 -1.48751315357613 0.0274460052834796 0.225736914453246 0.452073578997978
0.911532331275261 -0.824374619351267 -1.05655157961543 -0.817118878319034 -0.524647467928805
0.859442505296679 0.506649706337384 1.81314725388207 0.341352436474114 0.51481790201605
0.257395136383459 -0.761311246086121 1.97212948065398 0.22474273442194 1.29993615959079
0.54505116881397 0.821655099964842 -0.872438973387491 1.08095424742798 0.105266846537818
0.470045503244599 1.07968817734371 1.94468384625083 0.0465438045352504 -0.76837639213876
0.17837303218779 0.591732026888682 -0.0951335033186794 0.269411057264166 0.617370866583224
-0.662699530954559 0.0313403028282909 -0.5217818867652 -0.994559705197479 0.109173896482515
-0.0832938717337616 0.599902362166079 1.01930953652675 -0.598546339296732 0.547698966423985
-1.51746293438011 -1.91075962842306 -2.46100612345877 -2.40893762790066 -1.95228494691984
-0.525969411015382 1.72466894574515 -0.758984876739552 0.086230863630782 0.954055601122919
-2.33423625888427 0.347243962111772 -0.261866801405431 1.21811725741332 0.107152240940112
0.46036953265656 -0.652636721522978 -1.52733649501816 -0.248849022713736 -1.08692788650963
2.01931577906236 0.432857173001197 -0.547753502852605 -0.269023791745296 0.426038747097164
-0.106707132021515 1.27319559956436 0.788329691516193 0.351175726364279 0.626914211794417
-0.633428268624396 0.922539117313491 -1.08325906863433 -0.935955924323571 0.59427995557238
-1.52243537906314 -0.469440526881152 0.45505335149663 -2.82211924366698 -0.742136659570456
-1.16393236847064 -0.15717370733648 -0.523288034094775 -0.0751951514263227 -0.545431493790382
1.11323239935327 1.71113335015298 1.04133544809537 1.10666138799676 0.881839613438078
1.02980948620924 0.180168332819061 -1.56656906827903 -0.433572532298727 1.8688964867959
-0.877882471900995 0.705044377938476 -1.26692041793176 -0.439112502568091 -0.569293919949326
-2.37164753901974 -0.986002294023016 -1.62914173616337 -0.351052320007138 -1.37596887715323
-0.601501134840853 -1.37776872864686 -0.68543203902866 -0.0613472574039192 -0.0543073357747006
0.177204033166759 -0.171765651143661 -0.316878108245761 -0.540674754863004 -1.00416326507415
-0.418350994209457 -0.00674122647714869 0.0163149682724068 -0.00495672600702585 0.286110346406161
-1.22593129844955 -0.706994983200169 -1.97998688236113 -1.51146906993096 0.18266533278829
0.0372142482629457 0.0968953022527853 1.75278662567377 -0.314743036742856 -1.13444041376276
-0.361050906166582 -1.04300161989914 -1.08330111020686 -0.115899570009374 -0.185981619114334
-0.972573107688974 -0.521906222994097 -0.670824490549213 -0.136250665131073 2.15105324188583
0.629527180764822 -0.00875793329326613 0.701050968885363 0.389373977481338 -0.0786150373837079
-0.726954856553235 -0.764057958847022 -1.63009650782411 0.858916532790032 -0.634578014801814
0.285175902189289 0.751868144069172 1.5244223287783 0.326550936083701 0.870534273171178
1.47131328148338 2.30094152869215 0.776541085715054 0.939685647845731 0.896343685922231
1.34396918778882 0.698738713496551 0.73976766902141 2.22401744565938 0.388491432874237
-1.51243568683694 -0.314345781394281 -0.289769174409578 -1.37972680670322 -1.8622266461308
1.50352243948002 0.225675120950033 -0.57103745359633 0.360606288676005 0.538637167740011
-1.15934894015179 -1.66486349914077 -1.2681473467576 -0.316274006672137 -1.63633639168486
-0.553633070229915 0.732227824633249 1.00772021762637 2.99054871246078 0.303997886394006
0.895294826935471 0.519264259921841 -0.874878817356645 -0.206303381720671 -0.376207884502032
0.204661477899118 0.605783522807582 2.12722286324642 2.27827458464406 0.923803515555629
-0.545796444191851 1.31852322306111 0.595157534840458 -1.1960354770737 0.870329726783433
0.0521516849826545 0.365630302419047 0.277360551668579 -0.126652098158908 -0.285263635914216
-0.800661711429634 -0.990163841667566 -0.8020964494318 -0.313221540068911 -0.175504043157657
-0.783976281269314 1.02805880910988 -0.287404161292058 0.151695321838074 -0.655465984947731
0.594293855801994 2.05878730844517 1.28094881862711 1.0680829019444 0.11639681743931
-1.10323859989343 -1.81006470354024 -0.0700792835294979 -0.368771325161732 0.360117454113686
1.1320963397517 1.03109438560362 0.910790825175582 0.836093732575963 0.303065355076465
-0.305106008013468 0.365731862465276 -0.1604070927924 -0.854135188095716 1.81353617334573
-0.183447824830242 0.849639240386261 0.470839005553173 1.86553522989921 1.20241363380758
0.206694882599681 0.263825776914505 0.0115142906766367 1.60293153144095 1.65912243647173
0.366725461162828 -0.195497329164705 -0.71986129329684 -0.389685776915056 1.45683125211698
-0.667818784579402 1.19318412302669 0.238851239280355 -1.26714643285354 -0.340707449212118
0.212700091366193 0.312785894559249 -0.0880248491941365 -0.0650152533024872 0.338783275264836
-0.415844309274396 0.50395788381991 -0.240181782535116 -0.273079557393035 -1.1768362571252
-0.793955299815463 -0.277185733230997 -0.356327398535686 0.521366570246374 -0.967530361597983
-2.29909419231029 0.344780834519383 -1.55092150305001 -0.245297597734045 -1.43024341404853
-0.709285318031948 -0.152697185832564 -0.937455209419826 -0.58256811503284 -1.36923908523457
0.226002097081235 0.0682119234731511 -0.399112286457094 1.04506830878681 -0.958587029360138
0.848068742757198 0.345895260401881 0.962701516844882 1.04616859021567 0.490763940000831
-1.00590685125498 0.133534287581175 -0.340554774372783 -0.922777101871487 0.199613109629968
-0.517791970325125 -0.420627845624674 -0.970865983450977 -0.0407408827749843 0.971820238553657
0.000461986154566885 0.172302510774801 -0.836492791430595 0.276891734130142 -0.148187888257205
-0.95525862139253 -0.444596867458525 -0.19922610674206 -1.66206773259294 0.233771982453885
-0.300037692893561 1.9246644855883 0.758522359835294 -0.691004316227367 0.00814045744866337
0.262573282354858 0.462848055763264 0.665419256450448 -1.45285416462907 -0.222072598172118
0.591071923196204 0.494924735809726 -1.17594558423105 -1.37393376666306 0.383732638471098
1.2561043893758 1.08999439902566 0.246031342672467 1.50014696457874 0.394450891494918
-1.70307277295486 -2.71818963976865 -0.682510000292995 -2.25838802967904 -1.00579528528693
-0.219755586565134 -0.803145440470187 0.0850704218754096 -0.911736284674912 0.455410983469704
-1.16854575709566 -0.683824768450703 -0.740440447952208 -0.446900555834792 -0.0378102788384805
-0.980730915343225 -0.962698787111899 -0.689620102207526 -0.811525124584332 0.955363943944157
1.08200441108578 -1.08241595345264 -1.26451377253611 0.663184415767586 -1.46416092723976
-0.109376001714158 -0.47431092184587 0.562296397364865 -0.710127005523011 -0.964173857552024
-1.77570743919001 -2.39680156361545 -0.867732095398705 -1.09909491918882 -1.25981453097581
1.4040115589377 -1.31631925824642 0.391460797834629 0.426818249387101 -1.69033650573201
0.305230987317902 1.93704622660997 1.21627026727129 -0.28287339809594 1.54362626124822
-0.485042935106742 -0.743667230006406 -1.10811775297784 -0.282178215010959 -0.662335684805376
0.217533425873043 -0.609339902947782 -1.22693840756307 -1.93477761494752 -1.50210833123537
0.838996738154711 0.833808650481079 -1.20471122411364 0.400055134316962 0.880029460844301
0.08288143669775 -1.26511193827867 -1.17194072576006 -0.638513373640774 2.01363397923989
1.51096363386184 1.221383969579 0.466128583178521 -0.773824469720323 0.311994230592645
