0.795966969836716 -1.50212199768462 0.354349936996633 0.191955658610143 0.584313924320865
0.468279665445552 0.329049565306551 0.541088088645435 -0.554825514604449 1.21578203596973
1.53169894039781 0.28822668364405 1.50533489227519 1.9255121061335 0.551818074906207
0.041324528599496 -0.489326572037073 -0.301857463511722 0.845626754396878 -1.1252362984771
1.42972278524319 -0.0867172469890339 -0.874924793541564 -0.324087854948739 0.642570199845153
1.2077079775208 0.447785200418099 -0.9994691632472 0.645985539464213 -0.699328322850962
0.705434524428973 0.321294040393302 1.75914252295787 0.592637441076198 2.93731421648515
1.623893336344 1.67617784507905 -0.667535010488534 -0.530710448892884 -0.608387327214182
-0.271711460796201 1.23635350551278 0.428688576881425 1.26988195895865 0.0237529574093635
-1.02187337937907 -1.59737351489272 -1.85805069078637 -0.754598155218423 -0.825669866423355
-0.867135622903898 0.751856934643428 -0.418977959410798 -1.48666790703813 0.0105264828792114
2.13368288420536 0.44032490816136 0.171346597834676 0.989481579266222 0.300729776099201
-0.73821109022665 -0.743470195219303 -1.10144406489004 -0.895633019016724 0.873932689752189
0.615216495999941 1.71353029293731 0.142406024864291 0.941352206829922 0.440718504227947
0.919480632012377 -0.461102846444218 -0.0100530704706695 -1.33557710538917 0.173865261469021
0.736064097352416 1.36542767991124 2.07404814616702 -0.341727298028641 0.884697611529111
-1.95619731064531 -1.39311069875053 -0.867711733317392 -1.29628304409114 -1.43098502589676
-1.23942269276691 -1.11090447459726 0.497929469334036 -0.44403097429129 -1.05038275229077
0.608125195115673 -1.13986270489745 -0.566042558966244 -0.224353836515095 -1.20728878974296
-1.20979524562372 -0.696952589530927 -0.0294044624867732 0.643139784640855 -0.792942441715396
0.239435198719202 -1.97063250783945 -0.818660633805585 -0.164628764104404 -0.902282016152506
0.389514628171009 -0.226210487766065 0.281505562860089 0.230255333337099 -0.818891969871297
0.932542000621583 -0.00113077416023442 0.504854020386819 1.94616445301459 -0.876277763068562
-2.3283508161848 -1.63167482570939 -1.98505002172428 -1.95224485012222 -2.43256156882557
-0.70436118563011 -0.0606420438389292 -1.2274077469861 -0.740145288533905 -0.212719065330082
-0.231910467323848 0.815504187949052 -0.37821799918832 0.904330035665061 -1.82590773098322
2.17820000912697 -0.321315678502044 0.853098403169915 0.732702365421934 1.00482306215198
-0.092231130665147 -0.210442426419931 -0.142262976878489 0.157943927571978 -0.539628797397592
-1.00682199189338 -1.17589491665315 -0.919624860159854 -1.03245643430787 -1.20222476453799
-1.76844271599908 -0.979753120378789 -1.4659405158548 -0.338423521394642 -0.958087755004252
0.830580709334447 -0.810808829408664 0.615439322107506 0.788234533435674 -0.828762254639594
-0.999821071051584 -0.832178397902583 0.0535059106919404 -1.51368890551403 -0.858594520666184
-0.157806081713226 -0.882637229067946 -0.273358172482887 -0.056752884957721 -0.968788254576365
-0.584301641147186 -0.482616628730275 0.00525524510222364 -0.840846857089896 1.16363419865787
0.801206444387042 -0.863621367119297 1.01832611470009 -0.544797775202105 1.65891198873414
1.99473367668239 1.42929788771185 2.78310005647548 1.58357843578837 2.37053136891302
-1.31396423997231 0.524151313747217 2.02326125263759 2.2649026769944 1.99669504179751
0.960293234621069 1.82825310816194 2.22173554497225 1.40967500655915 2.93673676704498
0.438295183164514 0.222162634443183 0.180253323178791 0.724720603925446 -0.84262393194785
-0.233901909564217 0.857094295204456 0.196890582682402 0.122032454095396 -0.899098279515023
1.21436787084105 0.590062059540557 0.176863533272797 1.6760454014872 1.08046573786398
-0.351127278089822 1.02210684725318 0.0577691053662163 -0.0160472108406295 -0.842179420635216
-0.0228838325065368 0.241380121824814 0.815078791032356 -0.377761401945351 0.738099413810232
-1.58616070348801 -0.900070780010565 -2.4749578515852 -2.51314989830973 -1.51816799984839
0.220665442287871 0.117566523362557 -0.272040857300178 -1.26121763459904 -0.148293808619151
-0.37322752541406 -0.0724510097012255 -0.796703815493004 -0.363132089831076 -1.35355680444447
-0.104239217158844 -2.10039687821676 0.251035890980705 -0.546511010334887 0.499367146375515
1.08111786097083 0.583610127009942 0.459032719765656 1.09486131613741 1.19794600837633
-0.260271798899306 0.7125428155228 -0.156870316550421 -0.209661183442958 0.173567653145745
1.32989341606853 -0.142299391822215 1.74950930370682 0.657222709595376 0.163916418497299
-2.07306971050054 -0.790994059428607 -1.80276301191664 0.342918529631593 -1.46853522299165
-1.16897858765792 -1.89641985545937 -2.81602825931282 -1.66262067175067 -1.90947500591185
-0.959503251303508 0.371528140794485 -1.14976242341255 1.18455016605296 0.0185665679683296
0.259642076221021 -0.93160049359361 -0.461974394105807 -0.364462084033012 0.669893687347587
-0.185391455257809 0.0882788014067791 0.64744380036874 0.295004735062725 -0.362048047604077
-0.954158052476266 -2.22807597560749 -1.49191108419135 -1.21217361272043 -0.211908950098379
1.05024446228756 -0.0883567034593115 -1.59988770840822 -0.707357938696499 -1.75904212485213
-0.934432993802429 -0.0939644930321131 0.704876385950828 -0.159112938101376 -0.614623459020323
-0.730891837533573 -0.184915456974998 -1.32127308812599 -0.182115761636388 -1.17807885328
0.412313763275641 0.55563697535115 0.174617324547096 0.43648063890844 0.585936337127422
-0.276590598299463 -1.39038328044634 0.468390433994583 0.179692136236775 0.842123375400362
0.660623782012014 -1.65392747946671 -1.66724247903292 -1.65169236290141 0.273731367235157
0.470450271549473 0.154684047123896 -0.136617666953365 -0.521075049783113 0.0606762136367752
0.794995631262197 1.53921287457663 1.48734572962722 1.31100075246476 1.05782616714562
0.898149807862593 -0.204408775771115 -0.623295744731218 0.567501034277449 0.00516436975995782
-0.549737171775441 -1.0278943643818 0.208553577038148 -0.966183016338339 -0.508669841948986
1.84062308443001 0.458622830411831 0.973481785912524 0.341845597435632 -0.60260208552012
-0.746115004842574 -1.66744543399414 -0.599150420942667 -0.32663212034308 -0.562772021860997
-0.607653760738912 -1.92108474378259 -1.89071514506398 -1.1229761400176 -0.707557050897076
2.60817399298544 1.89408454354383 0.540651849714358 0.408589358309322 0.551839590419673
-0.63030725209738 -1.3486741873874 0.542392205404567 0.392795929790218 0.888118135975101
0.35228028033038 -0.210416213921287 0.913210565653997 -0.121661682150375 -0.637560642787298
-0.433662043805546 0.448195541168658 -0.595275256119464 -0.821773683566447 0.14640027431814
0.62760162092769 1.27241305491829 0.0991589660655017 -0.674279456401325 -0.00925245665000909
1.42282960142808 0.216211231873328 0.897307163549893 0.636723277438083 0.591279193435934
-2.12910819334257 0.897944511850297 0.844890565070921 0.137663694180308 -0.473425156063672
1.55582970386849 -0.707289586505379 -0.632517989424677 -0.8868441293107 -0.15900854166587
-1.48151816837976 -0.330299221829951 0.0681842159060917 0.664250318922396 -1.67176469345035
0.476776209528047 -0.51897138912163 -0.959952122737335 -0.40996614237053 0.708625219653743
-0.0431295484566561 -1.49909348916279 -0.651113063514044 -1.40209354774078 -2.92130867227103
-1.33550223712644 -0.389984079528963 -1.14462967247795 0.558461002626221 -0.255686560953734
0.930177116672197 0.36197629368802 -0.0577129643377155 -0.329526296073143 0.669296671901429
0.0155988581285371 -0.98050838543651 -0.985178304159735 -0.166366830292002 -0.627655514566362
-1.28290988975731 -1.8536950318493 0.0634261703938198 -2.83664152931868 -0.642091582270502
-0.965153335896356 0.465518442956118 -0.0109819000684088 0.416754733464697 0.478404168698944
1.67166142749655 1.77246730508578 0.481770899649448 2.10401602665006 0.627487476441607
-0.699025530116173 -0.758949110061948 -0.193807179344814 -0.0510734588452745 -0.612722918532964
-0.00383882497176197 -1.11106129997794 -0.734274613981463 -0.626570297571037 -0.779604753723112
-0.397462097696596 0.154056514278803 0.989019381603033 -1.28328235685226 -0.177563267340182
0.601311043575636 0.338620959663426 1.160683325884 0.787012669600897 -0.731782888820523
0.566894106503121 0.546212985967272 -0.598886607620275 1.28612334172028 -0.330744861444512
1.54443750000321 0.775670253601908 1.42586598016996 1.4633817207023 2.86932979673525
-1.90744092756042 0.122524611812631 0.478523949585986 0.17259139654656 0.544247954592523
0.882294513390063 -0.0459058740207425 1.41169400847395 0.850835037752432 0.482984564672185
1.01220858160094 0.0234252692177494 1.30788619580567 1.25811038299244 1.79642151708581
1.86616190887787 0.962578591132266 1.77276537424475 0.749585253522882 2.4434178072405
-0.226591237285735 -0.493184684364684 -1.54819103584144 -1.13881671230139 -1.35068690720927
0.173949110517664 1.58165182662681 -0.808688631121681 2.10452600041812 0.700813855509003
-1.31736538126616 -0.710280773034953 -0.708163000000197 -1.76968757190855 -0.216554260025214
0.733317979146103 0.38644002438277 -0.27200507314524 1.64981036197922 1.02803204836989
1.56358326896792 2.08953016198575 0.102586456064338 2.08313176319709 0.549694238839333
1.82732199867395 1.47418763322798 0.818778855109337 1.08639645361173 2.75056883529068
0.384683833460611 -1.30625089347376 0.164100294957425 -0.647265542307754 -1.28625888050419
0.369290312282544 0.819367404335806 -1.18155264031756 1.2855193955747 1.30154608561549
-1.847189028277 -1.52473936283186 -1.90564010832328 -0.947343224960415 0.653079376590092
-0.392070312689007 -0.483942323248777 0.224394943645749 0.48081099820133 -0.61108640493536
-1.10501170387475 -0.834086545451959 0.123026918333505 0.668860591582767 -0.417197353271269
0.756259127129343 -1.95397059657145 -2.27014581336495 -0.761595483649394 -1.20489374260863
-0.0703914347930089 -0.637480948257391 -1.14716031818705 -0.895139990092489 -1.61016920411835
0.749264770579669 0.485233804548502 0.593835922325013 0.039955205486224 0.364978635279165
0.126522756132314 1.16175982952744 0.502788565823936 -0.741122414774695 -0.216993002276024
-0.109215358766179 -0.638299582180093 -0.500365967693547 -0.00135958218343499 -0.451232737037488
1.70576853468936 0.21497539834732 0.0036134877020364 0.565689404361458 0.312280561263083
2.0992473849256 2.29373560319872 -0.932807208279156 0.454086896183397 1.71693427755535
-0.257742980838959 0.462168827293084 0.975611824716384 -1.29793214648782 1.45565419520939
0.784795674877911 1.26625618003737 0.917033501415862 1.63649378669224 0.86183607415018
-1.60352998337024 0.529257352014987 1.12590815543209 0.117680262255971 -1.10938512270175
-0.896556184215763 -2.10211921472754 -1.10691257467055 -1.1190664054424 -1.92115509503679
1.19286403591185 1.77793477030747 -0.351797770418926 0.807422717332862 -0.318632223973103
-0.647157698563705 1.15787997054549 -0.0968953540160509 0.240837460227283 -0.265332859581605
-1.32141712730126 0.597277388299871 0.248526307437887 0.655192898555561 -0.150645447755049
0.148280420148107 -1.04118343414958 -0.939526298558145 1.26588164174264 0.312726293120266
0.441777362177634 -0.0308505698591789 1.52161150034013 1.2727746089274 0.33101193884181
0.161807837062719 -0.173287663989752 0.140035106296206 -0.474242800974539 -0.340094103473915
1.19243551435515 1.49204361973498 0.79647185179831 -0.159895944049624 -0.0602475329438419
-1.12507047221283 -1.83371408772881 -2.48990788990143 -0.299456990930122 0.15052667456092
0.887835426101749 1.36608369600969 0.780237472991356 0.783101125820853 0.556604693674036
-0.462322717891087 1.44074005714742 1.23023153769315 1.41679782868455 1.54524933114437
0.178620928276094 0.545844476230607 1.48958059588691 -1.25290234019222 -0.107141326358868
1.23710811034645 1.20269489141913 1.78893677099423 0.230234202883954 1.17375971903338
-0.077264669217346 0.11431398308483 -1.52041196694552 -0.906450832045193 0.310587652984154
0.026899805966345 -0.200720541195474 0.110183601005325 0.844836670634362 1.01546883010214
2.58497433334497 2.74804775918717 1.7179107146123 1.78207724044532 1.11294927403512
1.34904214898392 0.966750304968614 1.02919570227646 -0.0220897958072675 -0.700689406682364
-0.484680453863063 0.170607136484789 -0.637738360992328 -1.61217839554704 -0.401257346709516
1.08268555061481 0.422219465326902 -0.0740274085022631 1.22842949471808 0.413581163027589
0.902012253103013 0.624757397964784 0.046773116943974 1.58468577230777 0.469350107643094
0.22172660800465 0.74919432907077 0.183371841874635 1.50675528875358 0.449172680913137
1.86949817681324 -0.00441864191444333 0.823201758652003 0.839156900841898 1.30185172391902
0.839710976561355 -0.374078478304714 -0.623338327268842 -0.757646921859606 -1.47514281163403
0.0957707836015607 0.664723985882206 -0.940639357631271 0.24985523041567 0.439276304013441
-0.139820851431208 1.40544585477863 -0.21740848849437 0.922611954203086 -0.589646599393299
-1.89975709596642 0.265011382947492 0.0339506113089624 -1.86358377345034 -0.872628264472626
-0.0297787665185342 -0.195565379223886 2.00124700486002 -0.738032195345217 0.336773275342164
-1.4010302785943 0.389537885238836 0.628174089510343 -1.18613924967018 -0.991931677657296
-2.64988349723258 -1.82493245993357 0.298917984183366 -0.439073267105505 -0.630751565740572
-1.06387333743648 0.915299915986333 -0.14348903191654 -0.656005077322365 -0.572551842667508
0.626385531078715 2.45375554595807 1.41500433675491 0.156252760978749 2.44821826893908
-0.901729529891452 0.761008118385232 0.27872773435758 -0.0511158695188001 -0.830211739426897
0.0445019060435366 1.53015610138465 0.320366891020291 -1.35111497084387 -0.420522985104087
-0.282355859224543 -0.20535954267162 0.293165943870419 -0.366721623143608 -0.872292593410817
1.0127915255184 1.8178918115128 -0.0296936804412807 0.592949937249576 1.81180492241378
-0.838840247664834 -1.65269468067271 0.918928407666345 0.861507080260291 0.493849385669348
-0.170029744045363 0.624208871097066 0.602285173813244 -0.822329353129939 1.64202167173807
0.657950977791088 2.20945155855084 1.7858699172063 1.45275199715822 2.03763253745552
-0.910388928879302 -0.683497066507253 -0.578536576701057 -0.0520621027573057 -1.55286911898993
0.804118338015869 0.170758560950431 1.11408787184828 0.485528352236761 0.426707097386435
0.10555488704522 0.31486557196164 0.0197870984189624 -0.190836543824564 1.76132996719817
-0.421046341928129 -0.369716965228501 -0.580953859885554 -0.554863849338529 -1.52189547681635
-1.43658733246311 -0.328030205045792 -1.46676241340382 -1.67057033773453 -0.550284396330577
-1.25179141354809 -0.33486126402666 0.323185137842025 -0.544425416679863 0.0740107510094477
0.136721611414805 -1.03289919741445 -1.2328721759269 -1.0969930828919 -0.493582006635512
1.07844371870306 -0.827771362821144 -1.08568417375173 -0.100643472111531 -1.58981302777372
1.35689920590586 -0.444841137842347 0.699588083138034 -0.176059217320145 -1.83704572209281
0.676525893151766 2.54817762698994 1.38876549279004 -0.769376450649943 0.487763786773997
1.4096866169007 -1.61342335827712 -1.61021884301995 -0.762022855602485 0.674968836542035
0.546646084143251 0.546849005740392 0.117997200598687 -1.28529119508922 -2.06490875517974
1.12604735171301 1.08971498763243 0.674393952351837 1.19285897292279 -0.837339598601215
0.661188086425203 0.0751415622311764 0.437927035799021 0.3057347398929 -0.221232320479521
-0.254244771986527 1.33867040280385 0.170135858648119 1.30341471698668 1.82157001058835
-1.02682409987767 0.266482256309073 -0.109353801248702 -0.59982850752327 -0.424001204490939
-0.481752493225042 -1.29799589961859 -0.793474469967589 -0.640264691742005 0.188032924541558
-1.28911323074597 0.273093116876878 -0.461902985405757 -0.391774812372013 -0.643474298444263
0.600234147777976 -1.15887966176591 -0.754657905423912 0.227257812476939 0.926271902774842
-0.763445208529772 -0.428180208507703 -0.608856405419528 0.143881261337285 -0.43743728660685
2.26992873383205 -0.623376004872621 0.823854102772393 0.135181995329475 1.15168852347124
0.190994581604869 0.0411356325744175 1.18508930994156 0.286339826758296 1.72595252797795
-0.33528202617911 0.117732234466759 -0.844948451583822 -0.574165817463242 -0.596331747123002
-0.439011219088863 1.66745056154646 1.64061747595344 -0.232189046843876 0.259346989512062
-0.818180120836222 -1.52472491698365 -0.719982715293787 0.357197069654406 0.178579091525521
0.772692142973502 -0.963588702683799 -0.0507906380574662 0.323633811714191 1.09283447311412
1.92749296664409 -0.744973904875427 -0.000711823744780349 0.030117435242564 -0.510611724162084
1.58375962482201 0.640623066591683 -0.768879205420938 0.980429925359749 0.722138206045548
-0.679506810412737 -0.321802995132031 1.70797918690848 -2.32481815622489 -0.464274024541759
-0.905203104890147 -0.288134826152049 -0.481750855810327 -0.394751303152 -1.09194408591609
-0.239489388626762 -0.127710919653519 0.866274288126099 1.19104842966079 0.637544694988263
-0.447183153273347 -0.684499956158241 -0.2938678475763 0.577920081396779 -0.275742510203905
0.447943566064896 -0.557162723999335 0.0878766417559846 1.167365117911 0.397512171396196
1.49192732002118 1.57419295826927 0.375761948349685 0.150388402549516 0.626776430178393
-0.690177811603174 -1.09480625876288 -1.85939079541773 -2.89321582848897 -0.659448160668849
1.79035383327098 0.983726752829088 1.13232919735504 1.6588006807849 2.2026669942159
1.17568918620779 0.28954116300441 1.41877431064071 1.60945078098575 0.219862527144422
-0.560260999800855 1.1897588775248 1.13610019372618 0.676096977723799 1.20032681453241
-1.45619166787953 -0.571716579038614 -2.05948070733595 -1.43841028293032 -0.678948557260517
0.78363699541552 -0.163185695842825 1.31860914920495 -0.910697092575538 0.928736885712736
0.840460866910328 -0.0315579928506445 -1.28512177617914 -0.912775649717608 0.331045185140003
-0.408750718504408 -1.09825339077565 -0.683609424425823 0.982068399261153 -0.641740819718474
0.486099311861161 0.550476341219095 0.994158355100471 1.81382921201378 0.453915541191918
1.3034508665498 1.59778944395609 0.264369333081312 -0.423139968253271 0.481494754349553
-1.39958696161883 -0.171901238089542 -0.951935366526846 -0.569323883033522 -0.915010337493189
1.38270070190253 -0.490405422302395 0.755562534710547 -1.13088792390438 0.866884149014289
-0.523522924542174 0.161216399307712 -0.408876839327481 -0.982778868054279 -0.638284602041091
-1.40906545839542 -0.513219924792954 -0.0104575862016054 -1.45156339494681 -0.101669147541512
-0.96658627742529 -1.48698525513015 -1.66156318064878 -1.6168992966179 -1.53690733310645
1.3632067158396 0.677054724917961 1.53389161200207 1.14345213356417 1.12020216102325
1.05373371743875 -0.189918705063489 -0.238920534739234 0.108365764422491 -1.52156216622254
0.985293016977489 -0.0671650874458351 -0.399077917881226 0.43660389931732 0.802833175315273
-1.20268157976912 -0.458697112451151 0.321457871656343 0.108873584611663 -0.447991588374663
-0.0360966022434754 0.195004333441454 -2.04993407920766 -0.0910692373534812 -0.466147220641761
-1.15054048675554 -1.20230466223785 -0.742212158662656 -0.268215579200334 1.00962516965453
-0.0379748666179177 1.13275770286177 -0.52290658032453 0.317068007243711 -1.12033221799487
0.587418361152259 0.82998070766532 -0.62961419460652 0.702303331092825 -0.38348088364904
-1.88339091323198 0.796781332290183 -0.543278928186443 -0.975012661226212 -1.09789874216085
0.951326068217582 0.107031564946671 0.588821509271476 0.84708664785096 0.806020246017818
-0.516812653690666 -0.892152967897924 0.632360335292464 1.45011609440647 0.0249611904876862
0.146123447030564 0.602524418240207 -0.247943137308833 0.173298746107107 -1.64423050167401
0.177305490261055 -1.25890649662143 -1.31880238534833 -0.374052449437836 -0.545603881429559
0.0386296751952816 1.09626424113316 0.943508953457193 -0.649120212036383 -0.202532388783223
0.906523044291571 0.492011807612206 0.384707959041832 0.274615303758074 -1.37566981879423
1.0279735506968 -0.36681072990042 -0.838506316060399 0.158764669960856 0.0421063021288709
-0.538387372476338 -0.819506311421691 -0.287900385203502 -0.137385572020085 -1.19848518565467
-0.911705494483135 -1.39746694345597 -1.39872203344568 -1.53457121982889 -0.138015851648893
-0.354332780988402 -0.673981436160009 1.84437670141396 0.251509139565418 -3.55966214397621
-0.569680117209065 0.241829131385262 0.732996587540824 -1.46836079460389 0.22654137585847
0.0689983139602771 1.43534020048797 1.72384145341469 0.814572835477728 1.93750116928916
2.1103578945293 3.45387012815166 1.45449430591173 2.1605079550821 1.33715511921566
0.486666623026227 0.27828507645303 1.21573558589341 0.139266173241646 1.66578181799769
0.181798579821967 -1.25409972708538 -1.48082296372732 -0.83074970363445 -0.0153004447460898
1.11836767740968 0.285033095516742 0.898439514394178 -0.131573360079766 0.893892758181853
1.05489759102038 -1.40318046178679 0.435267175591815 0.34750665758178 -1.20668690450732
0.870972337968659 0.177629818691098 0.925328001833913 -0.13052183372734 0.0776424101976834
0.548068368775033 0.838963243260505 -0.330836040778219 1.30624911456472 0.152843130474153
-1.64483072339632 -2.08805184461015 -1.69556218670633 -2.31078906978201 -1.83892542678699
1.35649674819996 1.26551664995128 1.80384666162195 1.93234722530689 -0.247701201471713
-0.467901030362432 0.23673599844549 0.52400545433555 -0.219587097415482 1.16794579233298
2.15156804513565 2.10972958486755 1.70028952037463 0.761621797863972 0.541146764895618
-2.13693673588075 0.123388143361692 -0.087140332679443 -1.20777366735334 -1.44163067997151
-0.944602844327696 0.198872231753201 0.0284654261792716 -0.0839811434542185 0.122936518851252
-0.255957459240218 -1.19570907898394 0.265296485955085 -0.816152852011601 -0.813120132358583
0.724282815215694 0.108793396958544 -1.14888655401131 -1.94811096563175 -0.789430670131147
0.866131802100956 0.844254083816562 -0.399729734206123 0.273225341877703 -0.0893371450878959
-0.510654102750318 -0.934572791378814 -1.71544313224034 0.093146176424805 0.388758204916596
-0.481403143326833 -1.807626405784 -2.57146318078774 -1.22809246783953 -0.687806839933352
-0.835071408500814 -0.509922906761753 1.35947634621875 0.35873826673461 1.52587468441715
-0.719063333385037 0.126983763061991 0.255045404673821 -0.706052353458802 0.899652887726013
-0.829010585291189 1.53066243522791 -0.715756228763094 -0.177982431038264 -0.564347027583799
0.226952187682635 0.975165796964354 0.021922632085115 1.54216156361399 0.736502299746245
-2.94117619736217 -2.00832768251624 0.00547209531123292 -0.773713176836818 -2.17892633027801
-1.66958008203868 1.10232872673439 -1.65351525431954 -0.574929495985429 -0.0115080636583518
-0.0697389421422141 -1.42600574403975 -1.91409585098946 -0.522683569013697 -0.378437707386702
-0.68873944424294 0.728000347526931 0.572994360233408 -0.0299383137857963 -0.196955729250506
0.720177167666228 -1.09134906793892 0.0573826443899282 0.961748790442899 -0.804385248581276
-1.88906275497944 -0.270771398979545 0.326126935985137 -0.493508001162096 -1.74772719295284
-1.69970421587283 -1.57080732054841 -2.237222395312 -0.35236243249046 -1.1458802195443
0.396564181862961 -0.886205866179836 0.28587940851198 0.513376754439291 1.38810394568221
-0.104602208752095 -0.742051176100107 0.641965229202022 0.610170545820052 1.21529029231677
-0.0413374554458358 -0.268019280710408 1.39117556355206 1.54528159211113 0.573639847567897
-1.33990213789536 0.327342928090825 0.388504563372709 -0.151267583832095 -0.564841693856025
0.285029723441825 0.592868070832636 -0.602128482766845 0.589518740358655 -1.20039368063441
-0.620436321858116 1.14003381099296 -0.753282034351975 -0.147231143565622 -0.0674704976158478
0.330326390042535 0.161174170670761 -0.826491167497001 -2.08167454545181 -0.0952945549074211
-1.21681074342606 -1.16447913842705 -0.927573969002908 -0.35143280301 -0.295446089168754
-0.166589027566752 0.649871569442765 -0.915907934368601 -1.14893609496202 -1.24994973483886
-1.13138896948246 -0.0593366389593574 0.0793279910979212 1.00621678614262 -0.247148081377726
-0.043632042437363 1.62865647440846 0.193861264152281 0.129293203864458 0.670197372808551
1.27819030121407 0.923201895620664 0.719269347647513 0.322590981659763 1.27569998142936
1.06828156392326 0.254936188833898 1.10872680328188 0.368686531626235 0.0908251105085338
0.167210105794084 -1.9975298585457 0.063667921495998 1.57505310142524 0.0984731957046549
0.907522444339055 -0.968013736004412 0.764653864160577 -0.154526595942789 -0.611987784424925
-0.242872184658844 0.955752536033181 0.835856912124293 2.71161012825245 0.421946587210087
1.91474536341153 1.85453345984844 0.784623026632398 1.75089255656531 1.83360349767011
-0.249378670518891 -0.454233316772207 0.631365523248311 0.941500888471534 0.315804495114983
0.0950955266844841 -0.430587699425894 -0.076097991516125 -0.955815265625133 -1.36581330219786
-0.387068394003489 0.514840036640409 0.221949523094427 0.649732591371754 0.620754827002417
0.475759698488989 0.320577098289792 -0.168415632965961 -0.680317657972851 0.778652461297262
-0.889547560935223 0.334801603402869 0.484002750884222 -0.670619994055535 -0.585133710075926
-0.865850646663249 -0.334514940253019 0.394330846084397 0.919555946805485 -0.242786200385015
-0.359160037239403 -0.025943304429248 0.838910501862625 0.975450409551375 0.754022737727309
0.0955246717911929 -0.118200610876016 0.0933805805633045 -0.259465147051466 0.46009045919242
-0.530165946192102 -1.70258908324056 -0.279597326449451 -0.241663392090239 -0.311480253183887
-0.543755102337377 0.859902362614213 0.536033245314032 -0.0963185289235034 1.26803715583111
-0.356694944348138 -0.949536021908636 -0.205633868888743 0.598894307407917 0.655173640071473
-2.21124082863373 -0.341510940711785 -0.456924254980669 0.617375822697494 0.641045531670339
0.221242601217043 -1.18738218323424 -0.264043665610308 -0.732234962293837 -0.737703814932799
-1.16352448216889 -1.30969335640636 -1.06772520809342 -1.76770326961107 -0.48135648343657
-1.57207537168814 -1.01870046812107 -1.45920669160079 -2.44893346270562 -1.24867597818838
0.930663107379256 0.755836382475737 -0.254288541442712 -1.84598249974469 -1.23864365877964
-0.588922547431116 -2.36972914370528 -1.18554582780853 -1.54274436833154 -1.57563911000733
-0.426392639142047 -0.852084975344581 -0.390485735262406 0.654081519929525 0.181402039715648
0.538997572284253 2.22470900541036 0.535664147609179 0.39400984870081 -0.447517992981046
-0.0166341943648678 0.483496259429857 -0.551808338265537 0.148133569848766 -0.993371821622438
0.955284563405104 0.0332292521432633 2.24549456571243 0.010085875071879 -0.461230946536458
1.06421872473032 0.4184463352735 0.7401409042009 0.540369087672025 0.359035926805482
0.961604893439204 1.25334416454534 0.424365817072279 0.430715406699698 1.13217879488406
-0.366140640341109 0.937768547214362 -0.348524877371122 1.15804912750849 0.751060678324742
-1.26726407127947 -1.18062444365074 -0.495211509894842 -0.971686246055004 -2.92544163320015
0.843170808422366 0.280357628207866 1.08067181824424 -0.190739019970537 1.16456290534613
0.586072064644338 -0.198613997651474 -1.13242985146629 -1.96485914889472 -0.831049779225145
-0.36837398272443 0.12903869830567 0.760825586444331 0.58946925614309 -1.013059520586
-0.019891297477867 0.233475392605905 -0.274896706907998 -0.145454529925021 0.141652997684193
-0.892767656482529 -1.15582042466145 -1.00230970110241 -0.519541655655811 -0.315717822353427
-0.898930359211412 -0.885643592256691 -1.54519003451616 -1.14803139267829 0.749100662084507
0.296190889840181 -0.584771667877395 -1.85446300876728 -0.150360711726446 1.62535749940976
0.820429146569835 0.584414381837931 0.0887287825097803 0.830405617239365 1.05101339408031
0.393624883562238 0.10487089647495 0.259868241284977 -0.49105186717082 0.448532860031323
0.594093620634993 0.0525525565569843 -0.774562351343879 1.05751389129299 -0.636515409713095
0.852403973281373 0.268909880476808 -1.89047366468007 0.0172792900111251 -1.25092649450417
0.662115632522997 1.62510580843153 -0.116937594065739 1.66717462419125 0.490040540844329
1.71592908711639 1.13781594858918 0.550358945135932 0.329819187936346 0.00765745351232516
1.78246588212775 -0.261361249671733 -0.240544703618133 -0.522470593378197 0.333357480956053
-1.31114608537591 -0.710609181435598 -0.241030029591781 -0.4660797742266 -0.292930672290082
0.920487245116565 0.0698569327595548 0.993388771114121 1.62544688519329 -0.0592194697128297
-0.979018530856139 -1.4210929196176 0.280809719767081 -0.369865991602365 -1.26687206418832
-0.719310003045227 -0.928032338999514 -0.266225844582048 -1.37106204884628 -1.38505701503971
-0.117925047175247 0.407364406850762 1.23893319319778 1.49653042685844 2.80644783731706
1.62745933682253 0.848018216390265 0.153226633662222 -0.217381439692229 1.34809141608813
0.766426167594769 -0.685661932380204 0.566539044538698 1.40985322861144 0.355834948517523
0.0648208473330195 0.263949254203294 0.117815358812436 0.66300132081064 -0.575504970941362
0.576089188145514 -0.00980380397315472 -0.802361834948432 0.437201635056522 0.434732201400966
1.10354859805717 3.05425113288675 0.344689805963662 0.589662918688277 0.829760999003377
-0.22607859661387 -1.16492650792117 0.333474771211215 0.199700713595525 -1.59965345167423
0.317980592782206 0.229635389439006 0.654057374842146 0.278940154448876 -0.739603618826144
-1.15648205073315 0.383623467616384 0.642324013482997 -0.796047145891735 -0.39164975837654
0.533523466278365 1.03944121204034 1.34327413264355 1.27642914359569 0.203981740626776
1.46033619865248 2.13358930341552 0.182332245738317 0.0959222028902906 1.66504285743847
2.41882066379382 1.6968633870109 0.808355034382623 1.35574107095984 0.21113491552155
-0.659611605682628 -0.225878255872966 -0.286244001347125 0.233718572530754 0.485160460451197
1.58407898088551 -0.632151293378482 1.60814269796028 1.30997700129763 2.69799462608615
-0.728924335817677 -1.11757708982918 -0.115212854163726 0.39189353514964 0.347980121660079
-0.493571195831832 -1.02555732563351 -1.16943478679169 -0.720410575618413 -0.608200155937278
1.00592305745434 0.993032884525286 1.20777848850697 0.706160219799235 0.579184773652272
-0.841898469066246 1.01515651432818 -0.00396879524338967 -0.900199484709088 1.66117735573493
0.700366680037181 1.6426154079313 1.91334072124066 0.0109095329576117 0.369349664843997
1.41721957741478 0.23476364327903 -0.439987334026124 -0.396929434465086 -1.07889831595172
1.46123564491873 -0.629507776502775 1.56167459290666 -0.383642815383201 0.244346697304172
-0.63689578546354 -1.07156851398068 1.62516462995182 -0.86889266676238 0.366637532629861
-0.0142299530963625 0.422653980248941 1.65683537359598 0.508178583477217 -0.702643625295761
1.20522012488292 0.779802173964912 -0.370755308461125 1.3223043687641 -0.683281945873375
-0.451383168426392 -0.540869952809533 0.540266137840171 0.399112441237918 1.01544669765624
-0.372974292893988 1.21049818449511 -0.197475584815857 0.475575643935043 2.1524689699507
-0.153941576222889 0.495845545970806 -0.66326722441556 -1.39939113440114 0.853159345016187
-0.501137736357186 -0.325804653610952 -2.66280674571052 -1.53783708027342 -2.01927707890834
-0.623398827072957 -0.322514731588906 -1.99269456947727 1.5125183248675 -1.10456577366984
0.276750958429354 2.54227659524806 1.47956647192929 1.99171204296336 0.338207987184137
0.0297007567584743 -0.0494676969635024 1.30885767375349 -0.165974603654113 1.34411728194654
-0.000343854197044163 1.20130356406859 -1.15512275091322 0.535642586060861 -0.292309771889023
-0.393363195308446 -1.00319417380262 -0.136916050010433 1.57710626226387 -0.550303813063339
0.131722441360526 -0.503044090309858 -0.318546950304481 -0.888502454013197 -0.44478787007985
0.752976004921402 0.806856741874512 0.146002620947678 1.37281280853425 0.265651453006187
-0.546670071006049 1.81286843991717 1.59117466898474 2.46874999372908 -0.372648310309528
0.187174326266123 0.519415355133509 0.460536009780076 -0.636367663362638 -0.395983639082248
-0.889599867550126 -0.539629791994962 0.201871007200819 -1.63124561467815 0.430315348323721
1.17811514405012 0.00699861060399645 0.610569376466677 1.61955129497763 1.28248717312651
0.0654041242138507 0.235381317006117 -0.207146250036276 2.6024047584381 -0.633120092718761
-0.665521137648367 -0.999328710741485 -0.516021469123205 0.279922673106088 -1.36096925046642
0.779662902027931 -0.201853512882286 0.955478337943008 1.24252158064342 1.0807508200968
-0.295655136356938 0.140086136589073 -0.0311637282005743 0.700015411520442 0.201009013110516
1.73095390217804 -0.242401060135522 0.471153104009621 -0.511143161785273 0.303743086627932
2.1969564184362 0.185622583426341 1.18264489426375 2.03075224775055 -0.41602927525329
-1.28992054580958 0.497235135271685 -0.0295660355218027 0.45985501564321 1.02872272016507
-0.634428411439476 -0.674260216871113 -0.794846713822892 1.70011832170602 -0.157495250336396
-0.484176892233401 1.21613896567463 0.460124033944759 -0.38713824660591 -0.240682983596855
-0.808762824735876 0.481644020835308 0.319277873300162 -1.11367180571602 -0.482676653085241
-0.21546684709399 -0.0137614583769253 0.3586982227964 -0.0344660516741323 1.34074446524524
-0.0711248397485016 -0.172764606334168 0.00346744297795307 0.140422759142898 -1.22778635304304
-1.89974373826037 -3.35580840866754 0.409573727422121 -1.61085337456995 -1.1898864661811
0.00676871273295515 0.0221942776000686 -2.09684290908404 -0.290907215199611 -0.809225277536265
1.12178838752455 1.30617150419386 0.635917009850686 1.18093259921255 0.315526242195193
-1.11586224128484 -0.348307501644463 0.899210992668011 -0.0336505917077283 -0.242435795388183
-1.62455056630633 0.363111088703799 -1.86900552677664 -0.765636071479168 -0.95576205314657
1.26736467754619 1.57412062693314 0.32048795371411 1.14098480563646 1.63043896825338
-0.785596930243064 1.78935800116071 1.2426963455926 0.991862421489816 1.27378586041068
-0.558442526098734 -0.788110276056588 -0.840163055502273 -0.61486908274663 -0.978600735290777
-0.614821354665563 -0.280313404104502 -0.0243891090198356 0.804033115155351 0.621426963780101
0.199424253672062 -1.51576173075514 1.62242736373517 0.461066219431769 0.661085084965848
0.961691123062472 -0.81942947047598 -0.499495271535896 -0.213067854977843 -0.0708859255073295
1.72284181834531 0.444482525817772 0.608663481203931 -0.244133953507468 -0.816893282779682
-0.264737184984574 0.765706400313742 1.50684927066889 0.0236384770581383 0.332848123015502
-0.506800346238353 0.950626834681283 -2.01494116754782 0.387319309199534 -0.389426716814508
-0.422229287599005 -1.95019736306662 -0.0922829008246866 -0.00687477983613773 0.885920118551962
-1.54791896540711 0.0789972157543448 -0.395699693116193 0.075834037018257 -2.06368119003147
-0.550340111750426 -0.936966727802073 0.571533099118499 0.165281235777037 1.35497098826799
0.990878074470086 0.372661631068067 0.422435460714175 0.32852692734047 0.436023813644528
-0.401187413962677 0.874765576502716 -0.0778536136463352 -0.257768534197612 -0.231371658757188
-0.721082857836444 0.139919085682313 -1.71853919215525 -0.316546379921999 -0.324413100008729
-0.318909525223671 -1.90789896263375 -0.415792875367833 -1.00126711033496 -1.74275781425049
-0.811891330093461 -1.31897021830403 -2.8692074512171 -1.0564868856327 -0.797226284599762
1.23260620352279 -0.330520577500206 0.991695476244417 1.56650574640366 1.41959204341588
1.05037459070931 0.455072007024775 1.23932487022478 1.80145357469842 0.929474201493591
-1.89790167691383 -1.51645137268679 -2.75318371703987 -3.39475185390281 -2.04341411584757
0.460416946744892 0.560017161281727 -0.791029475353693 -0.375115288183845 0.420205003360064
0.392634176960403 -0.424553781266439 0.345863735388533 -0.0603267139982645 0.0604853303791011
1.38132817866908 0.369496916750696 -1.91697116298624 0.280507736942872 0.489508666990706
0.599698042022486 0.266336051480543 0.603511792096406 0.0356683806993183 0.0627629282869017
-0.636957548843849 0.0431321555869373 1.34769314433684 -0.809897754745654 1.53345390132489
0.72058378192264 -1.03213315012879 -0.525979886718077 -0.688682955061369 -0.237311007979973
0.249170826799922 1.19937042492248 1.39918930698356 0.633990686056666 1.23002479222783
1.54331336177785 0.841301873740117 1.07748348098482 1.64244762457463 0.377598888368118
0.962632574290061 0.789262080768823 -0.304310363365154 0.101180863048543 1.35296158353887
0.811711506681504 -0.655528900875682 -0.51034408081579 -0.00116044544377925 -1.04867968062604
0.0547622897463919 0.551656120229206 0.619882031772834 -0.0529913229462241 0.394142860209175
-1.15198956489331 0.329655552868813 -0.514070030888907 -0.569449820293658 0.934771130522918
-0.622432141154526 -1.12165112321043 -1.42970159238527 0.502401659276515 -0.643319284606387
0.82248874302338 0.825227401644457 -1.20949893398307 -0.200078003270248 -0.98323882337858
1.56666700430012 0.36239537769481 1.27983571703151 0.23847391130747 1.17617264532368
-0.401578821604706 -0.719322080468686 0.466475803058843 -0.0383974325573152 -0.894724687145183
-1.79905619410709 0.255465354691408 -1.29502942707951 -0.980627086961298 0.657931448358418
0.220174660716007 -0.699580815904528 0.493671218042517 0.401386945378214 -0.0369389390049199
0.761336396582884 0.535016130004909 1.7496423445455 0.149937891659371 -0.640015583784823
0.10635097383392 0.205865296831178 -0.481246490554044 -1.10370489053272 -0.0508405247366331
0.747558774794992 1.78007880583746 1.02933792560116 1.02236888160361 0.888894561130724
-0.733327376006632 -0.85164349106836 0.439287499803644 -0.762028192380384 -0.594961063578778
-0.462756626751667 -0.227636771450795 0.143598866767482 -0.271414172063228 0.0174103988230065
-0.0946547491382989 0.456566747083831 -0.040468233448432 -0.985597407182717 -0.48902039156443
-0.168051410397398 0.995956955302477 0.525668836554964 0.133058639975374 -1.05005427532385
-1.61437913348339 -0.374594962655808 0.615026997159825 -0.993893086206999 -1.59710578257848
1.36432927681589 1.31595800784213 0.484827041499237 0.359013470197081 1.34189226073472
0.245454518917943 1.86142501659454 1.93963574255499 0.354963775670515 1.35376354133415
0.966478230079573 -1.04034898549148 0.627505736863549 -1.2003717974737 -0.86106582819818
-1.08743482937907 -0.407950801478519 1.28722030014099 -0.522579238327602 -0.03294291406371
-0.917543828096071 0.11838304090692 -0.0627687563138953 -0.800489099651322 0.143215032126296
-1.04127930977468 -1.37058549519388 -1.47176297112212 -1.04316818034945 -0.369026462537102
-1.30789406255038 -0.505574683395375 0.37278169509517 -0.215171693202088 -0.480550531785042
0.210020190422797 -0.540898294307557 0.156359961166582 0.0208900399349835 0.0727938068454566
-0.730211835111487 -1.10684645502995 -1.64784533224403 -0.600319714781342 -1.00568109234392
-1.37788274110902 0.288255303048858 -1.2670421977248 -1.04139494396383 -0.332550926344043
0.576782336702603 0.0405504363145441 -0.707399693019298 0.441262475917209 0.121428051563126
-0.667643717761721 -1.08805196244425 0.672713128476305 -0.97889233774035 0.862581293875575
0.98107273849652 0.750631985042656 0.490703615508831 0.196372232046435 0.204748609434899
0.639669154757281 0.726111017697275 -0.0202862503760146 2.00227807265478 0.652991413922176
0.985190759699082 -0.165596816879211 1.99207283756585 0.799782324728696 -0.269554146551538
1.3412184077613 0.162316535531992 0.0460269641643731 -0.294016898657038 0.097029835194838
-0.343249800884809 0.689871071095171 -0.421393698210376 -0.409391047092357 -0.597523676783417
-0.398494405094683 -0.354717825759435 1.26036528402868 0.933185422437257 1.39907820528293
-0.505184924538817 -0.233392606035934 -0.141327204736061 -0.508095602942883 0.751643474407293
1.8835947745651 0.446479982608352 0.208180037579527 1.01125464437792 1.73075747991905
-0.893090192605995 0.762976459992714 -1.33154140362671 -0.363372082339167 -1.23371265315374
-0.0132753915901379 -0.0384317495253035 0.524218786572216 0.625821933186492 0.536803535827078
-0.86955803427845 -0.733890159061726 -0.137338401602761 -0.308054793278941 -0.246666728635295
-0.0958996664353743 0.293140133306707 -0.18965848323732 -0.108063556993607 0.0791607248211651
-1.89954307182317 -1.24504261626389 -0.476797368927516 -1.04744264909316 0.649991365341559
1.58525619865938 0.82115050809595 0.612491224087374 1.13857890626571 0.462236994572399
-2.01603605367429 -0.956638749760251 -1.01612866518837 -0.224449540927706 -1.84749345700863
-0.845510260597712 0.509554615737325 0.574196063830861 0.70813519420322 1.41697094610067
0.760746958878089 1.10708648037368 -0.171726132213452 0.237333494787894 -0.375978822790108
0.816674059586059 -0.427583196991785 0.186961429715371 0.00386027259623097 0.636109122212972
0.0357717847519406 -0.0649496817410081 0.00318287729209205 1.14460299027389 0.663774628677264
-0.451350886592694 0.520791563846532 -0.212609790725197 0.135246436127165 -0.608684473736546
-0.390365445998105 0.272221478242489 -0.424630837870381 0.824589795068139 0.12694207167204
-0.218256556521143 0.350448941592439 1.58861601956319 1.5812057526794 0.580395853260387
0.780055507921537 -0.454067486481003 -0.466913742829699 -0.222877803437359 -0.139134800663461
-2.29756928097973 -1.26486027284157 -0.770203307714821 -0.394087118855193 -1.29259096828378
-1.86692520377962 -0.651351943763633 -0.165153652893244 0.308113362197703 -1.13143467864937
-0.586743850185574 0.729472742282618 -1.38040187104931 0.270603995174829 0.0981552590133363
-1.4823962463937 -0.681152173808574 -0.972410021635455 -0.433054580535323 0.0319370728694433
0.210872155270284 0.375621174572434 -1.07143704683867 -0.631085171924688 0.131782440714232
1.6213233375995 0.983289279932226 0.810931571338941 2.56861359898429 1.10884116484279
0.929367325985568 -0.164576105363186 0.0232380018201964 -0.847060870163283 -0.00643456295295262
-0.210488634339204 -0.888567716749741 -0.0236256442120404 -0.323726861997224 0.752135953668507
0.113491263790917 0.346722057865425 -0.594719072056017 1.13443915002621 -0.841241894454092
-0.416812708826326 -1.3678241046258 -0.496843082711552 0.517747475571408 -1.96443787711878
-0.832134100528487 1.93149340169075 -1.07998179005313 -1.09236616296506 -0.890752054957512
0.0899051881462035 0.00457707953434444 -0.541391311825085 0.236726712010795 0.0271300668362447
1.77047192435803 1.56949077265994 1.09127694386155 0.849300351542901 1.935236213304
-0.0816204025235084 0.819581856724124 -1.05011631577924 -0.0683722505466963 0.0152149547088307
-1.0210825483296 0.338655377237804 0.152288545804351 -1.0170114134132 -0.59289012063599
1.37997744667354 1.16317810539623 0.788825518631754 0.306345911396136 -0.205710764445843
-0.0687257016607634 -0.936981863504276 -0.14148414056403 -1.06208733315608 0.0580737534412414
0.0207748315643561 0.909793499307711 -1.56053888015052 0.258245515130936 0.809523950651116
1.01615440985644 0.0624064911917849 0.863843459415393 -0.114652506284617 -0.220406609036716
-0.926170311131239 -0.683469188376442 0.558655937470216 -0.218314657758821 -0.718683351931535
1.78540320416283 -0.298766603822581 0.360170930014571 1.43314686311053 1.35735937333101
1.62891281781269 -0.142867769646061 -1.03483418931711 -0.83586295879449 0.285051112761786
1.62931100452657 2.16595350383782 0.195149894143686 1.0338383362807 1.85115748960493
-0.504609027423952 0.0246315095779535 -0.0931314884935051 0.549965054708691 -0.571252592552357
1.50030654943951 -0.738652524731532 0.86163445192361 -0.162240410862364 -1.01586369876188
1.85648898818226 1.86740515245651 0.991420775181252 0.784331872229621 0.236006849689983
-1.7004530689742 -0.0537346993780553 -1.00664154062163 -0.551526702452895 -1.07016846807821
1.14679680138302 1.51029961638999 1.79798787001721 1.63481068999297 0.144267309225272
1.78946077465367 0.228544988592508 -0.458210983796964 -0.449933860288981 -0.838724165505275
-1.42194289024807 -0.853069241047823 1.26113161946753 -1.83635396313536 -1.19844596535183
1.10235687411019 -0.474663173043184 -0.792072902859581 -0.141283569129475 -0.247545656876418
0.00963382642735872 -0.0593970282426855 0.534931005385706 2.1164666842599 1.39440646831147
-1.29380382888396 -2.00697673602069 -1.95716383382164 -2.96125416332661 -1.18632807957494
0.0241545704950081 -0.000433626930866862 -0.659007757761406 -0.875192710895996 -0.644646246114671
0.00932333221167573 -0.48203907805774 0.98827376253502 1.50541224163539 0.640289114939339
-0.148920032694457 -2.06462599893365 -0.688735460404779 2.54451032690813 0.304946725184131
-0.605878033343614 1.4056108881124 0.201476641246587 0.806874784595963 0.207748408408425
1.25743572431661 0.36538219315353 -0.312026335298629 2.13864590442509 1.0282106791434
1.12899911716757 1.52998187475415 -0.281516530166238 0.181224439727854 1.65240444131324
-1.49769625223224 -0.858017495178591 -0.258143590327258 0.888271428127748 -1.03394526566343
-1.09940265218154 -1.55802349069735 -0.751735214211405 -0.748130705999812 -1.46022777645077
0.029121044161962 -0.642687548927309 1.88806766079817 -1.10170749122448 -0.396311727094366
0.298334733899284 -1.03671414322563 -0.626929826718944 0.24301957545911 1.15560455091469
-1.38951828936177 -1.3467940918447 -0.747777567185325 -0.988566006488118 -0.74892541872445
-0.400784802075114 -1.22353837265454 -0.508940362961959 -1.57439700605848 -1.42166748664934
-0.752991467682637 -1.4281321058716 -1.49386212580255 -0.904759279909755 -1.00281624786504
-0.310263100061996 -0.944236025725663 -0.741171837584243 -0.747396321538978 -0.337244883244895
-0.142726912018446 -1.44598968965803 -2.12134349299263 -1.0946816480504 0.208237476715186
-0.92046438272131 0.062666158659468 0.342294308923956 -0.940220649000923 0.0679396763157856
0.608261660096369 0.0670991133593684 0.140719049780726 -0.399637556746625 0.682369612350566
0.920260682967618 -0.746818540858756 0.456892530462184 -0.754739842188678 1.98204908998659
-1.33478307981868 -0.175235398363281 -2.39415546120846 -1.28944309910507 -0.724915380577229
1.98221381624922 0.0387980274236471 -0.578705188427487 -1.06033287583986 -0.609520941299777
-0.391341735585304 -0.943139295335052 -2.09933195045578 -0.0562651013650391 -0.37680229074373
0.263092918855543 0.841167742807783 0.224359428985007 0.806974181906061 0.346943130602784
-1.74544548487283 -1.09435859411655 -0.892537198104545 0.0998918825560781 -1.11618586410539
-0.4499314479502 -0.192986941460758 -2.04352014428733 -0.72166490654478 0.481915433190494
-0.401046279048487 0.00396841710116713 -0.719996478684328 0.35470669116042 0.710448751378336
0.970907558095951 -0.358692734778187 -0.545538596319681 0.549242245273639 0.285248610307005
1.06461886116667 0.927526762095891 1.27120332793695 1.19457864605425 -0.209159154739827
0.618357287188159 -0.16577795905648 0.288083216702671 -0.250057138669142 -0.443829299109004
-0.721789203786592 -0.822169674724541 -0.165903004700572 -0.406116946905673 -1.31668930116044
0.742361581623632 0.684149132747199 1.72401933296786 1.11041078994305 0.301709871430622
-1.98000649151885 -2.01548157850339 -0.244414842331465 -0.187066832500533 0.567675281412024
-1.36660983206391 -1.43672400494404 -2.19981358368176 -0.257412127346737 -0.123010251969369
0.158435346971424 -0.838865936647771 0.777158451749925 -0.447105224770699 0.535155938843945
-1.05839871290202 -0.879091259100928 -0.10074363487226 -0.776953906301453 -1.22132148259428
-0.409930712399172 -0.379837195461047 -0.109226534554195 -1.07112890278417 -1.24374149795932
0.419328616615443 1.61895239095289 -1.10996278972452 1.25021001179655 -0.634186635648275
0.524164625285495 1.71911459035849 0.463271133139087 -0.56352379933863 -0.992022484442731
-1.30368132485561 -0.429178645751331 0.482688153427685 -0.403507344108505 -0.519866558320747
0.438216540485637 -1.40622064011299 0.916130607129873 -1.10836114330131 0.148357572472605
-0.740096947673731 -0.460399376093143 0.0341274946577515 0.565169608275584 -1.19597821924133
-0.604485457651491 -1.60512119501002 -1.91873466222847 0.785562766439745 -2.61464368709259
-1.63872531922205 -0.0431032343868203 -1.10821128422637 -0.711837953017567 -0.804449165068865
-2.03246854352694 0.280566068894959 0.135547445981919 0.238488306004304 -1.27778538743201
0.0405840172820762 0.373704157473907 -0.115845466829456 0.0418676753550552 -0.786640653932121
1.46160200649441 -1.46093053036968 0.0246632954681616 -0.801273804614341 -0.56688926610982
0.794618949049429 -1.59912719997209 -0.242952877293018 -1.11790456464518 -0.83500384380332
0.202636314178561 0.215925015969672 0.458535989719335 1.39708658565636 1.22026890232007
1.15820837618738 0.0270537675880072 0.294594672795221 -0.274904056672164 0.637310916305306
-0.577948227626029 -0.120138511227272 1.20003226366192 -0.377485069412523 -0.493076150484694
-0.621184432646404 0.986954000100714 -0.044789910532341 0.374983334874629 -0.426644354543459
1.03412727817639 0.828503521789488 0.687901874518317 1.58441019927714 0.627569276753919
-1.02328445749572 -1.79032853833582 -0.874176395877543 -1.10509590274834 -1.10494600450854
-1.81460721760192 -1.77314682418112 0.771557255104798 -1.83434980977404 -1.07390544412859
0.281748980157288 0.332312273018628 2.06562472588567 1.61796907061609 1.2405036662214
-0.880536674016737 -0.2985740362186 -1.3656242985032 -2.05042727608575 -1.0552149164821
1.02091897248826 2.08712877992431 2.31669306705191 2.46252922836683 2.37253532527382
-1.57772396104478 -0.824573300207629 -1.51154440074988 0.168620050539937 -0.88875035705757
-0.0368876923346226 -0.474453721169407 0.388218052111118 0.767703682678617 -0.00723327615387616
-0.0917962513039956 0.354249873738077 0.743664518799744 1.2176258798518 0.566647110354265
0.156184803583149 0.859415738059965 1.13412496453941 1.01415771440589 -0.0264937255588934
0.50474819090036 -0.587736553965104 -1.46544802153243 -1.71257731586499 -1.94273908860667
0.285498347134241 -0.683514336917827 0.371914856125566 -0.701949340375444 0.324357765915185
-0.591928468445363 0.889740714407318 0.566849727502283 0.233560215533508 0.355708944363521
0.690530379633649 1.43530750923001 1.12987025591898 2.34446544429532 0.206656045061336
0.517802763617041 -0.0786302704807006 0.259222229030446 0.84760405846684 1.71249246421436
-0.467997592514954 2.17369302582577 1.95696758255092 0.126280517429899 1.12778027126658
0.692926623930749 0.259898115896867 -0.433643573918005 1.34702266535052 0.580933466006268
-1.34571237659743 -0.960821741401061 0.154929686729324 -1.0539166789646 -1.31060206653329
-2.00285279060446 -2.43233681304414 -1.16340659869707 -2.10428823365202 -1.50493858206915
-0.888350781534507 -0.475714256973197 0.283793551915247 -0.0455252249119234 -0.974829054752826
0.191460242881576 0.250075691447131 0.140612879025895 0.166542048130211 0.764416866349845
0.312509966857013 -0.0653680108059486 -0.889469588390228 -1.7848594531493 -0.359457907214249
-0.221833675162237 0.156016928693625 0.102196197179533 0.842249259954971 0.349444428367876
-0.274915651440222 0.676920550830792 0.519226345148699 0.518066522268378 0.728175678440196
0.809415162544104 -0.311732410591797 0.763778806301054 2.27054003054489 0.912218155573378
0.0774737344957508 2.31824331438106 0.327318925240786 -0.66708831640104 1.38206832155519
0.271473758570092 1.03171413312699 0.338494166606277 0.590304039657683 -0.344055197647156
-0.0821923214350923 -0.708683318300112 -0.810336278485905 -0.420967678175817 -0.539695315379169
-0.0238942864954848 0.469946271511495 0.596046100350236 1.58169975199695 0.642334205811957
-1.61730358506522 0.134879771549673 0.342688353504337 -0.812948700280992 0.435765556297553
0.924858270460202 -1.76861128159042 -0.854665393394859 -1.20068470955628 -0.833292124596211
-0.568743719794897 0.317842345639055 0.427993252616785 0.400232182707932 0.363897647668955
-1.93423237094428 -0.175814365585344 0.0789426596782309 0.0198473744893758 0.914559228116657
-1.3700624380614 -1.57632699136202 -1.80620430073181 -1.24473501794308 -1.59221599023547
-1.34702924117597 0.560445626365697 -0.294562849975391 -1.62565351565125 -0.596215841951395
0.761593250221442 -0.186065657019646 -0.456113713075982 0.538555867163235 0.187221852627913
0.164093273380231 1.53521367757969 0.314763622412991 0.898521861073179 0.454929091725935
0.341115076342951 0.39322775390486 0.974376073312615 0.773537594237588 1.37918455129822
-1.00139544433272 -0.745205076881471 -0.697371479032883 0.563363527179341 -0.841602404292285
-1.04538884180242 -0.417264912308017 0.441628938818216 0.735363842701492 0.449870016525138
-0.64087091652437 -2.38746026267474 -1.23966575943512 -1.39435967002214 -1.52079355872085
-1.10861868009151 -0.362889408351499 0.553434801239228 -1.654575553543 -1.37519947237276
0.158999123751266 0.790076230606809 0.41831754883983 0.274332816069155 0.0480962679290268
-0.258912088393746 0.0287281016901471 0.0491003576235803 -0.534869762479864 -0.332263743904385
1.45026276758457 1.24609555545973 0.757456453054879 0.321062436685376 -1.25163604681151
1.85681838367435 0.499656427837343 0.722767465415057 -0.929935111500786 2.10724409610507
-0.354869684093466 1.63661292377254 0.771732380964175 0.728230053462209 1.56282008931246
0.296891725690762 -3.00197429073828 -1.44153142697404 -0.659290512083341 -0.78623074675704
1.44137749357398 0.80224756200014 1.01139317516811 1.56193398256755 0.569076223978486
-0.792594814928672 -0.48733588874797 0.062527837249232 -1.4385420746448 0.27213630093563
0.176598165821421 1.44632156284273 0.661803763922856 1.00494302319906 1.37473933115863
-0.729497141320023 -1.55106430694422 -0.93991194409167 -0.995784328023807 0.384130494043249
-1.4467872719423 -0.374020695622444 -1.09783063219528 -0.260170413674436 -0.201204583833631
-0.480540401023191 0.00491539149137848 0.698524959666243 -0.776107048988681 0.572659091808626
0.102559381383507 1.35193741791364 0.740162951048766 0.993879624379887 0.576752536607291
-2.80383409561679 -0.93511209166652 -1.85267672350922 -0.566438595952499 -1.35247191786734
0.00108218892187774 0.807352812665415 0.0929213889783663 2.79188673306751 1.04290573517587
0.585875541210406 0.0228942043898435 2.15469270266238 0.414406946678174 -0.0111725423387182
0.625367306298916 0.234560173793548 -1.28431424028672 -0.37849581986846 -0.913996494485702
0.145232611547847 0.540774029771648 1.14727462606331 -0.145249870357766 0.53346357002912
0.458717919154693 0.923948168747266 -0.368764287513662 1.63567379321831 1.26156512120992
-0.17537270989542 0.113754285796854 0.899754666342479 -0.0672793624171275 0.124914164793617
-0.344811948976717 0.499563069375302 -0.117190090821718 1.08776644154381 -0.683691341895029
-0.351881058969101 0.849533736008099 1.33921075915402 -0.420981434836605 -0.395321063030317
0.24958686795962 0.726375065563812 -0.187269777810839 -0.706618363446109 1.12164943006896
0.861314072008748 0.774210464727259 -0.0277239173271394 0.0742493665411949 -0.542406978336373
-0.429248364185244 -1.68360337896104 0.400395845900144 -1.30594855374234 -0.0890592425815501
1.21016843163844 -1.6743796098711 0.369254635383817 -0.633567645276737 -0.66436340796576
-1.99556669605539 1.22076102943935 -0.341838167701118 -1.40789093499076 -0.213815181177381
0.615644694790738 0.253245883709784 0.602253089237468 -0.485500711700397 -0.0038368661218538
1.32359598553981 -1.46318214310005 0.160363086985432 0.664651642533193 -1.8119328632584
0.74180740346531 -0.435216922375255 1.50396649319822 0.456228798636884 1.45730694673431
-1.15420274793789 -0.826621443885089 -0.790049169907535 -1.29911995941071 -0.769155577844183
2.05391980303765 0.874559300521545 0.527535487457689 -0.299369960133737 2.7943550536113
-0.776439958189788 0.00259731959801332 0.0223239186338954 -0.496877848758327 -0.323867820499518
-1.71997104662855 0.16949340938329 -0.304118994214948 -0.148594129291479 1.08500654277802
-1.53080911955669 -0.987484170443831 -0.759114065492672 -1.79295368473941 -1.22704314877025
0.584653864328202 0.314501925366381 0.707029904558298 1.13717680024311 -1.60353484393217
-0.430570804953223 -0.107679931211244 -0.212978200626978 -0.20185224758554 -0.383712605963051
0.666751275280729 -0.480401158213512 -0.132574272579927 -0.242499819426098 -0.186572054326361
0.639100000540436 -1.35444153785393 0.462378527857596 -0.802185191114927 -0.923966103874048
0.581286497868584 0.786311876011041 -0.397329891492024 0.747561919444442 0.785972406621471
0.764280112400912 1.4592116847629 1.1722257453526 0.529629404696287 0.562678243855771
0.40683515537363 0.176301653955184 -0.0533745725509501 0.988662455504591 -0.602401955190086
-0.60555737848837 -0.977817952951223 -0.654187470355044 -1.27206293867289 -1.27521404567225
0.0694470948064319 0.0183645603520444 2.50931410651683 0.00232136933734628 0.675980999445313
-1.07325514664379 -0.383138028412996 0.550905321170323 -0.312261999483891 0.70176934000625
-0.624750960095087 1.09197007586054 1.33167209060399 -0.735667820472255 0.121977152585074
0.0514475760319849 -0.690803721629611 0.322743626692058 -0.492276026544125 0.378901532578698
0.602329777820462 -0.15451713084971 -0.662479237142793 0.455822308019022 -0.254297168147641
-0.531796802493295 0.701534693792176 -0.79135707000923 0.33367625561789 0.114605023611545
-0.799322723326448 -0.228277462055527 -0.217665455160739 -0.0602953038492757 -0.567367024945235
-0.476510537132581 -0.174556974205893 -0.514803201859088 -0.447286399863998 0.692081237629123
0.961155561153389 0.327966145558204 -0.479084063764056 -0.434189753021961 0.434484185381624
0.648690767316497 -0.77265266253798 -2.0320598393952 -1.51432577626622 -0.522556467248607
0.256276556089681 0.221882688305014 0.993095829170423 0.723187252907516 -0.0591555096820178
0.505816395436488 1.17737882671889 -0.542102835793414 -1.79150527146927 -0.279012468836037
0.23188278275976 0.503259872711282 -0.474391716173661 0.802676737637715 0.342927674862505
-0.0677089297593823 0.407397594769918 -0.512993792959642 0.0920420298985544 0.792179778667937
-0.7765215483183 -1.31974462118687 -0.336299955652208 -1.56246076287808 -1.87631352313683
-1.35465243226897 -0.100026456302762 -0.826053533429776 -0.988754528392794 -0.551079277769877
0.185723187482736 -1.52246803164946 -0.264350629325204 -0.656641977452109 -0.0488656532410742
1.15841407045328 -2.15571905336003 -0.375088650138202 0.353302683503135 -0.969682761702269
-1.19359302722122 -0.503467594235478 0.448687317705601 -2.39417885862787 0.635419285439759
0.0941682728217115 0.966392122848657 0.383770928032801 0.931638487102873 0.679722176048606
-0.1502425713406 -0.243125722176459 -0.160175962497806 -0.0416258114944628 -1.54488584021397
0.157513608729953 -0.696168225006784 -0.278773037866932 0.608862412151602 0.902596138884754
0.747068656003792 -0.848756270760962 1.23638232058599 -0.717702372863423 -0.842621324806204
1.10355025707235 1.23883784774242 0.733289814397975 0.824851159268014 0.41649756745516
0.356739560207315 -0.520091386893347 0.0912987511050226 2.1804487897539 0.325855258132536
0.915418240847321 -0.074460124053635 -0.528140522251151 0.490940272167805 -0.692210186898957
1.58883719415491 0.851441669669879 1.37234566287634 0.676347558482176 1.96638313720507
-0.692241389448491 -2.07077510222086 -2.59062429258639 -1.3252306284237 -0.392866591999474
-0.390702383220781 -1.31265827305624 -1.68157186952633 -1.33943708810226 0.14039368694215
0.180844241270022 -0.736079296343505 0.070816799953606 0.546131468465064 -0.522969819239334
0.963528369722652 -0.899939392397388 -0.814004648087325 -0.822374162435613 0.957851597912433
0.223187188374755 1.50187675527909 -0.211495442586822 -0.564307775085099 -0.942849115284238
0.968075058634289 0.98210927175739 -0.270593543516293 -0.323068438904786 -1.26884718526521
0.0560216548041773 0.256333099415984 0.279435402243119 -0.309065372216982 0.189166985956305
-0.0691749545743536 1.23407833907054 -1.94582377110323 0.0368942700835584 0.124482408867774
-0.127628280251901 0.0834984361872735 -0.328012015661185 -0.00730484390138084 -0.562240224981029
0.63759805059529 -0.699638111366833 -0.896219986723163 -0.891942006719935 -0.722637716326033
1.03881889103074 0.0143228242556181 1.52624599524542 0.172604875394752 1.02153564291422
-0.521835970943106 0.438832387889373 -0.570574959485964 -0.446870294000689 0.362091954873374
0.163618336886143 0.546600437128788 0.384967862683038 0.592040783412087 1.42998660705105
-0.104470110838717 -0.223654676343191 -0.0727015173755174 -0.861426914365361 0.802913169130199
0.169737302608029 -0.349689629138806 1.22443161021066 0.448761213078122 -1.74057897475058
0.221092265607606 -1.78654589352573 -1.29759548597575 -0.2006603307507 -0.34740319518316
1.56327139106453 0.563609658768665 0.152555144605911 0.850984318112407 -0.663657286816663
-1.17121420405953 0.685983631397461 -2.08064563737212 1.17589282540657 0.30758006649795
0.90764618882707 0.0110881069438309 0.810340399770026 -0.908663889071466 1.56922516120581
0.11153021225309 -0.127146946714521 0.163969173991539 -0.153831961258001 1.01998218116874
-0.273357879830645 1.01830966769089 -0.437537515074698 -0.242459559083796 0.169803581483072
0.222594644334563 -1.35027536967817 0.751728325721527 -0.516864829607152 1.60340310943747
0.589898727468686 -0.00703596387232552 1.64887307149971 0.53889974822726 -0.500794400385256
0.434776045187153 1.08518613691195 0.855247053137285 0.360512977422089 -0.38181468300814
-0.3046505252233 -0.46657640800676 0.0539721610877728 -0.381299454513903 1.13606642503757
1.68817176773859 0.0402655751582776 1.56094352707467 1.49538875816748 -1.56955136668325
1.37292137936938 0.769673046864478 1.77793348282893 0.732751874143699 1.20682284576619
0.103515871809538 -0.0416253470742016 -1.23599267519133 -0.275435214888014 -1.08339206374972
-1.67969434778797 0.179218721493971 -0.475879315819618 -0.492392554703732 -0.62436246308469
-0.638418855163167 -0.29123504759463 0.976869619921396 1.13831218903346 0.567636403458554
-0.443456112754635 0.0233313057358161 -0.620925341004424 0.343862042111337 -0.344758721952239
-0.739455307810449 -1.09624150932133 -0.57912369682517 -1.74907441093882 -1.21482896249639
0.160897724325438 -0.83612309732766 1.4781824039062 -0.1769456182211 0.377555614603712
0.079054234563624 -0.150699381509843 1.55690946502449 -0.65495510870657 -1.61365652692931
-0.271043101057978 -2.46010352894115 -0.221442572011197 -0.861234522443687 -1.29920934429534
-1.20456780468552 -0.60033396357309 -1.64132599493525 0.143852325950773 -0.966249355003989
-0.191728190124052 0.0400235483207905 0.994635943198352 -0.332762544784808 -0.458952017236968
-0.896722740700219 -0.915114135961055 1.39356571409302 -0.450006064053933 -1.45371099171865
-0.867840502851067 -1.10084427579729 -1.02026619165653 -0.637052890420919 -0.158631113176877
-0.52299962491824 1.07965427894098 -2.03280972898786 0.270006800452094 -0.196223458141956
-0.794705175796207 0.287323742940309 0.2650331453646 -2.40509390494574 -0.359968464640209
-1.26314423918659 -0.300904421999921 1.08676829745271 -1.30148106385538 -0.564225230059414
1.25164072754928 -0.76626764748506 0.464645481255513 -0.174289304288885 0.229575300027897
1.8219004587604 0.596968806814919 -0.170947308319569 1.61801181988663 1.06362759605947
-0.0570848352334519 0.326957155938358 0.118538920836438 -0.943064795822954 -0.115895803795179
-0.224773256468066 0.508292296478747 -0.481988931279214 0.0265891615705849 0.0502893187706582
0.386100418291381 0.499507811483322 -0.981467542461616 1.07674160895756 -0.182149333941918
1.09612927731804 -0.0632168036636149 0.59233394537526 1.03796531868057 -0.550379720049733
1.32163026516061 0.174221674423632 -0.591966688077703 0.276050257584312 0.529813222896444
-1.6591321470112 -1.22510963510703 -0.610908537248845 -0.854116956584717 -2.95753128689907
-0.613989790272737 -0.881304339633444 -0.839845232751579 -0.584550861257901 0.611395101078989
-0.0319258246859681 0.145982135666266 1.02907153458951 -1.33101931679289 -0.00325333194417957
0.869200833016435 0.727813130890226 0.424862939714643 1.8028450081424 1.12751747246465
0.520034797568223 -0.230023400129147 1.35426814220873 2.0342303494271 1.4165266362051
1.06677794020447 0.528980740845372 0.919108982842871 0.356539627346965 1.13654585403953
0.111110933145475 1.49151054564772 -0.376664965665803 -0.541201441296608 -0.418854024587003
1.4223981939279 1.75358026736769 0.123011557580833 -0.0830583229676992 0.452403893130017
-0.52228204662461 -0.319430380218888 -0.261166966333584 0.151779632138059 0.353877234536346
0.950098743924728 1.04459596474335 0.91470818082724 1.20230142711941 1.34663507891523
-2.72464705085082 -1.46623037787656 -1.13900357978293 -1.39635761563999 -1.47409600676381
1.26933593347393 1.09840113937918 1.34054468690322 -0.177128306014445 0.7560122606703
-1.76587376305938 -2.35845695874462 -2.31320675169241 -1.81388955977535 -1.75899885829483
-0.259704396476259 -0.334731108579158 0.228005165422172 0.409732425699988 0.659432893681523
0.557828140217985 1.95942780066867 0.771241906611012 1.63965285105016 0.220332954109147
-1.2165446876866 0.689869165698589 -0.61548713798239 -0.550211166388024 -0.649823953588204
-1.68391581397739 -0.385270961504296 -1.7437817263099 -1.44666587643849 -0.370477104898028
-0.520355485741183 0.563297461271294 -1.28516146274438 0.789888454699071 1.12930539609464
-0.450588557421018 0.149097475950912 -0.585053346346881 -0.588275205586325 -0.0575853109828939
2.06282590776853 1.92756596973908 2.32824981876974 1.58539261545132 2.25819680658863
0.12378835096101 -0.163840973256273 -0.348160473062319 0.469821905173954 0.549823773824512
1.15386951847605 0.640790915160385 1.91034090942103 0.016143127039297 1.22577818453106
-1.02402505179508 -1.66710281235253 -1.05812736684608 -1.25247528708769 -2.56866710753144
-0.698265459151786 -0.406287708512749 0.674576960734866 0.318383910177517 0.857352235068299
-0.0661245775813074 -0.444559541678762 -0.232962263889813 -0.313563286756304 0.196202312557646
-1.11928657521612 1.099112692036 -0.796859213602448 -1.49226796967179 -0.298344546619153
1.02822878549197 1.6799403544306 0.5520145814315 1.09990393929465 -0.027527148361651
1.23964885405518 -0.179762852971834 2.04789815630286 -0.00282094944231389 0.0736487594919597
-0.159463500230517 0.785113445156473 1.45823745377963 0.620068812805043 -0.163301733927718
0.13845141324506 -1.80995591056374 -0.104209866416018 -0.331142704654375 -0.405173965344501
0.257971103724587 -0.725722817458072 1.18403151770334 -0.600978536361025 0.823876389039759
-0.637259910904543 -0.300917202371901 -0.31756597654479 -1.91064606731939 0.86469573723311
0.524958431368923 -0.910911136922753 -0.749418753280002 -0.18959365614124 0.601185323008429
-0.498615865797954 1.24776286380906 0.27862384357945 1.87736219524106 0.24825168644687
-0.951078395872562 -0.469044605364643 -0.495470280021014 -0.361616072836531 -1.84730732024289
-2.20256380082738 -1.30094110500995 -1.67747232112459 -1.48553218216516 -1.38854107605531
-0.598785336937011 1.01528916217617 -0.106936657553823 0.0456022588494915 0.46658018422391
-1.00975128733919 -1.61046561349022 1.63161591682256 -2.70644696449602 -2.14700394632153
1.40209917160791 -0.512480200059324 0.375133251574928 1.26691473212366 0.590805895376878
-2.32120052561175 -0.084170939962675 -0.0868892451014477 -0.481834295198833 -1.92291189594373
-0.240096084948885 -0.706141600784202 0.587810694661386 -0.601176746879376 -0.684152767512128
0.960663286309247 -0.755603094192375 1.00648463846513 1.09260086726038 0.185460586134394
-1.35308169316305 -0.0982362219107614 -1.17673218025459 -0.524815264873791 0.310653893073094
0.113263682797478 -0.0590447411143113 0.0359255521889462 -0.178342756351951 0.146361338801677
-1.26892930980575 -0.878758814561915 0.479936068052976 -0.0840883868950655 0.136199814359278
-0.0384694679989843 -0.414481103746068 -0.618124419274587 -0.496283398858723 -0.04574626565305
0.543917096949347 0.327039186928219 1.922777083969 1.20546018884221 1.2824512673076
-1.08736421603074 -1.13599588383595 -1.84782493768058 -2.0960770303955 -0.00191479459259907
-1.47976410211808 -2.27859043366605 -2.07976923855416 -1.47784724818252 -1.57234246664259
-0.234256456033703 0.763765951272436 -1.27930836199125 -1.31035035817958 0.823087970628578
-0.777677148246665 1.01246942020618 0.493125223637562 0.401430604797634 -0.632317611312212
-0.0367031040652798 0.13567645191133 -0.583534982432698 0.252634720987326 -0.40225118593914
1.31533109473673 1.02111921668302 0.798044931812039 1.81450622760749 0.286755446633883
-0.932498637331043 -1.08512473349095 -0.428200880967902 -1.32301234173575 -1.46002833599455
-0.660261252981485 -1.2829778612968 -0.435093965300949 1.65297708252177 0.496284307894681
0.78491743923229 0.538374806525587 -1.20440760285663 -1.25065149927447 0.306719228906355
0.172648786758561 0.683070019101263 1.15758171108533 0.283263099931467 1.50640183663464
-1.12156001113904 0.0672623762112133 -0.446297051962307 -0.680257884687226 -0.857606698402293
0.24788993283623 0.618179094271126 0.63762447128597 0.605368603774477 -0.220915898880627
2.37875963517501 1.97183309424203 0.487560344646434 0.39449786547584 0.0680467240169029
-2.28235487845719 -2.6315036630543 -1.93788532583644 -2.01553520160317 -1.09849510512777
-1.25722458334072 0.624133395747429 -1.55290619294278 0.228221272587113 -0.625379654974353
-0.456218456775399 -0.314281070217757 -0.340229224237754 1.71064716606196 -0.0630008158763931
-1.75911238705324 -0.485237844549185 0.492479843368221 0.951579937762682 1.04023206468314
-0.270228146794252 1.03409775496878 1.18122808069771 2.10134757863993 0.271993202651704
0.919320920833097 0.94862713539855 -0.0849022603351622 0.292565216792098 0.556835116811072
-0.663654238670752 -1.70911996158626 -0.147962303042593 -0.501718269065039 -1.05017765161473
0.871538361859205 1.13735851867516 1.47773896507196 -0.398521966649017 -0.0318681657161439
-1.08232025280452 -1.15162814429495 -0.714504735096666 -2.18195788065725 -1.25006253389322
0.379334772251523 -0.269769051565348 0.569518467774975 -0.110244491909841 -1.35286329688352
1.68041623767832 -0.00843532782563377 0.965971172401871 1.56390972709315 2.89867879946208
0.599786091261669 0.221002486009404 -0.0583495719386982 -0.821504899288832 -0.180679526802379
0.32565652849852 2.22136608797569 0.802715409906056 0.234248612354586 2.02769144363226
-0.541663435132291 0.286083893842421 -1.21163044682355 0.207128198206719 -0.279817066767779
0.424117368791627 -0.626934883080043 -0.233028045484798 0.687985579529682 0.0114616392330935
-0.930013780756157 -1.42491747211344 -0.00319079666321269 -0.732603774632266 -1.46950763095141
-0.53460185018259 1.30177594776005 0.754376640319409 0.0234617117588033 -0.461170108420771
0.941644532596718 0.329323818848526 -0.314793768773139 -0.0483632705914935 0.0691172221310323
-1.67263505199718 -1.29293830215104 -0.526669207493405 -0.179983107615316 0.75833715287967
-0.708696799722071 0.156594597680298 -0.000202121164612462 -0.170522754961871 0.574442693094038
1.30003111233313 0.520175933580847 0.81709020670105 1.11345039220312 -0.185862831896577
2.09098698454233 0.962795291881873 0.770644708797223 0.00780282177659487 -0.670035156005727
-0.448695586076142 -0.145715721835286 0.477496343854988 -1.02828384477691 0.19431464191011
-0.109355119538 -0.639925732266458 0.978010382860676 0.186656359225128 0.0124446877554615
0.0938919178747908 -0.532902255970872 0.443884388866999 -0.265781096924139 -0.967926674811528
-1.71089840766926 -1.68950978866132 0.120300593452139 -0.104236029990901 0.511239657345417
1.18953051431505 -0.246703862197469 0.185583023060761 -0.357545016464625 -0.0024921144813625
-1.75894873929707 0.425656753372079 -0.273289620299951 0.534267870914158 -1.82878559462182
0.775171588922064 -1.40046773757224 -0.083116290462618 -0.708199144504865 -0.0215669111902207
-0.164307522473169 -0.0678249321844815 0.38362121776386 -1.05449905103276 0.431602635299193
-0.185483777896976 1.60620470667847 1.14918684289367 0.143720576856876 1.08949469879034
0.152000534958784 0.770615889483129 0.862589195967615 0.0698620928040804 0.255328084579467
-1.07414005642153 -0.926820475470657 1.05686958597993 -0.393432977910252 1.28267806018321
-0.667774853511741 -0.437161750205246 0.216245402604976 -1.36971461107349 0.6161798000749
-1.77855341901645 -0.769372631145918 -2.70125250455802 -0.973564006892192 -2.33475207778919
0.917882967543447 -0.0894639895806545 -1.10744097500854 0.642181240419318 -0.607427786888317
-0.00548308324757635 -0.59665961817538 0.571806524695207 -0.117976052440327 1.08161027090742
0.315144473211991 0.258737569508665 -0.288106354256818 -0.204766467740185 0.111484721445857
-0.177872543065576 1.34253222319003 0.156105712820981 -0.00964327851099478 0.117703391166161
-1.10459216352103 -0.67736120612047 -1.28249519347558 -0.0772353583660019 -0.737108861889558
0.985689103309032 0.264819292595895 0.115821157430408 1.00909937991752 -0.414828943588168
0.239333650155876 0.978347313406002 1.15532323727047 1.11873950102119 0.507926994025017
-0.798617643488492 -0.175233352045022 -0.291842715190475 1.66590859694154 -0.220875140172425
-0.223315673405588 -1.28211172856152 -1.11117642853226 -2.27301713176702 -0.297945361976799
-0.190685047269578 0.370260083118629 0.16123863901414 -1.34432082166399 0.669742070580789
0.0373959425885088 -0.216151072395529 -0.226919764319317 -1.47564260927965 -0.189943665152938
-2.23591232314771 -1.13750400462687 -1.68171296064572 -2.0096269920453 -1.88705480951807
-0.965109438474201 1.22762908270741 0.47508475597247 0.175852452072677 0.314959139941525
-0.43512855791224 -1.13278559165394 -0.0846694337232406 1.24548979145699 -2.52706330755037
0.185942388631747 -0.444180306870405 0.458635510834619 1.00776183658603 -0.12541613602236
-1.62305857965764 -1.13599751984243 -1.17149818081233 -1.82157266837325 -1.64666910690758
-0.123328808175073 -0.81302101035422 -1.55903143928945 -1.26237283628477 -1.17147901727414
0.290630556430647 -0.603753196082761 -0.0706115287797873 -0.0986702143938643 2.92110508723231
0.0659939183960207 0.531248003916418 -0.598463517783346 0.0344032445272761 0.225944511996026
0.0217090900359046 1.37504705721247 0.93614252104144 0.753787934723371 0.740040989058154
0.30622276671844 0.337952120316127 0.416891970298064 0.211256645682741 1.15071556117259
0.220532597260644 0.890608906463296 0.648857914471819 -0.7021096998244 -0.737605656582884
0.228706263437649 0.991245952702697 -0.924670518739714 -0.937284589836739 -0.540503666730202
-0.472489057771156 -0.36020994905077 1.27178663367703 1.84162643800229 -0.226713946338334
0.34247665426762 -0.513641277309472 0.172177512308655 -0.190355126563391 -0.662294930434587
-0.550586649038952 0.213150563858783 -0.61218665763175 -0.698298913014249 -1.78400215177449
-0.0275908490768799 0.615328194238597 -0.0297402220811967 0.803320145242555 -0.258624158313095
0.0935021185974717 -0.77633441910429 0.693347146435574 -0.120367995913865 -0.0429632619691232
-0.117825454624991 -1.65172671162741 0.165494687465757 0.374966571725749 -0.411895385333123
2.30550780625146 1.76199524486539 1.27647482665634 0.608366251285823 0.852061226461939
-0.33126535793018 0.4032069404374 -0.234022200860122 -0.00147696941840889 0.245143123010358
1.63600711445428 1.95274793480979 0.558516903841339 0.257599722080702 1.98501175753517
0.121266038103002 -1.35182137409111 -1.4144652480394 -0.829706500163295 -0.613430046988923
0.695472531512999 0.541036301509757 0.661352345441681 0.843437061634458 0.913320942010418
-0.156298629199671 0.0538221878668236 -1.37003994989526 0.543728169172091 0.792353360823182
2.14439466966835 2.0911997421882 0.64807168272706 0.725989120348691 3.08968909368724
-0.558588811148683 0.250570479052823 -0.567181140141258 -0.13757840166532 1.43557202983353
-0.637119751239267 -0.953543604656993 -1.56200386745842 -0.243044057285413 -2.19992102166382
0.501989151479648 0.882816034118521 1.07384126950147 -0.238788979580102 1.28154544734866
-0.495171988205044 -0.897643335769241 -2.70888504624794 0.201863248026286 -1.23010729979637
0.0127236326350299 -0.868450495111624 0.781358407485196 1.70259485920919 0.994004582447261
-0.960525532660751 0.859524024034792 2.30953782698314 0.509864442366958 0.851654629103212
0.0750553099732176 -0.921040353136641 -0.0396843544748991 -1.64062675182983 0.685903344686389
-0.842424326161684 -1.00623024535792 0.108745482229191 -0.112844258301528 -1.27520237537083
-1.11417317564376 -1.78574485655644 -1.67749985443985 0.882196417735701 0.479215160279484
0.230244426274117 1.1785714090461 1.11786592078594 -0.479156964277653 0.184494571306623
2.27603295134576 0.989365788456607 1.2537305140187 -0.801988817924182 0.179345540790413
-1.10430531938481 0.203960977301501 -0.82447110806574 -0.791888419020477 0.34763541926672
0.0672549403211829 0.033060087630447 0.112286081693474 1.39612441808523 2.61686771824982
-1.3416641813293 0.809614910631128 -0.254206600301786 -1.81753522281624 -0.722779229089742
1.21486812849277 0.158252121232309 -0.273584249296624 2.33636200650839 0.682840467948653
-0.366576173259518 1.63598960245808 0.46268401129147 -0.412455532984415 0.894912165676551
-1.33744690824533 -1.02969678693036 0.00794892559114296 0.300440452582533 -1.15230717291635
-0.43394466605054 0.439581873434328 -0.105965513074138 -0.264521724377271 -0.0959815789934749
-1.15481173300861 0.805129469052846 0.0413798299259527 -0.388161894063877 -0.48948356189067
0.982622767396173 -0.912466708983951 1.87369155908023 1.02418619283943 0.033154559847524
0.141940394894643 -1.58854822888871 -0.364625494443366 -1.12538907186281 -0.9371619289236
0.881880563259929 -1.15259271766165 -0.166922882759715 0.385383689813453 -0.689442134667631
0.735313816272054 -0.0377435546596108 0.0706480189744496 1.00682022943634 0.0972830099544496
1.6060947198373 0.814432231934855 -0.104522668214883 -0.252419751471812 0.806652230309982
0.320635932059037 0.592848371793835 2.09141801737309 0.868362178674341 0.0939992381557689
0.197285963371256 0.168852596781819 0.302890109201453 -0.612914729944502 0.241776336609134
-0.0601515512203966 1.13753264638374 0.20118729266461 0.962023963910658 -0.0618558721045175
1.31094735894555 -0.0802706428426116 0.575137710528449 0.110312882965044 -0.716607051106336
0.147917037798172 0.872448720637945 0.870672003759214 0.67382123247259 2.19280992109421
-0.262024251738649 -0.726797688232123 -0.970210080604272 0.167345535912695 -0.0540286904785627
-0.0945656342315578 0.584732542726572 -0.217251791461997 -0.731562746766274 -0.175053712077528
-1.12042133198849 -0.337697589264136 -2.45062714341167 -1.30759786619488 -1.05455361593145
1.24982638772735 2.52368557432992 2.19093798979662 1.68892108638336 -0.164609940049245
-0.400156616542044 0.579792618944252 -0.419148144475813 -0.65087347965201 -0.804084324264719
-2.45726823253409 -0.375364068143154 -1.1679228573976 -0.749736939344818 -1.94865469106359
0.660222505213194 0.384389902836692 -0.150838778773468 0.869681540941919 0.993658499489662
-0.329164975032907 2.00296770669601 -0.379751062277952 -0.796908693423499 -0.923845058304864
-0.718126915695467 -0.979967620873842 -1.39703938264616 -1.78742248006748 -0.623171890295293
0.802980571080025 0.489674257166318 -0.295317558435281 -2.37882289234911 -0.737917641960045
-0.316358008634818 0.0568351187331154 -0.579570512848429 0.461638434169339 -0.296603483936654
1.21642457911169 0.651664332016256 0.124696737101524 0.885430225171083 0.907985806455404
-2.67685464562857 -0.276112463393152 -0.803230269417595 0.345541480001228 -0.479214847219037
-1.29236965432268 -0.0656657118389295 -0.0352060300276516 0.121268145955381 0.234261525508326
-1.41314118958003 -0.803401646944089 -2.25072029406694 -1.80165310561058 -0.220186078942897
0.23877003938928 -0.735361683789783 -0.283998120645686 1.11600923258304 0.401243054252729
-0.862862474568878 -0.848392922640963 -0.92862313377089 1.08855506291837 0.734010079933251
0.125946536236584 -0.856319613663543 -1.00400511386258 0.427553388610321 1.52053781531658
-0.168685495056162 1.17402695586047 2.1934999925309 0.533485368537553 0.176466277738604
-0.857664910627304 -0.146605197848657 0.929433370144635 -0.556958889866194 -0.258619846913267
-0.166586125515131 -1.36659161207437 0.522399684581725 -0.561945555677464 1.81937732858672
1.60369721428339 1.65103685012429 0.985860122312906 0.179796892232867 0.4628140082127
-0.75310774923625 -1.38862608264855 -0.8044703740215 0.979862270797027 -1.493031616955
1.19600042609883 -0.887161522963147 -0.510993942718059 2.02664278002805 0.177996045489825
-1.40242836043486 0.276534807111925 -0.153596640599013 -0.342274349279839 -1.05626486012433
0.449419219557699 0.403178385702025 -0.142012116483954 0.399203514814742 0.972674257449004
0.765400262295215 1.27077359975515 -0.00168513521324758 -0.366538629115264 1.4001645016584
2.22578348587852 -0.84902728128463 2.01582745481369 0.852024240464296 0.400832135921669
-0.29627682416174 -0.119292076085693 -0.601888740742515 -1.54962593379333 -0.952677086378713
0.349651501233642 0.866833714165761 0.472792944306722 0.916277256905718 1.30980197197846
0.699137890427159 -0.0215812362330836 1.01208213094032 -0.558845619697739 0.151759511027368
-0.761715464276758 -0.665691558695513 0.0523285716639239 -0.118594809982682 -1.05986075229507
-0.250434725908543 0.11162925519334 0.66608373029508 -0.228832532198186 1.21798606210928
-0.240438202217331 0.311217351415744 -0.0986737454241549 -0.406769521153827 0.105671708958425
-0.573092335621925 -0.0839152683188654 0.0281462283707712 0.0447780974252339 -0.161831897136359
-0.842826865765267 -0.282910558560008 -0.213047527281736 -1.3185730153226 -0.661898803294796
0.617424344406605 0.390752944098596 0.973412525534184 -1.26603033826227 -0.814540000723535
-0.948423529798388 1.54103622601289 -0.139383474947793 0.225912489638854 -0.199497594799527
-0.0510083578123352 0.308689972442629 1.14706945267859 -0.323171771634224 0.916408678181756
1.24893319075029 -0.205047397294044 1.50322134146214 -1.75943485618367 0.259070744172944
-0.376004378178104 0.137212034241158 -0.788556691365762 0.508398969729853 -0.984512303107106
1.09756479512859 1.02219679432205 0.869151088235966 1.0336009613313 1.62711450549856
0.574625172499581 0.0164104243891602 0.224597341559805 0.485022576496497 -0.359449474958553
-1.03634660698744 0.360692708622234 -0.767514239546196 0.287996254860429 0.1090882715102
-1.23860956144506 -0.286510372787519 -0.821960693959534 0.224677563428824 1.23862904753835
-1.25075322615911 0.213962170262676 -1.13352555912893 -0.847536140505968 -0.144012850879845
2.47395674245641 1.45860191247837 0.885461433778454 0.0946692832381672 1.69818279932512
0.9298677402558 2.39245570624519 -0.360980951488886 0.651306150743054 -0.0127681928234995
0.0353628328456 0.165597370660133 0.360128925370092 -0.132520742848228 -0.200741668313469
1.19094462469893 0.915236119379081 1.16449964201762 0.21935979117919 0.847801580058061
-1.49386430879367 -1.63050176874615 0.0746153534790772 -1.57522728767626 -0.837296414231026
-0.933620048449222 -0.580530118196004 0.834145103795029 0.94207673769628 1.84771448514198
-0.770915593263505 1.17107198532557 -1.02608082775536 -0.0140370687868464 -0.825549598013174
0.228317715794881 1.32548214279437 2.07844277579007 0.86604015912964 1.33928374358907
0.122277888993155 1.20782153929956 0.597664283712064 0.745595312998962 0.69687210506098
0.153495336348956 0.458531033739458 -0.0863568539424549 -0.797895095118281 0.399885738960048
0.449369204062017 -0.182440965305025 0.94202717235114 0.0424608251025532 -0.417094034119601
-1.51699349572135 0.230849422925529 -0.565855851332255 -0.0058615994088177 -1.12408908254184
0.810230057530858 1.34247480110581 0.534258950149006 1.02975556324983 1.64723927834316
-0.677604730744421 -0.627039160467178 -0.182614370475651 -0.939619638378467 -0.529308788642589
1.6149029814212 0.846814725054476 0.528630291047109 0.611783333694353 0.560564194777248
1.92435505895408 0.519352289229666 -1.0930295034519 -0.806532815947144 -0.865511702976479
0.00117136059581838 0.448092982448839 0.655160839309949 -0.952026081305014 1.04613208537271
0.137574544137309 -1.10396334743167 0.802945096105458 0.897411051734288 0.274284920459669
-0.592896658198437 -2.01622384064086 -0.885615260564295 0.902078326820412 -1.74534221418745
0.99664071096173 0.323625943475803 0.69759766820895 -0.220654830007528 1.23909979605915
-0.136696720797811 -0.610159863173401 -1.01802140985868 -0.432408209283116 -0.826796589190934
-1.97644211550335 -0.341296718435575 -2.18947382018023 -1.71320622822304 0.0897457162896415
-0.742420300674514 -0.708715964896369 -0.395351484956099 1.22361376052122 0.990131704092709
0.723482361886627 0.492320536686695 -0.129027741997443 0.135085700656183 0.885044460133231
0.399155012041115 0.0697182337418288 -0.299477859051091 -0.392676817054207 -0.0498026189262083
-0.308663172888105 -1.9856420477957 -0.913010945594399 -0.340717451770863 -1.28649345355077
-0.762256670119213 0.746917260510112 0.132198983717233 0.24290152084983 -1.52756560613445
-1.15900555835766 -0.494952497565935 0.120029321040451 -0.443670245019985 0.468923833718843
-1.22136679030077 0.091984501206062 -0.517679336567033 -0.763719655050788 -0.754007579110035
1.12943974481062 0.92198481756691 0.106744351375253 1.77934516919357 1.03816591583917
-0.218712075811184 -1.18433199843824 -0.163737952757753 -2.13007640071581 -1.19743992419977
1.22064251626568 -0.467650685889323 1.47961959349013 0.276631631096366 1.2322320568053
-0.715267187764384 0.236446136218934 0.489977703569868 0.840026389210251 0.564046913462635
-0.173035872854352 -0.89410530162304 -1.31998960884683 1.05585154974883 0.738657794095171
0.853633938116498 -0.0681969403334048 1.59745774534212 1.56669337564057 1.04983822354391
1.17162210559954 -0.326868323521071 -1.21758477720246 -0.400788766581499 -1.25319170432054
0.0977737742048036 -0.594162983429007 0.334245494868637 1.06642322083751 -0.0666410138096104
0.359063970145087 -0.315786624720073 -0.69068010757597 0.0145841066382129 -0.886128774706971
-0.162822322685311 -1.46101275836944 -0.701408498750749 -1.04799035055945 0.243727579454992
-0.0350783104394756 0.229720541058255 0.347421984482377 1.23897759626133 -1.81331226833964
0.880301726235764 0.284212616488959 0.669361223260515 -0.177775419602963 -0.46564799781555
-1.67955193705444 -3.22100837817599 -2.63664587336591 -1.59182738289523 -1.18568133201145
-0.0275392210589038 1.61364057421611 -0.797052742012502 0.536799971007973 1.3723920943592
1.53181297630398 -1.34341686583458 -0.851703835781834 0.543402098999691 1.27632598648558
-0.505909164822611 0.133821387267155 -0.0873254206715251 0.357834533377798 -1.29587512622903
1.34846076790531 3.13334212914371 1.35637670000436 2.58188310386578 1.07892534028052
0.186985322296327 -0.558565886665726 2.03620525633951 0.757418016588433 -1.18644036094526
1.16799304197055 0.917647884276909 1.26464373658718 -0.283728535871459 0.448461304517125
0.860977930341876 0.107844400933071 1.98128957300646 0.457288977960755 1.75386382780974
0.284386216441997 0.717987355668496 0.426966879079018 0.462038869466394 -1.63289813148791
-0.295699655093837 -2.30908179448564 -2.74345429085626 -1.03038409161102 -0.071182540081255
0.66574678301805 1.726414404326 -0.405770869439451 0.265605780309815 0.461733922296324
-1.87407775328853 -0.0679260208279844 -1.28634993381041 -0.211816403505475 -1.43811535750594
-0.672362220839606 -0.462569393857103 -1.07327983089852 0.155041769553668 0.266459489913297
0.608736905181449 0.91553442976202 0.591290619754539 -0.922123195709068 0.240699699101333
-0.144035108717005 -0.0276094702715041 -0.0213026960419745 -1.11319551579184 0.499548761737761
-0.219549049897211 -0.273913251087395 -1.52463801243985 -0.131051715047837 -1.21717778036382
-0.824755908720449 -0.80081624825629 -0.765570525244157 1.13864890764557 1.22502197737935
-0.0189092865201164 1.26313380206834 -0.752544313368914 1.29663020603978 1.00542754999099
-1.5729067657906 -0.360732619586965 -1.99033629608717 -2.78697880969129 -0.396353855686493
-0.232676849330794 -1.28669514103131 0.683329234374465 -2.00859852839901 -1.77461171148964
1.86143178680525 -0.67086514634536 0.561443551956088 0.245113324609259 -0.263702839785136
0.577238305371087 1.04673416937382 -0.488877032587773 1.05788832332733 0.739299277532975
-0.1017010762935 -1.20428537023614 0.65706410611816 1.3348970990747 -1.03798707687012
0.102244464664507 0.243235723009128 -0.247165314477678 0.354521310037686 0.419940615479401
1.39889598167623 1.07821111379381 0.884105527974247 0.509739511414567 1.07585384561376
2.00761954321432 -0.491287968373871 -0.383583065265438 0.216676740128811 -0.0882310766312052
0.431418615198718 -0.455293877082501 -0.0436356873812423 -2.89965206080297 -0.293894201394397
0.956802407234626 1.47536164236427 -0.0735911780206014 0.486718469615873 0.984133602441752
0.376981365888504 1.22049209088081 0.729221237942039 -0.17441782643461 0.341462753301854
-0.22123184181483 0.572967888657689 -0.580752494088312 -0.102603750600252 0.0929657706717539
1.13068212116826 0.901406600074926 0.333439388772381 0.540709843201113 1.6625428348218
1.19813970996496 0.319500297240893 -0.82617138080745 0.531277600146207 0.650999558126202
0.311470097808145 1.44419845685447 1.30443346457126 0.183718056529649 -1.36423220200073
0.927432297320223 1.49357387574936 -0.486063768442036 0.882058308670635 0.336576709364206
0.492587077786722 0.315333750054973 0.835762617936287 -0.0789493570647553 0.881482184085828
0.635951163450593 0.272868201018411 0.332025137369839 0.955159328219511 0.0208237886236601
0.154083914237643 -0.0770327288472638 0.774848112408049 -0.174553565937341 0.433650806882911
-1.12464933619306 -0.126959743115039 0.874153666552994 0.563450873210019 -0.0280616676764333
0.623478874952395 0.703708673140204 -1.47835443535939 -1.83541352048535 -0.371543935312051
0.428090163571026 0.785060096999033 0.00927025852810728 0.751489305923466 -0.852711935995682
0.334766391103433 0.732534958463234 0.724034462853974 -0.68010900569556 -0.130827315134246
-1.12777317304164 -0.637197136838925 -0.866088277179468 -0.449749775104177 -1.7273258220814
0.391543037009769 -0.774312629804933 0.878648824169693 -0.571044473030752 -0.496256620031363
0.154401778803906 0.487392068789386 0.223697126746071 1.88036513225135 0.451128822622042
1.3033584794248 0.358714027025797 2.3505765670407 0.744609072789005 1.5541522063157
-0.0289383608933782 0.815383550778576 1.54309322252261 1.06511252100874 0.588719926939638
-1.85373128697895 -0.0589188526915337 -0.955771349754828 -0.586977607185777 0.278640628133738
-0.17888758221693 -1.05064084031128 -0.330614968777622 1.02576593350253 -0.462394123878752
-1.48259794779428 -1.32318333315472 -1.09338211095084 0.769538675116587 -0.0364955117677759
-0.145340253061571 0.976628750316274 -0.089603892951261 0.400322383470935 0.319433427655006
-1.95295433922475 -0.656288520321083 -1.09146246501736 -0.358155307187458 -0.874075527733935
-1.41384803338298 -0.212517485531242 -0.938398955193835 -1.85177380973107 0.885036542406977
1.26881841612616 0.199498788267989 0.29050729137004 0.532669317623459 0.793246832277539
1.28130480632474 -0.0254932478747538 0.702920075044352 0.486490794059772 0.384755485212166
-0.508926582832237 -1.12244004326889 -3.16905547444075 -1.41700281923709 0.0535910250638657
1.96908981574168 1.55800030011452 0.842504180000844 2.12745081165379 2.10050917890505
0.885112609180869 -0.0433557311391652 1.86164566981437 0.341522856123524 1.7552592981115
0.105582723188942 0.352052228998054 -1.55943678178224 -0.241433283815978 1.12489268995071
