0.682197457410129 0.405282576425139 0.651251559955465 0.476231913650045 0.43010626131174
0.42222475760703 0.514241794092101 0.406128320306282 0.464127110793747 0.346821806883826
0.4143481231686 0.414979823139253 0.507606132889776 0.412645022608687 0.523695665205546
0.362572888015241 1.04703090058511 0.390605393776038 0.437086563320165 0.557519517752494
0.408810343488125 0.408028737475455 0.423420203962306 0.398070144081579 0.386149304836732
0.42347139780557 0.39854440935437 0.430933847005498 0.469322641676491 0.392274981583268
0.318645212838285 0.560088194363851 0.443731129901431 0.418919605476946 0.353793979107144
0.349749011768565 0.493668095790388 0.361062085228428 1.23115468481271 0.373601092635296
0.338323787748521 0.37516600865352 0.381213138942354 0.387360478752327 0.494179557499965
0.350127523999091 0.95972927055632 0.38400274117419 0.365703706108423 0.365832392671569
0.371689098485812 0.370144896915033 0.443015533352051 0.411361001489225 1.59684531311761
0.483185146478461 0.384877545545762 0.328738052304442 0.432797564939341 0.43006713123703
0.415620810212274 0.59783505513031 0.32925979676496 0.40311399996986 0.385261503835846
0.435469552513997 0.460198577836811 0.402295557892809 0.395187990747178 0.79906397654835
0.386314571876837 0.430336677292209 0.547096321688284 0.466452044810081 0.361593682999929
0.434282312103886 0.393915691052486 0.363826954215669 0.365319667025586 0.416638238725758
0.408626471192673 0.416665269198572 0.53725047858772 0.388882237343913 0.390580363348935
0.530621866180079 0.366700060977426 0.514905892595628 0.42934690185133 0.382343785570891
0.366508646093028 0.42630905990045 0.460708585583275 0.417415970819995 0.383457246206446
0.371937318564461 0.785734280113386 0.413900470613607 0.46493613628788 0.389908258059472
0.586760757110104 0.369960739969925 0.355351480958622 0.374341347149826 0.619919598727813
0.680834084713882 0.400351768055581 0.496264151765433 0.37448356947981 0.342545700192032
0.450528009313678 0.470079287305897 0.598277880788989 0.374279841863251 0.377134565152095
0.372494751833808 1.22052829291232 0.40469525524386 0.354282230138908 0.3721632674824
0.444687701312452 0.423222235726229 0.527182444431597 0.35645305556658 0.38989292079433
0.391758352310621 0.468444999523722 0.511041648393366 0.460446851570785 0.481450555923321
0.412306117288699 0.372745245889455 0.481552675122889 0.451365214008579 0.462204792418566
0.325336606070527 0.356652722636282 0.402889424025866 0.361179476307685 0.357641340931221
0.384122838098281 0.354907362215194 0.382676295651994 0.47363949282234 0.47984636872733
0.414617034298511 0.448480918300182 0.408817077152103 0.471754314666039 0.507948476031691
0.360335973879178 0.560871914218241 0.3699167799154 0.689500094950381 0.423453718795163
0.376057048776662 0.36283372062001 0.431045558673846 0.360070790501274 0.389551891537292
0.485977706603731 0.691031535277806 0.477670053946915 0.50313792124432 0.477165832239363
0.346707638402571 0.457543596393568 0.319256748651421 0.400524793853263 0.38821118227678
0.395298511798899 0.386244776472642 0.356987702786859 0.702312217190381 0.345009574846934
0.802489718848425 0.615650960952838 0.449005454159407 0.434296142033649 0.390968539881688
0.309683374689076 0.401387924961878 0.354428717596931 0.507906293072176 0.370947569978367
0.416333649974805 0.473619176328061 0.454003693052852 0.383254187325893 0.370790444293397
0.376638979676 0.362999079722731 0.356927844630584 0.715415336228913 0.387975196909412
0.384253431325844 0.329115948923684 0.692028834672841 0.379401378536535 0.380767612928265
0.343420224754939 0.372609409368972 0.378298076148618 0.577848497081547 0.524820137126725
0.379449540496232 0.424443600659472 0.44037793853108 0.344320479012085 0.376150566936191
0.379605766553625 0.452360853839567 0.436340027475891 0.412942821256124 0.514939160155756
0.331129840101938 0.394395531713854 0.399282900957099 0.538603737347793 0.357316841584692
0.430728607985791 0.477364256193037 0.492146471439915 0.341420210033506 0.433565954314015
0.318018523699717 0.365918357303472 0.593870210852568 0.422597909199198 0.318159121401874
0.764284437290548 0.469652762574803 0.365734729546377 0.404555180955676 0.362768721506049
0.39077611321865 0.409002651127426 0.445886861519766 0.89194662581536 0.606981855091336
0.359406000205607 0.45734489823902 0.459163102282326 0.424559973203898 0.417801531187738
0.307844239314515 0.431246899076075 0.374893767956059 0.417932260317414 0.345787240334961
0.495557061419549 0.480033048226795 0.36397532035613 0.838993201609519 0.354436277766769
0.424496681197212 0.356282217847841 0.384286556400531 0.483789277925472 0.570104717786008
0.332033343694967 0.431116376716255 0.396165697553317 0.452281692683728 0.420498336745272
0.447686777457999 0.448950826385561 0.409821457064641 0.353491601913916 0.760974039678495
0.437297332839705 0.323362753659263 0.934412978094682 0.315821525405289 0.348959878977393
0.932983699067949 0.424237191603071 0.347591629392357 0.379508699801997 0.462354978082926
0.397120066240364 0.413519351678511 0.330552708220647 0.647842270947914 0.350561116130662
0.620820435512145 0.367692717783398 0.336980376677561 0.447612641762144 0.561299344823587
0.570422674502241 0.326814683180126 0.736600093263819 0.425731047406074 0.386142083535545
0.408077601894456 0.411878916211579 0.314832100351431 0.430629214960961 0.469330750918547
0.391956684731875 0.341048009171224 0.345391092586661 0.479786656785996 0.37336881597172
0.331151236742604 0.303355261678479 0.410756985960997 0.39990414995004 0.556694039697145
0.447042054027663 0.363181155433486 0.646010618991323 0.561415193693554 0.373245966912724
0.334155644913549 0.513324263666195 0.354961679049609 0.499044727004321 0.459003496972627
0.405755860465268 0.386314760946184 0.436907927083321 0.364592684389594 0.398565751859339
0.357920613587419 0.406618147742921 0.479531206053716 0.638110916818299 0.366501609688807
0.480642065518468 0.338362746735278 0.330495034739951 0.612629290348186 0.410357217370538
0.372896021206203 0.520793157995863 0.37111940538941 0.430742830376749 0.317627949667626
0.393663690188569 0.352861044352277 0.324875842149297 0.596296690698837 0.406273604095449
0.373871710457721 0.535134092292871 0.605836010900036 0.635098974884468 0.400668428722827
0.429298580443184 0.443470093010993 0.421503067718627 0.354556944518563 0.358720613265779
0.897505598496449 0.373308616690481 0.363236060189154 0.537455542016608 0.484375041275969
0.356635893768856 0.422365187915935 0.348778183903374 0.523472353892823 0.633986390830342
0.630701420114178 0.371078871302946 0.51425058139781 0.352647970032565 0.391839621847808
0.445336765733221 0.39276043626914 0.456924348756869 0.52126275158587 0.449339838463299
0.399130799841022 0.368788663803197 0.355304261205991 0.481428586861153 0.633049446993107
0.463396924316946 0.318915076975939 0.420625945415679 0.542404330342981 0.334729788784001
0.390500209170425 0.362845402588252 0.349323700984855 0.441082138743401 0.391857102576973
0.451611239558709 0.334662237169477 0.399336076212453 0.359910693262492 0.35754327606462
0.718001903278223 0.371166057682127 0.441616111551522 0.499683023162645 0.431769813860481
0.424175259048843 0.809486293181919 0.477211260885323 0.348842006584216 0.476018348743419
0.423743609216308 0.338449038832006 0.42625686288849 0.480064324775542 0.494025173043562
0.321914857867888 0.398621630994401 0.417228196338319 0.707132863249318 0.401233858546851
0.35594927430577 0.349005281400032 0.388038424929731 0.479165853469984 0.488197478176139
0.411147775411851 0.360432085555449 0.441293008124016 0.409597694163822 0.511131964606027
0.435946237220866 0.454435824691071 0.532262169943423 0.495797106295387 0.518628266273323
0.442336809736777 0.403900533105309 0.459739291412913 0.402417570382583 0.344093644580567
0.336732423597362 0.516355564075842 0.432964403660752 0.412017102458315 0.410522746181952
1.1025924026135 0.361271894722503 0.344245192238672 0.425731052816601 0.375224956639373
0.366969368479313 0.431722045148051 0.308696469461879 0.427161265258515 0.370147966003985
0.400035428469885 0.393027560163567 0.463240689924826 0.430984925799647 0.577644780542625
0.370321320205773 0.356256890325653 0.419795305186043 0.414776865475239 0.38379125548367
0.443357711824728 0.432666374047362 0.531566079954382 0.784727292126996 0.416030623854976
0.577757366719256 0.457746982043983 0.389877626889298 0.347731809328119 0.336354526267773
0.484965603211827 0.42927352958081 0.437570353048815 0.40860009967185 0.454426650214155
0.509465008844869 0.435528874017855 0.53583997913126 0.483616728943488 0.39901766532537
0.431321790498022 0.412276535720773 0.380328020016288 0.756506600604552 0.411806861678479
0.403617191107126 0.410534313968475 0.344759876292116 0.590568801461746 0.408746073388123
0.348383006839795 0.468557358659907 0.380925106436492 0.384605246128301 0.374582739335007
1.22976622045807 0.370568289095967 0.433201659731909 0.34067661951046 0.398211549969411
0.406403808743633 0.720470503876314 0.524317157605418 0.394684383163951 0.63192551014654
0.359560548139282 0.382269982510958 0.393579037916339 0.44177371192681 0.386271640764988
0.450231319454732 0.361220967145001 0.360192364244208 0.431306662266897 0.584714228369698
0.528680626974591 0.56539628107185 0.729388666167157 0.289396279386414 0.551110093027306
0.464136964463273 0.580242312874153 0.376513112424311 0.314859030800637 0.453770621804321
0.322721360757616 0.444439909605633 0.357381750759176 0.444106511921291 0.352545218986267
0.46672264876744 0.365020627112931 0.358684727069929 0.467480471896229 0.355298034386318
0.40618364938876 0.473551821193355 0.379837728574754 0.411341564861473 0.372301562787519
0.366060805528621 0.472048859025756 0.556213183852739 0.534082333256711 0.357427967926608
0.33459730334676 0.357004904063404 0.433637073907846 0.386781875322826 0.449896280990511
0.46042185019792 0.456322340810418 0.338796064644031 0.516530225604559 0.562719610737328
0.336548783477938 0.428824995516673 0.435780111325882 0.487722930169224 0.469101338354766
0.390854255688183 0.461968276166733 0.347336512027866 0.503534397825811 0.699731925998755
0.601670863613229 0.424193122041901 0.624737016870386 0.390185522476694 0.449190711715156
0.310407673323824 0.389702634668707 0.54427996708313 0.445683330133363 0.627499929791334
0.301599746042769 0.384457195406734 0.397864278693257 0.479740802178403 0.658021608584571
0.339150764748772 0.38608729990164 0.416768643098208 0.352901871734281 0.336821081394765
0.353532434901232 0.403891055833114 0.383189738284243 0.404575709170884 0.389210958651587
0.368010556945996 0.62552928318968 0.408192179269982 0.360422359179517 0.433956856851132
0.365230575496133 0.46434827171101 0.407490283905786 0.42363980133252 0.579960220708284
0.426254076923812 0.456790670655285 0.311005996424364 0.340709193925005 0.486088241862248
0.311167224302912 0.402159504764643 0.317524899288939 0.338253144561715 0.561215454955477
0.449503038925159 0.35332712437759 0.564374346204671 0.797466601206054 0.400937669133282
0.556595185120632 0.475346592420785 0.350775731834849 0.408439022052961 0.492876504568948
0.38468197505167 0.447697411956664 0.442208346811804 0.370374150540955 0.334150088030509
0.526309463022858 0.354644962745574 0.51505698588502 0.401553931366215 0.444754396302129
0.415051673592091 0.391036395396837 0.43329054738628 0.419373515047856 0.368733249527877
0.437281159687146 0.40637920358526 0.326574710901056 0.389024259124172 0.436644372993886
0.531224675004371 0.369364927600002 0.843133026786607 0.45625055520846 0.351622397742508
0.326242757898208 0.588729280769659 0.683646206522703 0.372803215973443 0.514511492923068
0.355431075107456 0.359185336070321 0.317139448455597 0.500595563053104 0.427825765935012
0.550379808676843 0.445671717291375 0.487159567184698 0.530703328016462 0.407121239961289
0.405861469532679 0.374226268934963 0.409307778544432 0.286284703560733 0.664774558828702
0.337390974591494 0.448665172298929 0.438514322748786 0.344068116924462 0.632901776727683
0.570606707471227 0.467103295217697 0.385346096226493 0.346912210428868 0.530196465493255
0.862978812720776 0.592204430135846 0.465860372983915 0.385927527822959 0.37518561913274
0.537938653753396 0.591095304660817 0.434170880785371 0.5025073036495 0.354554966260611
0.423456884979824 0.498609498850209 0.325650366070504 0.559836928154446 0.523926759734488
0.428089677020181 0.466054771537964 0.352515139265992 0.434754463086829 0.431774673211293
0.365650038763441 0.347578672441424 0.447331615201541 0.450339391963878 0.777430807547038
0.408266143291605 0.36844244372535 0.443668470377287 0.441662824666285 0.366705791684162
0.434538519855459 0.794369887448421 0.444272379713118 0.397135397985295 0.379477433671086
0.382006587598055 0.481484966127219 0.41021550449209 0.660701169744478 0.387493939804028
0.479399185327296 0.654621760216885 0.374870692761332 0.412788298285994 0.316041089823561
0.296974476904142 0.41928198816713 0.387062593130722 0.442162332303974 0.31554073627733
0.382206047578461 0.387086699377316 0.617815641961518 0.395073767173506 0.342672961205543
0.361382856941259 0.433969406962868 0.3685390315157 0.519707968840122 0.435882003034375
0.485056410185515 0.430971578719526 0.333574992738776 0.496229002356923 0.384368895668425
0.579674486901519 0.441244133928222 0.513485947710974 0.557041711053629 0.451015267798213
0.517512799216224 0.447428716262857 0.37698282978798 0.375525644721902 0.467126203706426
0.408874886040171 0.480086619146543 0.328528991593751 0.410173102642834 0.344270697718529
0.340870827373767 0.473244007630763 0.440191657847872 0.324631144444644 0.477961651033227
0.420162829744245 0.421810365791066 0.483534181366511 0.451873528623457 0.397379323210008
0.318349064128556 0.513185334252552 0.46826176140941 0.439976190035329 0.476472954897009
0.400860191238166 0.359019956821527 0.610938676996183 0.49112120391737 0.572031972544259
0.498153716749069 0.316852953515372 0.434143196181558 0.358234852430653 0.422966798896467
0.503125954106951 0.349445899492056 0.590850454330409 0.356778116868646 0.491636631009624
0.333376973584579 0.359046153824513 0.45618221806264 0.424688691548442 0.615540265325758
0.516391954229181 0.327172354464851 0.48658454046707 0.358850050947102 0.34599673272083
0.509044339490873 0.326847513126687 0.392064964103813 0.375753345552525 0.580204878055101
0.553748595411091 0.404421134619003 0.358201193425436 0.382616834325636 0.332242106326386
0.349059323274552 0.378804168179824 0.346362889702362 0.485982993802871 0.454417193024211
0.355623032026478 0.331361228862572 0.397323750495661 0.528326223566618 0.309184304580798
0.442234057673604 0.377798068820634 0.421750715047344 0.394964031449195 0.457568636155678
0.359878699438374 0.487799478866997 0.375489234820098 0.503710760727023 0.355198332864483
0.405660494331845 0.362682109594327 0.320682408340213 0.689670581764801 0.625978351311615
0.473895351111157 0.423677715690732 0.375172032176317 0.616143569746489 0.35539740791001
0.78845879926914 0.419857757265525 0.437297427235553 0.528352719153256 0.41161842398556
0.487921077000086 0.37024307621675 0.489402097622213 0.471185799999187 0.354418525941187
0.401397423514434 0.35153374082351 0.51321651618848 0.40305862849216 0.361209764207147
1.4251433164527 0.541167892383561 0.34985872195286 0.383064876350039 0.40037542694333
0.346924405505116 0.703896522701531 0.421539556440442 0.477115559730877 0.396613385665323
0.476647207942029 0.458343044102526 0.52479507971058 0.632059188515 0.504053409368278
0.392156850448402 0.33691309455097 0.506059024743291 0.52441526988649 0.345362091638772
0.348932248210032 0.427265560524265 0.675620728827897 0.431312818598762 0.528140142814313
0.383857668128543 0.340227081756306 0.369489585950463 0.467035511087306 0.459976937161451
0.602842474868069 0.440822177436003 0.42150280131539 0.396841983908393 0.338262844507056
0.51729206452245 0.470901064350668 0.400052558402676 0.512654168943346 0.387823788882735
0.332748049792338 0.487125961602094 0.434021441299586 0.397300352951925 0.311238455658349
0.334526170303447 0.4591987969566 0.368537411093743 0.449175104651291 0.403483421346989
0.438576975435017 0.379723878144391 0.475428588499678 0.488533803346794 0.48903900608131
0.336921291565539 0.397190979706221 0.356821156351255 0.356978193222555 0.462270283172311
0.456147733563566 0.360621386560012 0.476889045130506 0.715397213527483 0.381551576426908
0.352792621480842 0.314566785503303 0.322657772021859 0.555703285360743 1.03724469014118
0.308572556262575 0.445539881060873 0.356938919103442 0.378962469702394 0.384324846607071
0.290002123517435 0.373568956392601 0.487750771958963 0.445652964000934 0.535581295244567
0.380955935012987 0.408747055219418 0.409139584989039 0.325182026795346 0.375807135998529
0.365184836671398 0.466107189667102 0.403746837615871 0.510746308169308 0.364935029043492
0.428243518640741 0.423356400100618 0.357299717090233 0.386930883299106 0.481769881785301
0.403478483878417 0.41878671817301 0.434474059603859 0.423173506708988 0.365991720201714
0.328042673711636 0.415470986428639 0.387700074655266 0.374184251754774 0.655396106092193
0.407608026602091 0.368903006381344 0.430981875349135 0.371236294889354 0.859517593495824
0.511404777759921 0.410689519826492 0.378364277621921 0.429067265419887 0.344269483889061
0.32927757314092 0.3828526432663 0.430833441090869 0.44318163181103 0.423730767424748
0.385743064851243 0.854673132873078 0.446889800872189 0.413858575088778 0.555007071837208
0.33145922854696 0.39257674910142 0.382385767416521 0.429792121778985 0.412670326104464
0.298544344517216 0.541423573729112 0.436408674785481 0.355762721308715 0.403286102363193
0.359252203931438 0.372121440754496 0.395367110708353 0.425957319906728 0.532339880829098
0.332190745231459 0.49255476702869 0.355046309798636 0.386135920000965 1.31072857927679
0.386634860260133 0.516578410786151 0.410418655686598 0.493365347957519 0.423172159513214
0.298830328897909 0.496277175132186 0.595004553811179 0.36001300433617 0.545967082251496
0.456751501345001 0.754961236023945 0.561073095012303 0.380283002879393 0.420761618780143
0.42242866729429 0.344923864553098 0.461582037417281 0.357069173326728 0.420827777041861
0.638077000153693 0.467672416381717 0.49053366948284 0.420478430603776 0.394751233186746
0.510521648769105 0.455149623475748 0.392332857765176 0.413723868883786 0.546147528808275
0.57008821860912 0.403548641087984 0.502398744286843 0.506038690261481 0.382098286982205
0.415437199902507 0.385306123027323 0.51048091307897 0.446515256702365 0.354067021693607
0.337022969113954 0.418559499974548 0.368496138963072 0.493559243477646 0.56412340390616
0.465206600774656 0.375865738647553 0.468275146291615 0.472574184475259 0.48416082648006
0.777248716043753 0.382233180972876 0.357252084482923 0.402162668501858 0.355175080495308
0.393971342953026 0.454713574074656 0.547937055133022 0.360135864881162 0.339162895600496
0.329327856451605 0.341153887763019 0.338966986318343 0.420649781695426 0.379660004393892
0.3061525797672 0.362039074677726 0.46483686170889 0.377186911724539 0.471225010332337
0.461998952239525 0.472428684634617 0.650366508415174 0.449439768158987 0.396789983053685
0.408544932520218 0.415335460679849 0.332644090583739 0.413372537935268 0.515848240342689
0.493876370796818 0.448020503012933 0.400304053897757 0.514060873261142 0.729311731136057
0.311085311252208 0.382094055529654 0.742051491091652 0.356843638192113 0.350721230334318
0.900551784981526 0.376685876770289 0.414567412287589 0.538909547197293 0.381644772545149
0.359075470145556 0.484346543995098 0.336277974401238 0.450509422852227 0.537419982528011
0.330029951455037 0.43644178719142 0.347839548959619 0.322754630390201 0.425425422078009
0.368180408957474 0.422819568072505 0.453973262315724 0.487687797823941 0.634757185040741
0.454758359525315 0.577123630799681 0.434347994650123 0.373346822145034 0.458832292437608
0.336653204992256 0.356604451576025 0.363220676831584 0.373465110579931 0.679682450068857
0.420108551452926 0.400326780015326 0.432059572746074 0.477629631674124 0.378715378226695
0.326388486238647 0.341620006784667 0.354418270327188 0.451944746541779 0.354143776241505
0.375401532877047 0.503099090873014 1.15472735469407 0.416122699721147 0.528019644267892
0.342859136657641 0.365225821604945 0.366194746548817 0.455952074271529 0.456083107694867
0.461331384266047 0.414632300882003 0.71238457873049 0.425795596611964 0.504131481736432
0.676789371167336 0.54113619627394 0.378363574158464 0.366529436853763 0.438420028747678
0.418804806437062 0.339313422268529 0.406727933489101 0.453714505411083 0.399170857820827
0.632319338417665 0.496592956301056 0.426154058693731 0.557738162811091 0.383766669130225
0.379285899795703 0.351332004969268 0.358863909029986 0.357677377046599 0.390636853275098
0.387294151661924 0.480838005847696 0.369247340749752 0.385395002858753 0.293983015459258
0.523111571793843 0.441567043678402 0.441004504147103 1.01758282403566 0.360061641382759
0.34927086964262 0.330598351986229 0.481304086770189 0.788636981097681 0.48238730654791
0.378934846229799 0.396379520875512 0.431800291040926 0.437743873835338 0.423465030630365
0.295119595745938 0.371520338046791 0.365496680845584 0.487724797749006 0.393632730978345
0.356215723246249 0.437773115227912 0.368090285447793 0.341205320721924 0.600125449144832
0.9359259241374 0.516372497823639 0.352584366177449 0.414386772437048 0.990099797547679
0.347318519219321 0.609207150888706 0.336085973147675 0.367770895129414 0.388284276556656
0.45720668737062 0.418267142518372 0.401715974481005 0.432444135610586 0.41136158165778
0.365806699347425 0.652013169310628 0.356769064615922 0.435883175155309 0.501431901111098
0.405799469367756 0.536055182305194 0.412104686438123 0.430277547015246 0.537693874470021
0.426306952918122 0.410840090965054 0.418226817988043 0.669170578074218 0.382965058612709
0.39311973757602 0.675365879373206 0.323899231956762 0.371793145462664 0.390482242315806
0.65244692598944 0.645566780344521 0.380227123617497 0.382467741627424 0.416877782586079
1.22609697961573 0.358619201779249 0.515531751486133 0.352068436620543 0.383983729780664
0.476445026648711 0.455393379537018 0.410064172558158 0.99048954464804 0.32655549736614
0.308390778201489 0.476797476089665 0.41646927888853 0.668744447610207 0.624571822180469
0.446347579163369 0.378745910112843 0.455196747423298 0.403781082736695 0.34780128372217
0.411037360320015 0.432498039567046 0.552730378366908 0.351434588702005 0.412556898315136
0.497679581586858 0.383147880955393 0.408478584804129 0.390463623631267 0.510027117916811
0.368954503295757 0.565857628635887 0.364878714288867 0.3922841454282 0.440801698600168
0.432335715357206 0.589360211006631 0.351771512383427 0.415756112925912 0.319684735600986
0.494462965494584 0.605109227838684 0.44560679484613 0.367506662979549 0.409727107334859
0.42077032236404 0.346266419871228 0.340028797840642 0.389391488773529 0.431701736703789
0.487365274903153 0.41116210380605 0.38476232449232 0.42340847282007 0.34709523357202
0.331600597414304 0.82086492959793 0.332411344092093 0.401885515983002 0.301754308799886
0.348826173228376 0.398352328467145 0.339827532769043 0.359027058057258 0.579979945917316
0.346924351619197 0.420088063545687 0.35731409749971 0.37239377301723 0.473798412510699
0.333322537709923 0.367575087952118 0.425726006047404 0.705715122487436 0.378524376680061
0.431933256012695 0.42593144043553 0.384682202177614 0.633688576940033 0.467670747199954
0.360988813491603 0.63561502162037 0.372437576499682 0.476112690293121 0.375505530516475
0.452682532541995 0.380715809599514 0.32287078359217 0.43499982325081 0.361567091118367
0.331480450868144 0.340948159400345 0.444322057878951 0.425001132409864 0.331351249579255
0.411908585161279 0.376297220201602 0.33241533743397 0.375406329157248 0.464512171554574
0.346226917536447 0.445267870013746 0.719267565378145 0.445214775545718 0.410846412788951
0.345066708578953 0.502740828632766 0.310176303002513 0.38596526634859 0.395439629608884
0.536570284560301 0.341155792898961 0.401662480361593 0.444278380778794 0.44136455223686
0.498977568925913 0.343769519807329 0.352938186350087 0.332229997219062 0.461567703281352
0.338795582313208 0.475328683910734 0.393223980457831 0.764069162530781 0.605086767794932
0.651785628884722 0.384038277429503 0.373381689104327 0.382791779518376 0.485260912531705
0.347052815914249 0.605645893273989 0.751097022065668 0.384172715886169 0.357028450424631
0.33555800962544 0.488539990282711 0.34425708090547 0.372150003509482 0.517470813189013
0.450097200779304 0.342334061886895 0.328778806704238 0.374896850618561 0.527019422079952
0.416060827984147 0.378226431950238 0.365907776354469 0.427143291122834 0.397493076882016
0.313451146955741 0.334843892955517 0.42711562819603 0.603038407831929 0.439440601337764
0.491553575676335 0.409100242437583 0.41485145697972 0.875431951997659 0.562991862395368
0.321922460081496 0.676053403281477 0.524141485830776 0.401505675876004 0.42011078771396
0.490327491585817 0.440158312263212 0.408819408605379 0.392931994312427 0.350478527931322
0.717322700496996 0.359111832166444 0.497551067714025 0.390124173150648 0.500863689378257
0.381326671704151 0.418179816419276 0.330602009607752 0.544358394117831 0.39492817727227
0.358979105878479 0.410762779205194 0.34485160700723 0.573315513823018 0.578659253597112
0.459153569803428 0.32098028526313 0.323868374430885 0.43195217115544 0.440589347756001
0.442535345396686 0.349670456895116 0.34715732944547 0.450796695401314 0.662910112269183
0.480857409352766 0.697852454129444 0.33241101184544 0.364468597167359 0.338695289965858
0.329750406273117 0.399674196873235 0.373571023119758 0.468647629081373 0.379141657150608
0.367896492089856 0.381262788104098 0.391330308938875 0.473583317609292 0.508963266562065
0.342632194965657 0.374971950163681 0.358490688743433 0.417139589730129 0.363080264983918
0.410179864706254 0.555439683138939 0.36225951476436 0.399487020844824 0.381801351017465
0.378772564003209 0.339445441982032 0.48984783389557 0.338802115676132 0.473522770934052
0.51326771164607 0.541617053397169 0.373350926857786 0.419112285165648 0.42149304679028
0.441088656267756 0.994522344727741 0.345380986678233 0.409368765857395 0.358515690547756
0.385444104284716 0.334735883921783 0.362785909074895 0.395322458402733 0.359614773642664
0.583980796541753 0.323801269317074 0.566211256419462 0.454208426142784 0.426534525930217
0.467099414671325 0.417745939411621 0.41076069018884 0.553434369598644 0.361242475494442
0.396983687133336 0.420806349969854 0.437514991121175 0.427302107321961 0.404527265933911
0.429547832840118 0.372849058384553 0.363468421069899 0.450921417481357 0.354179937706854
0.354950433288184 0.474338348105976 0.421937445609742 0.356392740005041 0.355275585049741
0.311745973361377 0.493921582215977 0.323425515807797 0.362202373359682 0.397283039827274
0.452572211964094 0.385760636885324 0.386947592302514 0.470998218096346 0.487463115555316
0.504824744618072 0.509162478518465 0.443721703830557 0.399278015508915 0.512975406689016
0.393011787115106 0.556131448772791 0.383064010638345 0.397048502050123 0.371524756513158
0.511511841793844 0.38287609692556 0.718178472604578 0.49412702954659 0.512862091433804
0.531558665555451 0.421038439937262 0.351695771326833 0.591677295692138 0.338854980721904
0.439902696047531 0.429168618011316 0.311667727815056 0.406879815175481 0.375817974510557
0.395213004068089 0.319839087958013 0.435240503049384 0.573671576354262 0.476367543192092
0.430682411562037 0.453190772358077 0.360168158147285 0.564012864339694 0.539145965988096
0.399137934799445 0.48679068348697 0.351826628124425 0.670514540001352 0.546213360880296
0.469026058990263 0.465865323559988 0.461824691525061 0.560100050869844 0.383954517658624
0.50680937301178 0.654371865255945 0.365291746463435 0.354044747903554 0.391097053062435
0.32915661886373 0.398705005128939 0.380639080311499 0.298536713779597 0.443386257923697
0.334060863570911 0.446686780358447 0.387581041692307 0.352200062316776 0.349773539272479
0.486542388962813 0.307414683281627 0.495813368464489 0.485961674753696 0.34258755425257
0.525568917932142 0.415019145334843 0.432142783563764 0.410114126164948 0.581580465197974
0.385739293457459 0.509236791522172 0.601175731104393 0.380364574863397 0.357736449542959
0.401938802511812 0.567755465579415 0.380063845587865 0.689443529197252 0.431923055462047
0.34757197646075 0.407656228977791 0.49452188183901 0.444961455942597 0.386066230632481
0.336040333169364 0.432557410588499 0.384489142338641 0.345611595144767 0.334465055054043
0.46059552153154 0.358146772510253 0.355765261276209 0.381859750397836 0.335363720854871
0.45398988165292 0.395412536308908 0.412157628727624 0.438386062715092 0.515759139181832
0.47335495487836 0.377112696138564 0.337653867916277 0.369396386356726 0.358825960516762
0.366237641574341 0.390171285171206 0.343571594645811 0.715727697583725 0.378950968998838
0.396126797273243 0.344139003051018 0.441728114121245 0.6723400938545 0.41567590656726
0.358692018276983 0.445068539182624 0.322608284878024 0.529761490454832 0.482430707570013
0.456283362579606 0.491301947434831 0.364267899924006 0.441151270780115 0.44389560314112
0.516143999429011 0.345135017483933 0.370129275757521 0.447443729816183 0.44861048184594
0.345799605239283 0.556118479835088 0.438535651847585 0.531251745226711 0.302081364452728
0.35804749033966 0.474668782598249 0.389961332718509 0.512819355859517 0.3783072791734
0.288783323504188 0.36198067252676 0.363870985498661 0.5269592737785 0.376916179861369
0.32506229646716 0.554635559800957 0.393589671141874 0.323842388624287 0.322909026802621
0.576793179797134 0.817516371469859 0.360861573367717 0.535675344309184 0.33082125513827
0.426852150683728 0.34285568378053 0.315965387932338 0.859718215109059 0.462385592397268
0.361271078052174 0.624666054057452 0.316766957198737 0.823246155744045 0.313643301120385
0.576374784617393 0.399338897616666 0.39759992464382 0.464624674489645 0.329548154134733
0.401406540367791 0.423640765418683 0.513249043904026 0.489634613009005 0.365851957100526
0.774547258228195 0.352947940809206 0.395662849507074 0.446126936722468 0.514041529161129
0.331453802024558 0.471718660975373 0.441899367004734 0.655714164713324 0.415310171937412
0.522340502956438 0.335645359306649 0.343607674998497 0.529858635865376 0.379324113070321
0.461752637914215 0.351389830898675 0.44265228299149 0.533027324778217 0.379327908733601
0.374790597506743 0.491298275322818 0.366368318648076 0.482820823130894 0.417734166588637
0.360109169489249 0.395346012406536 0.532282352315938 0.337089505567363 0.472534022953769
0.56777707686431 0.349332996667766 0.487764730112234 0.613115656430484 0.436734234671997
0.332424105607609 0.420598963007659 0.440867187678883 0.378164434408028 0.478689254527405
0.419995187453059 0.577496855301302 0.505099493132871 0.546592849552672 0.386716484587778
0.393142102096116 0.381034413879871 0.389925843669649 0.489700781719723 0.35615735793443
0.433205555701833 0.446690872074839 0.484424285622154 0.435102361577871 0.512369414463113
0.458879245566633 0.375465885263679 0.383347956272502 0.465806636218169 0.482503450502336
0.364718177304387 0.339058121123143 0.374701533953607 0.40854081526633 0.59742551465932
0.479894118170159 0.398407385877288 0.449402802375791 0.344319198088789 0.363429544959202
0.320833042449861 0.359885706640331 0.500647767568031 0.541201345102471 0.501958158840301
0.561175649434716 0.349307955927773 0.369099916042716 0.39375818787488 0.429714277562182
0.388566600183453 0.376491298396065 0.555125604178662 0.386498867638476 0.710608592221014
0.368660474442438 0.485268321169323 0.408340280085357 0.541667732163978 0.712205596449362
0.319163008114497 0.543025321739119 0.385173086099024 0.494815890311619 0.392762499354716
0.433226391314041 0.376563016682484 0.357314176722033 0.413676177978058 0.443871147650148
0.363508894699034 0.447312755535877 0.329574338276761 0.430404102696054 0.378683462029266
0.329480102388018 0.38076199825018 0.483435237261137 0.52615845598681 0.909687594391576
0.342495073784195 0.523070335364279 0.496021216460726 0.455517809193245 0.441830589861271
0.374732779281383 0.32896120769515 0.397097830978546 0.367796180088182 0.420048242871223
0.480007901332988 0.350393254363132 0.437798787315356 0.481510559987291 0.496348557397951
0.391524538144169 0.371905466547852 0.510056372025189 0.394304185347969 0.35516756013923
0.387568917709799 0.419160529478769 0.421969883292209 0.337544594535065 0.367576745923249
0.335956484174995 0.789655185826414 0.415712340516233 0.486597345923349 0.382556298034017
0.457384013185584 0.404585916072633 0.4359856902982 0.574186239973781 0.469556119900878
0.482516080463243 0.666641140161983 0.424182785382282 0.455723121784485 0.450487238629163
0.560126436962799 0.342144361212099 0.332870435184488 0.384320115609821 0.415218521253097
0.42756624340723 0.451494864264913 0.337625270022229 0.327706459621913 0.361684352826115
0.311956288870855 0.327986211825965 0.341068636427452 0.494047236618318 0.492666953765093
0.362388213225571 0.458617247941695 0.329976824035853 0.373102013523517 0.333383996026798
0.424340242186545 0.436379339332047 0.546972856362115 0.455851879724188 0.432699618553074
0.504137526844904 0.365612496392077 0.334080187374801 0.521134972206011 0.48280879683205
0.475287587964807 0.607088688824634 0.74240312078489 0.477015905341763 0.457524718841424
0.468269722181264 0.400474978370605 0.366440143994478 0.382021067176159 0.530133923662336
0.545798140810219 0.411189995149542 0.360421496051094 0.399633134758504 0.457227434006332
0.374245336620207 0.466546701669664 0.40485639991344 0.408618946149106 0.49465540355783
0.45663348216528 0.363375814179935 0.353044315820978 0.409322393085037 0.363774272622508
0.470450189410098 0.447693824399842 0.365402089275425 0.40757495478393 0.424945103592422
0.347398238083673 0.45925000248159 0.549243239366347 0.418293821028877 0.377360572813639
0.659952007377223 0.359920523538443 0.367941725223472 0.507515424268387 0.340277497826557
0.370013408413797 0.418294732256167 0.378998812652673 0.552841555310252 0.358067488579321
0.350940260517137 0.651098066545732 0.30326436163261 0.397606114011386 0.346709538261602
0.360399004201165 0.384625550439945 0.365513198920497 0.542301514764978 0.356452496982138
0.375640488560552 0.48560510405458 0.349675774829979 0.351137529659308 0.346616582552469
0.501991480668023 0.519791707163409 0.356769711211277 0.437448448096222 0.58139612508187
0.329051892965659 0.34059083070925 0.514553697594163 0.42122878580352 0.428657021687976
0.390295333850514 0.40441860712125 0.639451867942674 0.443543350209135 0.996522303079187
0.544416967022724 0.474530779705161 0.780382738135431 0.618995121243776 0.465642985914499
0.373987558898312 0.310492836305288 0.360103248717732 0.377458123670364 0.42029728417133
0.424694237691893 0.375940496913931 0.389289165161842 0.538109898612487 0.332588980498536
0.511540048530367 0.407293611093177 0.520026697462352 0.358554749999788 0.319586435015816
0.576637795192762 0.425568138131128 0.382161449465921 0.488116824668004 0.616097159515504
0.442561779422185 0.407860973750489 0.473525150691744 0.39255113976213 0.649142949914631
0.380939672065076 0.42148747197523 0.428096832725844 0.399224148905004 0.46635230581704
0.375205116172091 0.415904486036221 0.515342889057007 0.683363720708797 0.872322767767882
0.373786896415686 0.530875318634455 0.383008323890078 0.408231552352678 0.340610868950978
0.412956387252941 0.824641110462346 0.470368733957361 0.579430812320724 0.363111922498028
0.466083891001122 0.391920238980055 0.456074327624932 0.455911118006053 0.465802701271432
0.510368994578832 0.453153081397411 0.717935644259288 0.469189667349998 0.351068233747989
0.424291277710717 0.367131143795433 0.381591280003185 0.417691046859017 1.18861703817152
0.553509437766257 0.535106008222199 0.415505447671133 0.487432136213827 0.330896921038057
0.384030367086902 0.362258147010107 0.341555642833165 0.39253247661133 0.435127901336047
0.425978481957128 0.487347205495106 0.704847066825839 0.434077607071065 0.364743061851449
0.325240289278727 0.440368659138617 0.348037816788309 0.387027075158104 0.357773606438645
0.432722763607771 0.330813944634712 0.6767538485524 0.42152852512685 0.601727324456068
0.480487216913675 0.377151981174542 0.586625340504743 0.424727831610003 0.406771302551103
0.379545059253478 0.385671333312999 0.323491639492363 0.367621644288637 0.345899330852264
0.387967113580395 0.388210625027857 0.431389548228064 0.407758891561661 0.470328407310417
0.323665097066727 0.41651203798164 0.574926769158675 0.391610488601424 0.411767663699337
0.341827870403366 0.503902142079444 0.300823074322316 0.326747644139333 0.522555781084377
0.305785035983846 0.720972271788871 0.359115754604159 0.475524736458023 0.347583837279482
0.465455556467454 0.45438713638204 0.320537046464727 0.425787252924374 0.305136000412591
0.385874006869598 0.460646747628716 0.421291787843599 0.375996429744383 0.456085865005292
0.382458303575761 0.620837500992275 0.487640440347959 0.385872445769933 0.330613354487566
0.406783882348911 0.415570965274695 0.571153933522569 0.429883667131907 1.03350771667469
0.409115377805091 0.548003824512914 0.489530281347888 0.434232674652338 0.320713441290093
0.569768431421639 0.411582601135017 0.369711580951029 0.433683004399611 1.06191482306899
0.446201226714238 0.33668085347919 0.406698163636357 0.343030766748734 0.392563649514813
0.474986619480557 0.494619365785493 0.422674998147733 0.483440215398742 0.916053707224993
0.347745147764485 0.673472378633247 0.314024795815969 0.570824717298393 0.417243467615714
0.490131351257079 0.423881410180465 0.385895311485896 0.590817445135416 0.596222950923633
0.397318658717356 0.480565689353041 0.404253607662197 0.313698198743056 0.569134116518359
0.445883536929999 0.503916684049489 0.509884199147612 0.367876399822546 0.339126450528412
0.379816803509372 0.455614448104079 0.411425058244581 0.605829099593866 0.390007564651982
0.411123236396413 0.451942145216699 0.425698690490045 0.389430611679897 0.445670873601008
0.435942128397312 0.420135145796588 0.392615121674174 0.460638708007403 0.410099159602694
0.403498018995195 0.418068654351414 0.528751755300918 0.561950942015908 0.31785582621292
0.446328302782061 0.506568374418156 0.374368495248555 0.383247471388177 0.424932501785028
0.362885554123424 0.718865085588617 0.713031131930831 0.440562295452575 0.377962978579839
0.383059853135891 0.367736794201995 0.425492305710437 0.494886845808081 0.417934184010889
0.472418572177357 0.367729782075635 0.349702051390224 0.363982706022067 0.389436424406479
0.389088752897825 0.406958522680802 0.419399109058629 0.530607982183364 0.52237420101005
0.48432601580629 0.485353256638607 0.383672129559197 0.482418275139292 0.562930543949679
0.510609892164553 0.491493970680645 0.776642579583877 0.399436959472874 0.378391577175313
0.605587132399724 0.387121940829018 0.599817593001066 0.396784908770691 0.352321303630307
1.28230746524496 0.386497233796956 0.364437356237399 0.338048811798903 0.359014307165415
0.346087217219126 0.338582908003169 0.336945041963834 0.384653187831063 0.446507224198886
0.660359550307465 0.38032361019357 0.419573094279172 0.658736894151759 0.531088074961584
0.456292541030251 0.382050687552678 0.333204054642379 0.492446820517268 0.460072731751441
0.499485606822546 0.447906299924453 0.38643057316141 0.36297705221136 0.362776972060177
0.567252991455713 0.412637641073842 0.461443972461895 0.537601431506576 0.427986599725007
0.75247597285843 0.56401763449038 0.453417298158915 0.607642365150059 0.397653204745998
0.376390327330728 1.25487478992167 0.3490134365384 0.458445632201882 0.419170294534853
0.298181472780511 0.418179174352002 0.362021945734146 0.375738826000706 0.643180988476682
0.447482324540899 0.416021548578949 0.38753173786024 0.468491586842853 0.436555789129992
0.391955260060326 0.391319948280966 0.357244784083936 0.501402474217716 0.430538163113457
0.36042639497523 0.478751752733698 0.462069986921322 0.61400772536731 0.551024057862436
0.440674956998593 0.36639756292562 0.399112214342484 0.429930189995107 0.355560235749004
0.434121211526833 0.373075187008341 0.395526988139783 0.494329319023598 0.428625182394587
0.360155434577194 0.35160248458664 0.337011642212758 0.531842204436527 0.387592109048185
0.354186904843706 0.314423020465821 0.379596537293538 0.594612384243575 0.464066798960082
0.532897484968131 0.504800173162247 0.36790981193421 0.409196195013604 0.645153906111599
0.440838885609999 0.50936213755182 0.346522223423855 0.340192668582789 0.464051042782132
0.473186241641912 0.376941252399583 0.509470472621301 0.487764797080444 0.526134230869386
0.619602415633991 0.405860635222096 0.40713964238812 0.356379226486594 1.14606214300766
0.382406852168247 0.403135967815521 0.469932290027927 0.566491334037261 0.530415314052957
0.430026310145573 0.468581054644863 0.466385385096024 0.429004851993367 0.562854092919427
0.42423435418457 0.354498841865085 0.493690241496126 0.421318750763874 0.324157680654866
0.385352411648066 0.462361408075159 0.530492070491288 0.450886005328012 0.366671907949434
0.359685367739796 0.389209930082449 0.412474816900174 0.501012868695181 0.559299630264552
0.428546023994668 0.421322843352677 0.411420288117752 0.322741072025657 0.387235227484807
0.349102892279481 0.438661103492218 0.431371398358747 0.430574645432634 0.422819434203027
0.377884303681142 0.420461549190461 0.44889698824149 0.371488894082587 0.699350847170284
0.474868642630763 0.446501975244416 0.424205343389193 0.508816764680293 0.542323322040929
0.416875124962982 0.418209092893894 0.334476468425232 0.44309386829363 0.566665852793394
0.413978871099834 0.349333836169931 0.708816193792689 0.511089018123796 0.406134440347788
0.43844119457125 0.528105659223136 0.381064323765134 0.380185127708832 0.528747023462213
0.504385868258662 0.330714590284058 0.314670175383961 0.41446431237446 0.41533435318041
0.353143793176334 0.432199461009353 0.336869059839788 0.352056570197394 0.481063238945052
0.343641989182144 0.422698762797134 0.381240485050651 0.628526747870105 0.38463658660936
0.360438857000923 0.58177623282274 0.46108309578501 0.345958802206096 0.420717241510617
0.55530514149036 0.582179055450624 0.545692072809248 0.39504945016036 0.477202827146165
0.56092329008713 0.374045942978411 0.491738503895603 0.570367799598801 0.391610632003451
0.436181730730829 0.423727487940983 0.40822421085783 0.727531927752022 0.456887957278483
0.356997091095346 0.327448581198625 0.458956030012981 0.423247167814507 0.43917585393998
0.472891212236958 0.586120534568903 0.372911546814811 0.321107151291114 0.359283810901727
0.38071466683193 0.365471569624456 0.336959572889153 0.32222174755559 0.521675768131604
0.614099459610727 0.427640633749367 0.360709270488479 0.41607405476064 0.398876799519547
0.377941647271743 0.372124163956584 0.572331532251417 0.712263665153575 0.654255649319312
0.366933911840094 0.342678601083266 0.380989225583668 0.407615080648129 0.374957858251602
0.429802623404369 0.488548672983548 0.644302339725764 0.449822201454272 0.43961033831926
0.749798104170036 0.427463709606635 0.390265960813719 0.528917064678685 0.392934146563465
0.391718994298363 0.323308266453457 0.381706845637218 0.49769127534781 0.342780037846045
0.532256725350217 0.361970613602517 0.3921012366171 0.527626391886352 0.37163193489094
0.409693019082631 0.424447041378118 0.323703146923158 0.430715084457877 0.576270991324256
0.411101037309129 0.485201362368238 0.503266662421698 0.331918353845342 0.367982310039532
0.374642339482528 0.356462162882065 0.372987807537468 0.364521732157432 0.329562291192519
0.385313283092334 0.428735554124923 0.340673462822878 0.451485282561035 0.428283003140976
0.428446681775672 0.354021055995198 0.437538314036803 0.365331864828984 0.416286759751066
0.334739339743871 0.368202081443201 0.387307874209 0.446702700724894 0.305750456903877
0.484301892061567 0.512964109362909 0.345572014891145 0.392710584741566 0.441303289751954
0.406609955621503 0.360853509434 0.346666329992922 0.396878238068721 0.581717595348978
0.334141261978419 0.589532134457887 0.304285166675238 0.393657682975491 0.424444203954837
0.444883433154416 0.430490036634542 0.443114084244588 0.461913529254139 0.434856732806854
0.477321353075424 0.770390994487978 0.495258746955204 0.559555766733669 0.495622156306282
0.455693035861837 0.420879186839592 0.506581380431422 0.603707405346729 0.39885004295908
0.489551698622295 0.426681062635245 0.378842111950135 0.606458783313915 0.455229843837812
0.506686973068727 0.57387578173705 0.413414732867428 0.447920637869599 0.398992655157207
0.300671449695918 0.331469141503393 0.421694574165789 0.371091125798207 0.405927311381467
0.31120864907447 0.781791893746129 0.412903690550316 0.438706050012491 0.351348930485773
0.395041640651452 0.314199597618388 0.335083924924061 0.418393063478219 0.350026962853425
0.396563774205914 0.341925351409572 0.483980611166421 0.314800031161883 0.454301769416098
0.365725594672309 0.375215130305146 0.427738879044835 0.455386292721045 0.369221282441681
0.361076250222706 0.37767047964381 0.440614996499424 0.323239093443694 0.383871422812388
0.432428594535228 0.453030894001015 0.484626802595008 0.376164335988057 0.440236076806071
0.347008739865698 0.439780610427274 0.335637331657899 0.349592986887648 0.367548424384703
0.365931864849991 0.34853102304557 0.368939594504278 0.408274346400176 0.385458155011809
0.374556714101876 0.404649722836478 0.47751401431164 0.399990836060101 1.14297128287894
0.341874926077411 0.604992199606764 0.44708724293951 0.408641988082973 0.348746061351784
0.384069705568063 0.527070812076819 0.393673155922592 0.40398743087334 0.45382279625282
0.337260738836964 0.498176193679475 0.403040685548791 0.420965936646961 0.453804777565119
0.386357501958426 0.411006546724487 0.412067204017474 0.340860215028725 0.375693912150417
0.388069765358169 0.470619364957221 0.375707818208291 0.408427487970599 0.397232260712127
0.35906514025308 0.332759632996937 0.635882822034709 0.60247561813749 0.388092742212147
0.368598401365808 0.403160429658396 0.505483973332724 0.435162096008359 0.393184701108529
0.74206171044866 0.37218168237123 0.516429258850044 0.458208516145777 0.383739930457268
0.417358727123774 0.340991026084023 0.809689771660822 0.353381117408211 0.671933202517509
0.308038702915036 0.856207166561207 0.370744276388822 0.407354326624445 0.391583162466357
0.414789121689111 0.488254613039366 0.473954736695188 0.338645739666232 0.335288204684319
0.345935212953467 0.399737543891083 0.401854757427127 0.445439420517077 0.41554659575397
0.4045804194695 0.445557288447467 0.408588420017355 0.489848573927188 0.439549363247724
0.379811978115604 0.406374064478967 0.361311546629999 0.318777125680867 0.387197785832528
0.375189759085463 0.661775335775457 0.422003259785017 0.377991750277196 0.379408539252396
0.333760064735219 1.02789757656923 0.342828059371443 0.42294086888363 0.314125533770393
0.342925254391895 0.336887219359795 0.408542221314899 0.610301609538406 0.385068362164425
0.546710783901769 0.330224236854522 0.413882714688254 0.377348661993673 0.766701679837346
0.422090096165878 0.359495691945988 0.322867743745739 0.382910808692687 0.327093195028285
0.393423745566789 0.463827538867606 0.335553747785371 0.503674486668911 0.501019333495666
0.353806453787564 0.587333200963866 1.1148688883062 0.45418531087396 0.369676867674218
0.418976810187017 0.371374178277408 0.487033247956923 0.449906607930881 0.369058042679636
0.351355214285931 0.398699453982083 0.795751968438145 0.3333886460853 0.435731504432203
0.477956474964674 0.556186720885263 0.353308462810763 0.418564236337592 0.347483627727416
0.35585143569517 1.00965888689133 0.576769787512877 0.357910455175369 0.414645579456264
0.356938266494637 0.353179490032558 0.372643840513666 0.441527568498505 0.470101791977258
0.368605015375058 0.446843779081896 0.439007315884622 0.35676946445734 0.500853712841273
0.354253943757757 0.360342053418993 0.351486891389718 0.355643609560958 0.465305941856051
0.520561637500382 0.389813449386788 0.510306806857428 0.375875927442249 0.461393779767507
0.374661756265532 0.648080182063647 0.408359257242619 0.409942671798773 0.370131482910817
0.334243962595376 0.403477389082968 0.474189252151386 0.482223090570753 0.410320473828135
0.403794884100925 0.388090009416312 0.396266464442506 0.376177728906643 0.478164817213436
0.395312403983344 0.435587459873045 0.452194995826828 0.408280155923581 0.405268610966152
0.402075106027211 0.518129357971701 0.367751376700674 0.315562454522776 0.34058792064858
0.338658209630907 0.424224486148044 0.354193516955955 0.67997894727714 0.608808344473004
0.499907526103312 0.455772934349636 0.608815854126423 0.408422751654131 0.398636751161108
0.447312736950013 0.458752324214729 0.372454553427635 0.452570620777451 0.41973304197187
0.459936155327222 0.424877566637984 0.353373549572544 0.397293067185975 0.328961947270989
0.384781665761137 0.675629277707468 0.331120168715891 0.625049486792844 0.359920447013264
0.388870765501609 0.34621652767983 0.406734939531798 0.558061511731155 0.385122127302644
0.463937194975037 0.344005172416083 0.388281139605408 0.320216059230911 0.390526129785796
0.337981464280726 0.333462809183071 0.43248651964412 0.347607816860131 0.380601343792154
0.601643063259473 0.472956464580651 0.356288599915832 0.338937494725198 0.451773196441563
0.648946574612353 0.346831834204024 0.386605365829518 0.36681112416991 0.452308948155307
0.505384619418425 0.588377507759686 0.406923407400533 0.423261243011984 1.01600924708515
0.321764323056366 0.556768885123811 0.346558025031941 0.794700858349723 0.414699882550449
0.477843799379909 0.486367409271603 0.378961826067076 0.471771909283881 0.508755415168618
0.367903092303443 0.375180323281692 0.445743760708412 0.311506193879161 0.563886684195631
0.391528436164533 0.336722109486785 0.43818701196198 0.513956274711322 0.422769338441784
0.446085243499484 1.06146892729626 0.425560829506875 0.556774442582499 0.434989875714591
0.406399326946951 0.40650645377397 0.419601656476633 0.366656188017278 0.491571431616648
0.319066703293455 0.385355286188573 0.433152409059064 0.540059022973953 0.430906695724999
0.346712792862597 0.351866307203732 0.59135859885902 0.762199449189681 0.361715194557375
0.343025339553337 0.326282295077485 0.344724318731731 0.450119394199442 0.360799605663145
0.325915887977583 0.380966724142056 0.459231922720779 0.481240391633108 0.370786769018603
0.428294173648098 0.385240563839827 0.449832474593303 0.444613418155403 0.423366410287243
0.383995291085344 0.503310149397073 0.417295395642966 0.439005869381831 0.464702202827045
0.384950954374654 0.353492148168792 0.416621111975116 0.402181197060895 0.463401653083337
0.323103148581587 0.440671287824875 0.347033324437031 0.370568357702208 0.366941096671891
0.624101291460746 0.684470270689861 0.325497267986622 0.355070581717496 0.372366072565156
0.655801738276342 0.342297502563736 0.463293702281638 0.469837189071141 0.410709711417131
0.536801471711762 0.362015129057915 0.454472269944805 0.445212986988159 0.364477572933199
0.401183058847689 0.494797897601776 0.445220375031327 0.518956557713345 0.764644914902
0.479560592312717 0.403582153520756 0.400981761489025 0.379891966674481 0.407929918369201
0.652823654678902 0.406057539793626 0.62219639700784 0.38672538196315 0.355210481370576
0.390331165593048 0.44815461155961 0.570781512580781 0.526044447682752 0.366227718557633
0.297376984865471 0.405511437836076 0.342091955955142 0.61843449802209 0.600284961584049
0.424027326537555 0.347026670977687 0.329330305016755 0.443610915224278 0.332134448434174
0.547013424263082 0.412680602336584 0.454889278031094 0.435417870866292 0.424803312446549
0.399462561458896 0.388850203280029 0.374006170827719 0.34868307452319 0.433400138073392
0.565906099684853 0.4338396627958 0.399548722182731 0.530801625932328 0.465328910378421
0.403686330814815 0.410623220473672 0.338871928453114 0.43234626790806 1.15416160825063
0.486916286651463 0.432375934453681 0.391168392454582 0.488632965545885 0.484827657452301
0.371527242548432 0.46988423837317 0.541109823090825 0.362677677010107 0.397657491642048
0.408207970045671 0.395488503668926 0.319052426143297 0.514558296926221 0.391836071615462
0.424657243835507 0.458001671641385 0.399697285725565 0.347742077288916 0.393682226938544
0.44631722842781 0.370997088357875 0.433010327075436 0.37362192159413 0.349595732333553
0.367329743129996 0.356100936478396 0.374720199107689 0.548537661289273 0.341180159846648
0.356636580130805 0.342900591768165 0.581857761267203 0.605593851559819 0.358908039626361
0.382316089506739 0.377812912435839 0.340618946292405 0.567768463863013 0.406276472753574
0.358017363100764 0.380908822199846 0.498199051805474 1.11074298612563 0.496257227760688
0.511154517993715 0.610045433615777 0.449397437505177 0.432320405457578 0.446009364210251
0.335227803673259 0.35947743313995 0.328982133054349 0.547510817338044 0.414564580190592
0.324592045717935 0.464005168218042 0.408468471125952 0.372166330553099 0.426820292133025
0.603696701380697 0.395501573757193 0.355656243416858 0.400653723162309 0.36376433406951
0.405860633636195 0.473049622363324 0.402284152390994 0.399533610331067 0.476553069626036
0.470140086065288 0.455719676415594 0.557044439487943 0.342756352006582 0.341394830318158
0.37783070739984 0.622255624159464 0.540578794240742 0.381248226088666 0.315651187713503
0.32990069665555 0.769045513845459 0.349358035864625 0.397804757043008 0.336654073795207
0.504282531146484 0.418447169638406 0.391756553525434 0.414132329962232 0.435721709895363
0.325983971399968 0.390802496262125 0.408018944064203 0.400367620025675 0.400868946983962
0.393332302215429 0.355843655887424 0.497760969128144 0.349032934309861 0.377919991967361
0.39747079760327 0.432350851200065 0.56527855133738 0.365270913542643 0.382882076376665
0.354848788994003 0.354702265953274 0.514096005164676 0.335430703570402 0.327485767041367
0.303075528809568 0.422016242859338 0.452653251672073 0.581514298039281 0.422469547950954
0.350977704078023 0.484181207427899 0.344423551888672 0.393138993239733 0.324895445745342
0.447439773188848 0.443766679559183 0.768546668929019 0.401466295323174 0.563823381059912
0.635597367070136 0.43942498886933 0.395181666928389 0.480513912282262 0.448067579208897
0.648546619796291 0.544377102702807 0.428830173208406 0.446767340481169 0.449421677126508
0.461325718964594 0.512270983991246 0.312621987526837 0.461490937973526 0.493447403860229
0.370071811543832 0.463934636745447 0.365811595294327 0.91787127645784 0.483822230299126
0.364894240925591 0.48960539169382 0.370905872562695 0.592518277688385 0.526043012475531
0.349035196830917 0.362655002150686 0.387027155410579 0.551518686070918 0.329260156662388
0.395031252364894 0.398674306631038 0.560257675209605 0.353829037058251 0.346360058039105
0.346486927431343 0.519329568813425 0.364328218441125 0.351600327129855 0.337445603948713
0.566597901318047 0.366086829566152 0.349851558481045 0.458389068972401 0.339562825920865
0.45667517058292 0.386027034092723 0.407672118675835 0.417213523280194 0.473116163567165
0.400445890078426 0.378076215534677 0.364331229691685 0.373727774638613 0.302209567770072
0.369655798996577 0.547854615817726 0.474556145233817 0.386004679568527 0.530649415683215
0.501168529554305 0.521285469490128 0.452166572070634 0.428759313905397 0.412348367400065
0.305378061597329 0.366232656552537 0.446647394567627 0.431158516346168 0.365742947716998
0.30127487428064 0.371524345989845 0.350343581721614 0.570599081777797 0.369233611442076
0.376058489223501 0.352701587096309 0.407829699056664 0.519456709444613 0.367694454375753
0.336002596228963 0.322675164066569 0.460648714557708 0.484863078217116 0.356306004138922
0.360547305066321 0.390438313878085 0.441166941897039 0.392147067592206 0.473900308847985
0.391521687628025 0.383590530489432 0.316325565799422 0.376181879383709 0.533645105478093
0.365686403976513 0.345864336794381 0.378288197133829 0.406956925055117 0.331801347054186
0.362411036440838 0.400302798099891 0.567518211552951 0.570853877024133 0.462831960785127
0.339867413429679 0.604751661563307 0.354399672805135 0.399062018031465 0.399909148986145
0.379068368648873 0.481812075606645 0.356153194482068 0.408343462231126 0.535337213466995
0.393885617227161 0.442829430852947 0.381288163822322 0.339513964555658 0.406881431184244
0.536285501338313 0.378392070634752 0.339724656781966 0.381968774119656 0.367353557742888
0.380710911024044 0.388321820183037 0.44308268545611 0.474823276697925 0.465387051543663
0.451356216494674 0.377628397505183 0.542801942070755 0.428183939009704 0.442755690280473
0.355221143578885 0.540905288708687 0.822465300188592 0.434257345607376 0.475633713872777
0.32550021768146 0.526271421347667 0.350023922733449 0.31765908408939 0.316979021268356
0.376650772074629 0.353235193279384 0.397911472440253 0.69262653118538 0.421902128163453
0.309450365912844 0.409278603435043 0.587865116496408 0.3827355429579 0.348712915917132
0.495572062025846 0.363010671466086 0.370689046413709 0.474642377607305 0.47698413282625
0.331862447333212 0.374382726392489 0.384146587036478 0.40851869722034 0.56931291898087
0.462780957330967 0.430564473576427 0.350519567136802 0.344288697727087 0.349222149381516
0.396107696120842 0.417625700570691 0.397706978135427 0.570282152718242 0.359468047864919
0.322842082771712 0.552395910589081 0.400601871227898 0.407462123185147 0.327539051440473
0.385109613268801 0.356956123420191 0.3339589038963 0.403990517896886 0.389520730305663
0.33201133750441 0.352779888757672 0.361231581069663 0.37614986841929 0.487473204913706
0.338251311480255 0.374577995487497 0.34595544971663 0.528397251657992 0.444597265866915
0.494606400130447 0.476431234585069 0.373331768631318 0.464699383179291 0.403128523539903
0.416396276115943 0.504060906563156 0.334338751299923 0.626106238147514 0.399608829932385
0.371345406446387 0.4722209988893 0.479814349166801 0.386086106993972 0.423002100849442
0.42791391130498 0.420079304139802 0.336117019682585 0.360901539236301 0.33028791307078
0.359527268636642 0.492616039762041 0.564731312304667 0.40486380643657 0.367395869225225
0.455101374910726 0.325237860729288 0.320444158024865 0.52193675940779 0.34615327678528
0.384433553317558 0.530436646909369 0.322321372375856 0.518333165689169 0.551785227526055
0.461041863079913 0.565510849151775 0.448681318795948 0.434247170851396 0.560736123339721
0.762337277465881 0.442582326379599 0.41929160936032 0.351737888959705 0.498418454796032
0.317125379757527 0.500633622187632 0.4514411054455 0.412134966321022 0.326524708392445
0.460508314704471 0.398012887801835 0.35058072980285 0.304052499487918 0.383702795169829
0.612978216013066 0.516549272389843 0.419855814082907 0.379616005225738 0.303521035102916
0.424871769414578 0.432961354293838 0.353186262512112 0.410770341390439 0.390535421787305
0.350731068600524 0.489241559056925 0.444833099797239 0.4681989131438 1.18595768637434
0.377697198776136 0.398471424644954 0.385154659983422 0.364538327450082 0.39661733079469
0.371440092232911 0.540280401326216 0.374008851017822 0.845239811211128 0.433057416003125
0.38622328460652 0.426566157846833 0.530514827637354 0.459304717196766 0.414035926409554
0.44869305783578 0.448917956929718 0.39120092110323 0.375216018735254 0.396591556815079
0.555351627985827 0.338508667374542 0.345601026927226 0.375218120441763 0.389861069786204
0.395425900746102 0.371131559435973 0.487567950856378 0.323819994244519 0.422690759659581
0.4871595331372 0.734213278074373 0.391142450080422 0.421623652038826 0.331470424550839
0.501976459846163 0.371399813065894 0.833513992381475 0.535711919017364 0.440355882255886
0.330871366749603 0.429169267759013 0.339554723051585 0.378229671558028 0.542421137270393
0.367068279597619 0.320265605546419 0.4710674234736 0.387971681899339 0.431536614555959
0.581705467656516 0.371007995219267 0.523771065529409 0.43499459305336 0.471565669346449
0.571688909576506 0.337215653158857 0.39508934805143 0.503346377823632 0.44598651432876
0.612564331265657 0.387991326668579 0.404719058633823 0.484856774298466 0.82079747627684
0.755137128790475 0.394439535847052 0.473053266605394 0.419456371368948 0.478755778011787
0.497266573221857 1.22560107397595 0.432640618815375 0.380145598497739 0.33350382727511
0.586522545555661 0.385420118923451 0.398487212768682 0.421499039021382 0.486691794364615
0.387302513498116 0.418584688664987 0.431135297213905 0.406591010873276 0.362557978485415
0.330864076676823 0.365861867138216 0.334973421894188 0.75928142802295 0.396072102984745
0.4484023875951 0.336170509804061 0.400064330323551 0.442898095273489 0.33358604142895
0.415952174437772 0.357022534932211 0.377029023185951 0.355368690225912 0.536443013545787
0.322759579819917 0.513288216134627 0.396945642293298 0.385935216407252 0.4002397016232
0.488284928386732 0.412618243265487 0.602031721266854 0.469583862644664 0.452428718043751
0.488977300171704 0.41693285346774 0.445458117805472 0.553257930387535 0.364156678730084
0.337077713851581 0.411265285229307 0.365966477053525 0.33289828695754 0.520741099365733
0.346267349626272 0.379605217439493 0.377938329557269 0.367724564249563 0.432286572077351
0.416384092610317 0.368219124461373 0.351721531869015 0.602980974535908 0.381091092966538
0.443899683943691 0.412214532172182 0.332528462747682 0.372329985212945 0.345363815696029
0.487851858571507 0.470390402572805 0.365783869524788 0.413896005346228 0.50103910724187
0.433905804762663 0.74903003987874 0.653295162626528 0.370219230709025 0.430462101086153
0.461694481316809 0.373923289995141 0.344826694050042 0.467851606877786 0.373224374254831
0.411588946069202 0.51437948896534 0.460001360491628 0.363965015602867 0.538135128280014
0.507010173864657 0.387224828483906 0.376253539194665 0.371908211750091 0.410172983882391
0.461296280197822 0.425618889572159 0.404676075984983 0.469966726319295 0.869091342182196
0.383242700930758 0.43953697723762 0.866726222461844 0.374185441282709 0.339790865815284
0.464653352846668 0.337713834808956 0.436487574439207 0.484875037300864 0.436333744336659
0.364921703896308 0.45349428368194 0.47605505882373 0.513951197575473 0.35061567804849
0.346182751016106 0.457151333472365 0.344022986291384 0.336630773060242 0.401587457842406
0.530133509329811 0.455054513090914 0.371887664408458 0.340525641863253 0.479947268601427
0.334662680573501 0.448030884108234 0.332148892289041 0.324767201603669 0.363920747285132
0.427868572239753 0.374112370013804 0.373230400057333 0.400258523924127 0.330569673118096
0.82576897032418 0.346030067756399 0.392025918070252 0.858199834678804 0.487477456245495
0.364824252174635 0.401728935519968 0.416691627585616 0.520301278440684 0.346244664145555
0.350397702093362 0.359770198635173 0.298372877585648 0.333462992523856 0.319120422498429
0.458996862076528 0.394709048873091 0.358756949217885 0.38778368054297 0.361798803899097
0.410891117144503 0.482584552396745 0.686303338694547 0.420240211020188 1.09704226963573
0.433487772357106 0.422314607203589 0.351943829142229 0.5897071067064 0.368157314196311
0.550230190053863 0.445842998071225 0.517673561511251 0.556039089905598 0.515486273634025
0.416408013936489 0.458699441578087 0.357341297411578 0.489543439566662 0.426194910914296
0.65849510192279 0.421121457567785 0.340966570085873 0.455195944615667 0.426157289909918
0.426046984604704 0.393754435231516 0.329966299869244 0.407924383121749 0.356549656992504
0.460531995953929 0.362037725018358 0.48645187125695 0.427477640233315 0.361776338243918
0.556046302500583 0.393379426585505 0.418766508805413 0.435341018245939 0.572500166951878
0.302981624484999 0.528387621926145 0.379060649879061 0.362485696083671 0.347976721978534
0.329038385821437 0.386172009762821 0.297119566947768 1.34348474742708 0.350832771387652
0.410676722817679 0.359195101153086 0.31571145900174 0.364435698260399 0.325128448073955
0.360984043274395 0.48270908833598 0.338525483209642 0.605711174951075 0.514078036718112
0.47555994745894 0.403761217719245 0.40980506850337 0.518880508172613 0.54702487389541
0.362878980180133 0.436155538753805 0.359120208607312 0.767217860013639 0.447029737623557
0.414910426196507 0.453335337468231 0.425232689758628 0.469752593103333 0.606645690736468
0.374396227472678 0.603318009610549 0.301450691392516 0.34535820116366 0.342956286091808
0.398912854553721 0.744729800275238 0.39429067416977 1.24096253222857 0.381739490878863
0.696541839681638 0.53353888684306 0.434342076561022 0.343850623007272 0.394403720015096
0.550863421306077 0.377168498687313 0.510779738304959 0.407221764900187 0.479160098626817
0.341756828041324 0.42328952069054 0.541858017090237 0.554264833827214 0.334917647730771
0.471753575894403 0.459995891223227 0.333781259562491 1.07527765198327 0.483805085538115
0.462407368221602 0.894979356135324 0.332811744412181 0.39413453476548 0.31622026662998
0.418993121525683 0.460967432462353 0.433052826777474 0.437047971051432 0.412260137319763
0.35616140560507 0.34081877545814 0.362841994272574 0.491753788065035 0.350459090297996
0.338437490643159 0.480157807608633 0.438297682636753 0.411359900519018 0.387346784415051
0.364404921989931 0.356534502066786 0.351949206175183 0.420076390773994 0.374344578190926
0.373092511197351 0.386301820988898 0.359328000107765 0.394295795863982 0.904443501218255
0.422790013311433 0.427695603420723 0.372665135195996 0.402390229110737 0.329273771124154
0.336676047365146 0.390585852303747 0.466842788066472 0.435080362338978 0.392594589365433
0.437656647912988 0.574577766744952 0.313253175882107 0.404652628658023 0.598320897527214
0.349356726075813 0.479589669429822 0.380810915046651 0.356587529022023 0.412014318329234
0.428456974002618 0.435015994657142 0.342556938200228 0.427622767291294 0.356159892941855
0.386094900459818 0.408163290464866 0.354877684965973 0.487093756186314 0.349327028978385
0.32093001632122 0.375389624306103 0.313097191176524 0.444890295428183 0.678882008147268
0.455796508119139 0.382776684681389 0.387344592133155 0.731959579249863 0.39615219379762
0.544830144924066 0.384114805794484 0.429225814217978 0.358768815246379 0.329706734631138
0.529344318395929 0.717483490636078 0.349312880526165 0.384036428058078 0.329547538211411
0.511660574194576 0.592051754952936 0.563102405873069 0.511786848674167 0.443589049574637
0.371588864036729 0.541174281836073 0.33464601220893 0.735270633595062 0.3993033387484
0.400860033213805 0.487902588469482 0.409089134073719 0.611977665908348 0.432681398769788
0.332817736541856 0.381041732728275 0.43213630253953 0.397325406181422 0.405174645828159
0.402362803367342 0.425755527212185 0.507817039656936 0.550653336229959 0.355999300055291
0.463628435393332 0.361770293950701 0.370966497686993 0.468661217457844 0.348838146731267
0.49294911141968 0.339366425957944 0.361709403857759 0.390881160868155 0.606421710486334
0.315160706716213 0.412329079166707 0.629589330613964 0.37280057640448 0.34375957745438
0.601753036366023 0.446641855672269 0.383015864343463 0.494251810447247 0.402451975021902
0.65568987090327 0.424283146022904 0.351386307177657 0.387530790071509 0.383396724819128
0.310567707388792 0.395617991740852 0.430669305407589 0.423772720534401 0.697085090346023
0.40063964452966 0.37923057885407 0.384921595449959 0.372867740390856 0.548212620189146
0.321793437767023 0.580890915642795 0.732523116085963 0.460959762053988 0.357900215923372
0.479895104842341 0.519201136167476 0.59704126838658 0.360807193081435 0.375844207447586
0.392418112852847 0.632611975201048 0.404716838840147 0.485130943939773 0.365962413419236
0.380060640833856 0.439565216673943 0.480967087484674 0.466623494559315 0.589613737469459
0.343007660022917 0.378640406464653 0.395982229438827 0.451393414016759 0.33006895318344
0.439725188083248 0.33916732216482 0.369705480554327 0.572231515232059 0.340557546113602
0.472131945278521 0.360130330314616 0.33963325147322 0.47475827092774 0.335845929868278
0.346577860968886 0.506715750284898 0.413679854338858 0.326718401242354 0.374190909724045
0.310409520595924 0.386629331067572 0.39548794285422 0.346271674387306 0.369296906834659
0.588102708171993 0.318578389043534 0.370970963131784 0.526794733765765 0.407960422815504
0.516352128274292 0.361020581907525 0.751459619638182 0.417472685356458 0.428729166872688
0.427424262356862 0.640093216935535 0.322902546465196 0.326147653197206 0.305757928439118
0.69661080304361 0.312607087650638 0.358209000882576 0.58877970966724 0.478049381535073
0.384062096454364 0.351597141743566 0.362976318252123 0.346615522552484 0.472153501966962
0.381226295911437 0.562317053146454 0.365811209368938 0.330252632811696 0.522143377909181
0.524819147742247 0.355826602392747 0.448727443301285 0.446040719703307 0.507968003971427
0.40494763401779 0.444923982304422 0.300311706806161 0.341144732514569 0.333267363166449
0.386333998723684 0.469535178161841 0.632916420498398 0.35372491960137 0.343141841416642
0.430444751979391 0.347799134064875 0.400907015156925 0.465179515469234 0.526571470461812
0.787529560049784 0.533112467579301 0.585501049310458 0.55199725747786 0.494636200636
0.446067300125478 0.638476474165281 0.397137213651924 0.417605618276633 0.399057338803841
0.448010304832435 0.407008260339265 0.479171719717598 0.338190029681237 0.476021217878819
0.430461250381961 0.374331487763157 0.374827931077869 0.590668919595279 0.368419153582354
0.378752988733904 0.573487580282605 0.331959937539422 0.353515853491091 0.296567860880211
0.399146277631147 0.380773994076944 0.410723825312739 0.464988338628289 0.511284172584421
0.410649226137251 1.10853856508698 0.516629957063693 0.343970964346834 0.511323427300959
0.312779700083463 0.420111161352973 0.377734344073253 0.308504855729673 0.362487489793342
0.441979986200569 0.361349908367026 0.355726708497743 0.33911053329917 0.402916561094733
0.329869767733952 0.36015864258591 0.45992164559817 0.352230021364245 0.397740152019691
0.468948749072808 0.355761357560434 0.307218511589405 0.466348374249002 0.350243658833097
0.373697429684951 0.397270998739992 0.400747039150924 0.514548111646127 0.490783980018814
0.377427088599848 0.368892640722076 0.484288247549814 0.402733849127336 0.351927223448391
0.435205469525664 0.424567452728513 0.464708737920286 0.363925962543264 0.598702455821342
0.425748412749965 0.331735627046489 0.350349124010175 0.474279686550734 0.407279941452935
0.542946122685729 0.320891243335776 0.437065271892425 0.337659989687964 0.385440758597202
0.338366410685278 0.44894852401728 0.363376508913531 0.636869089283555 0.357574903326629
0.431187486582699 0.444951885502408 0.410829995777608 0.386071923352805 0.4121523070586
0.368179384161037 0.564060665091962 0.384534638693319 0.809639707796648 0.381778394789566
0.39577642486105 0.445176720030669 0.448934521931233 0.559022242536598 0.407252064430765
0.505576379122463 0.492678740498312 0.532427263246463 0.496807706237321 0.459496307422815
0.551838556480469 0.370897307709429 0.371353569686839 0.367764510495483 0.428818793838366
0.356037127870908 0.44397011793673 0.335852522074369 0.442174226013888 0.444393414917192
0.594477532924588 0.433950603498018 0.329693686893835 0.356871670139652 0.373944079340022
0.559800304055877 0.444782867735057 0.981334813273219 0.559169850796767 0.374370997728553
0.660374711370901 0.524030182591768 0.427049856482768 0.437878139280466 0.580860464579219
0.581499588238734 0.533711621171746 0.443819799609468 0.441252462910803 0.584630454957935
0.438839026610988 0.548456507936265 0.408416225158168 0.378861056247382 0.337391031776845
0.413313999998536 0.362002100944776 0.396452643083055 0.382471056484812 0.387524526412256
0.411413578349293 0.538490668762563 0.408560744781119 0.393899505882381 0.431771327059085
0.52243652779821 0.391503173876054 0.550908509845921 0.355643556132626 0.41066417564941
0.581635398743888 0.378251741420195 0.442756558432649 0.502478243234239 0.539595577281673
0.567699743298519 0.450715480604931 0.414609180126297 0.385989312491749 0.371247954250711
0.561203976426811 0.507464693101175 0.451201150618636 0.475549632186248 0.428230533513355
0.39333812068347 0.365418468639576 0.510129736232718 0.67956911994491 0.407592340826322
0.349421529943702 0.352343609229487 0.36446500060344 0.443773212385503 0.333666381966753
0.871802562115137 0.351623154324505 0.383136097626312 0.335737236308169 0.401888833707153
0.381515081251589 0.413161858776911 0.462596458426277 0.526277804391516 0.463364413940755
0.468513623162923 0.489430533856922 0.372319616992029 0.519655348661134 0.371982923616931
0.398844309420418 0.384537746117046 0.83116871997968 0.561838548790364 0.336308243837792
0.472040551293197 0.411446608656856 0.399551698120723 0.408232727597238 0.447472460511597
0.315067603500199 0.692437577221274 0.300132821163632 0.433926131506232 0.56899073527548
0.353841792664091 0.402074986644389 0.395108618222393 0.398755414526081 0.438516960726526
0.45148150333314 0.428696924032072 0.320928268693477 0.756946230753481 0.516043115477327
0.554109747454269 0.441020005097444 0.408109480244696 0.338658590621319 0.359901377627909
0.612116078496032 0.437885675539722 0.400538677586185 0.445232673211366 0.337444146263265
0.396425986109996 0.390146583029918 0.578360720061128 0.446520996897717 0.359179259598941
0.325248596205335 0.492128309039611 0.319523728947208 0.452142748483137 0.353872799290703
0.349657014583916 0.334174678801532 0.409918839235641 0.472950854677876 0.535871797475652
0.418264368554082 0.343554151555134 0.452850989246407 0.461939944190302 0.465525582173148
0.386192503281317 0.37924139594256 0.331290767949294 0.527542053248187 0.442308299705798
0.337281571722447 0.404316476059823 0.445668535233841 0.467255426688838 0.418141475797198
0.474361153753313 0.43691046802628 0.412680597424026 0.576207379830042 0.423183577770894
0.428326950203416 0.427838292362952 0.413598628736766 0.399987572661658 0.418068536286069
0.457700979865739 0.395486501195985 0.400257688880199 0.432435910667845 0.563332017163045
0.370201938922797 0.409164603701985 0.433428268622743 0.605977697381492 0.394491263115351
0.55617921331563 0.324317424418261 0.420679260430278 0.443398252418961 0.516232388189788
0.32173679893526 0.469192462905816 0.444728695967591 0.398900927797267 0.441159319915714
0.653955604491619 0.508260487558897 0.315299050935023 0.370524509382311 0.353268784399257
0.39427944686294 0.59554821026323 0.407343290326876 0.604803230244375 0.353463403414115
0.362159255597096 0.381410375682128 0.415243226757346 0.335789664251026 0.479138645428771
0.413765386261185 0.437708335442051 0.433917071613458 0.574924359794967 0.468330735946052
0.323557144048077 0.402552801595435 0.357869795489437 0.343319356790402 0.446330955315325
0.338943837501808 0.352814360354797 0.49181054917895 0.500946710215794 0.41236003332934
0.35233462864227 0.362936517402375 0.306016603619977 0.603650749981376 0.350974183032204
0.474557556885768 0.552757264087882 0.390849315563551 0.454563750531497 0.678324888731548
0.600836144737296 0.390647885332487 0.341506197698763 0.335973533439564 0.380074335723492
0.379494962676008 0.336492033759361 0.349953987181928 0.45325680751997 0.438881645580041
0.446136027740377 0.379725826529411 0.378731025509239 0.398185763208324 0.406416843752403
0.39165917235649 0.425601808106618 0.400305397135567 0.363038867043537 0.449170826340742
0.409279794172494 0.457924372308704 0.505444378999761 0.409746553610938 0.357087072435409
0.63229589523727 0.423588335988558 0.43501039707882 0.518701730549327 0.370469105093503
0.377087775654669 0.427781992866898 0.58397062788255 0.353053829047941 0.33796086866957
0.359558301826768 0.381944175403827 0.38449850875948 0.388802688868592 0.499670184358015
0.406189624481098 0.548923652406689 0.603200330064537 0.347697532570966 0.603087612050252
0.326309015727552 0.359191410734699 0.336066217952035 0.37383899599248 0.859681290428267
0.41869502389886 0.327976139536144 0.784521235062924 0.591468376755247 0.400145071399506
0.316977390760677 0.399381514687143 0.358228747336679 0.379917794608782 0.366703210972368
0.547789381696832 0.465636659733556 0.348945152086405 0.478331655464222 0.522125953426516
0.386562846693046 0.356428132903773 0.471898861740703 0.465475795395616 0.489932984808335
0.352787529016634 0.453903615330162 0.365211363911837 0.435633329436682 0.306377718919722
0.356434606172145 0.374274264202408 0.344608315435365 0.365093839821251 0.778962335214862
0.421025631959188 0.409194902093041 0.35858687842427 0.527815101031058 0.340320193102703
0.390402775256444 0.45562199250896 0.351536269937255 0.352717863458131 0.334698074370348
0.328931228600881 0.407468918867842 0.322648455143694 0.758375362910403 0.388957189177375
0.868077620751721 0.606100322965493 0.409459328267744 0.425065867581191 0.360876680513221
0.431444884891167 0.45585438069875 0.569544624148756 0.435777013273915 0.432484824181165
0.380656418223387 0.472404109682823 0.432893691639749 0.472639389108626 0.393968491624595
0.46356204660255 0.352144886505062 0.432115431597269 0.432992871042681 0.298294361870405
0.374241983957275 0.469039105041257 0.410080183194674 0.510340717989607 0.467645282453082
0.453533105611957 0.446841312586069 0.464198276384212 0.433397044037017 0.464828239442951
0.406624939420928 0.405121573456168 0.452864275198949 0.728756432365915 0.314188264230968
0.591831708905641 0.355500026273821 0.41604745297358 0.363798093505686 0.36573106049127
0.388400673047158 0.404214011103094 0.449978615641854 0.471614577502361 0.468050005289648
0.428368782042965 0.373305377016968 0.573722191731119 0.35009747268021 0.430503390435548
0.413988973743398 0.800161716851427 0.424151468567713 0.451688303404608 0.331206459511054
0.397197945100355 0.448467058787512 0.404716042899531 0.606989902724882 0.468743130030882
0.356091453214475 0.369031177730649 0.526769532090056 0.426992102510342 0.460186692981716
0.382389408754691 0.329266469269993 0.386601603773226 0.426789492817209 0.833033258455806
0.339429398809509 0.329064846295828 0.33879101583616 0.336510753479186 0.580843614952087
0.532706306287525 0.425546673903284 0.368908796460692 0.369101532490871 0.431681814893169
0.319797566160104 0.379692166031187 0.938352328303018 0.447226891668874 0.338382922921696
0.390685077485057 0.450273265144379 0.35932152154114 0.382340205311905 0.2983474918086
0.405089742095785 0.3609015534129 0.559270107586073 0.518147002683006 0.527541935588838
0.317691000963095 0.396458458745678 0.438686167136803 0.67973396375534 0.427310774925334
0.365093552801256 0.351454913398363 0.635869431106063 0.606194565641122 0.359884035277604
0.43523106958482 0.723806866233721 0.335273767393877 0.388745191645504 0.351988025973624
0.436212491580943 0.502757730220843 0.35192636138037 0.854019507548545 0.565824311188171
0.456776219769176 0.370506849358199 0.355969573328882 1.25145074189291 0.369157448870128
0.404001492268021 0.589246869339078 0.426519496946433 0.352173403321019 0.376785783659257
0.452133011781903 0.670137911586449 0.443509517998582 0.438895250480109 0.390610380088861
0.361165491983761 0.425375277865842 0.366411653617182 0.416341841890667 0.405311825200491
0.4014251401585 0.356723010704436 0.396612471028241 0.484660593791654 0.387182118527755
0.460870364226062 0.34927372832887 0.330894093031578 0.424514535107709 0.347271644271339
0.582994411998163 0.376132517266388 0.474407177158988 0.480890977640307 0.343554759065114
0.509086791238426 0.394235143343984 0.395576288007974 0.356978301306521 0.870107509873572
0.342757235591025 0.476713992644035 0.513226014155455 0.450255373267282 0.444826010370321
0.425785157136593 0.312088015814245 0.427342146815635 0.5004775447974 0.391188268762023
0.635122115567968 0.525933147026434 0.343013744012805 0.368251451850162 0.327212213696221
0.393307044955403 0.419022566665208 0.569296051961752 0.4406903086109 0.376114830075557
0.340845811469721 0.650668398052367 0.474496271656985 0.390597747784917 0.554795028755426
0.537210778656969 0.350165163687692 0.560303570759914 0.402872489240793 0.484937234509825
0.408072622238325 0.406447313382805 0.425377907788851 0.380261678119588 0.398929643299862
0.327655497107811 0.490797771891888 0.353192859759529 0.387315976939454 0.334306067015706
0.42917516588665 0.745787006793958 0.511989101195908 0.561686560506142 0.470392006281406
0.579941927694894 0.916849052742807 0.396740100209203 0.396644651869428 0.335892645834082
0.530949336797261 0.336317560451333 0.589670106665293 0.366667953341842 0.468202851082821
0.444137492288229 0.527691858666709 0.427704234495468 0.357345168068305 0.45563299745402
0.417472558123925 0.3443003238313 0.325832452914412 0.547843952004049 0.420745072718917
0.371894443028226 0.368598317468828 0.372263334066126 0.400993235700509 0.441099860970321
0.462519083609824 0.522290145719501 0.384446029360428 0.370677802626335 0.354850565267694
0.356968305394323 0.411756978275394 0.476804311780548 0.451769542903402 0.354604529828038
0.385090335389671 0.454463431393542 0.457215850285649 0.479244114837485 0.394613685649447
0.442816758668761 0.403984608972218 0.368334063376647 0.405538480396631 0.406451203402479
0.348555602695473 0.398102524589294 0.49511263090636 0.422174531671462 0.344814466223812
0.347081879625655 0.375329945821005 0.304697944906575 0.338465102561889 0.347901353349531
0.404057982218431 0.375893995287957 0.340973914414867 0.387390902050972 0.337397010852439
0.383188314864318 0.373367364203063 0.335387799870368 0.335093596354487 0.335661612527835
0.409475317996803 0.375422505889542 0.364133447385504 0.444437038132547 0.349992709731349
0.335671717079316 0.721547090686179 1.527628446989 0.475497179349165 0.333377487289084
0.405698603011503 0.434104340563683 0.340510188555792 0.339474404133996 0.39273783942341
0.379881074826078 0.36200263836913 0.52511957122685 0.620641730154869 0.458270274122284
0.334852954570815 0.405048950454026 0.50446185464289 0.389637337068042 0.352164974100191
0.424210396956582 0.304142521010162 0.509028583563743 0.390396121948055 0.386700639797361
0.411489374410726 0.379724408066977 0.479625923075448 0.38032108335162 0.348635516154021
0.383902705776787 0.39069185652262 0.348153266533501 0.636565069037317 0.345606579681973
0.475649118244503 0.42536796184993 0.487595154730114 0.365434814747398 0.410426903810697
0.370242992708657 0.421896224757202 0.397921927843417 0.405671823705675 0.424698319803831
0.320242421691752 0.46758116731951 0.341190763368249 0.388549016589532 0.425613906565242
0.407193134757455 0.4350503284948 0.397778697000054 0.394599547625251 0.377266339523656
0.353349245705769 0.364153786513171 0.374865664217486 0.404903357136363 0.338783845236082
0.647456847339553 0.3870710035021 0.365201961003172 0.534624824817511 0.385035274318445
0.341217694136867 0.352244901640166 0.415438757478828 0.359824430055883 0.405197420249708
0.333927237848995 0.424482470504238 0.440661934104684 0.559110864023674 0.360550750051638
0.410115066012309 0.415299644533758 0.416439705150648 0.488792346056384 0.327615536247132
0.366814425774479 0.430033462070007 0.338534156245799 0.535812105466743 0.414747889903765
0.390178898159151 0.34084297125941 0.342256378585731 0.612134042732388 0.359299965848598
0.923888244260493 0.442310288950826 0.535198799415609 0.465027633214173 0.386070038989928
0.323751719509671 0.432741053131609 0.510006260580789 0.548414964140381 0.402887082378024
0.441125374414774 0.58422792750846 0.426972862624433 0.552169466898448 0.407829350237045
0.379369046055515 0.478879081714313 0.442195712160896 0.534101296874223 0.368495610878449
0.30546843363708 0.537636773628735 0.363110832970863 0.345778959693702 0.350280868424876
0.365283774601055 0.405281721789525 0.375198556184056 0.645097756222255 0.490685036960012
0.479315073434004 0.735002122844948 0.447530758082657 0.46162766372786 0.34457739089861
0.48927963437154 0.410061412664458 0.527868172643589 0.387643624045697 0.474503768217391
0.358691478457079 0.442247674652287 0.334393476821512 0.561328508010543 0.365388087546182
0.511782696278214 0.461248426485747 0.345712400374253 0.338195478625036 0.4643309379465
0.429877849377521 0.389916288485592 1.20482430422196 0.340404392167449 0.356374097777311
0.318803230485223 0.380827956958692 0.352967148123266 0.869486566988519 0.345663335758466
0.504779923518769 0.346686254593177 0.362654213800026 0.387072044223607 0.473404002065111
0.540310892812226 0.378863851569609 0.346583062008877 0.582139994758752 0.443644555978455
0.38419127280944 0.600658586295634 0.442553489736754 0.405765620321251 0.351803396990315
0.328297854259555 0.455454478898584 0.375344514806283 0.372184409927315 0.428187054573931
0.335652638311371 0.460002961898336 0.357613982248694 0.379857950809664 0.486528470169641
0.38532402923516 0.556830336952162 0.426221007163402 0.49030193738391 0.480777210583961
0.411401140559645 0.486104720522073 0.316987497229923 0.497179741300698 0.352514998678194
0.359797370137843 0.567453361262921 0.789547181253056 0.515550268202453 0.51988333341821
0.326591997645614 0.35683995666224 0.44566229463527 0.447477675443659 0.348525706441249
0.466714334019022 0.475356036646992 0.377376909780898 0.428609209707946 0.494678499827586
0.417545283903769 0.395306148455691 0.403499261457479 0.486814344527619 0.548229278687571
0.464240060248041 0.396780656812125 0.383312217994427 0.434257716280275 0.565786095244309
0.509126937649593 0.437453495886473 0.456370390958858 0.347918725613346 0.36560316737092
0.415766204103088 0.3766146430023 0.440508256443731 0.464373512817078 0.342820462133419
0.353388685727132 0.534729165687841 0.378444199006583 0.642276528818024 0.472498969843504
0.649572956614265 0.527658770016763 0.448629266639993 0.340843727945092 0.41216589505336
0.380101328374189 0.398840566747558 0.378731383556668 0.416088433147645 0.407781400144579
0.330846259927299 0.403969279162352 0.554491456960585 0.549121837276378 0.336827315415756
0.582880614296309 0.416280347615212 0.427999238763388 0.40086649535285 0.438663282860658
0.527769275990916 0.475550685006823 0.399464040659041 0.508935921490866 0.473146196907274
0.377860550775172 0.415494944902259 0.416279035190355 0.545853441073247 0.459263939424054
1.0190955395485 0.328193011968541 0.329197267368371 0.454784889451334 0.329644176005518
0.361440303030603 0.393593144842825 0.531764315401578 0.379359206341116 0.414016233183021
0.443376863695143 0.435317164303345 0.508842121383709 0.472887178384018 0.345920867805917
0.447026355255417 0.447101899493158 0.386076572707479 0.666353924380273 0.556715971926294
0.47260945550941 0.340142067262035 0.459161953185608 0.587177223440887 0.426663442063133
0.403386973599189 0.415768800209262 0.955488409601993 0.35848954429727 0.395097698314697
0.354301672731329 0.421011682261734 0.527640413848748 0.427340177213996 0.364205274135038
0.82487100190114 0.315549639969602 0.473330421110164 0.416758495302648 0.333576250417033
0.374809741768162 0.394124068150958 0.387637028354876 0.353866918555356 0.345216346156414
0.433200524958915 0.421588451033423 0.386555840507435 0.411460543476591 0.807060546286116
0.467168581675068 0.453042433174158 0.401759677953523 0.44739026859537 0.39083336441268
0.318155103830097 0.392831529106833 0.36664008870722 0.93713483054822 0.372604912340708
0.411090187058365 0.828581464032524 0.444157328959239 0.470036185203776 0.509625856039251
0.575288208953799 0.491514327704017 0.383455664663386 0.376228302049855 0.389224520529503
0.393107705212619 0.395629698417958 0.330773774355401 0.366706622797452 0.315203075466515
0.414931471594446 0.429021109818965 0.388483024683434 0.426938184754838 0.442323339253821
0.354277568124403 0.424630447949782 0.336108360947691 0.472954129720022 0.434681064375927
0.318640445248522 0.399910436206495 0.551536379258976 0.417255558429953 0.364848620591118
0.360727645521533 0.392510369357297 0.513962462598919 0.347212462637351 0.378672818187077
0.352051820239402 0.367198901698137 0.424297347553583 0.523919573138292 0.471397076894587
0.351693668971073 0.366402966861805 0.435424656434293 0.635139800594354 0.502234668963893
0.606602755933094 0.34106113159601 0.364782999514806 0.503658126703505 0.313164660741897
0.338437380998467 0.42588756344823 0.342010394809023 0.502185006867659 0.562375236178071
0.419908860829374 0.339929593382957 0.461600779011212 0.520885641304207 0.309809954298768
0.462381801291396 0.330249405595675 0.379673154489018 0.598607525576625 0.378353444840241
0.370582471247697 0.499318159750914 0.457148746168034 0.399552459032665 0.4190839018745
0.550675290008622 0.584938041905146 0.422626503942528 0.372643031993197 0.352539322234073
0.378716864723687 0.375114510858827 0.592445785106975 0.401640706975393 0.360255748034053
0.472935745099532 0.422239961307293 0.321784317826082 0.35136015291068 0.38571540185376
0.460946526469348 0.651722901063994 0.46130304386429 0.502386627312977 0.615863302881335
0.313802443712148 0.441360268858174 0.355523869542703 0.392591016328287 0.357917695338393
0.350433304491048 0.368566690975432 0.436306217334667 0.537036590859571 0.464702087277343
0.36685037815406 0.375120164402491 0.340570272259826 0.355957540012952 0.393309994230331
0.864107452964483 0.527314289844124 0.694587989601093 0.457252216170172 0.377346225294085
0.372332361564718 0.390977756199457 0.369124825140282 0.44087851466429 0.486229543147351
0.44188049505367 0.380324973218935 0.396007184755374 0.376966862233997 0.582832719652713
0.785435293078799 0.342179459355914 0.37845345905456 0.428156353503232 0.344259706976099
0.496901503596937 0.332458893572309 0.511148663338019 0.340310337447006 0.435773910470099
0.57639199968432 0.432868971588472 0.507676518388697 0.354576855376435 0.395592354902729
0.424168114544245 0.424727694886572 0.370604540705562 0.386875635065483 0.368114335249662
