0.655523689840246 0.398488678412609 0.412652477244905 0.409366862204561 0.305626907351307
0.381186877593346 0.388797588317344 0.410872391832475 0.47705619933022 0.644602848421115
0.378484455326267 0.444579122416298 0.464406888033215 0.358676760623642 0.379103980968071
0.707321775581456 0.40852255185247 0.414163926038852 0.378254564559617 0.396443139799974
0.899933848328946 0.399671860322648 0.474104403106222 0.355074387956991 0.34738999232076
0.476288566873407 0.415842724067322 0.592936037563088 0.403201176734958 0.501999555906219
0.348920607325164 0.325457953954797 0.318918436877784 0.587189483708277 0.48684665088949
0.438515228854395 0.543459086894435 0.396486002915301 0.50493705144672 0.714141139206466
0.63169828315582 0.338033770773608 0.402726912200006 0.415457377543236 0.339708521574783
0.427591332559234 0.425892488050466 0.53574963640189 0.554988273313424 0.55425854197992
0.873605334693741 0.420441572932428 0.357945794005585 0.47725772763779 0.442570907612268
0.356614014061589 0.523334551585617 0.364675831865133 0.349312735961154 0.415629113893682
0.404900790567337 0.41621959614213 0.380174305115335 0.422672930087794 0.581038778633101
0.557193538024706 0.342060746758196 0.449750988795159 0.405050002983935 0.383144188734197
0.460323240060466 0.381138816211482 0.435186356080952 0.357784089437753 0.420962063389727
0.722918512184422 0.394676530244373 0.41363988164807 0.410294577394932 0.384387311230702
0.462995359245452 0.418556737295535 0.588187838728526 0.475543027418308 0.406996073427151
0.413661937765995 0.374092557678353 0.467055080588083 0.464487414922903 0.437021078045962
0.638438925852937 0.454540465882208 0.448676473267298 0.43628817161122 0.3664613172716
0.41018851984811 0.384495643126008 0.372237813443746 0.347413850978198 0.506990158784384
0.343909523747594 0.778106179514604 0.375783155677896 0.519823063315382 0.390286199997159
0.347375507405871 0.424761408817217 0.431800513930138 0.429864038902082 0.384209792472633
0.347892227713459 0.46260666989828 0.477673105778886 0.389690368221731 0.416955930606377
0.311202852737739 0.61505353583264 0.441991712978397 0.35166817837619 0.340554254954479
0.359069664937246 0.411162969471394 0.382972752378029 0.82578511129648 0.404772288228776
0.679436192352707 0.343557248878655 0.376199676825572 0.338283913987513 0.356446915003403
0.42971383573585 0.51067120372377 0.44367841629113 0.35685104840364 0.471746619264532
0.400105146581779 0.436167138725975 0.357329643438661 1.27749897506544 0.356343754195121
0.336720103452578 0.359704403905598 0.530805177745624 0.58198868443591 0.518784214770719
0.497544844305884 0.664153313772345 0.378659596130974 0.373096181133871 0.346605459988771
0.37591538480101 0.532102700849747 0.353467094706915 0.355635428955462 0.356671298228304
0.361465477709973 0.461056213546908 0.390446053387517 0.336498759827257 0.494452823926685
0.4302080661658 0.381321173769454 0.443914026183852 0.35191724409085 0.440894185276111
0.395187638991897 0.535517452418551 0.351481429354512 0.334921991093774 0.477824789079772
0.470536551288044 0.368841175847956 0.35624957577761 0.37107391557917 0.439221257853187
0.397322906099896 0.34943958076699 0.404797628346511 0.365628415861848 0.374526932986447
0.416334982014744 0.349887638154136 0.411885747882898 0.412000391932772 0.475210372390828
0.358310257118833 0.416993529390837 0.528201949592182 0.439410815602717 0.435136925367357
0.467706914453972 0.35603462174087 0.391884160919097 0.480123605901856 0.453469535400206
0.601788582732256 0.362541144137358 0.488546160872935 0.434340864752671 0.469214469194939
0.347928559857738 0.316982659412595 0.477260379456773 0.451965618949972 0.520748601410207
0.397015259735389 0.460129800765469 0.691283822457787 0.502541249287878 0.398444191258864
0.50723582603207 0.318038998354873 0.524928758572552 0.427651935986971 0.406157723166217
0.3594218681834 0.4650500239929 0.355775719443597 0.365497366358696 0.375969033066585
0.290388073285739 0.586986654672473 0.390559721265765 0.399144630643951 0.349235624205275
0.384893612141162 0.377393584266755 0.525602571812219 0.396320655832968 0.383593014814665
0.46240621997715 0.538256668981115 0.811201338303025 0.51358639947291 0.418029521115261
0.353805581942979 0.47494491122397 0.358319025757292 0.424326480236258 0.411984612359482
0.414785543621643 0.331769547727595 0.724040627280582 0.539205160583421 0.343146559434621
0.416755594905119 0.452579086172647 0.324180987481151 0.456775740476802 0.421336272992125
0.395388145807187 0.386233114110206 0.402276855724663 0.392663795346788 0.604622193277022
0.461264217287114 0.421353071901811 0.313594765396348 0.472854157868888 0.383586354538304
0.432665464819514 0.489462691628358 0.396780032286741 0.375644222764893 0.399475234559558
0.374419860971114 0.600993338258925 0.41300768029749 0.398354609151438 0.436145302226601
0.362953259918914 0.614096944116767 0.401773588516458 0.390315174629228 0.327033365135533
0.358259847083998 0.460894731164175 0.443767799968723 0.657833059555359 0.352439085210407
0.286805038691234 0.76203370035181 0.363604121847762 0.37805073309334 0.400252161931774
0.608081514432175 0.331412131821202 0.464568425530653 0.534852208459084 0.402628761540121
0.386096652952649 0.451726618285493 0.350509128949095 0.84462103804684 0.359598348767645
0.367814251654354 0.570192221762739 0.388611272089027 0.438327016163016 0.39062365679047
0.617082419317095 0.381601074112377 0.474964412869636 0.631964040508898 0.430723583659428
0.375885777745558 0.468983625485713 0.463687017615542 0.408481861478 0.388517578943473
0.373103626040861 0.442130983094937 0.333746129998859 0.403007091879447 0.667483201934269
0.416343996844732 0.439352517969572 0.41957568394407 0.492743214241245 0.359047261467924
0.345694458709294 0.637672505364778 0.360974271545355 0.330803550937405 0.319273226899635
0.336794110802837 0.353797884675525 0.392603767964343 0.345582912751725 0.674699497973277
0.352979054610112 0.521894202426272 0.349551151547921 0.421289559910476 0.382211738332681
0.376370219967877 0.351111498677537 0.33152861037509 0.40101599161342 0.337704078589087
0.362805056025595 0.403512954048564 0.448490823599752 0.38084144415422 0.349908955731608
0.505000229916359 0.37000881034708 0.378446679513896 0.480052676566702 0.320670228929879
0.355017506641085 0.327245766912227 0.712565052244204 0.369464179836732 0.356258773974782
0.315064933089121 0.371510125203046 0.468568812495763 0.37754012895998 0.796672583782452
0.436908334554758 0.501538327848689 0.327678683529737 0.522103806027446 0.350959679525541
0.349165450881232 0.327634642457553 0.358544434767136 0.499057687081722 0.411296261524142
0.420395739202783 0.342814333526453 0.378146079913279 0.386528406358433 0.370895720901701
0.351898716147085 0.643531563344522 0.397223180984493 0.371882958136218 0.408660360795837
0.37899978667063 0.680437841670194 0.369107573923411 0.420918646146036 0.53269945233366
0.521602945905249 0.352404343618644 0.374274003277389 0.472988108043717 0.354467099533808
0.415536085803543 0.391363005286928 0.381664594750513 0.372971329738297 0.41524568623779
0.526087719703478 0.32912393604848 0.362067711797769 0.391521812085253 0.378787948988767
0.511929217839213 0.420962939912728 0.442809398999052 0.524053457516338 0.72713685753023
0.458964018594344 0.496853284226888 0.354374325965146 0.394092114126027 0.382357015740251
0.352662843638506 0.375830701180883 0.399179630046955 0.586957825397746 0.395732903786973
0.406634512545808 0.411344141368203 0.465163283201832 0.345484977776601 0.444507499022218
0.484334280712051 0.319339376573309 0.334675219694857 0.5051999259978 0.44600413671092
0.342570616909698 0.528435465099068 0.388572784196653 0.632593343734537 0.350284927109561
1.0137273733324 0.390447875892821 0.352188804450879 0.733300461919762 0.449531267412627
0.327387096864979 0.403407858669883 0.704987598626003 0.459905553798847 0.390368117731468
0.491412424379758 0.44385795473618 0.553510101244168 0.6139486232939 0.484287095894492
0.518993669396703 0.455679102608069 0.455705292699735 0.400207975428773 0.485431379817836
0.528396378072386 0.41111135867474 0.404221695679243 0.452424499452162 0.35361132922873
0.42205466500799 0.33655570777579 0.369175282587834 0.357364976685191 0.298699543251601
0.425549693685502 0.323109101142693 0.379703818701502 0.357315489358774 0.485814596602889
0.484958188340817 0.413352664769902 0.368554618283095 0.343173149123003 0.387559653899326
0.386038607727035 0.497225190705112 0.49388744472076 0.444800556489866 0.452542903225892
0.33715231212191 0.415940343394127 0.37260162052648 0.457928495548904 0.381485425263157
0.356167712026529 0.403307423079911 0.351721963562198 0.340610961187855 0.378969691913112
0.506632983236913 0.538282468685002 0.332190956801802 0.412313311805689 0.338008071097764
0.594665545346972 0.548845670657146 0.558485751904556 0.365209595487755 0.436937693321361
0.340390733564437 0.367879450080695 0.686465355324182 0.375488112431884 0.376145501202727
0.385162727540718 0.36155669538637 0.436599292919561 0.619991232954958 0.4206996911725
0.40582059522573 0.326633686879555 0.344935153350456 0.495852287904963 0.515732480743548
0.337546564485742 0.358853495214082 0.398434487554907 0.492946185980633 0.340706768662307
0.403231938843681 0.337601038176712 0.341088379123064 0.448620726075888 0.385146795426154
0.430547478132164 0.343367209329148 0.510832484736378 0.409029744872044 0.400304012296731
0.377067585602605 0.374531194031179 0.362955574322971 0.470639104493873 0.678844131776317
0.325600014904473 0.33947406419964 0.331280017593086 0.663480509759535 0.565075400978283
0.506336498691803 0.424820159554509 0.411867778974813 0.504024000428079 0.612965610834182
0.335431099893182 0.389343165985172 0.364095195352885 0.419489057866078 0.435023905091072
0.361917380505989 0.962542643959003 0.351499226033955 0.337172831369759 0.431005963683525
0.356330556735615 0.344506055389091 0.415687399834702 0.338366888067723 0.402199763195785
0.468925868586522 0.480432525207976 0.530017515728997 0.37306716629378 0.394060396295696
0.492881160244515 0.41587631515269 0.394204836825084 0.400131096305678 0.403573767157148
0.333558662780201 0.662501958811383 0.437145283607199 0.400378472859327 0.528711345991724
0.311405523790321 0.394522491170339 0.412028882275564 0.374210617874672 0.404246367355772
0.352298448270862 0.450937897715935 0.567320205285923 0.486064835367479 0.304376097155057
0.394984665345641 0.616308704267979 0.395946027062166 0.4025972200546 0.366210377609274
0.320254764065752 0.394396593119714 0.373480190653506 0.414488195634227 0.367012952670302
0.483659201320206 0.367700300429356 0.356652020427786 0.448362151731689 0.371754813498317
0.399020138215735 0.517966234460038 0.364818096423891 0.427185440170893 0.471383919818517
0.435865601627413 0.767205419834274 0.363758256628311 0.3601981478385 0.6847502067232
0.797939215344104 0.418738984482261 0.423377730563332 0.434449504183896 0.353393194646334
0.764741956753237 0.616829524619956 0.446832250116583 0.374499352018718 0.485963666593663
0.314115302172861 0.413336616762676 0.489326567368198 0.41263250749434 0.342552268734462
0.466194763784992 0.698710445418424 0.413501201390032 0.398356980921952 0.393374786301776
0.377638181398204 0.455826498919889 0.367269793307209 0.487712109071518 0.312117737548048
0.380777147166152 0.588256153847446 0.476663024924452 0.446011399346263 0.349945273148851
0.330796264217813 0.369685001018061 0.347818114644906 0.387142235900539 0.415677866391289
0.755552910045202 0.453218471948053 0.534836753293752 0.470171938391172 0.34649542890528
0.395603969298252 0.470652498285999 0.423675639159259 0.42899817340024 0.906880978584595
0.484588802032556 0.480238197087194 0.361570568616781 0.364498008544145 0.588769670110723
0.418449975179353 0.372168458904896 0.591273777331016 0.436047734373943 0.363245228666027
0.521413451053985 0.465026954985072 0.415099394645737 0.484072450508122 0.479164284297708
0.31163827022901 0.419783936374943 0.360723891262631 0.420770533448222 0.758865487233542
0.502242981211969 0.525006535914953 0.736221861863522 0.523969316452679 0.373504436412259
0.544005498831329 0.360436373415946 0.64780448653806 0.470030764097871 0.588786260472012
0.353534463781418 0.718107632658514 0.343177651019978 0.364456122638462 0.345846746177053
0.527519856807156 0.632889857681147 0.434014734617956 0.477450968497124 0.391806736025051
0.512089478426183 0.468215143613173 0.414528384959802 0.569087563416979 0.461253956531039
0.483807922368785 0.41814716379308 0.402392092121288 0.369597056800006 0.678843397037897
0.409031518890439 0.604837910521237 0.362581454775146 0.60530280024044 0.356865189428663
0.426055155192881 0.399860954834788 0.391457667113085 0.400915044208961 0.370143520464462
0.703552000940954 0.488462866437533 0.484471467542178 0.405536852131969 0.369654282502528
0.38379154697857 0.384554961111894 0.396059892711219 0.391666527574792 0.415863183047338
0.394918087054749 0.704905304730779 0.315229366330226 0.60191078038982 0.30509951482479
0.412606650824579 0.410028628313962 0.395908280441503 0.474452904048565 0.381506656677309
0.625869843216505 0.498152313979654 0.455234227940619 0.800601077071123 0.377436251026667
0.447208973474468 0.407828465283588 0.452267764833319 0.397898867982628 0.41984693706015
0.359379514872162 0.378084749941947 0.390582536093487 0.492281441381707 0.493242247231693
0.366870299080625 0.341345224913648 0.561515713567925 0.368452178208086 0.351394569036884
0.356029933960422 0.380000717685041 0.355015883414515 0.413233118369028 0.610125849886893
0.515605827461709 0.442012256999438 0.376438275597921 0.360162258148746 0.557336902340176
0.364000466849683 0.34793622185382 0.397024147496993 0.365943132828847 0.366567569886041
0.356190137894481 0.326941048470078 0.484920189733462 0.726586655365916 0.376271453255259
0.472630875816661 0.487587696955392 0.355250502812587 0.367276859887536 0.453787560373736
0.324230373451876 1.34820204902897 0.341562557550607 0.351068986130063 0.3917680226966
0.395475964825206 0.358744408532572 0.344715442538273 0.488902788029042 0.339391931316814
0.701146792410073 0.984983235901471 0.407868511773198 0.371508524495211 0.294855447912963
0.539819803018499 0.427155400082893 0.375420867725417 0.414451679074947 0.370382267173022
0.534174773544417 0.35540333141714 0.366320932400862 0.389426911256423 0.413624241912931
0.43755529141487 0.525983034112531 0.350215309249837 0.325737914110462 0.396640282513627
0.302653839807032 0.336099213105357 0.386937881390502 0.373639211051756 0.539710656814559
0.3301528611049 0.392765737696789 0.432689756374107 0.777042734103495 0.5310511850265
0.34766515704972 0.374025343026626 0.493824320102392 0.628205894849897 0.340710120610026
0.396679322958102 0.415688852495593 0.342824409829249 0.396809257625175 0.6044521331733
0.353230644423117 0.459766654245707 0.405507885250581 0.398343570828799 0.338432189022418
0.346993167385416 0.407600234463288 0.377389706080165 0.448439872906382 0.384739011048314
0.321215588276742 0.421104118133187 0.585826077326332 0.360969871759011 0.445418016389576
0.42012679577947 0.570022780135233 0.540925813522009 0.360281955957203 0.390692087803984
0.363133549709648 0.541425969278783 0.42494289606736 0.37024343841271 0.364175498713711
0.378318702456662 0.48993845790585 0.389051852109502 0.816590042273815 0.382137598894745
0.366183339007078 0.380783624030409 0.527873737559479 0.405616173620814 0.323357114176205
0.463447816206093 0.370865725250136 0.414321489789718 0.591080077506755 0.348886668192589
0.378205068118232 0.443684184644461 0.373897841491303 0.615167803465006 0.35234424018114
0.362125853190913 0.46182671702857 0.369465896601625 0.375723169885206 0.421753349438402
0.348622180168044 0.373395543461805 0.345617945746754 0.42507674977866 0.549582634997699
0.494727066136178 0.405391500561343 0.413487850380893 0.372986519907824 0.343507007679787
0.407298019374862 0.590761370884827 0.523103828989342 0.441643494238039 0.409214280658794
0.391340428745238 0.462723336688485 0.392800992887876 0.423955867063179 0.37611620215717
0.410144693642312 0.843759652969648 0.385323327519961 0.44120456353432 0.37672808869219
0.37366905138374 0.352119114946267 0.566775211732227 0.534757184602067 0.419476574370057
0.407662710333311 0.389046671661539 0.339758778592979 0.345656905254801 0.439686229189342
0.602526154969593 0.387601693541427 0.441437315143778 0.333280434378947 0.330758250574312
0.535621885478435 1.04303075478369 0.55852106964784 0.509501562725116 0.429527244520362
0.366858066110246 0.474588362091591 0.465222534120149 0.344608905433647 0.943508914816908
0.373999651649268 0.40982665078144 0.468199048274335 0.439147623222619 0.42782921753527
0.440615905782136 0.390531604671424 0.340106783858163 0.604874648196486 0.332823413237949
0.410023602414358 0.522799354585802 0.593919895988959 0.420334790921195 0.44135854384903
0.60415003598532 0.347033586130443 0.343772416188452 0.445906846028529 0.408997117510977
0.691099851712932 0.382694365100413 0.338397165599767 0.32283710869879 0.573153215254787
0.338420366009979 0.435184438301582 0.353598189367552 0.403526322602361 0.485689221364528
0.324775374610345 0.376581751279484 0.384093131210598 0.441670971987774 0.336532177962388
0.362570375057806 0.513677648724766 0.688924959617934 0.459484464739896 0.425094785226145
0.565576898839506 0.379799922253975 0.343848147473208 0.40169236121903 0.456610085900184
0.346054816836115 0.373066602221825 0.393003126362376 0.452707054333607 0.411909018162955
0.355762564736898 0.402388533101328 0.383984216720227 0.430352659366132 0.413446488188214
0.418775380966707 0.338058796386513 0.327866509963438 0.440198788660662 0.434978619644667
0.32001458560275 1.23639233013942 0.391090767555824 0.319675998373339 0.369234635035984
0.697952768575683 0.43354662060309 0.294255651158217 0.374665237239065 0.529587418036932
0.362614223877539 0.38253571721606 0.363623150526996 0.415702882859278 0.307810241110694
0.374614484776196 0.491796779929009 0.381815063428527 0.500799166566572 0.456229610438292
0.348799721241271 0.349988634147186 0.36010529371166 0.514826052657094 0.475516248307891
0.329543317326917 0.526411768786429 0.669255315902006 0.462671928466122 0.3434994624342
0.42508014547293 0.342387133607754 0.435855963042766 0.473834856121765 0.473566577378527
0.358728846106322 0.449842581822596 0.313954857283358 0.512481879257602 0.400202258799328
0.371641535731802 0.397902658062431 0.408622688352084 0.495632551751757 0.537820029528045
0.361036712982513 0.356346277659896 0.60437407771161 0.555905258847159 0.490487017728287
0.481612605447452 0.444006354797047 0.355709938853567 0.354420128381813 0.41451369007889
0.478815924419123 0.422988902071979 0.479974042010939 0.418943259486339 0.37430453856497
0.361588593530592 0.386911906837767 0.603567048285912 0.395224240055788 0.37491859874555
0.439112647806334 0.656214349291931 0.627096912351407 0.349747592298462 0.446157583722776
0.434146156150752 0.38421462604249 0.653200102016203 0.459444010528651 0.403069500836863
0.443605275930925 0.524715649724302 0.448183233094893 0.381079547879786 0.523727934051661
0.789075465013201 0.348157397488181 0.431356983642035 0.573981327630786 0.336596535636989
0.48980872288019 0.325248965337274 0.323952060727277 0.520810584088416 0.35385264785791
0.343944418455987 0.351620882447717 0.653687348314274 0.347417572198687 0.378204725771443
0.337255494181338 0.398212276897526 0.340166264763748 0.535435296167052 0.374111480764052
0.358761634465653 0.404324728939064 0.358393202734212 0.401496376046579 0.302943125436471
0.40146380192656 0.418892146325556 0.332804498763672 1.12671070299805 0.480492700520226
0.376291033728518 0.507518022456238 0.587107528175353 0.403602583078496 0.422532792034337
0.467703655904534 0.558026988050423 0.580787326392366 0.48320228011083 0.357970564103781
0.348129737931106 0.385423562482004 0.395605785529611 0.36493229089075 0.372004532070664
0.329274345285648 0.328812105609569 0.36596447231852 0.357775235808375 0.343773500823797
0.410596926738922 0.454756875417224 0.609357921481937 0.37712663783492 0.336084538244118
0.356351892669027 0.404697399815086 0.412351549770718 0.377782646756958 0.400765876434625
0.372790961014741 0.352317928125483 0.393509438820134 1.23050515994366 0.512497854683416
0.478668584702627 0.428832233655209 0.32719917311213 0.347337304875253 0.385743310173923
0.380872375104486 0.574217963832167 0.813139941877176 0.3620088557669 0.347484692487842
0.389935957150503 0.407375948012696 0.413957666580327 0.530304518054391 0.388751998288532
0.433563721401967 0.547679218828859 0.405175225800602 0.399925180614682 0.756603932353795
0.370559200871918 0.343969618578824 0.388625279863314 0.46163975631333 0.309956064227995
0.331885454819859 0.389482027511372 0.421231519369269 0.363212766717867 0.497523622849495
0.471493846159484 0.435991990052553 0.48560457042906 0.812888295706562 0.486849892090723
0.575087161121632 0.434903374563806 0.45937284260099 0.475842951962905 0.354180294289645
0.404143106849055 0.487936988202083 0.476265088698401 0.464091582704515 0.447306408237035
0.348137543970456 0.442562920360327 0.330755604043482 0.435832829876027 0.307258569015803
0.457722452872648 0.439426699194981 0.383424111316816 0.404568943579672 0.394583006452881
0.348843887223474 0.486010799587932 0.431626535014967 0.47769176434758 0.634309276723041
0.400268717993027 0.430825082224383 0.37389171991592 0.452663746214249 0.40561395042853
0.302715621774394 0.389777466506224 0.349350112151575 0.395877696410943 0.698741879483144
0.417010980561774 0.366914993561381 0.395643245289986 0.374554209994839 0.487061905398453
0.614109089543757 0.378007198673031 0.377722538054664 0.355376553715564 0.44388252783202
0.576793287714806 0.324228423055496 0.405050627285859 0.42308851986041 0.349871634707174
0.453478396095466 0.673101803604877 0.378160380225293 0.381081764123312 0.333810838230672
0.340033376166646 0.527594190861476 0.477238222783921 0.387936781177556 0.363441774559229
0.325929914867842 0.990121652866582 0.417074044869204 0.36219094551564 0.419714213158938
0.301645282762243 0.414838499460573 0.435205395044298 0.408079452841821 0.333827100476674
0.360721617432484 0.641738880881983 0.426621194690532 0.398655657249437 0.377800131656913
0.460668653151016 0.319801034037903 0.333459451355749 0.714038475321198 0.365873675927452
0.414037382938368 0.440293307838518 0.417123977098364 0.461121148277879 0.398705879612474
0.387825690597173 0.419033299592834 0.325506791347028 0.394669010013035 0.621856673646522
0.300518601418236 0.327595944327838 0.49504900970693 0.363106289066828 0.395338642069813
0.501235494766764 0.43408288691868 0.34497621162724 0.475910270702142 0.356680206697918
0.480958329844569 0.500031836764558 0.528633508661718 0.376084933683788 0.388536450967247
0.479411784796489 0.37646989263734 0.358629691269721 0.568111101232589 0.335513268896309
0.545610137212573 0.979659459830103 0.417621539937825 0.468401497626908 0.350281067407764
0.31254431995637 0.412313379433507 0.358724246538499 0.571220665655518 0.380332348680097
0.458325616667695 0.387315152187827 0.679668493489083 0.409211052829196 0.700719473299559
0.399013673502759 0.366105504526459 0.521694002282804 0.351468704034313 0.374752737877271
0.503019313905737 0.644000444798256 0.540439683371834 0.473771986109463 0.501142106701272
0.330665718550004 0.417339206051763 0.307817058039241 0.42605140041735 0.495555226269108
0.361812053469298 0.458751497418594 0.349671024888081 0.440066983948705 0.544338718330968
0.435641359789431 0.432384064307748 0.405110603217769 0.325917405880924 0.437191766304634
0.544894271769286 0.388812466067995 0.371659564726444 0.489308479837641 0.340865908208496
0.578382312997667 0.365380802730826 0.401396503876417 0.410727074952238 0.394966953625854
0.424623383530055 0.417370132128858 0.338438142353226 0.388069614577008 0.380029910309824
0.460388507655589 0.364327431167773 0.502255381267969 0.400442393991291 0.473801571865282
0.348733414971449 0.332838748078401 0.598127676584743 0.493404772619117 0.513673270788405
0.436730783126012 0.568023653666721 0.43966492030145 0.519334820908091 0.313998974371956
0.321161581258746 0.345809448976498 0.388590741318659 0.418141537416168 0.328049175428965
0.376213750713232 0.365246922286262 0.55317771609919 0.456158081195613 0.400302496335174
0.338851757653716 0.353916557020701 0.330862323217666 0.536221718806473 0.372128164717294
0.354760997637333 0.414996216041411 0.442560720158276 0.529985708931825 0.364013312097276
0.48280525825658 0.358275547323285 0.370937761840877 0.408259168126447 0.474930399920574
0.425801467939932 0.393607823963024 0.665463213227565 0.343436919455079 0.328148698682241
0.39545602364349 0.371886795905125 0.39956340087045 0.945786732228237 0.467762399601694
0.368135427388414 0.402713565779994 0.475990756515756 0.390131122277576 0.594012169146245
0.457320013524108 0.606481414911589 0.432193836202178 0.408207898158635 0.342805845601093
0.522808399925954 0.365613260926493 0.353987750505354 0.388558485980213 0.320917110436278
0.576826744194455 0.456935813721391 0.405265109941246 0.500911815585742 0.511966281659765
0.350810957887486 0.380713469699796 0.493650364778091 0.419413185470602 0.492385541829297
0.606425575787715 0.380946038724577 0.444656966700773 0.611219999905798 0.485172327122374
0.662143009012671 0.371122440209997 0.367015376564783 0.332665494393908 0.380908780480297
0.436880401724177 0.464369500000057 0.350036736018383 0.341391693777832 0.345839377550225
0.315030652267291 0.3420173995486 0.354251812838411 0.421937015298863 0.453582549555704
0.443848662530068 0.568728411643484 0.358275442179324 0.460373213997966 0.451858566966531
0.392149968759275 0.403462383013875 0.602738755925141 0.454552195561456 0.568346692501018
0.372862817503793 0.444810985000223 0.602059658596434 0.542069929372375 0.443217530445046
0.526163892069403 0.524210695714317 0.551466901120898 0.352490496166183 0.431295113668114
0.337742879800694 0.33376451407684 0.334354779934294 0.335105029179378 0.501419851984672
0.433727534659486 0.376872037277131 0.407742508186913 0.466590107156235 0.414396291813757
0.38309861675092 0.346514842298908 0.477045826805496 0.514946931373714 0.460540300542381
0.360337671665007 0.397752232187186 0.378741673882593 0.46479900321605 0.385589026485768
0.525433956945253 0.386979101168065 0.372089817634213 0.381278866254246 0.409877942940404
0.410259382976425 0.521782916348854 0.362002393750123 0.873481189305344 0.440436393187897
0.55568717198341 0.415504774631118 0.581004685810631 0.42237989447569 0.543944314635492
0.385652999771891 0.479356159675697 0.410005008193102 0.567296749454491 0.765686141823037
0.478251161520002 0.578052001788058 0.424015501229524 0.413451381896566 0.315510989565533
0.385601926976426 0.347028330598631 0.621153470939889 0.343715069242992 0.381530714662238
0.326967743740423 0.389012538647164 1.22688811154147 0.532308932985406 0.343853793120434
0.950541253250535 0.361555051286869 0.426120020836067 0.311127798772686 0.418610357990588
0.368717244229744 0.511361660791733 0.389000751233257 0.341818865817616 0.525144232208875
0.343408371343845 0.368909284157741 0.421874046212944 0.468257830345404 0.653386088845304
0.395481174892253 0.392257311771075 0.415472432977025 0.384953171376685 0.363464967390124
0.428153798526686 0.423104917007457 0.386158610283174 0.495073676378357 0.435569507751337
0.371704947954986 0.620646087052314 0.373193915718373 0.664942160198811 0.428969762827204
0.350005131535226 0.348498878191152 0.377449866869148 0.415158111941662 0.351110659899715
0.49980418398038 0.382862007086151 0.43767840580286 0.454387233692972 0.433953971367525
0.518224821936075 0.414934725932722 0.487570924959008 0.320505116361796 0.326337525951625
0.382631597858974 0.605944956607044 0.365949789722125 0.516659292711112 0.384244424897398
0.38854989923701 0.390097406662702 0.352342983253574 0.502159140559922 0.321830933140098
0.404144185303895 0.38844781856595 0.351878554382446 0.429855295642358 0.351578841042908
0.408774447108311 0.317881354039195 0.394325940019414 0.477898414020091 0.549402352219159
0.445444962837283 0.344511306563972 0.412153398423055 0.367297054919641 0.377988811258496
0.348021769270547 0.388638271392975 0.425501129471216 0.687188510291356 0.362489732959197
0.521193724492843 0.465442592442719 0.524853907394199 0.406055618770018 0.354558941636667
0.314494161185632 0.422681097698875 0.509957495268387 0.360747120223732 0.405147452513252
0.452389824849404 0.486204249457826 0.432012164843004 0.493586627765117 0.418664855723434
0.672509125682428 0.386147021607107 0.347340032108669 0.402076913052139 0.475344384409154
0.309343771678782 0.399200782201494 0.604548067442452 0.533807056383634 0.430443330656265
0.312778967027137 0.428151043287162 0.445395341461028 0.407654324940268 0.359920604227879
0.434291396858063 0.367110205939698 0.38229872167588 0.38939552722121 0.372175287171182
0.483503918777332 0.562118236616453 0.394566926796231 0.640333404288636 0.575983447367467
0.429355005637031 0.400076149856026 0.403541099026424 0.391845750364046 0.39111036880943
0.345760988275804 0.458251388955588 0.39898640148245 0.450461333388316 0.350530859204228
0.371657548914878 0.450604308809892 0.350887959128219 0.584697065959676 0.373215011112472
0.405673376327133 0.40063643304456 0.465849167156429 0.436434494156593 0.453441676265227
0.353971929555017 0.547845575629692 0.36576622400271 0.40935920040009 0.388217813804398
0.328891682524804 0.361858529962778 0.693129519840409 0.343813942995666 0.377312470795406
0.429714094544719 0.446511256454812 0.399678133358384 0.340578567723312 0.40912716984229
0.477572288937416 0.402635727039826 0.341897954204836 0.414784440449119 0.419294016299407
0.440471169159512 0.388937564601731 0.467708899349803 0.444651209105774 0.431568788356288
0.968488945535609 0.420623899311158 0.383822672007058 0.383800562516619 0.366453576369872
0.408880507788567 0.342226074833627 0.360976142161893 0.541973365704529 0.361893650156921
0.548393121878417 0.463175874892003 0.401598023497471 0.512567165341457 0.472407081959904
0.334337299188062 0.385451973497107 0.396634266483905 0.36178437341993 0.334195024104088
0.434247223352266 0.40068721641981 0.353714877769862 0.485456512409473 0.337465169570568
0.410029954510383 0.485581364712443 0.323528843309982 0.392249085690557 0.391272651716797
0.307323964482713 0.364673537724979 0.409170326170917 0.658263392056134 0.326198892375273
0.389646694352588 0.378648945390004 0.506992789702631 0.370862948485857 0.535559702931611
0.358966093460307 0.377842936023057 0.628731833905014 0.42055474678861 0.338601378000192
0.348190275366299 0.391854521602283 0.4929570343911 1.03966608720377 0.41216315559519
0.37425740786492 0.433353519132554 0.604576682533659 0.414357359107586 0.427800545647064
0.65566375520336 0.33690895793084 0.432751343672116 0.453729328841318 0.595785066595171
0.554511833670973 0.406708910206239 0.550292490027279 0.412678016798803 0.39844979857291
0.345029634070053 0.458454398087108 0.503067346068243 0.340929877694872 0.53930792041965
0.575547847339205 0.368678430050335 0.330185427038681 0.601446993605401 0.539537776842335
0.385867753744958 0.450765987224259 0.347021533635554 0.350474583171171 0.339834897697543
0.407418561551416 0.439933995545108 0.347077095348019 0.39732717369535 0.613772118284258
0.511662387149745 0.404412051253411 0.354254122770569 0.351697387253329 0.576415661709187
0.323851601185708 0.390503032578703 0.634323931948004 0.455581893727378 0.345641813478077
0.359940297279137 0.423882972967243 0.411332759366064 0.399740087257056 0.460024872819287
0.382020259540304 0.395987317635518 0.45856922945649 0.663056664482504 0.437851839528474
0.405192240383707 0.394992899219629 0.397383052231568 0.4471011929157 0.400807754590158
0.491126635304758 0.431151616363462 0.37032603308999 0.424717498400807 0.315681671441573
0.421422196558899 0.352794579474346 0.386224135751491 0.342911053358702 0.348347485900656
0.317853485807239 0.62866204672345 0.56270773174234 0.378932898901024 0.584211128690515
0.414497434082911 0.314481028872487 0.357012352404313 0.41677737329297 1.16816503124294
0.432397311877904 0.375065334973349 0.6361896655749 0.521356917689049 0.481936964547183
0.507532913514118 0.391655998172771 0.518798964972525 0.441595717511879 0.408607495581816
0.356728470737157 0.3623896122293 0.526819683141153 0.566342883592641 0.45109309431285
0.383158118335709 0.435407966348136 0.391872210583488 0.343701623148434 0.347468218007593
0.291431659488641 0.82687925753977 0.370481690858207 0.381884337489365 0.387198860541814
0.335569449561126 0.478359702934701 0.515165733754731 0.37716629127844 0.473757252378478
0.492458497939134 0.318076135194368 0.351875939857123 0.446865850897774 0.302533366420149
0.470925535216107 0.387192327020085 0.353687383569897 0.555102248477247 0.342944985268223
0.343406170814718 0.635869156876523 0.340014625576931 0.541301272942595 0.272750494897106
0.38959911949799 0.442335007178846 0.404706676931192 0.394541105320169 0.487134435535794
1.12651575797562 0.34533584771975 0.334498575603594 0.531617664530517 0.378307975273273
0.304924161748424 0.3500488766082 0.38054947132266 0.617640474314713 0.634489348741081
0.461473897903644 0.521190723239973 0.366304455446087 0.418066917046019 0.360360344122883
0.504641513740486 0.502650256454172 0.418975009339332 0.515841846390412 0.349591811986406
0.518060859064445 0.48807398176112 0.347882353601264 0.338523091344618 0.374967701538494
0.376436435932734 0.440507935666122 0.807387436544127 0.550379878758131 0.380974514745505
0.373556845511977 0.426434220327298 0.834859063948665 0.358025070209874 0.362263003254912
0.486832869793514 0.38201925599187 0.375703744400524 0.452307726517136 0.311215581860107
0.887458926551289 0.313905578197302 0.328222554546297 0.414635543057596 0.303523409232722
0.348483299766408 0.45192222377089 0.452863628098251 0.360666052213518 0.473019589120087
0.426380110511774 0.418234243395967 0.437761235384575 0.395408717640504 0.415954168756934
0.486019345217674 0.643232077727798 0.325069867223183 0.346512425134711 0.342957071897505
0.439961859879264 0.360308398023201 0.322070137475635 0.71460471807328 0.474785875573381
0.322451371927401 0.371230822223267 0.410880821784834 0.555944314449505 0.438750964796551
0.346743603548489 0.351599410199451 0.388727729244226 0.387792218688321 0.327443759380486
0.366980124701537 0.420635582874208 1.61270673303111 0.434400423298425 0.394285366357893
0.590547754671143 0.415254273127491 0.401361902061775 0.511597331969975 0.311744110704742
0.324114981986171 0.387025060866796 0.355810124886233 0.473241663263277 0.386825735275901
0.497166643175056 0.38990910001567 0.402387424113423 0.384826767440964 0.321327199552479
0.366053062200647 0.564464770427386 0.353427666035997 0.323868892964267 0.373885332518904
0.471112307988987 0.351709000588171 0.303284346308405 0.344932677359625 0.393455256985446
0.664860919119059 0.45058585022374 0.380740172908195 0.37956749425364 0.464385408420997
0.336776248562929 0.445874898652775 0.311729689947689 0.509204348479625 1.03437851612079
0.36836431009695 1.73078916965712 0.400452113166348 0.410538978967202 0.342990558579703
0.441977057887665 0.477928443794942 0.28552359204915 0.482921409987506 0.773806348133212
0.449357839261756 0.360922585611566 0.320369487223052 0.560112488798295 0.356912122897204
0.312938168401926 0.573472678887203 0.342138087068443 0.463401324760364 0.33766826750678
0.397167899620959 0.385982640455804 0.320210885001315 0.383376453213025 0.316791297477569
0.356505038375712 0.395032497878756 0.327745420811491 0.393047183840168 0.304602597748966
0.382781091885913 0.352249863016198 0.448290168203097 0.345522640260713 0.436264824198907
0.320122533474193 0.43874434290252 0.328657455444401 0.463854286112252 0.523888153452286
0.499939977168793 0.5734719051737 0.427452361315155 0.409134730939314 0.300591283259871
0.490372249127006 0.349834216724743 0.697236583000271 0.467523100567053 0.406517220472634
0.356892536665917 0.404377291848161 0.377236452940042 0.616451565045754 0.409068627341034
0.326005118026675 0.538343461415482 0.308871383809372 0.366727203434754 0.394300246443338
0.398715314973341 0.403441061152709 0.43725935908505 0.437995728058025 0.342500687464596
0.358417675548402 0.327638388863089 0.577681111277669 0.45542930915412 0.356863214232186
0.467495157069171 0.357828991593325 0.416661423376868 0.543126798597798 0.522412102474367
0.357176906033008 0.361062170207707 0.326753685309743 0.373677477286936 0.38762118688881
0.463687177364304 0.517279063700414 0.420324972463851 0.562809183274781 0.461811325082655
0.423174555909143 0.407468201953987 0.384446765166048 0.465905524148301 0.371508693555391
0.360820875933575 0.37094538271891 0.36260621668547 0.439670733548543 0.500003803491587
0.365186176301539 0.425141117669917 0.387830257597598 0.411589625092783 0.34601727170165
0.362164684912099 0.444685478841102 0.553691195835387 0.409054418303931 0.437828421298911
0.377958312921131 0.427625023378665 0.308989122702901 0.384230406493199 0.332061951761083
0.362944923545652 0.420260735100653 1.0340969752003 0.411327346033934 0.361246703296907
0.361802414703007 0.606444688237916 0.360095866712411 0.445525000710247 0.412635880924553
0.391322551160873 0.32991678441617 0.32746410730869 0.433564283484821 0.393766484335173
0.336859045065007 0.436672977437884 0.421140611914811 0.501432142559241 0.487804250292997
0.330899868465222 0.422511760736106 0.445858833445455 0.437753243939061 0.416674343813086
0.375721363077873 0.404105423259718 0.419611480551835 0.414184724896931 0.332720503047853
0.365499379186066 0.612496281784607 0.360014859887138 0.399244622995887 0.345861498090565
0.519577320311555 0.490006225508493 0.434133757002809 0.520703076186835 0.524319259226372
0.370276383863068 0.454693482969556 0.447943128044757 0.376735542186024 0.3220432877988
0.364803190935771 0.427388170143587 0.461380157643172 0.341190074189645 0.396498485864429
0.404574522912803 0.383136584467003 0.399126885555761 0.430606699626136 0.38279380305887
0.402426756592419 0.385807743177623 0.328173196989297 0.422877003581994 0.342470125417067
1.48426466354471 0.526960234128905 0.365174897160685 0.424179942213667 0.392291215970587
0.610153834010152 0.385267968259467 0.519756315600068 0.65964630504277 0.434053833218197
0.408582198098862 0.357582253713966 0.418511529837714 0.476910357023708 0.342477871586002
0.335505300365554 0.620939607122433 0.520602884584561 0.420850868757624 0.365370630352086
0.360458842810559 0.385697173225274 0.483269647055678 0.425163814771113 0.412492639849148
0.446779653744522 0.362000524591121 0.365802926164961 0.36868686942185 0.580401076295262
0.45125931006522 0.450402293524962 0.326693394868779 0.380498858046617 0.497959451685682
0.36562867747526 0.486336646310024 0.357348715302167 0.408184739500834 0.362215982612368
0.428626743436734 1.21165877127875 0.306157413775254 0.369628885726949 0.54859337903928
0.372564926624457 0.369178664166865 0.310106630086113 0.576327643315307 0.394861299555876
0.349188449319207 0.367171521705596 0.356230392034424 0.382886468091039 0.413812055745352
0.358218710067459 0.429751593313306 0.467038834819647 0.381671579766653 0.39941429762672
0.52338513470435 0.447074565072272 0.430660505788324 0.382915420927603 0.395185737081736
0.530602288553176 0.665128613068609 0.439134604417952 0.375482321019963 0.39994466903077
0.427418684216739 0.324450097931719 0.378728307810692 0.451271909736683 0.37706955756161
0.672867924743581 0.361770013888064 0.435251667233105 0.481137153767505 0.326622990870652
0.484935463224782 0.382900998906008 0.513467377375504 0.3777234184728 0.36472394983696
0.360213785792195 0.355237675232588 0.303053915577992 0.518922952702588 0.395044363831678
0.482920113044614 0.387872814194338 0.430439747328116 0.481170350778122 0.342976929229457
0.380156610333569 0.329386777212659 0.344217870119015 0.384914802727406 0.727733875273542
0.40338877972793 1.49031763246572 0.34851096865664 0.407226097991447 0.364883009688452
0.34858570258344 0.464503122640037 0.334317359993235 0.440371258023027 0.467959557343329
0.430619137107117 0.658411676024441 0.330184650386513 0.429290887239938 0.369328703528656
0.856049423019677 0.413288421504745 0.496835183629402 0.445099860208432 0.370855400008452
0.334272138565757 0.76356277230863 0.371045201696784 0.421124089953784 0.549499961852184
0.378575560107735 0.35910074767175 0.460478170325284 0.31526358061143 0.394382076823082
0.362627551660913 0.395172947864299 0.348217333113106 0.371364137675901 0.511046142796923
0.675967439910084 0.407791311884029 0.445725537497462 0.45874462561571 0.443692050077601
0.426722664451612 0.367066851271633 0.437898529883837 0.952709887362976 0.396310712192175
0.492021444091027 0.368912989176002 0.343904652833094 0.467382804951175 0.722130220274671
0.339321841924044 0.379321822601816 0.572090317738263 0.389070999700085 0.460451596317518
0.386519322252622 0.460533366577623 0.341981869136066 0.324995592382109 0.404861162081577
0.557150147247949 0.485618704184025 0.578799184435667 0.319779586890639 0.340321938034439
0.307504156646543 0.317037486661833 1.30023028824004 0.438538356222003 0.476674263176218
0.426578015714891 0.668974672024906 0.378646615907784 0.362956244293986 0.558318586014153
0.419646815673701 0.568983820300345 0.467571045128954 0.393895826197999 0.336731395896419
0.390974075527783 0.344622913823171 0.438294464365544 0.430283077191348 0.435482440892209
0.344093021512287 0.349882709434296 0.390433129183736 0.440264465394572 0.556956636133559
0.399497672233391 0.441558944691421 0.400060478480514 0.441225464565976 0.460017393668432
0.417157723788185 0.367470809839121 0.360789954904286 0.386133329619336 0.429389108689578
0.587425215480746 0.864929567170071 0.376730997304484 0.469622847598501 0.328873813510487
0.407487507918018 0.347801921472678 0.335922032958258 0.429258873107542 0.691760824535284
0.601947445926557 0.425343537120191 0.408186046491021 0.45609425999599 1.22410017967381
0.398344502031066 0.414662609288174 0.394340081577703 0.420974036584977 0.492418486306604
0.447912797069135 0.637736565775142 0.867180899685302 0.476078499341516 0.446925590797966
0.437650997113455 0.340069375031581 0.35744526000437 0.408280933022568 0.356995804383689
0.345420200364641 0.600473940132898 0.360447476233317 0.422369633711853 0.487768067748304
0.39272494009627 0.393993061471434 0.413493343056892 0.355919202235388 0.426279451303637
0.356310249965527 0.350564342476945 0.447133012178191 0.39046082644976 0.417714311678957
0.4301075943307 0.407790604454633 0.534271040043836 0.347376323736668 0.396029389571617
0.471447525542127 0.433842421203052 0.453705690401971 0.416424319337906 0.324470189570488
0.328891937528584 0.481505059335908 0.318036900341322 0.459145872924411 0.405588360555967
0.438710388024377 0.443598887932967 0.358651701658872 0.371601132081661 0.433659993071198
0.35380796941166 0.371608459890511 0.410329189722471 0.366584636876999 0.346317568532722
0.317929043418569 0.870488355438524 0.457787780290393 0.591476218654629 0.343280030550106
0.378014604077017 0.595303259230324 0.369546039217054 0.445377376866464 0.580218832054061
0.354983561567175 0.321761232360186 0.369036910154251 0.380650816210516 0.407536541052904
0.35924593507244 0.39357762247948 0.485578596208931 0.419011444009951 0.512700898919112
0.400786171892868 0.378253759987671 0.399097310173018 0.408679116660371 0.343963571602717
0.33806963811873 0.389601975778043 0.457723279093101 0.369535900585256 0.322035549212503
0.511122847865918 0.390316138231049 0.362794651331577 0.364044253551825 0.336494005143654
0.313526479467862 0.426218723459841 0.339596216912543 0.537841827083524 0.413669895488818
0.35174685584076 0.397085642985436 0.428950145549287 0.44446711940654 0.416149302701704
0.4156363145434 0.379226627692663 0.493695080210049 0.343506596525349 0.350417124857832
0.473588520765194 0.509648273538136 0.672625272480842 0.494065549420488 0.464369364846343
0.355166998737365 0.441577597025772 0.372544454551692 0.533626603567821 0.377151066473959
0.561617672865945 0.416836159392828 0.540078415115572 0.536530452076923 0.370443740459249
0.473940585671569 0.457561204403116 0.316386900464878 0.348578847409689 0.336212710160113
0.37936988636844 0.531067021605258 0.532762575120508 0.4812956263769 0.502373172788884
0.439181386169146 0.368124388230685 0.35086226166236 0.353678657137694 0.311498546224955
0.415005650075273 0.414992681575202 0.503942721561068 0.386898228443373 0.452397423019535
0.385378426802584 0.368154132875337 0.359871326958225 0.502861009990903 0.349272215354083
0.451178040782614 0.379673213282831 0.666716230375921 0.410136243151251 0.968741558096916
0.436748686158682 0.910466240284315 0.393392311341891 0.469516687157489 0.287993261117183
0.401500919615016 0.38997483149207 0.369834056902949 0.344571695325411 0.40349275702453
0.409792159677729 0.54903394451823 0.299924391854864 0.429069951955763 0.368240060374065
0.368531751341565 0.407032330963503 0.362138666525047 0.371387188433238 0.351174610363813
0.474850338149855 0.425321557942429 0.361382316268364 0.457018873263448 0.680515191187872
0.39141306006253 0.562642442868408 0.381987728447649 0.598287199138182 0.474818950280522
0.375141324719744 0.438622034586779 0.415586579865395 0.447471443267116 0.39385154323935
0.417775851602708 0.449865346842337 0.345750532561379 0.472588164992571 0.386392459410969
0.332082634098006 0.366290589245846 0.366200819322196 0.435806371104973 0.315568794827816
0.310220430314342 0.440176391161754 0.379906870607311 0.414649897866424 0.39337714398198
0.384515572293955 0.411988312771743 0.373109153450625 0.480088900768985 0.413456083694635
0.37386328805831 0.538547530564905 0.312681882660275 0.356724643431937 0.416606085618518
0.302968729536131 0.350265813102762 0.523890098011374 0.948638522506062 0.339656519475438
0.423531991434098 0.397569680203675 0.332193475501921 0.577260330004994 0.331470410959876
0.526439286866359 0.448440948757796 0.35721059884505 0.401236811690945 0.556572261676807
0.421830140119358 0.48060357723947 0.453380422070271 0.404438929459301 0.355313456691586
0.440940464573623 0.36672692581461 0.415038354941767 0.338576048386855 0.353965460748332
0.317036343342432 0.44568966932708 0.354833175004899 0.4901978273581 0.430201852495593
0.36391979912443 0.53386585590089 0.506374252458432 0.430065576841826 0.454585168202146
0.310905821424233 0.508174939365867 0.48007118856014 0.374819853634882 0.405162512281795
0.449470572770123 0.382915558973281 0.455944518136132 0.437533672688954 0.466643204951242
0.608609080935131 0.453940680372222 0.427101312524145 0.433269425465249 0.387325480201421
0.366621275167989 0.409746406585229 0.493033615901194 0.697181736765746 0.481648300566758
0.340056855028702 0.448337003218884 0.67173450293594 0.365186791504125 0.389284742697123
0.464210568799217 0.35655285033819 0.531706845293135 0.433644167036854 0.741791940237961
0.326575301719238 0.318241009532929 0.331105696205815 0.380179932327144 0.375037184472342
0.355721826051235 0.695837800977424 1.20440483716538 0.32310426002152 0.44554077766127
0.350843652833472 0.352942307834851 0.477978146568505 0.408589361583062 0.642951793856502
0.493375840393864 0.488310835336397 0.333633025436725 0.368482396512459 0.513482476661628
0.438172267187249 0.35432541302584 0.449085699284895 0.370275033876108 0.456774836649046
0.387555388879516 0.436765511024164 0.556333817426319 0.344293027384365 0.415792879832099
0.359556795034652 0.603623193220444 0.414071861128952 0.404125807646582 0.376649283585604
0.569711628929863 0.416380161362503 0.342706753184762 0.329790766619272 0.619672599587201
0.380722264084516 0.418073930525736 0.386728728784279 0.352065185581874 0.318082222655705
0.608743624238309 0.398180697698757 0.4484232661611 0.596828732825054 0.355595352576053
0.456738905880528 0.475139463332794 0.357769398940607 0.424100366065528 0.412918432914595
0.404418437053926 0.400426000217025 0.329680679071013 0.376113364438636 0.315936346356566
0.550730627139758 0.488032502241789 0.453647460292203 0.483346798409917 0.411006667226249
0.417783072490642 0.322681973303868 0.315926228956695 0.748137960834418 0.421803835298168
0.49256802446883 0.541544187036032 0.493203535466396 0.392913122498026 0.684525816278158
0.39083558575072 0.426135552596501 0.638461938563689 0.418267342090235 0.340718800635245
0.54604628751547 0.669085792190001 0.495636242547941 0.414998557410496 0.435584924505495
0.336983578860607 0.333529874495368 0.361424910698179 0.393822552324063 0.346273504031544
0.410908828988456 0.965989760048253 0.49331953234301 0.399235366667415 0.404692516764096
0.380058356555255 0.492056137273846 0.375033424630961 0.435861335143233 0.399258158357839
0.638755653226911 0.529520201157762 0.359475696084733 0.379266557039161 0.373493153714257
0.442359710574149 0.453700227675594 0.353637010782166 0.344467301849819 0.362448442126131
0.337780147557408 0.457146368487937 0.475000991078156 0.378602995299257 0.531367572701933
0.491972601126739 0.350929266384431 0.390105288565343 0.539078039386659 0.444224151892289
0.540075645142086 0.438564443906501 0.356814220052495 0.357177607355964 0.406581487380523
0.483079916410864 0.492251997463107 0.478262979223398 0.443791751593492 0.671835364563597
0.44720825808267 0.327224907211823 0.621628410208697 0.385556818609875 0.42925747591361
0.444582819271313 0.470314502844594 0.424206293481117 0.408776822759807 0.443235712656454
0.387708832841892 0.365934236310389 0.889377166503658 0.473097188923068 0.369088177991999
0.342545470290796 0.341858565068848 0.376449251940294 0.334488180358509 0.337512809635872
0.341525233196753 0.40341692850123 0.847995576983956 0.363241270983155 0.330140061052271
0.346218691759634 0.408434165508694 0.40122348568655 0.39171419228664 0.376499424684524
0.317967039394085 0.329008890125527 0.339192487485068 0.408724794820831 0.384647203653062
0.845685332718368 0.51879155003994 0.478316001388738 0.429916276727156 0.385172399355759
0.810852227091864 0.468620193035667 0.35687676217067 0.674542652563264 0.537203022537434
0.306415752049663 0.348643292825124 0.376239487923325 0.327925346183929 0.619147222499412
0.526105772901897 0.336757944454931 0.505132209024139 0.589911308798664 0.494583655295442
0.39351597909755 0.789421826566966 0.331579173315812 0.549201258703756 0.373144071619641
0.726819794074273 0.352982309614996 0.382404662017299 0.370026679199286 0.501031620383174
0.325952576288988 0.553749418509215 0.51823892920926 0.367494085611413 0.408445289367036
0.441598748469247 0.542211141785406 0.470428726043107 0.347547219688543 0.387612381134139
0.913349257351731 0.332150129269662 0.397346330813721 0.351894544081521 0.309784179941639
0.351149438070805 0.402157183779409 0.394884403777818 0.373145282589097 0.370297960051816
0.480416476812693 0.565655190652769 0.358643494833798 0.385394247554138 0.369545444844387
0.600448738807053 0.408619589833301 0.409398505093343 0.495100464505498 0.398584591608485
0.390346649732956 0.374492239864182 0.452817125595033 0.499481887831549 0.341593627555094
0.504037170592826 0.38465609966362 0.378321387536316 0.430731283380123 0.382278187159845
0.289376627732867 0.319909298647399 0.349254276661695 0.469798681071593 0.847118404289272
0.368841389325356 0.452084808618666 0.490456577685969 0.403254746330773 0.46382194561449
0.531686076355872 0.441783761034122 0.368982012107022 0.495210860979128 0.446173720300013
0.31124314927176 0.457910911327269 0.329645065129687 0.346330190202881 0.406378323223803
0.484560701302714 0.411241284614377 0.352596182647129 0.503750426364769 0.562962786525279
0.370658423966552 0.373813029951513 0.414704994558898 0.426626404644586 0.426679345206312
0.361409620143591 0.387645971951326 0.509095444562449 0.423126225053671 0.328259172473385
0.687017730970124 0.371699450227512 0.381461220689842 0.398157857947073 0.446589189408806
0.440755328855848 0.512709462818559 0.393418511261223 0.434156774823305 0.804068482718921
0.524130735139401 0.451605750305064 0.48070643461158 0.415052052612167 0.333897850922239
0.434925289573955 0.429575324238741 0.427066720896457 0.411041609343574 0.411921427811114
0.402815447591141 0.378470699471659 0.333644358327484 0.367060929439659 0.393318143833815
0.474084613767061 0.447974017752907 0.400654645294613 0.408032154002728 0.4031283703354
0.384741967999674 0.521700465260981 0.325983395829195 0.372291497311541 0.508636545656595
0.390891482690379 0.493345977386605 0.484622947098567 0.571507119599496 0.351080715550788
0.454564027979741 0.406678225641896 0.35092526405946 0.381338043619265 0.374486730504438
0.402830934054178 0.359851753800559 0.576421030479985 0.331275551883758 0.451554432972139
0.535675065058678 0.325896618361388 0.502565402049758 0.440230751234256 0.389758107908903
0.360725550689604 0.365448557634374 0.38046081322871 0.481407810613072 0.340299524381942
0.951295712372448 0.536096155176862 0.489638399492868 0.391014988411295 0.454823462214594
0.419489251041428 0.541643391873673 0.37058739934626 0.373415816736029 0.328223172032517
0.462578483417929 0.423790252530604 0.342673112831406 0.335325651080715 0.389376204862529
0.355176761677415 0.390005614361237 0.379328098849668 0.375911339683439 0.476940868400395
0.476635044566076 0.37418078186309 0.445387489342966 0.947343172989099 0.426814350976258
0.448533271887691 0.403635319721215 0.524780103536718 0.4680403490735 0.314668404688951
0.468413053142799 0.548597510680711 0.425834978677965 0.400098903401539 0.428839827614983
0.339880269246012 0.494439940905862 0.513743420661253 0.489268479259381 0.350111289824343
0.352814151164263 0.393643572555262 0.502269012212238 0.400504223045091 0.340386502267011
0.316873887920301 0.533146895497262 0.421651418689178 0.397081995392674 0.347398082859411
0.5808184888942 0.593215480964829 0.418859679346636 0.365775557721899 0.388240416385138
0.390337146075551 0.475699748408159 0.392776153410761 0.378704156316304 0.389508340466297
0.363489900510596 0.398362990098359 0.300311300981635 0.318941036852412 0.506928807349866
0.328162828677392 0.551535787286592 0.422483024220042 0.423050856227576 0.475666143360217
0.375980233703181 0.356153452924489 0.386331430593674 0.459471995603129 0.478508082425283
0.338098271965494 0.645710078373888 0.437090498647845 0.378573049640686 0.345288501916741
0.376676862083822 0.622008571665726 0.34846654519341 0.486446801609976 0.387446523044257
0.461459066546244 0.372706900925571 0.38167016673792 0.448633279486071 0.547437091686516
0.423093172523029 0.424554893855069 0.764717581133353 0.440860963819676 0.380562446572141
0.497936083011734 0.344150190397608 0.389084098721002 0.812576343016591 0.400292113471213
0.602830299841473 0.376527593864163 0.550060517053894 0.408654209576024 0.366161309505089
0.357500928555223 0.438228499333907 0.355869709944009 0.449359475974178 0.400844493324569
0.308940157095624 0.408728546628887 0.413269539227889 0.425925432670674 0.614355197273904
0.462817302225937 0.369031793188984 0.372963641395432 0.335051536851847 0.572219270263468
0.432460895007837 0.426525897933621 0.483137332602805 0.532020373894968 0.340973658153203
0.35853274819774 0.346070156506688 1.28684532506595 0.388972212093958 0.344346182952085
0.307011655463302 0.428194198932538 0.360438280971703 0.370394452978193 0.368119053047143
0.45558169008378 0.419542267620437 0.359625308594545 0.444591882917328 0.354909359566153
0.384714467954673 0.34227058747117 0.475637231279863 0.359778803899317 0.44159748299598
0.363472088275421 0.423130269830422 0.491206385307361 0.370978125096212 0.430631051123011
0.351862239728266 0.333829588533499 0.32824650038989 0.466091588229642 0.401270495640403
0.390366091471127 0.341572767994491 0.38854735393545 0.452384415451783 0.639847536578506
0.433255742935479 0.414120659993478 0.428275153350243 0.696325925818299 0.434534029122099
0.491645802009642 0.575931117137816 0.31550565477167 0.391496521374879 0.489225985209866
0.421870326971935 0.459291743116212 0.517539941811501 0.591347180043761 0.432179900058651
0.325421016980852 0.335825420359028 0.381614498082669 0.388257470268919 0.395545694479633
0.382309159992351 0.371801154532235 0.419236727664717 1.56713637101568 0.544233827615785
0.397540198258283 0.474669275082546 0.420218306617409 0.491463731396256 0.563770671641389
0.386449868687495 0.313658965788609 0.337868082380999 0.397279773681438 0.425322639115107
0.388039419261368 0.510585761182592 0.468445510974565 0.388650262026558 0.314764799087725
0.416092474501913 0.469101030911061 0.336753546311176 0.384277911261054 0.476992947672596
0.392042041337943 0.429763835932507 0.306091937469288 0.627174299018819 0.558986247082104
0.471207078845639 0.415268824104989 0.375743110798456 0.377296240596774 0.451187371209558
0.632228816360074 0.324226597084174 0.375194215593139 0.385251956322119 0.571755451299226
0.543652058803272 0.484932026231324 0.535558462533142 0.41466451550361 0.549362990995917
0.521476360212499 0.576112979369616 0.464393175870596 0.567774141901763 0.474409438650687
0.48872486162683 0.471256527020016 0.39838595786666 0.401079903019641 0.399373098089297
0.407752381341067 0.490681434241799 0.341912765111118 0.376802063188076 0.398343351759404
0.373867750974754 0.417381155434743 0.430870302644815 0.45842319158177 0.413686220105515
0.412972743061444 0.476560227702616 0.393820059027682 0.48394300102994 0.565612286624413
0.38232586704015 0.386573125823121 0.363420454690378 0.383228704584132 0.373960681228185
0.489839923123611 0.421480846001466 0.344924943542951 0.390038797944314 0.341603708266154
0.411195951741913 0.375314152759981 0.365352904702261 0.453956717804492 0.350597985823868
0.423757144990301 0.377687831452879 0.415121835241763 0.365614298263781 0.410221324069978
0.423566647926651 0.369670205973988 0.361187010546196 0.355906813858777 0.505731792059353
0.356691640625506 0.533181482203359 0.567983261492494 0.376800631139927 0.358585168465442
0.388008505939675 0.497065340963748 0.34732554949766 0.457814625769129 0.375508670323667
0.287543672298168 0.333160206057197 0.383362755744339 0.416857994288938 0.473866618303741
0.391643685146061 0.356997467835623 0.36338385150949 0.544447756044709 0.329324794438456
0.421138961399202 0.379281615091486 0.329349557761905 0.335689684902574 0.370207877188797
0.485672220419133 0.45095799222909 0.510744009079002 0.498616451627276 0.392232100262491
0.365519275566985 0.572727363876106 0.5755565613178 0.492973360545963 0.691415943671807
0.46665255062919 0.381565695788519 0.413564607636086 0.452807112134262 0.354332127469682
0.328650666921345 0.349005900958215 0.368099315303455 0.445100154151963 0.537502681675752
0.429427341717433 0.401800397897429 0.331867057277953 0.385292315120614 0.385832957680853
0.438534316440637 1.41375591741676 0.526754733521368 0.358229236206153 0.391136153729207
0.491364889333614 0.356796901194673 0.337714708965082 0.55393542454574 0.398702799907688
0.566075871684151 0.351441130214167 0.384639188395939 0.367866361605937 0.456326389769204
0.533595267049012 0.354003028630817 0.341808317513401 0.392694534869191 0.487648502238417
0.418411004861266 0.361249550136705 0.411807944395484 0.350801022675129 0.408418385213131
0.477197593214485 0.396614922894691 0.343478679050643 0.59339768361414 0.603411732663556
0.489513246277005 0.390015255186223 0.401618863644145 0.458499436195049 0.480721757373406
0.425447391883012 0.382211124387057 0.469993417890049 0.507968783910079 0.423722731386592
0.731704084479897 0.373633976431557 0.376945606106457 0.352551676090486 0.376895873203916
0.413457271359271 0.488658859766368 0.451965796736283 0.39866881901553 0.513170445196946
0.356593062209036 0.426948389280836 0.299986602855401 0.485575597370048 0.405020421561562
0.389947116046623 0.42378103865118 0.417685477920938 0.400607778915953 0.418799285621648
0.356122087828491 0.373963776465403 0.37933549525896 0.468985014415085 0.386163540556247
0.366186951518399 0.444763879432754 0.298685446963331 0.351759382780309 0.405516814409724
0.49322425292313 0.377009877612623 0.44070170913597 0.444841849485282 0.536510365320193
0.376173941536719 0.394640493184262 0.650658994113753 0.341385511935449 0.40601041755636
0.386051923065745 0.376067130682987 0.381493166164184 0.379672275962344 0.391230567035488
0.360361331285509 0.370459135090197 0.400426381800656 0.364919321187755 0.611120590428771
0.378157954728898 0.562296798187326 0.401716385003152 0.723728543692519 0.478678678798117
0.338561139806596 0.588333142437188 0.371155427410089 0.331302064834257 0.402709027924566
0.479261857395853 0.461409469533508 0.366138206257278 0.462033957382204 0.477692911399158
0.323131913426197 0.33423026021468 0.42661363242129 0.334497860380007 0.695502117869801
0.335645811973354 0.355109136952528 0.41912509873698 0.495405498686164 0.319036414938459
0.571116137713711 0.464450520350541 0.470568018894767 0.42700507211779 0.423988074526943
0.33007682470962 0.425338827071679 0.483938773306074 0.472694657776348 0.624887713462781
0.437117402796302 0.395596489749272 0.780457712578533 0.34542680626299 0.506578881539765
0.473490113242592 0.34723168827882 0.491758955764974 0.645539429233568 0.380512244531349
0.448645670459821 0.400495291702496 0.433169348288693 0.490094374981078 0.313337079119714
0.549458751851999 0.408453664038483 0.342409696375423 0.36549585395369 0.42286592153201
0.368118079474079 0.495963128517889 0.448172762773951 0.487661685790206 0.408069013539897
0.50328439519395 0.415794839458834 0.379653405307007 0.601573033938239 0.478524426489389
0.371405075553127 0.398340289485544 0.348907169555747 0.446429616705065 0.47206459206195
0.455063289552203 0.395504967244152 0.511150564386971 0.379370658594356 0.598751498147372
0.314373015160999 0.386747851271857 0.366382541150327 0.41932601064747 0.346068154393077
0.323131884047319 0.353796727134774 0.406745175228695 0.372881659813272 0.312793392547091
0.394397425406643 0.408456877495428 0.548688723424223 0.370509984981777 0.484842220688928
0.397120513410811 0.440137323456419 0.578739551137733 0.408816220459712 0.556350618479147
0.394668188613608 0.453946785954717 0.396655453223497 0.563418203953434 0.993288971630089
0.374894340228098 0.37550219265815 0.350111060211616 0.408495462603266 0.392997496164789
0.392859779618301 0.413964132118793 0.386827359932039 0.450204760151314 0.3497286166798
0.38791248552511 0.712489891593782 0.522158800693989 0.436032006881888 0.440407993846232
0.324233972780739 0.781302526455731 0.492753309935868 0.910326489228567 0.495871072838968
0.403970272948714 0.40787441556176 0.359152485144751 0.604452497486772 0.395302872239966
0.539556281575988 0.37425899870888 0.377806500478877 0.431853268789019 0.403515561754541
0.320255384029187 0.477974889255386 0.347884529084667 0.82234804555336 0.363800454574409
0.366097032229536 0.429341958995389 0.531907491304553 0.437992444128873 0.53801381889604
0.467201765871957 0.379934210909616 0.277280332450961 0.400820702277343 0.394608927928899
0.535376737629613 0.450571834527285 0.538083580534714 0.503003275986999 0.407478378278088
0.409847950393516 0.401519620729474 0.332375032965175 0.38037433590472 0.337427676615617
0.413457474863486 1.07834655164581 0.365649732976565 0.43404186045771 0.362260829620724
0.46728555176116 0.431289497495521 0.499124726159465 0.807535398907317 0.404457363157461
0.399336371955308 0.570628702849865 0.46596612639955 0.337160575985637 0.40208783708775
0.360198377050886 0.33618707369798 0.389938524113655 0.362769754481948 0.524226950177251
0.428304459617651 0.40712455294801 0.461293036260842 0.446243823971726 0.613250892979888
0.337527147066141 0.32489675190145 0.444914714042472 0.721967583385315 0.587157132664435
0.331991073457306 0.547310530007109 0.408533383722054 0.533742560139898 0.37830804252697
0.350265455459705 0.39979897316614 0.370357004432222 0.357009730152126 0.861788142288167
0.481104513466001 0.691717933928696 0.39065143270115 0.441375302300057 0.406493521329776
0.405043480580247 0.395603598973627 0.459384548910926 0.429218249915231 0.332719068658844
0.388184190285635 1.24233513822414 0.321010620753857 0.396080241485893 0.493510023356337
0.344650579120938 0.474939256626895 0.574359823320391 0.459945069362721 0.390345465117431
0.361546651506695 0.354864006308 0.429691977650402 0.598063523732303 0.539015899155344
0.530628531981344 0.454785825840175 0.372733688489567 0.652782249190871 0.466389097488425
0.349944022802376 0.456456705340889 0.590763135923901 0.577850745208682 0.307420999113394
0.40749776211483 0.376277624478543 0.357043876085048 0.357318945600129 0.390143456501955
0.514788675872712 0.323056741907111 0.547331509609591 0.390019574523014 0.342771581822182
0.36688813631853 0.34949041162491 0.431820207142769 0.459904682616482 0.310838382035554
0.485374881601238 0.347481723685519 0.363982194711879 0.420898324061854 0.332045380052253
0.485643297527928 0.41747602743305 0.408867076503096 0.827011577701433 0.408745500510359
0.387733609185499 0.527935458491494 0.365843155778153 0.694897213772977 0.369592927217696
0.313186250171387 0.363026468124396 0.41546512489281 0.415382286396952 0.336462418506853
0.351990201170289 0.358998020260118 0.663417566764816 0.388583404213513 0.347421466240671
0.472260334487051 0.499762095165806 0.409846551897449 0.467371693548117 0.446035480766976
0.429853959679717 0.365983925017661 0.462184440051306 0.393865167686991 0.439865906487327
0.662864650410688 0.329512249134821 0.402205891689091 0.470927888273087 0.433678801833223
0.36123627437283 0.457861851268518 0.468215038406941 0.394844182950088 0.336352045324399
0.346628434808915 0.441809360420247 0.380067303252875 0.328663086377447 0.374798648923393
0.303628549434117 0.410744061665127 0.370255611236354 0.37013551968094 0.728198522716669
0.736931314570668 0.319873887239508 0.395034928855373 0.403108981963068 0.373848240260581
0.47987806214914 0.661526888349898 0.359108564891906 0.419200001857756 0.365003190762086
0.34784101974645 0.471795640237833 0.5331285210618 0.373398994171587 0.354224040974353
0.472001647399109 0.405462252387883 0.342582977750052 0.485721759648075 0.437276776835908
0.377732746998403 0.370025220776833 0.400697954438028 0.608965113055465 0.413191304529441
0.464348995837888 0.344735778463758 0.52413279525112 0.348487889191631 0.353661713471155
0.419879969105763 0.489299794098019 0.474395596295224 0.435272712311109 0.448920684900576
0.368278713725598 0.367744542915171 0.31896151242799 0.423016063119808 0.394097625476266
0.420915152408087 0.340153934715877 0.348596774509912 0.427707693200913 0.615414960081753
0.36183616552021 0.448669611197928 0.422701884214378 0.630611567768968 0.413756821607644
0.450924819219628 0.47964074150691 0.452184372296772 0.447576264228652 0.669164838483181
0.756686113566044 0.556556578874584 0.436424738292883 0.385607424755307 0.412867610441635
0.537919356918706 0.425147381078132 0.439799235025413 0.467586613265043 0.426305450525379
0.453790662662486 0.510452743742388 0.394375255740428 0.441247584500204 0.414697473645738
0.603415717116388 0.307962312170043 0.362211653459003 0.435113120485002 0.332933893080814
0.810274868094784 0.396580399835368 0.47388004715166 0.562526012830315 0.412938511065438
0.34987265928422 0.333003858001722 0.412347741157708 0.52452440490723 0.336508601508814
0.406442450606546 0.501484870032611 0.369111167248674 0.427915025145753 0.491492019536881
0.355857893895573 0.390478545579007 0.452427442710272 0.437278421171303 0.41487952305653
0.384347804495627 0.445661259580509 0.383079199383846 0.430245821255831 0.368651051544803
0.34619869627069 0.445465958078917 0.316339083007026 0.521405310209284 0.364251284032544
0.513735349950448 0.395685204121489 0.325610274986729 0.38420502986208 0.374219482916338
0.328643425953757 0.371127485380518 0.415889819080384 0.435718648497062 0.449811176372059
0.570765523351255 0.418881961764478 0.337736331475277 0.427459719054225 0.331904001020798
0.391121155192978 0.472184871663924 0.570552274797737 0.362523203497947 0.355444868095541
0.427303144688676 0.386567255408552 0.381436036888682 0.501951064079986 0.427803749551398
0.584840393658207 0.411463031693969 0.458832959193769 0.463788963608113 0.292640517379037
0.408558898477811 0.560333271841954 0.377210676430407 0.413998616738965 0.337255611445661
0.329055604340753 0.436385681392925 0.387215376853748 0.426850159705721 0.48028244206663
0.369235063781509 0.387308578821333 0.353903377272357 0.759149020865736 0.426279091191402
0.438590443539193 0.504561922714691 0.432081490478257 0.514942065380965 0.48855925151808
0.41260388035467 0.690209665690745 0.377697911627601 0.50166400367034 0.456226410020442
0.336846470366193 0.684181083432942 0.402231242611622 0.461310386666791 0.389875286928321
0.359041243989212 0.327668762916983 0.351108852312272 0.383836281401106 0.460915628102599
0.367899547235843 0.519102177652935 0.291438645435958 0.654623151238045 0.330916075055193
0.856902488110174 0.414464461156798 0.362104157015403 0.401802839344409 0.516872620937015
0.34831413899954 0.37884887472083 0.335812160690767 0.36602839749694 0.463568786578016
0.526157484851761 0.368416124641366 0.32011367725133 0.343622872588192 0.528711992631122
0.409963002328952 0.641503424934798 0.363679135381664 0.365000204907934 0.533476030187776
0.335974917413025 0.545847218793316 0.394191591279391 0.347179921668596 0.421483134504408
0.433746983205191 0.422424208179167 0.626824765585166 0.417881176172669 0.344631807166982
0.381250012360356 0.345306500104924 0.373816396356901 0.456719572897051 0.383621828252157
0.385161727472101 0.556597089758065 0.360824002573671 0.383072585659721 0.560180230909374
0.41318479357711 0.397848682487608 0.415556400760951 0.357965165811579 0.409051642731891
0.345627418492861 0.557804585571622 0.515839906256721 0.462257448670035 0.572827449591237
0.335353513418702 0.337397548231705 0.283316164072206 0.597904131624286 0.354743077800787
0.841850427203408 0.34334234262723 0.3311393123973 0.417877000085904 0.459209746560126
0.379744309989605 0.434863063994926 0.511003185933148 0.356756648995558 0.311061002450763
0.337810166347311 0.427980684279927 0.324104473133338 0.461138889953649 0.512331969765244
0.420132351686394 0.409657105203313 0.453875992691975 0.375857497709695 0.408783652610799
0.45177503782222 0.605508869107034 0.488098110204044 0.350877941287877 0.310686635385816
0.405036742048734 0.362960100584289 0.636120823210916 0.575212708244055 0.40237251508883
0.362158139013605 0.315998059033679 0.515721419829007 0.786169250687394 0.512604950729999
0.427029263683689 0.634808721661493 0.357128929978827 0.451064987211482 0.504935231549089
0.365772965631551 0.48103706790055 0.487722399601003 0.386192372459705 0.351505064890216
0.364290421942761 0.427962229234109 0.349196020001174 0.427385157898274 0.595825074213228
0.387307095621294 0.378190060745621 0.674585899153463 0.390407738669043 0.335614132721785
0.487753374265096 0.342195491030374 0.869367735285571 0.531545814674617 0.347263076033867
0.371764558982529 0.560374049615337 0.408166637890856 0.324055804042032 0.337652129358588
0.353388868145237 0.419414010757208 0.785149965286643 0.420546168047748 0.340154445813149
0.408248468596132 0.488502126271496 0.399609086792422 0.430688939449318 0.417938948878306
0.553237904376982 0.55489288504681 0.327685498442299 0.760564665300441 0.552085499930924
0.346314438197256 0.344453716022505 0.315753632244562 0.382956560536648 0.466157308675587
0.337742834640199 0.380627115275391 0.375436655818096 0.460718442135223 0.378977182715615
0.480742544970506 0.379123779020663 0.849716834524867 0.449187549310255 0.569976676689829
0.392035679117182 0.396960782475092 0.343104742105271 0.454610466299535 1.27707012480929
0.332810441899992 0.317276084652196 0.414667277944706 0.695703477630374 0.391748853164189
0.324541204299962 0.397045330813669 0.352359101469613 0.647108518374381 1.05507631090779
0.334469138797715 0.474056968707997 0.416220713882499 0.347685755081294 0.350079292923418
0.457465566785626 0.679672550956427 0.408520432785325 0.501250611745797 0.476213807274219
0.479724790273421 0.374198733774178 0.406963982882777 0.476305559708833 0.394688829310054
0.649846458114264 0.371567741660377 0.34881635927399 0.346597697953297 0.398631539824238
0.379621485971756 0.364474844525585 0.764727559496953 0.39244782155883 0.336483441540366
0.448098602345122 0.599359604625924 0.374695682374904 0.453234029108767 0.320885516846079
0.376682978276577 0.293284488351884 0.416852842778775 0.474405475814316 0.380181722560282
0.345781622374635 0.487036429677479 0.575557852531616 0.526778830279381 0.349252996463502
0.385458385037839 0.349721338204194 0.500376058327665 0.510820407156247 0.426604908231298
0.431550064288866 0.366778020118978 0.475736738595608 0.317900060964154 0.38279093107694
0.401040749083501 0.377279602149243 0.392621818615371 0.66099038744199 0.340862142760089
0.442966899117946 0.40379942505422 0.341758060713913 0.556297920985898 0.39484138041133
0.379032042067048 0.392170872665338 0.870012001479103 0.424837375195502 0.602237370490891
0.766669540263742 0.556833680530506 0.369137453881225 0.422357821747042 0.370879916321178
0.383316470061366 0.430578505680755 0.451598776733189 0.434981126489563 0.343492090861512
0.384118788805165 0.421232933629908 0.589478236164288 0.468236938204985 0.473952171120036
0.441315050666288 0.512423258440807 0.358752309322612 0.43054322724446 0.363385483304148
0.360548679291516 0.396674904026707 0.302154904165992 0.632251486907565 0.362351219020198
0.544335881567934 0.377925592788056 0.343639305571967 0.37331867274492 0.409418774671585
0.438963453727195 0.531593287045349 0.332756068608614 0.362401948825946 0.397904706191291
0.40841903386647 0.386476361582223 0.424161721223964 0.436525706361494 0.390858988551645
0.571192201171231 0.486189560712645 0.481582360642582 0.41620920589218 0.333608196978771
0.348623285072265 0.375641530699177 0.384864179971899 0.410747912468227 0.322850057022603
1.21215352654421 0.345615321936553 0.429560307856554 0.462002451213749 0.314733507352297
0.318619705411032 0.343407157955259 0.315953130912301 0.609330880569538 0.391394880098669
0.348363432298662 0.548211567002434 0.393848216407029 0.622109124419999 0.356159974707298
0.41108521444291 0.329634921844721 0.343599853638156 0.331917904622516 0.361750569756977
0.455225970825826 0.725512673633531 0.587274241922278 0.401327870570769 0.524764503536113
0.390469622181842 0.400779790775209 0.385543229981323 0.38355110517086 0.4359090068398
0.361027964258155 0.323556272168371 0.462922070385884 0.373123804968725 0.370216630327533
0.471800751684365 0.4639390617117 0.327497316534962 0.600486362663328 0.379194645815894
0.531587533525875 0.453111496316376 0.481852197986859 0.419258177701767 0.326588072322491
0.319746025510318 0.484920021624354 0.31194426838661 1.11366226857732 0.590693709813101
0.591105894452591 0.40674676585658 0.374569639126833 0.508766580112424 0.471150515736844
0.342975450581753 0.523263079967548 0.417594211836497 0.40561343015022 0.345670678081818
0.538231163565925 0.507975469055042 0.356077168143545 0.41726456666784 0.363724199932168
0.442353629355545 0.418596282822964 0.323391491915681 0.335145631409826 0.333372828292101
0.349636164148679 0.401559823071742 1.0653739273302 0.401588085389994 0.297459484650058
0.620248915045074 0.517146527792469 0.433500695779849 0.698702482674749 0.49682440901414
0.414602309422701 0.412662879213168 0.44249031379878 0.394048042175144 0.499757469731813
0.317330677081025 0.386354503940815 0.399608752350217 0.404061335010939 0.412816983174521
0.315753542879113 0.44272420649313 0.386611741339816 0.531425479819112 0.739702633468015
0.382638660460352 0.385260804120123 0.322983708349791 0.486736600951857 0.37381517063815
0.333754876120301 0.421257089797387 0.49791113890785 0.383017466434172 0.464009562005866
0.460067285246213 0.388726601327475 0.769124729285234 0.511129963498642 0.322748652088764
0.35521883096267 0.32184671188641 0.549936438343017 0.377705090237014 0.320869979551897
0.412028532590737 0.371848483501749 0.362228618402593 0.374393044093781 0.415510611377567
0.715206502548934 0.499788458904875 0.376276396054297 0.68717760340669 0.591944187158145
0.367934968719259 0.409446494794109 0.379612672276243 0.541816519313615 0.416517358294668
0.3800352389355 0.365356907123449 0.387379925260453 0.375044097517076 0.582706724651995
0.317559044517936 0.344183241976081 0.428017174834056 0.408848496377775 0.520171103089928
0.364206301479966 0.381307381607277 0.501690696932754 0.399882210056223 0.337882180195394
0.465716211959934 0.378089014229724 0.570663893480356 0.360069690503897 0.424890851846426
0.390266942317229 0.415066007322839 0.58387559603813 0.536294439882579 0.530007284239087
0.425593563852958 0.322150374979054 0.332725007323353 0.43977909958204 0.453317938603033
0.498935634699733 0.414855507932967 0.409363900562222 0.399617627273486 0.333406409941961
0.44146755820081 0.348531136261968 0.555094828170293 0.382560269112666 0.493271220721248
0.392126470385678 0.475457493020536 0.530781495544858 0.421740377301221 0.301942352754004
0.366848744491088 0.566998165457587 0.42712464810424 0.330508101827673 0.351055607718282
0.351330288755706 0.374391429618978 0.340289986654153 0.449500925604395 0.379607423202904
0.3972231889054 0.439385473543452 0.407288396128772 0.411784577566426 0.459427676157263
0.371873974746721 0.420114855108405 0.409566329200969 0.395188274092807 0.356130904945701
0.582115315245762 0.415160754102956 0.324151757661913 0.33936454105798 0.332065311714612
0.322397845188149 0.370394777632827 0.403801556143694 0.356922527299091 0.519608807518621
0.320479128713303 0.416612327282802 0.650557960325534 0.41674709329082 0.323823418499107
0.375002194376932 0.516685196227995 0.357684564938228 0.810802395672758 0.438282470079079
0.411455336500363 0.489149751447595 0.36877606931108 0.447467753122832 0.472032118295014
0.550693520795885 0.417425476698201 0.338312575705494 0.693717351017922 0.467596145046516
0.328087651622154 0.636828972812675 0.363659441149915 0.419291088389369 0.362719020419257
0.504287304762702 0.544849333580506 0.411390042062201 0.364285318925166 0.464441805038999
0.395695416956604 0.326771885664629 0.375195486313237 0.341440258094658 0.40573440100001
0.414161448295335 0.351570128676817 0.416219767694977 0.456960524171149 0.63667691170677
0.989526682055031 0.430071445791718 0.397561918340461 0.408683173475856 0.346736694017805
0.426056226895404 0.55543133618815 0.428907151534035 0.479328602815944 0.518105979972769
0.402048722690407 0.363972812370594 0.366360770330305 0.415254519516494 0.369803402017934
0.454661435852396 0.56226362094017 0.383850817226942 0.378537630244989 0.362211336964759
0.345556137507198 0.516515793995805 0.374852697441576 0.699487562177514 0.347163351150826
0.405798196680007 0.465928141411797 0.347408967565758 0.336094237291492 0.379118900176618
0.370060792373417 0.675602596179601 0.447478720893213 0.465001856121547 0.379218140042045
0.43162746909425 0.343017976539222 0.391754280412363 0.437095257684837 0.556085696847325
0.413031744931116 0.391890513188215 0.351505735443938 0.857570284423224 0.416081059676382
0.474713634846923 0.348071953385564 0.401901683937999 0.406373659364478 0.62880689167581
0.375917107584186 0.366214288554107 0.345936796708536 0.381413158657068 0.437207406709152
0.469283284727499 0.610331497725566 0.430911342948131 0.317948621983537 0.400706638722148
0.379134514525709 0.325012677780626 0.333187148658631 0.466437189962628 0.383185951864588
0.622788127198481 0.398705735068699 0.430788011539853 0.432584986528833 0.423041271935524
0.475856954908951 0.367931958187981 0.555624651053531 0.491626533488367 0.407358904133528
0.562488258471795 0.479971369874633 0.382084455347744 0.583345300624031 0.488043466012442
0.343384211713011 0.487877752170753 0.461780841218939 0.824022651545913 0.483057735383996
0.410467218416091 0.423296749160965 0.367134356120828 0.388805451192666 0.300209974158744
0.452526344620112 0.371000872526417 0.38087901857392 0.339627523639805 0.342111384112508
0.543835149500068 0.34429202633118 0.321893368838531 0.427530459559224 0.451008287726332
0.522509067773653 0.478379230633679 0.447049561520879 0.376990815387866 0.325074308267658
0.451779822845009 0.362470293568732 0.498395019189977 0.591605997072117 0.395564527079181
0.395230645950067 0.489333071335263 0.364767896433008 0.459792951541622 0.757754216721131
0.383323599369436 0.325171678899529 0.64037970557904 0.469290515651864 0.383299244508673
0.413595589395558 0.530195923085888 0.456824560925758 0.459205211918106 0.447386581674287
0.421004674123342 0.400394069417945 0.542456719401431 0.351141739504524 0.468915033422314
0.424004824413562 0.424172737986312 0.698814836948775 0.362648187427836 0.429043109094718
0.438952367569831 0.682603842868345 0.501312084750815 0.379053570661352 0.33773592057969
0.368770810975382 0.603118589058395 0.380845685381731 0.357522910553202 0.501040309625
1.51184842391394 0.372586059250474 0.383878596121301 0.36191956154385 0.656294809854214
0.450341478226105 0.402495998243629 0.34871749424795 0.416744100642548 0.34797085324636
0.379237688461972 0.473758050654794 0.353799502887528 0.555343229877707 0.515501075058808
0.352438338212195 0.429017467445066 0.369618178874502 0.627722714437297 0.447932406804485
0.436197401183652 0.463429838591451 0.630372901995626 0.54975530290974 0.409970484248303
0.425866594801418 0.39115434516556 0.426664139516558 0.354623233156722 0.588000562635781
0.43015341222019 0.367925433608269 0.357851918181272 0.464379841768246 0.458881057772939
0.369185385699465 0.432651098632187 0.411302616544361 0.578861131772749 0.743482362606854
0.344516987571414 0.843850158130614 0.605689305683114 0.355112851358516 0.512879951114596
0.347357050590807 0.305015007952872 0.376950072235155 0.37775922314921 0.464865249153237
0.400784317128786 0.389785953585613 0.502655603477135 0.374703824131135 0.351239959303644
0.36136350396091 0.440534226715335 0.34671718562278 0.422240348222475 0.316633218264067
0.402921071377901 0.467119776681082 0.721931499854815 0.424220702671224 0.355205873293368
0.339829453860105 0.393892673726325 0.445744460915155 0.467263998152377 0.43851233038841
0.302058753065457 0.398881967525659 0.407489987387852 0.400420167078537 0.363973972425693
0.359700471236987 0.385056764314349 0.394412284029114 0.39366164852076 0.331311146681317
0.337106155524334 0.349761678748938 0.452442993910369 0.371633070191372 0.594652436632209
0.354677967767879 0.559483113208029 0.313476722723887 0.430805411421504 0.326092957002401
0.337401882071284 0.51015778583361 0.308938706797394 0.361310706182292 0.367365634629325
0.376760346662533 0.364185810173248 1.00681291029804 0.382499040299876 0.364303796286221
0.640574111857875 0.451169942263614 0.452010167003624 0.546653479459046 0.483321500117113
0.288483306662058 0.350104248444505 0.406591313057587 0.343646676268833 0.403380700292936
0.422859986025952 0.354784850437447 0.469905332321736 0.595896349078523 0.447088863988369
0.486513154834674 0.445205352221322 0.511049138758497 0.491375667188982 0.356982954290104
0.355017681253356 0.939156678636785 0.355805297361846 0.49873054305967 0.34493271215156
0.443518144646761 0.502702441858105 0.345240113646308 0.348713047220742 0.390463242945828
0.387351965266668 0.337353271255046 0.524027000655448 1.23503665983381 0.336215232798684
0.497654122572393 0.681575798658382 0.503452982914909 0.379460364575912 0.382889642388696
0.709120398475827 0.407776877598453 0.426432045066946 0.579976128211226 0.566527736422181
0.499054873613858 0.409824056111052 0.436039644037118 0.436317400541198 0.599589537822207
0.376587477056519 0.436612608662669 0.442242688584047 0.483348978909812 0.344087804160222
0.433990686925252 0.318462138164297 0.40030617516103 0.344844556311263 0.368780507268646
0.329782811421253 0.366466960089257 0.418567934980601 0.439921888148561 0.41311192390472
0.438330399168687 0.393534466288937 0.449069204309514 0.442054993144667 0.545894945151048
0.344556102892575 0.420550281437293 0.344550918528828 0.3602630536525 0.447960978188513
0.399756374384378 0.454161339659378 0.332749696242139 0.365778700957816 0.352560961474823
0.342581248533458 0.596855710431485 0.352549258716251 0.387531387678017 0.364797545372981
0.425524039890468 0.57525992081608 0.419271276648476 0.375004212905069 0.422366506088674
0.374716803802671 0.349408149147576 0.478471435734014 0.477780198786847 0.50450566668385
0.480724412002198 0.320307529015395 0.631461090429868 0.391516491112268 0.48394448390193
0.377099432702633 0.719748005309544 0.534816048424664 0.41916322874626 0.393477692869051
0.41119998946907 0.438212081588191 0.403316403752244 0.425801712602482 0.520117470527865
0.645175397139757 0.498956312148953 0.449329594446486 0.502123455945782 0.420141676795323
0.344542199595532 0.45800799799697 0.37108132990247 0.360518099942987 0.346068680593042
0.376935277485939 0.35348547344798 0.458318797318337 0.402122394482222 0.350881033326265
0.531412369378812 0.412923034294582 0.499240111675533 0.71400691564144 0.42164073168514
0.362197858713248 0.331147465019569 0.640033451380721 0.77969594553949 0.457190303437036
0.475189826163648 0.457075336702894 0.667673255407962 0.440605840172917 0.368833711664169
0.56525645871958 0.357971908723899 0.378388810768086 0.411373623134259 0.334760961192663
0.43128990083304 0.502219815715325 0.389210426663773 0.498070573320516 0.375993593680868
0.418418834815684 0.401601645358752 0.403775216618522 0.387238787722586 0.481350230683033
0.370239472977286 0.521993120302767 0.424594294738475 0.361427633568443 0.356521345953213
0.408352765233705 0.487121207182152 0.412185524504939 0.755594854380804 0.428738652017136
0.339044113548851 0.418485945590256 0.386309162737749 0.393378316045988 0.36703110729479
0.423696179838369 0.306115338010672 0.34942916725382 0.38424796374741 0.417538635005391
0.37237123540399 0.37917771291395 0.337667181772122 0.355134172129113 0.330985984021459
0.337446635169691 0.322544669895497 0.379874617832162 0.440497004931358 0.4398030762901
0.354321245226253 0.338290156274551 0.331613954364567 0.683999878780418 0.974581976950557
0.349828711025958 0.361140319864484 0.343512697032038 0.518411754762374 0.396980220705946
0.384808668377177 0.348208552194843 0.607762014596127 0.34247118073583 0.391116059308342
0.292166513560259 0.350899944605188 0.486135040005059 0.400616408078193 0.438853190567974
0.48538573637401 0.404577879995798 0.309437523087163 0.464362779046254 0.448772346273796
0.350770355905613 0.484817647319769 0.569246801986811 0.469683629878358 0.422349457770127
0.454704069735971 0.423444080697298 0.406681731627193 0.39873133188902 0.384166060084823
0.419801699843071 0.352361532711448 0.319906641393583 0.897565731400068 0.501781464412839
0.449369411547004 0.477110797331388 0.331966028491454 0.36082299420453 0.31138252707234
0.353368413995767 0.325477006901186 0.36764914124172 0.38883749828466 0.320637294465771
0.4429473707504 0.388035378086711 0.405054669304945 0.667471158032288 0.341875879902493
0.326476656508227 0.459753473624449 0.439569044050076 0.48915470134637 0.476661291843512
0.416429088041751 0.532188683794275 0.427891867707724 0.432675079134194 0.855260529075385
0.350954847964537 0.432101570465935 0.575664442432208 0.354099747142735 0.384549980986869
0.336274586219943 0.361419840507739 0.334763730173407 0.381119117805538 0.368778009553116
0.38772967143321 0.347537592170796 0.399021999320451 0.383848516937078 0.31743373023538
0.331519514582571 0.476940290265481 0.488934343577352 0.449386796397372 0.304655329487887
0.330188505899244 0.531555214918477 0.594483225424889 0.335024776025891 0.423917804508515
0.384963570849399 0.434120104561194 0.494278832517628 0.365013189914878 0.409882921205627
0.343508792057227 0.417292928946207 0.367535854259361 1.31750009315463 0.534509163186575
0.481069993079594 0.506547722941624 0.423680053326195 0.413949950381498 0.383939943137689
0.373865229473189 0.322852779552682 0.361822623183378 0.736544850851774 0.601429913207721
0.366225145170104 0.355852184990476 0.413488025102162 0.441230579490831 0.541451303845665
0.397925698904692 0.611001123718124 0.337121117043445 0.368548075991971 0.385228245215222
0.401681851080325 0.411391466167678 0.391724307013971 0.378334519920019 0.311779049821451
0.349445623675274 0.429775547517559 0.323690102334438 0.484274219608667 0.384845618072469
0.464965272355346 0.393421781249192 0.409240841096534 0.338161985770911 0.347640048318375
0.335996612246839 0.552704657555718 0.342868730637029 0.718487296660613 0.34146882860721
0.977607502528734 0.400154430634754 0.34878017973072 0.439976105208693 0.380870684804547
0.363300733304356 0.358430670829895 0.480302915614527 0.362313181486267 0.449621257968378
0.429052332888049 0.499147402228079 0.608914965290874 0.531624905382395 0.406839808635126
0.48822254753033 0.446370135289557 0.363629166397058 0.422705223895639 0.343410167358894
0.386915410563643 0.453914406293303 0.449797373731947 0.344194169811038 0.387794400091878
0.408233805728606 0.535621020622313 0.394848442332729 0.52021178024949 0.406454693022428
0.343811747748289 0.383755858507509 0.933833819271911 0.342738680097857 0.438349648646734
0.344519086231799 0.478711942755916 0.365069395293543 0.398800185013762 0.355263795003606
0.464196451889462 0.358011163681997 0.397234461926756 0.344045573730915 0.382276420092601
0.389209063778923 0.609463021828658 0.343186464714018 0.370676666331193 0.416093348288286
0.339517833372886 0.50660940498549 0.420970599969709 0.39151378974392 0.328110786745956
0.404127862488848 0.415150005235259 0.469042723865709 0.412181595434742 0.459742729769564
0.378897430537838 0.753355609069274 0.367169593575763 0.385621605153257 0.399735309984295
0.359106389305286 0.401501696272925 0.398647585611013 0.47854252067282 0.499537989695188
