0.773039242448958 0.350432023615998 0.307926992003303 0.375531795950503 0.403604755070639
0.691824319081388 0.479002703480457 0.409302405883112 0.490761582854357 0.468812036207287
0.566582092883369 0.318059878112 0.385287979882099 0.374413447972046 0.367477346893634
0.328211977272437 0.357381918507889 0.37194999004711 0.428624347273631 0.345628394314467
0.395526330718897 0.427319768753733 0.538937797824394 0.37817634813238 0.417118425998082
0.396864996148012 0.374149221183661 0.40029873801779 0.375628932378066 0.464453875386907
0.32878941510453 0.388192537635818 0.333884166490545 0.539745449588617 0.344067553583103
0.342475344633955 0.35149519941938 0.455657864185499 0.461824818986084 0.419667684137043
0.346811717436918 0.392884780393253 0.333871373244106 0.490368563674708 0.351029785548945
0.400964468793878 0.486876982378594 0.375366925653607 0.36590270938971 0.421263160553065
0.360076614843176 0.48158128462664 0.386696063094018 0.550408896426121 0.425672667803228
0.416107949523526 0.313420950857639 0.333619928880487 0.562243364685597 0.375356341138829
0.418858051382954 0.426115015482147 0.386832560497104 0.437974453565899 0.57588605418427
0.419735057241217 0.429275045595993 0.694877485178303 0.437511464474884 0.424720149439761
0.354932451353356 0.305809944341529 0.354938577078237 0.452869797835096 0.659350907494682
0.358896096782891 0.344709353465234 0.490058185754826 0.383743185199788 0.354357980193553
0.5316470082655 0.346919558487041 0.885437150695336 0.39313049651416 0.339880566187971
0.324247568985305 0.371074173592557 0.611158040923513 0.497441793408264 0.388357546060132
0.359761512344795 0.402737192001612 0.426446514120578 0.610508166023331 0.387690192922038
0.363463714755691 0.310400248088673 0.495581226159567 0.393211287285324 0.368729620640414
0.444041440856757 0.41438321034352 0.402722355218015 0.323776229449622 0.435749253234513
0.406088672707468 0.480152482831518 0.470820832949713 0.405353771674348 0.889533191805767
0.326723637831905 0.377319078001226 0.404047319382989 0.472688502770652 0.494345283419576
0.379936412481165 0.399657602316538 0.489149440700364 0.696524486086053 0.30092599207245
0.441479757260071 0.40040172197325 0.446797822108799 0.434270650053291 0.378751711717891
0.293465806726388 0.396442974982985 0.416343717918246 0.397383070550603 0.538048942275463
0.331097952003435 0.320148499266578 0.388589649140048 0.382773841733383 0.452509578813392
0.435353992354407 0.457736408783596 0.448282405048689 0.438682097887028 0.343274021991323
0.438368717099178 0.404630326384474 0.418856326803795 0.645141093915114 0.489431405878174
0.403894541374427 0.334731141821603 0.385779212430467 0.477762040463897 0.361334479501317
0.35689600704191 0.318021039433703 0.448075938295243 0.394537215250429 0.383435553927854
0.362043061511594 0.382731843170815 0.397476291962294 0.467466810804478 0.447349934252592
0.369344002716425 0.461575867320142 0.412725631360582 0.518962893978689 0.411233478453442
0.599918452467152 0.461188348328069 0.358746894347212 0.323647195148214 0.388399895313237
0.338650211568367 0.488948750753588 0.363658956488711 0.363629165745861 0.455902173303791
0.380065002692266 0.592222298801089 0.404617583552567 0.376452725714478 0.428509554137661
0.360438764790898 0.448500212428469 0.395184773317692 0.458106382951743 0.730452210870982
0.326343063460761 0.383446462225113 0.319900386585722 0.50935660606761 0.370119488124189
0.32431358142952 0.354305096243672 0.468515946977242 0.476599689564177 0.401460022560995
0.44783336573228 0.471910177604563 0.446147362160376 0.385480444184261 0.405439189254858
0.473227151279997 0.557008039838933 0.404212689963319 0.360754177400643 0.407947072623364
0.563470618866846 0.472818237097861 0.466059230124992 0.389938325428885 0.408388886691405
0.345088683888378 0.35438740323913 0.692258391664433 0.583519574443111 0.414404252737976
0.378159647860434 0.49716189579765 0.35351550146105 0.335809179302073 0.480066505063781
0.436524924635902 0.352743829033489 0.388222123794022 0.439054325153566 0.434421623446702
0.528833549877324 0.357698573480662 0.438108998734714 0.358891520469526 0.335018363878209
0.414306143213707 0.472877969701193 0.455988808630376 0.482175893324358 0.440384580040695
0.38294302119673 0.461581380700288 0.413703709374698 0.523419078166674 0.622909560031071
0.620530611730671 0.362645241747025 0.436513464100165 0.381132912589413 0.394613182891449
0.423242177058684 0.442399523004472 0.418512343590988 0.843897376170809 0.478829574398042
0.41021617567278 0.522000014029528 0.458848338671131 0.411435533580029 0.388195427688149
0.388358134548262 0.410345042480136 0.59078188546838 0.533078529012627 0.375036000310123
0.338840819325984 0.409140282561633 0.364127134798774 0.354636625294017 0.78158974324393
0.437294201388482 0.426301649763311 0.320282298703099 0.455379346480615 0.390333660775515
0.398120714331415 0.456101502608786 0.363585959592173 0.468534905838803 0.395056334253387
0.330900096317736 0.413332610879696 0.477381520798391 0.495322704589256 0.382313405573917
0.384201980813064 0.437046607464847 0.341790628422258 0.36504472768642 0.362481603522626
0.44528425598909 0.37585017473864 0.546218031655158 0.373572389774275 0.348280465207352
0.346307093446939 0.694531088810179 0.425132547300269 0.359486064992146 0.532957196460205
0.411956127165048 0.366601941892832 0.393640491309977 0.410532599531836 0.785033643277905
0.686338345623864 0.351860230995875 0.379511124682453 0.382311563917731 0.406266637458068
0.41651455612138 0.404858102875617 0.412682096032108 0.407956761812006 0.368050622995846
0.340592344168229 0.340789049145145 0.466942707259724 0.387483114942013 0.506570911735913
0.359963704901743 0.347480645468537 1.01660031938337 0.37833490631023 0.383555254896499
0.359319965175823 0.459979872064738 0.481762074070225 0.375991229188366 0.447534184278767
0.649936415834443 0.340508866172926 0.376709770180902 0.36361928744408 0.361063283039868
0.349708349498955 0.466007445072697 0.400739935158682 0.467912250369611 0.399870610721829
0.389175371411816 0.37579588570771 0.398007126482137 0.413750240220556 0.460233318220436
0.381080396910325 0.347221440026208 0.364147240493635 0.345105452243093 0.373327534085391
0.433689421889562 0.583722528217724 0.455767237084654 0.329581627373509 0.381786159473728
0.339414398576986 0.374801844500808 0.400596947551447 0.45733565267369 0.374925285489933
0.55757176152287 0.545050007345229 0.334822614599781 0.369868680034919 0.375145091827041
0.374770793425462 0.578501589542128 0.314735036630533 0.328505872523817 0.342032643224014
0.531699575218259 0.404604271576471 0.392779208702258 0.421599363975527 0.404858077953399
0.791530282749215 0.371881800459549 0.337498471049985 0.520231581019315 0.365553179294219
0.471045889404107 0.679812878480686 0.41757719495726 0.367785458539771 0.578576967321845
0.497874362807751 0.373451468762927 0.490294067660318 0.525247115353126 0.412312923568333
0.921322460223954 0.416374678201259 0.577011727972077 0.436155974416828 0.423124373267534
0.352133103944656 0.402039080031614 0.389556998445813 0.312618059411948 0.365696684934251
0.330478726913604 0.335521733820496 0.324338349777454 0.526808657777648 0.436275515503547
0.407971758367177 0.363461694606884 0.452894366421552 0.417325362034961 0.489878735852104
0.415926574014864 0.489275684909423 0.30734550774645 0.431316481991111 0.557686044010749
0.377719617739043 0.503836016459507 0.409899076289304 0.381118476498351 0.483791781902478
0.452219644564612 0.42364936773716 0.314865211029098 0.65476251617333 0.326071155159753
0.502916756846765 0.436771139391701 0.429981992026035 0.403137728906106 0.38955777348032
0.39613056358537 0.436205981847639 0.439526274469803 0.541737267290135 0.400369386522081
0.446287564956014 0.591445762703708 0.398446677135395 0.496215605275423 0.445328062080806
0.444070659495392 0.59023630748661 0.442146118535531 0.789308641710503 0.387166812368061
0.529053908041969 0.394203575711871 0.4519199789697 0.386378119081822 0.355621907885689
0.405263458331478 0.393100021548177 0.394695997230253 0.591398344081739 0.365743063933816
0.363282374248604 0.550760424890339 0.62208047264049 0.417378305413359 0.466723597888382
0.609280472545072 0.372883854365768 0.458912262844721 0.347743218045424 0.379791001012898
0.343526816480189 0.346875241624776 0.523533456243039 0.384127028739928 0.44343778840098
0.544915232773685 0.420151702401972 0.406498087447189 0.414057810133375 0.429321036178245
0.427085084799393 0.34537774354951 0.419963161731257 0.983283959750642 0.391089219937515
0.386183132660093 0.415621464609022 0.498375893363193 0.564660191404973 0.447003196999695
0.779101776796276 0.426289627462184 0.498431137895064 0.447036222619708 0.433451699466877
0.467514206569153 0.35862828391028 0.329027134680163 0.539584400503287 0.523624640539898
0.465421164531171 0.603669290608354 0.34380551328816 0.70433729074584 0.347774691479701
0.385822168151295 0.371564361464211 0.383481194053171 0.39386379547001 0.577592641559747
0.366180621815028 0.455423191915064 0.403518968170543 0.418892705200966 0.356984443165353
0.356411085498036 0.416069333884641 0.384400781219707 0.378713591833389 0.350478454773622
0.407197156595707 0.407349098555667 0.492262992919302 0.442684010061497 0.488898230498904
0.397559182322441 0.626299391220158 0.38926495778858 0.39819720214953 0.395527406835251
0.4227179243863 0.448718596452443 0.455713449035846 0.629434402757704 0.370023227536883
0.446466456332492 0.382015737913052 0.42780372244108 0.38183818675658 0.478087489170739
0.388193275594103 0.368362058483211 0.391256483281663 0.606588553155094 0.381150644681017
0.487823949360108 0.391201752190116 0.527579150826331 0.71023538906348 0.441295868579354
0.379716959013974 0.423702307245674 0.476295254227978 0.328290554493815 0.366668179676105
0.38261273524816 0.35197401394643 0.365618488224201 0.394985368752666 0.578527741035915
0.427042740403769 0.350283032605918 0.351760015900827 0.725787606377646 0.326878662985991
0.357359463402889 0.376949444466559 0.493704103621601 0.423856973610523 0.389595402932238
0.422839342662917 0.399722181399997 0.411472410266227 0.388553834496877 0.370523801065253
0.343381437041185 0.3425628313086 0.502432382752652 0.45123001261701 0.337454113443042
0.403614031041694 0.418238600256637 0.312581505473306 0.335475185478308 0.501802687219828
0.390333803775688 0.318976331490252 0.34933850759473 0.368442690936521 0.416936749306452
0.380277642295757 0.385920473369472 0.333545594003919 0.410079827721038 0.530924020337015
0.378640118198347 0.524218731590909 0.341117731755556 0.415925848733875 0.459650227405596
0.378362473839317 0.442964054692521 0.421790324485612 0.44206638557312 0.422789575861231
0.398701275300469 0.435931688159515 0.617175407564212 0.496987258222891 0.356488336250126
0.373429207921494 0.592982546678804 0.354249217051923 0.345525709707624 0.4388074084878
0.446022584997071 0.438164133640218 0.497704996698967 0.505369988845706 0.634441420857877
0.432050047222404 0.391158348881222 0.419851041567133 0.429493062742171 0.335302873637254
0.759010211143246 0.477466279297367 0.452257195784001 0.406577640617379 0.436845911885861
0.323823928652259 0.3895168671965 0.326100325523588 0.474198809542546 0.723493478603933
0.372766319012358 0.376259169926679 0.405719967857651 0.356512997040903 0.424159618324262
0.581695877421111 0.392878097683177 0.445387485526841 0.385764403203394 0.33195021038261
0.373231325809214 0.36032244479633 0.38211770183564 0.364072505313448 0.379411646177469
0.465689281561242 0.453837489728917 0.482487642756844 0.506889895460029 0.292731370013602
0.346078234833322 0.360673053502275 0.554662781850564 0.36185255378576 0.37564748827709
0.458566618322719 0.387994349791181 0.375812553405908 0.399925728272181 0.433236469582819
0.315962572743151 0.590737802657335 0.342201014208918 0.465410601900851 0.34814750909557
0.420315777180484 0.366814493748239 0.420352584564894 0.460527411745205 0.475781046413103
0.484328523961307 0.308245955130998 0.362322518675218 0.370837298601595 0.566073651950952
0.348803138735827 0.340081429963392 0.400842411217028 0.375986636985476 0.458933629383994
0.553216692360815 0.43012781805903 0.470137632761466 0.394369595768287 0.332136123589264
0.449814526148594 0.50195648001143 0.465424759558197 0.784298225544879 0.417385637142579
0.554972050366592 0.381847365374093 0.483565591033724 0.367792697983061 0.355111461349057
0.368979329625134 0.394314385373145 0.471154361899535 0.452360870508009 0.742323681511191
0.601754531246063 0.307128527283817 0.395862397370569 0.388513945263284 0.418590662368273
0.407282036109418 0.370889742120673 0.412225551773496 0.331609429739473 0.439978710053429
0.478300363648744 0.4108924995357 0.354123131711435 0.354015929948167 0.417028444425846
0.365896176619991 0.336225008792423 0.369592871385951 0.599154531126075 0.355915021315888
0.340384980356544 0.397293529916972 0.556316962255587 0.3538183964873 0.372069403923834
0.360862821702668 0.516649743475337 0.318922077929217 0.575157844180258 0.675208174727023
0.547443391177612 0.38764878485796 0.345791721994029 0.556096738352611 0.595159019633983
0.481715978382794 0.359271788405809 0.319449784869467 0.445893289693949 0.336485797205231
0.39131177033191 0.439580866378749 0.403038693309736 0.36179787476858 0.337173428641057
0.343372198423165 0.387109575424823 0.706885143547186 0.363617468047169 0.339457617300999
0.496816322345839 0.721098562601228 0.377912427293092 0.724225994088518 0.505991397483048
0.405857005950102 0.340617293623994 0.413922716656926 0.40191920193048 0.484165809738593
0.43582531193238 0.486323588232599 0.354750017056995 0.368528895449475 0.419027970858119
0.452826678152575 0.44387259081837 0.477650136816126 0.372224199078494 0.419555952139407
0.390426681072976 0.545860099525954 0.43163492371446 0.459561074998483 0.353012162476918
0.632229417470538 0.433546697829869 0.424930391094653 0.39949620637334 0.572244216665906
0.444528804107104 0.347549015453892 0.412135748908971 0.395708915965314 0.368743805374609
0.326778046847125 0.352659279646793 0.397793340116647 0.564512103524273 0.366815454838666
0.371211922063235 0.391974154611701 0.557857942495994 0.364280898704519 0.30525611731635
0.415150592234163 0.449007633599572 0.45564924039105 0.507485142417511 0.447547124276392
0.338231143539877 0.48441096814638 0.393862106470679 0.745223722160066 0.419301422787748
0.431507363817411 0.32682342331947 1.5517303988602 0.321969380668507 0.298834359862913
0.343417588784022 0.444775350238976 0.439364772418307 0.331424898633693 0.399941307869271
0.483164995141429 0.455917203746805 0.382798915328909 0.531429041777311 1.18470493437482
0.499222988984782 0.446465950218687 0.444886558701511 0.358258673000648 0.344410588118471
0.785087061124313 0.367917806291134 0.351118994783926 0.338793737533395 0.364194071157255
0.358324572095317 0.368960700186354 0.370598427317584 0.404526731825293 0.392284623505621
0.80006615679717 0.55021953672158 0.376867509034295 0.385995208578956 0.378639389092957
1.28805115387612 0.383033332255105 0.437587380455445 0.466412541133058 0.389935452134501
0.421703449877235 0.387422619796307 0.665441763831618 0.453094773014138 0.406228195386626
0.38545196394228 0.368578100024348 0.435210020639588 0.464824303705644 0.357439649494585
0.308115255065153 0.442359068484994 0.411231219025427 0.307901491451498 0.655799280224996
0.49772048896688 0.514614460092022 0.359838922590255 0.421410322256893 0.470107041025515
0.399037739931344 0.654919205861371 0.496920270418695 0.5503602351376 0.355376077416933
0.48864675770748 0.686840926969057 0.364169957634729 0.445477362554557 0.455832400776649
0.377299686950425 0.352013995455911 0.556504759075031 0.414935679644506 0.481782119294046
0.562123564613653 1.33218145604485 0.357962405483676 0.404046988670059 0.323680178647185
0.349799662331311 0.36719590584679 0.495329197563839 0.399045241291836 0.356126498575346
0.446301583392741 0.346247516170344 0.42158304638504 0.419129095429007 0.449936384810984
0.430240528518536 0.362992547614902 0.553227630710719 0.455269593202046 0.661093353443257
0.569772585340238 0.583664462617614 0.381970015131557 0.419783230027919 0.397463390530431
1.15254435267483 0.416197688792831 0.414547099210213 0.375825116051335 0.383035942770114
0.330806712235032 0.419847092397145 0.34660936299917 0.842912236646555 0.331376475749145
0.33286573662752 0.357849521313355 0.313749946799697 0.331207225530836 0.515892417314099
0.344408775917996 0.342037442079896 0.389355939226398 0.396892808543436 0.394116271436009
0.879573268927247 0.38033372267664 0.333152663332927 0.793272839463456 0.306857731894678
0.480281140592599 0.476283787929442 0.4065412185689 0.399415150720047 0.416741558607603
0.38572589695515 0.427304113002916 1.26102836857619 0.41817597423542 0.352016151168872
0.428537029437083 0.340846690984102 0.456253935192276 0.382352384522497 0.350841083600559
0.379677932623832 0.381882519225286 0.579012501989349 0.390623181455654 0.446293776478408
0.403687088535331 0.559876592334378 0.402915584567236 0.602332794454199 0.433378246864258
0.480565104207138 0.418740390480964 0.626126174148324 0.390368628600345 0.747324237628651
0.590718318298962 0.45364202857378 0.43232094829717 0.549254958904363 0.556200758543446
0.435513226768332 0.385916292868768 0.400243622460755 0.36666252323135 0.363654982812168
0.374999677011211 0.397891947205761 0.351344221049865 0.399813824729395 0.322773040985409
0.393760299453935 0.660329972639337 0.80926654082651 0.337621396266326 0.37792846830224
0.373355925285523 0.387801373506126 0.351433843170076 0.354324091726625 0.496591920631001
0.356674828865208 0.608883548292281 0.357252715443505 0.351503166214008 0.442060211931311
0.381160575252485 0.401847563624047 0.35116087002403 0.382567780666061 0.605749774892834
0.418347676945977 0.39341077870144 0.414855381435842 0.431838028902806 0.382964444576289
0.405815257152063 0.459953732637116 0.346933796578205 0.591236122384093 0.316897983595253
0.460363751595999 0.474559030570245 0.648195741923392 0.458978318556717 0.363840802255951
0.382042588637215 0.440059316149888 0.301554568583261 0.416578331572293 0.426645150479533
0.364126229920619 0.427896276974604 0.665475100261076 0.361980296282447 0.392795468115753
0.435519347635311 0.435653986243863 0.431720099652802 0.48856858038589 0.4224654324538
0.430632583027929 0.459296028447493 0.371161289940136 0.622798033760344 0.374725243611174
0.388515708304058 0.345373688549307 0.610006052799937 0.494637830327676 0.323467117937147
0.437538566522847 0.414086677315461 0.489988171708687 0.669474407405643 0.396311663033858
0.347683987328902 0.43798432013546 0.380982416126283 0.305290568245299 0.47214183108385
0.397609809461346 0.396361906434174 0.327757921894504 0.409918788943931 0.391767138082941
0.339236860412021 0.910303843832794 0.445761800594992 0.361438776133253 0.442276389980674
0.415557549853862 0.340226745588694 0.326280108199329 0.380766847959408 0.665122840892958
0.310251843452669 0.436114726765691 0.37481014851775 0.4206473148303 0.435422932796417
0.375076143803184 0.392109584717799 0.373498069962802 0.443224933515513 0.405454249203359
0.346331041459903 0.428497041152435 0.337681414856695 0.432123088387709 0.357766201548098
0.581182572779576 0.390922794080366 0.394426551688863 0.393403410685765 0.31677627649977
0.394913629272703 0.447640421099978 0.467642988251083 0.502756407517036 0.53594232771507
0.353975333585255 0.356237684294374 0.543242895659666 0.424014519209182 0.381307505730673
0.379976908115518 0.643518234240556 0.382768992051562 0.434542976329449 0.429434918785564
0.580802295099762 0.502405566027766 0.490820584049717 0.464534202667012 0.541394493775913
0.31364320731949 0.449563256273757 0.329856824966359 0.383981368637152 0.32859951190159
0.375825371283548 0.393848635856236 0.391355189999181 0.43926015093927 0.337647126581117
0.328278266358964 0.445703835549692 0.393718388577585 0.409293615401522 0.328607263364373
0.495140801341698 0.443866067833393 0.53043422998109 0.392183253054294 0.372201453032874
0.422206911730937 0.558830706123713 0.483959314375146 0.333194925114797 0.492220655421403
0.316657401945029 0.545153151931665 0.347397576342322 0.673071960209724 0.402190156934193
0.369539267028639 0.316771254006096 0.416422686138178 0.357351680442154 0.316824753471305
0.393862523831304 0.454932698277026 0.338149972262293 0.401207272900851 0.332091361266029
0.541485143112608 0.407913934040098 0.354564491155973 0.329002814213093 0.420263378593344
0.364686968055939 0.380278691097703 0.404360866117908 0.477013298183524 0.453187816944934
0.458559351906921 0.334837710071962 0.370352144738129 0.458518653184983 0.482645094934283
0.442904903006576 0.551341555458773 0.607243597133701 0.56859136815385 0.522851445853549
0.564190381204965 0.518007515297054 0.351866861977135 0.515220442814162 0.356141850247829
0.389890665581293 0.409401453599456 0.586212076506009 0.463138212538773 0.385890371917959
0.386831252024678 0.536847866543733 0.45924228225004 0.362979787337233 0.583584737145602
0.335156714684616 0.399416200630132 0.347142090173256 0.465925234984523 0.865553074661801
0.361628404457665 0.367203742657696 0.433750693292916 0.473277416289625 0.402013757366721
0.392167580693625 0.390091017971842 0.399185261593089 0.386129551131275 0.510966769847705
1.32587834411423 0.471738488785166 0.372571405405237 0.347461680029485 0.670699396694084
0.348877164055059 0.393012887828456 0.564033360705006 0.382728725376171 0.465416686045234
0.576104393936483 0.346535077047541 0.588452809596979 0.489023905061916 0.326544672193177
0.374148216263989 0.375894156943725 0.515004687502108 0.32212520990335 0.491102920017299
0.340915475193851 0.454562222152716 0.411229389846138 0.66737798623482 0.391325789176133
0.650543434011574 0.402837247412181 0.508169314014067 0.352339643114606 0.486812669672269
0.385583893557663 0.378301837294421 0.333477215590604 0.340078554814377 0.565427149946721
0.390273609223855 0.34732380736967 0.343894246402293 0.467406897240051 0.621735248351308
0.314536001282378 0.338409077437714 0.54955169907663 0.458316436460718 0.460841390651511
0.41399942422964 0.343422055246755 0.329781327975567 1.22252991463257 0.333332617407268
0.382684331960789 0.527307724912243 0.392332099893769 0.349023891371077 0.648320312653241
0.46877552252392 0.343793805482953 0.35722378570053 0.382469729966399 0.487134729154478
0.408179098871136 0.43532569118994 0.400711197293182 0.388685273559917 0.506260711823871
0.524250745587917 0.417344000220843 0.347796572249975 0.433485380888298 0.411064504613058
0.326199929922366 0.470091760267687 0.369395025172044 0.557936363206889 0.454075681427829
0.442313476067472 0.39323838042296 0.336210561476004 0.487800449785651 0.380328494413864
0.317031039757244 0.328857056860297 0.512887898413264 0.60669816994433 0.494896707614897
0.455239533494294 0.372003962129198 0.353615880552478 0.639859015305234 0.664169143884628
0.415955916973457 0.380950463342196 0.626538393594037 0.436079343769018 0.452160066672457
0.313364624186327 0.345666514797854 0.415500624233002 0.679510749269625 0.38060892912652
0.367205273398428 0.443738307221465 0.357469863459703 0.429601419350738 0.425645725954176
0.559099398667316 0.438723070501008 0.365713030148612 0.402867459900245 0.452062055823752
0.528611235449791 0.357989965149434 0.369936777013828 1.1168768159343 0.356898380420911
0.413682403863593 0.36719375954468 0.608945265845693 0.633767059260135 0.363164895550924
0.517004319728745 0.395982861915273 0.367909729668859 0.762798735351623 0.375543219506699
0.391845127827777 0.578172619788995 0.327564513406046 0.407590483756632 0.343750104253127
0.387511945294478 0.428920621301959 0.560443476321258 0.496195743142394 0.57003697392005
0.433225401103705 0.506834015840181 0.361641911425249 0.411513477503859 0.532193693351539
0.317975778882205 0.401692521061939 0.466559089454668 0.504893720922128 0.338227739243838
0.379080969226492 0.650119813492018 0.37959702664515 0.388295219565277 0.341138375752203
0.550510597410738 0.43575135147504 0.497892960231684 0.474251420481387 0.375449982486634
0.374929242244466 0.382183666838912 0.463657750678041 0.325646486573882 0.402990470758463
0.459631182868917 0.45304238960845 0.371112383956072 0.429830240539653 0.46870051523712
0.465648720412136 0.57669077249866 0.47835479081866 0.393945290398904 0.441299258959515
0.553577892715534 0.369744930434839 0.510026373475713 0.474761389850971 0.366594893334416
0.468013205668254 0.396780812799684 0.36168517262484 0.42060781003486 0.450927151647651
0.357510152304914 0.3884499007379 0.406041081462003 0.484879804958492 0.44541181879459
0.363343305027937 0.372420525970797 0.398916938997078 0.408866794175767 0.511376169676102
0.549214114846696 0.542894920814123 0.411720204231281 0.406760716248406 0.626303766196247
0.801905652083775 0.58125117259384 0.381259679764259 0.353498362305326 0.499892832077438
0.584602570221906 0.409063742343832 0.373780911177929 0.496593287395367 0.478340394548337
0.372859804200241 0.350760474583285 0.390590010425042 0.402449055896835 0.427095779684765
0.389128777987169 0.398783445969166 0.390381327562733 0.472685372017938 0.447054676871482
0.409807250084387 0.353179720306291 0.438448379946042 0.476729264267095 0.381501414289864
0.459164463501071 0.421453371626018 0.389002809161435 0.419114569033405 0.432238168280541
0.376362590930259 0.31340021155288 0.394543507860253 0.583657834556131 0.403667563415722
0.468234721083099 0.569618211867007 0.423074348967322 0.419972117429043 0.562917996233649
0.383801483726081 1.3425790655864 0.560583317187245 0.470562175403846 1.0637994353034
0.490072510551528 0.488133755246133 0.425223051951782 0.509842746009275 0.389525019238214
0.359870285818143 0.420052641855933 0.333552608984258 0.525054620730475 0.855924068605763
0.369475053186079 0.332101850461077 0.402095568494197 0.346117712768902 0.367953973493052
0.45879489476375 0.454029136493943 0.346387363526411 0.425386172821179 0.401931563251329
0.556381505885701 0.431802977777727 0.389741894659505 0.393654001017116 0.380629127527046
0.41370704549124 0.406787195156382 0.477537489379336 0.513847927299582 0.445338014887561
0.52211654585135 0.340220750343436 0.335393382780443 0.489935656167282 0.360183614821711
0.455066381870594 0.428021346542571 0.353021569904483 0.455936904658643 0.389699813794262
0.464863117882548 0.338847472998421 0.337150460794603 0.377878411096959 0.446090208017945
0.536763462184691 0.372949087360529 0.410190523477305 0.424197455314861 0.334156476321954
0.372438949853424 0.42994376692789 0.394817836679282 0.409819751353873 0.512455651913212
0.501061413641229 0.35111051314567 0.38040669905746 0.370655214626374 0.47909474351395
0.608364063233697 0.42010540341281 0.436524306358361 0.53914036177096 0.798576937581648
0.40751807247006 0.482181945036875 0.398716291877411 0.483060544959245 0.409898848552141
0.431620148619849 0.40010908098458 0.593600601771417 0.692222935753507 0.417557016533866
0.497458318196556 0.561751374086953 0.433939727508997 1.79995147089949 0.494228140728576
0.328911072176441 0.432485485820109 0.314332317433791 0.330552183624552 0.405082758985108
0.474218516355375 0.361852731861017 0.413254517519338 0.483005737523368 0.408389536041178
0.553421578282949 0.45690863666836 0.453128116672726 0.537070562202492 0.357963245783374
0.35870597211614 0.32897472885544 0.570448678789029 0.352419317650532 0.427528459333226
0.679858981508535 0.363711372090856 0.363927004088438 0.561933277311078 0.35158099852998
0.388672919363717 0.5799871884346 1.00015749957596 0.392506800792559 0.402119251663105
0.364108470118077 0.301272650154142 0.465863405075589 0.594561605905586 0.46434215783772
0.349908854670243 0.400155816057801 0.3634711944267 0.370539909069563 0.590196214465389
0.421687302312674 0.41569708628251 0.450266454256622 0.537732507819606 0.624728039985972
0.283562942377375 0.568725133736581 0.358366111750878 0.388425780738453 1.63204694543638
0.432514731320297 0.478605005475227 0.364458063574824 0.501840671640907 0.423654443074367
0.492123826968607 0.52005784197677 0.418339031412198 0.371973108189114 0.496943824329611
0.428292875708547 0.432354438027257 0.440862867087252 0.380866605352553 0.615666894096904
0.449561910086908 0.569266597679933 0.40830092240449 0.389281067844989 0.565003839132551
0.380824460564054 0.357329462764089 0.291642358904519 0.320486453675377 1.37483198175583
0.336520810132634 0.355844573319523 0.47435824644735 0.395590615224334 0.351794382305311
0.344551243257666 0.336045045188762 0.408666554915385 0.722457454530464 0.618880517270573
0.456446681565039 0.449086475638483 0.512036369286577 0.504579708406072 0.459664206704924
0.353309746062376 0.34550341575195 0.438176379463889 0.432641266905038 0.381056115224206
0.450235398349885 0.379034361964754 0.624713960214479 0.592202693439227 0.451618214161435
0.363934098298446 0.362882729271808 0.36823443507184 0.375009098969281 0.430489842025396
0.396256183354472 0.368707240000904 0.418085542874167 0.388307071685197 0.338597204456555
0.391201551553314 0.369377338729049 0.354505770225257 0.458414638210101 0.387912263955595
0.357611685667202 0.472057320986819 0.386981679155638 0.366975453342168 0.364006191087314
0.652520663919451 0.405162755889587 0.453261093805878 0.477610887726958 0.384147820846643
0.699920158099748 0.499097783964395 0.392429501633967 0.576964222365259 0.413164801202949
0.486074794432343 0.344679576143932 0.312950193329187 0.367949285406246 0.366913884490261
0.345402412630107 0.405075780027943 0.484262693089753 0.32833249403622 0.386955617317877
0.468672066513759 0.431018183734845 0.352646918160701 0.445808476828921 0.414307874499901
0.379977623730399 0.412196392883584 0.421895348859715 0.592055942406559 0.37021912643585
0.398207954117903 0.342803332739198 0.448816299556823 0.585314651589654 0.460807911132495
0.318570646655008 0.32624323720126 0.426470941260451 0.498505451743289 0.299946793516966
0.411130995347008 0.692064772468662 0.430879690646415 0.488948601026381 0.354899891290234
0.345250424370027 0.368502759943806 0.411959182059707 0.636216491360852 0.40298260238688
0.386635826608808 0.386039063568851 0.431849305845542 1.20458432618291 0.574547863235852
0.363204978789153 0.308222368709757 0.560052532550062 0.357675113093875 0.533445724461659
0.470880311583081 0.438456271273125 0.341089126021942 0.335353936519544 0.361302406446159
0.877433571714976 0.465623925109475 0.367257728085769 0.507725856428964 0.338618780068001
0.694934966664764 0.384190413163626 0.572795497626455 0.485168415046811 0.451242671678973
0.317668303758057 0.524147964461624 0.348200213825002 0.970197389528425 0.433056857645162
0.671274591110638 0.469469089727546 0.335207200571356 0.346670842946416 0.326196351742903
0.342594256238896 0.502539039769521 0.397489544274304 0.389235957716427 0.437705920728521
0.408857206622248 0.424001884128783 0.506244062487365 0.416050869184758 0.561711388605698
0.410610667322808 0.455739135163576 0.352353009535574 0.408523641567168 0.401384683119052
0.320351151697977 0.63778863363141 0.348557822353183 0.464307090302356 0.341362544601952
0.37115016884689 0.414661980491881 0.367709555321159 0.499905028850597 0.388853427867323
0.397989623152102 0.335171923102398 0.34820064354561 0.37451901896928 0.333414965424926
0.39774257634941 0.411820430027946 0.447499850997722 0.397239695029838 0.491306656587367
0.425903210765906 0.642322600070582 0.400683453239964 0.404513987621325 0.358709187250845
0.481512574884561 0.487790409956049 0.453919681597297 0.365151193928645 0.369107059711633
0.443782803264647 0.399192378208858 0.465988260088877 0.427322576287033 0.499505884090994
0.585463874838132 0.370148124232779 0.317922784794013 0.391535893379077 0.369558333615429
0.442807551526008 0.463509654185574 0.384613036708191 0.3971161233761 0.474434778796647
0.397073830454653 0.443483580952034 0.372577945296038 0.408255757896022 0.369383019959097
0.407757309932386 0.373623990747022 0.515843576557746 0.457972458488058 0.535602397840464
0.392603113674527 0.445353780326674 0.513533706498663 0.453275204088607 0.639686495050823
0.501545784424482 0.360686859692875 0.417171453405929 0.58215892616106 0.388582326092008
0.337289600998889 0.347301482783704 0.381836999361776 0.383711036144264 0.430555762276825
0.364056588909662 0.405300424363769 0.476725310701391 0.352646190221862 0.508292560149598
0.315711459936518 0.365640889232523 0.435731903103623 0.348585767729588 0.5042206942356
0.376568146780561 0.452452364350254 0.342431781601787 0.324234314705105 0.554444503602104
0.308571980516865 0.4465307459263 0.433024538037503 0.406573712233397 0.357934711773946
0.497792599754151 0.480258009363342 0.498200456979103 0.340471432928425 0.3235168586794
1.75658067262571 0.479351546775986 0.437629124996573 0.409483287150969 0.366565829087661
0.488524297480172 0.344701542051662 0.540219514522383 0.519380620267916 0.37280796435588
0.355127068863875 0.400667112651608 0.513308000494186 0.367179683241046 0.323917675471429
0.324226891334082 0.315366892100481 0.423515170162061 0.367230150483064 0.409396969222942
0.386140533542609 0.40841555720087 0.3573638579283 0.939969460427657 0.428594360071747
0.50122776769624 0.495041395475862 0.395755706814797 0.521422202936222 0.369113399366385
0.418265310549695 0.459276157730492 0.418835895082926 0.651270139831087 0.386416825012483
0.460137348425639 0.466266462698423 0.380716801723642 0.360719044364055 0.390584397670931
0.320134686400461 0.515035631591631 0.396099657670775 0.426925248701083 0.750967160149937
0.356427786574608 0.558874570330128 0.415711783878964 0.35327617834469 0.410641172152979
0.475006299724396 0.810544921790326 0.649214776225965 0.423872264379338 0.390956953907023
0.561856386184788 0.37141180604603 0.419614673051599 0.41530468994296 0.426042557549718
0.384008903835725 0.481848151618921 0.345482541018257 0.652665032142714 0.43556051349092
0.347346406847217 0.39320550066111 0.42229358923854 0.355690334154647 0.44051866137617
0.400195385980112 0.418428565374882 0.338528268921375 0.346150670611141 0.311387142853713
0.365871460594924 0.374929896643479 0.340479860987831 0.404927996426416 0.374693644614628
0.415481590946573 0.37753306112242 0.324671960740379 0.466416382754255 0.362896105802966
0.467712233462267 0.738052954746039 0.444718004852454 0.40411578718263 0.447394195876595
0.355215080210164 0.476081945004979 0.350982179847973 0.659226161133631 0.556856011788921
0.39210449299573 0.377077977045659 0.41561203950618 0.343120614495073 0.366236985427474
0.390894955689448 0.486468666665491 0.378397577175209 0.631464573330531 0.441289659757121
0.323366097672938 0.357179867895541 0.518682776513138 0.336204300351591 0.448282993570706
0.351820276297353 0.334218350294662 0.36119455734205 0.488585188067351 0.359277707870889
0.312656219604228 0.476081588609312 0.452354218171644 0.392983341339474 0.555746745353903
0.490527355051456 0.464240665846348 0.634723269125545 0.356787860329926 0.387330293639782
0.508938648253349 0.538272680478936 0.446029301027189 0.368135024093504 0.485011882790766
0.395260185953203 0.444359249046941 0.517952649689391 0.685015371565083 0.440950456834017
0.545378962817055 0.435132770216426 0.425102410014622 0.527652386919566 0.395264915685346
0.422553329287132 0.326334598581883 0.609188855560327 0.369292626283416 0.363027496515163
0.34880175202194 0.487853341452536 0.333132636810298 0.361021528381861 0.604571841333496
0.36503429607065 0.422210095600971 0.377739046689967 0.41027838358054 0.545062751761656
0.418417732670708 0.411068331248854 0.399980101241288 0.427030186510607 0.370890064700731
0.361781293063603 0.37380911238558 0.350473344858811 0.380740278884167 0.483142614225726
0.386466909746233 0.332524884711605 0.371682774070714 0.481115242819009 0.47041725684382
0.383072708748551 0.451068118404376 0.59052342149133 0.328887231623141 0.35836387147817
0.384821825418596 0.381370547594162 0.458851770910539 0.447658891709788 0.383539565262796
0.359918637765322 0.34764996275668 0.383613739568254 0.348699424782661 0.511177315072728
0.378345621523972 0.446962736535418 0.370038243629789 0.337663742119119 0.559262232190136
0.339853126243761 0.397532119317224 0.358315165065373 0.510341061189888 0.361534602103978
0.33795961489035 0.404436335138867 0.31060374844153 0.699227396233231 0.345681239875786
0.523886743645583 0.364811862422973 0.454746156938033 0.481526835152277 0.569487138572144
0.375193510193714 0.361832832966387 0.377843980395155 0.478253548985893 0.36122786123556
0.308196771686957 0.486741106381255 0.417922798266762 0.318339631125419 0.552683208284391
0.361728192008254 0.659844675056109 0.506326825240022 0.426337896150258 0.383692161074767
0.428437287773661 0.435523492661057 0.322416076879824 0.401169123459272 0.338226522052351
0.480557345935946 0.435425525037477 0.316721786158072 0.363830952147013 0.444577871996676
0.403292508314033 0.353741820589845 0.322708685140989 0.416261289458923 0.536040399403066
0.42238254471882 0.335455791870352 0.482486173988226 0.436927671255978 0.425708793601792
0.331246755024223 0.69016296027222 0.384764127767525 0.346149978514783 0.337057084476123
0.347889415453208 0.347555451977423 0.439169019299022 0.33391854638315 0.518732632969146
0.326572667396882 0.337066405795605 0.440816648309417 0.349439285371689 0.327751995116076
0.496313858691488 0.45256849048085 0.381966900915913 0.651996681844939 0.494174551581873
0.44162993453506 0.42459265887107 1.25116566969767 0.472915128888719 0.482383922070696
0.418660261486299 0.318307916499895 0.337034594696697 0.44719167371646 0.401286325248838
0.561569976048173 0.450006491222267 0.421890529950471 0.439644333023769 0.442318824522752
0.453091354104805 0.560587614083848 0.432022246554601 0.311564665635465 0.433002314146299
0.475556375526796 0.392982220405185 0.563012567273814 0.377017492358427 0.362674017404481
0.424891137897372 0.390831085248677 0.506341008887239 0.448805318486097 0.476893746529961
0.374149555396934 0.341569180431346 0.34847050602678 0.406767965119921 0.375270207051812
0.339646473848158 0.429937085603851 0.350532494618788 0.323673538945935 0.410479700753975
0.367264940484233 0.387273247624042 0.63090268524947 0.420330997632768 0.443453620862001
0.519341719956302 0.293980388286478 0.312058367281203 0.591078386504705 0.374223351838681
0.349194151618464 0.479895584655449 0.659472859487016 0.374636374553901 0.32395907025243
0.428745756870947 0.352667381885738 0.359931489356827 0.395201579575063 0.539406799822518
0.616641437540536 0.411551465130995 0.425693402629954 0.437798521736063 0.307323973540979
0.399602955022946 0.387471262744434 0.348531560267926 0.445323387034915 0.428905833951244
0.411033252300882 0.378167617222023 0.408655633947084 0.378724075265555 0.488356754787719
0.363611796026487 0.328255339708153 0.756851800130536 0.325555534348292 0.466507608517752
0.390081383695012 0.455224868058294 0.418090279383325 0.336216426028886 0.379096231919901
0.348181278386548 0.446987074769984 0.366722139147802 0.455875088744918 0.365884421880299
0.453456232319134 0.400957747816996 0.381044218030311 0.448634974527796 0.435788690013477
0.332243680123465 0.375344082220444 0.355785154303821 0.63394811340515 0.3309531419953
0.315337731754764 0.433474407136053 0.369936690074895 0.367533277938016 0.340772820145922
0.385104403727409 0.411241617340475 0.337375273087725 0.381398436412499 0.310659230951278
0.404985630170496 0.323491901110048 0.413753572732009 0.375893905978059 0.405283559560247
0.316227348284181 0.370059471880543 0.409633064426404 0.413431828916661 0.407493637457251
0.358341661833508 0.3696368103948 0.403776456425511 0.409189396241377 0.344870917245644
0.345689622233324 0.407604379093306 0.605581701379651 0.470456291021683 0.45021529432617
0.357117543852666 0.457217351036565 0.66126183905094 0.302624698018873 0.512969650851864
0.437096571066906 0.41427369151469 0.413828207607406 0.525935541553796 0.39881819213004
0.357551820238768 0.479087037973526 0.487821267795752 0.510242072839535 0.39211210628674
0.41258585224886 0.400283945736189 0.420993232505029 0.348058664177104 0.518017274679122
0.383871373917245 0.364725119642648 0.371999900551808 0.63645420593931 0.435998067539569
0.310241927558862 0.334953653218867 0.53524879139935 0.525061672204213 0.361001905213442
0.317326134812084 0.459528917501732 0.372687572564512 0.450657040167069 0.393980131505515
0.343761575836805 0.42316218197713 0.678546005703098 0.39636152647691 0.375064018987013
0.334099977501493 0.49640176519553 0.339129883184148 0.393433094048591 0.357701562118227
0.361223165307185 0.36152635243737 0.424136182031573 0.528447461113037 0.549973872725451
0.404486265274303 0.403349867952423 0.366507127413899 0.342505694022293 0.442418814466158
0.579732960084792 0.47271993468016 0.397069822032912 0.379253924121321 0.369259383553789
0.338879555733717 0.358260882058148 0.665231684117358 0.503157307373954 0.345601902159524
0.359031661969123 0.719279553187512 0.377976595564626 0.412872144160115 0.393992377827108
0.360550655428163 0.466442551323352 0.361361624556592 0.425207121579751 0.376559102201022
0.358018081227288 0.35209575358383 0.589327407663578 0.353158300593417 0.367238354602933
0.368266128567472 0.46528950929483 0.452366246585106 0.349994058785612 0.358257351468822
0.357311034250028 0.35093707351806 0.31729532783668 0.427518948363045 0.404255871579333
0.497605046167541 0.365322387167331 0.437754269742651 0.391783255218231 0.392104214970667
0.473985253897832 0.504624749285426 0.36825624685876 0.439291527921246 0.340581144084446
0.418885458401211 0.549879018237355 0.308589475652616 0.375918166371049 0.596515444758149
0.713364465638722 0.402769214544031 0.329453003034575 0.402236394209611 0.350114601097733
0.535487638044195 0.521203417531109 0.42433586595331 0.391754897433182 0.375445830632491
0.374119571639067 0.328244507527389 0.364676883949817 0.371991981216541 0.368212851595608
0.332256513253432 0.623466064742272 0.41111941348294 0.346038147595301 0.405851963039888
0.442654931278032 0.420432583687084 0.355923934579629 0.344138829035008 0.458022984989773
0.394259146841596 0.382736978811267 0.420272893943525 0.378609596913376 0.413170903791465
0.404366117908912 0.42700719625286 0.366597613126636 0.401154318003287 0.416162219311088
0.318851849033489 0.429928145121402 0.362230791289362 0.509381466289666 0.53088037197429
0.452694804960664 0.346556374669153 0.436891974581357 0.57227885437111 0.454781314399816
0.367218483119605 0.410294438371822 0.372517816120657 0.579450840488483 0.44717914557062
0.391663112504359 0.466783939682533 0.511584533190265 0.362871638447401 0.362216852967564
0.444233757548349 0.352253352724107 0.342123810274929 0.4045927725688 0.490442275259703
0.484530612776019 0.568726607523556 0.499901811605712 0.401286692717691 0.417868553581138
0.304640297561312 0.579562923543093 0.462635082275677 0.862126758363359 0.387939633630752
0.514033023480909 0.463183806733222 0.447443946047981 0.456823588150598 0.65896108779136
0.450186481971332 0.482898224477702 0.386915414537774 0.442882909735074 0.489298440917851
0.415963548741752 0.345399721929428 0.383608191850877 0.479146911240474 0.345751918983906
0.411066799205405 0.430993494591694 0.351105223370027 0.461232952338158 0.47541758213402
0.62288691105221 0.4119501745419 0.557324715503327 0.488334290467396 0.396571045256295
0.410662427450631 0.362149822034181 0.347629737254385 1.01690994404603 0.338168699122528
0.398769266488535 0.701990468952038 0.516121671154856 0.393052245678669 0.480977481083211
0.593706506242794 0.402064783234863 0.347663592303594 0.414060132439056 0.329308530513826
0.450205492354034 0.34550554527914 0.580906923629362 0.366958190134736 0.401615570508989
0.446035927327449 0.406428133381686 0.923152112585533 0.387713735770411 0.460162709745546
0.453924071394707 0.455971696106444 0.408011229003558 0.56469826797317 0.397501911901025
0.552020498792613 0.362629543776455 0.40204748533011 0.683809186291386 0.418491215361817
0.455722967678262 0.354499129541199 0.374195036796086 0.378361401202256 0.388362955792704
0.394147230059095 0.341275002400964 0.521986836043333 0.512368353158256 0.463416289287067
0.4390891137872 0.438541515718484 0.395120034353088 0.40979495168271 0.334751476855822
0.349763615043958 0.380197497789232 0.585020412707758 0.349910829481574 0.379809156000725
0.424779558522331 0.55640151395762 0.353240242790735 0.37295568048766 0.43805690130563
0.393049127445672 0.479258076050894 0.363411395031108 0.38031816393936 0.330585291271222
0.371036499139861 0.422760896060482 0.398195716123649 0.485977643143654 0.380880618117161
0.564037223154804 0.452184110575259 0.466898496269551 0.426151249781681 0.388387237866478
0.320146801343309 0.355316595276047 0.611611846789677 0.417329965079085 0.342097812087672
0.535778000983723 0.36761137130326 0.389824850030827 0.454826081031188 0.428219408564116
0.460342510336021 0.440019818011032 0.359949057052799 0.368925920050647 0.738498893303702
0.379294484582075 0.425628771277931 0.335366988855643 0.387026784774727 0.37923350957412
0.364807112828827 0.413696770812411 0.36979804281453 0.343737894508433 0.56020520113178
0.467524036633044 0.352329686954849 0.403070292673805 0.357383250740826 0.378748725942755
0.832151200327572 0.372392581670728 0.388928466182824 0.373637234158659 0.513275346555548
0.330731725810452 0.336658103826598 0.407738888808069 0.563156655581913 0.437861170857175
0.396951239942438 0.40643905750806 0.549185023005856 0.546582338595093 0.499519111828987
0.366448842709183 0.515540825254464 0.444645075011794 0.364342389281612 0.41207950045208
0.329525609381025 1.20532416021144 0.38779546326016 0.343236380314168 0.409180261732008
0.400472031407355 0.401531860398078 0.384411715772934 0.831823863706776 0.361969293021073
0.424465872106329 0.490014197178352 0.442934167147722 0.52520125538656 0.436017606677771
0.396558125237663 0.359472638025178 0.509142251017747 0.337947293629498 0.384956799445664
0.392864101459522 0.392157601904278 0.45895634618714 0.520701685955753 0.577383716158494
0.387543337412601 0.34236635651219 0.400120883283043 0.377977171120193 0.548971423621156
0.328000197020827 0.396262619234211 0.372136328474851 0.363551268395891 0.483551142263423
0.462566552551207 0.3981808683579 0.373688221190225 0.378879272843458 0.420165570003217
0.483104765692102 0.527016259278271 0.46750088707968 0.563712964559822 0.473392686152961
0.397089903222405 0.345858508075069 0.467653776936172 0.395355230200125 0.40823286159815
0.339859120436821 0.474616873711555 0.45921497665488 0.347945380601573 0.402153146382347
0.383043633238945 0.388563088885553 0.346067274868009 0.466721327694802 0.389932723761989
0.431784935261344 0.652926451743228 0.352885006705386 0.446537636233129 0.485875153919181
0.347889854026002 0.717804822612148 0.420479801514064 0.363148814431345 0.368391348096547
0.336543645320679 0.45426206893437 0.473450743503668 0.420139292951589 0.39548338002431
0.347947473842267 0.325810009673062 0.35976067136955 0.645382252170358 0.396213823591101
0.482577895385104 0.787895320031499 0.491827816366229 0.412534309837846 0.361153250501801
0.396286746990388 0.37016253440196 0.453412798377166 0.371847265548583 0.457284554243906
0.329616246277707 0.448262164088287 0.377492015010205 0.421208537254097 0.383358092474958
0.357980112359065 0.36555331530846 0.335526489037517 0.345111554647979 0.621666811698207
0.581370062238916 0.422611455879705 1.03503729571175 0.40326544271127 0.396024889771988
0.653166005553323 0.363172337156298 0.441863166803584 0.355147586334704 0.348029123716005
0.457368581457624 0.397564469477835 0.418985776734868 0.45109221758073 0.339562615181555
0.459389559421423 0.616756422828208 0.368334868779984 0.432190545275144 0.384964327123461
0.311751398806715 0.374927786286698 0.49584527091537 0.341822214842928 0.379328619678783
0.514783042732923 0.431099323407504 0.365740494872459 0.724000011279855 0.532621830006983
0.669739512395308 0.652979407560576 0.331715909691836 0.449357113062036 0.377336430583723
0.700367576261184 0.340970315755895 0.365583132920527 0.577455903462783 0.442005299721069
0.344639398761979 0.381377972316705 0.400236046214241 0.685883907789973 0.338646714314968
0.469084825072109 0.518109347759924 0.372749482311351 0.44038390131976 0.332855663732249
0.440624518298765 0.884989229905398 0.524076010227345 0.451464411588126 0.456484036309467
0.332580910452331 0.333979112488469 0.456431082269447 0.393491004128795 0.58763809285472
0.357416812131568 0.420148093366857 0.578659644683395 0.462057157485477 0.374833693884875
0.299917334001808 0.423823762898969 0.33184408769449 0.442810356305071 0.319323600982747
0.529589967345449 0.410047303265872 0.345842286213219 0.402085389697195 0.485207501969542
0.401641119480276 0.425530351778001 0.478395511516566 0.458327512183862 0.416199194872373
0.413010325853409 0.325406792366029 0.397615094773646 0.390348200723822 0.313369772693006
0.38536471815433 0.419438121382996 1.4914271993116 0.612381688518219 0.377338033239042
0.336555376962983 0.317678893024477 0.30810211112341 0.421193935001811 0.36563371446172
0.33806678672347 0.44460773963282 0.437670082286703 0.461958192940209 0.486520030620262
0.516005247475732 0.424727809914473 0.373474839043801 0.443998872555329 0.390875702258429
0.408130914583255 0.380175684413054 0.717287470839994 0.393390013574425 0.391014507018425
0.343145527551297 0.359718465922911 0.417463284262208 0.46119226861121 0.488793129636234
0.33404509749829 0.393270577943111 0.323646574830212 0.720475831707732 0.402064731238049
0.488721296528697 0.387094070039449 0.454672561253737 0.590945108052622 0.400079801572225
0.42859359238488 0.346819815885505 0.409763050941202 0.376636176026446 0.330909711603537
0.379232986123365 0.47774998079341 0.376916207490339 0.618024519817059 0.331462865257547
0.632089367798469 0.341735127859029 0.501544618590987 0.376152538646147 0.430632467308562
0.364104177665238 0.612838636139435 0.33393897510602 0.367717335105009 0.404569516515343
0.444385050365185 0.674044016875283 0.503413785842875 0.433491474051029 0.494539872257219
0.405700703585548 0.56685834925834 0.482493463043136 0.381883229041044 0.452448169465186
0.509649631906549 0.451719736690243 0.471733596445587 0.409009055183416 0.331021896244343
0.465832166064763 0.339668740568767 0.388455999732375 0.676306937644678 0.353533426372249
0.34029000602733 0.414415638794682 0.319833861962776 0.453009169250717 0.391052741576107
0.392097641332819 0.314592283340206 0.380251471637848 0.461603000751566 0.350544071837526
0.622639064739375 0.454423311588053 0.347579904258579 0.434792717843543 0.369358931528686
0.363068443132785 0.472050258710353 0.634186060675949 0.36129705438405 0.33848237089357
0.471732347510923 0.427131448424252 0.397288222239912 0.468539021985654 0.601349823782615
0.375614682397083 0.474523214623771 0.444333904700456 0.349905447020034 0.411755111227024
0.48986304674504 0.646245156369603 0.426446087887505 0.384714177992086 0.468923575660643
0.3661835575533 0.490248645339965 0.36076735038099 0.393104362406776 0.373182840985346
0.449818340142525 0.386537797999739 0.428315069955588 0.334297697807564 0.402763215881385
0.99337586653919 0.462771212238254 0.432529643582751 0.365070437058449 0.497432454260347
0.328596119144982 0.372036799785467 0.4434281999467 0.459958717684902 0.395275902547992
0.44972516114514 0.320985383150122 0.435657648469006 0.551390060544067 0.329622922977802
0.340718152143289 0.343744840769854 0.365883230448185 0.418630267604779 0.460047102916519
0.697731210333521 0.369752329121924 0.577628936685295 0.366460913697626 0.304244751701621
0.655885692138669 0.407510664526602 0.468613426990369 0.43151250508931 0.347028746529419
0.521484832930793 0.486917734292459 0.486479363916532 0.395781223982407 0.377172294948882
0.309954847030391 0.356055220569493 0.380531635501291 0.998435940905151 0.440077407126091
0.348721247658554 0.387608328571499 0.319549164664137 0.417864800021556 0.437622448319909
0.3612465235855 0.349875991088479 0.829824552734493 0.787581522430346 0.388237340954086
0.422213515913819 0.391420314211645 0.393901550207173 0.606357873439627 0.459246547469209
0.401696291565178 0.35705320410023 0.398811938094561 0.439284198383491 0.380210673819306
0.495202269212029 0.425845153734701 0.393790784010293 0.4309007440636 0.464934675023384
0.655164686927165 0.599199565788897 0.511671530306001 0.347242548780539 0.350703696829518
0.343589970511148 0.419209588327928 0.374172475530002 0.40541989469081 0.394909995794662
0.321129292887812 0.388134341090605 0.42728881591252 0.530619728368444 0.366112770608395
0.322598522850223 0.313816314725576 0.677628929622213 0.331690110621239 0.473572831914155
0.416064164693734 0.351743839330762 0.348126760088926 0.407056560733078 0.385516881123066
0.415200903573372 0.416586032809831 0.351056032453667 0.395468255662331 0.747382494621114
0.44340204223685 0.386334400549866 0.461679399961401 0.397643380312187 0.450049743470729
0.380609102843962 0.382696886189525 0.522233004290446 0.382295874930096 0.422500251492797
0.320126792675401 0.98402736343535 0.405374503582107 0.664992189736319 0.410997267987892
0.452733137478925 0.379834146565434 0.631431778471347 0.40783035949373 0.449683291072921
0.379408621175755 0.453865508163321 0.479204474883598 0.335728315052341 0.368342070820581
0.377310895181162 0.427375258299547 0.336332561104211 0.373360357578305 0.326750994198143
0.48243129066276 0.485241130082195 0.379992381123925 0.578845713733344 0.426750849991784
0.337082719102305 0.348251218668448 0.366748775430256 0.480465086283675 0.633494023900213
0.598062089720435 0.507780971174837 0.388913980307833 0.43711983921672 0.413153700781666
0.484669327558005 0.379030675662804 0.382606775995705 0.461664528372916 0.363344170402738
0.423591817089834 0.496096873005507 0.387877465696536 0.483741585113819 0.722731918546786
0.610009789430579 0.378113953771009 0.3682062602968 0.361757965498664 0.488743748464444
0.420474645105138 0.371272632515269 0.454283157866139 0.477073506056147 0.438416845230201
0.547988862437549 0.329959469575904 0.449678682631909 0.488472779445444 0.48407665064174
0.310721440597519 0.48075726955677 0.458470588786253 0.352212031162256 0.39453125205707
0.343480426248029 0.450343425587731 0.479181123132162 0.376817128631566 0.3223462738243
0.474533400138087 0.385889165895571 0.408588769841639 0.489741980598048 0.404576049721464
0.311306215946446 0.343651806411023 0.32167575771698 1.25605703372167 0.360676468603885
0.463685124551964 0.38314266587198 0.402364289594527 0.614321071028783 0.36606327628403
0.397598921643178 0.595529898542094 0.411357937889639 0.33429767322821 0.449507706841315
0.420870968403009 0.370274099966754 0.391002155792845 0.392346809339996 0.523060216274128
0.346891424406096 0.505674415758739 0.358976564946437 0.335207307051557 0.482766764754833
0.391391317357609 0.514555165383114 0.572379552515097 0.327288220865394 0.308560655667484
0.43412539789161 0.455868586010869 0.406295343021916 0.386015658380771 0.669225961515427
0.331574447657254 0.336699208340794 0.507741918072714 0.560438220142942 0.449511761921559
0.37763146233745 0.380085749896949 0.388945361300701 0.555981446697376 0.483373069024254
0.43618051945597 0.394776513501 0.567856587530257 0.525242654125929 0.393835007705389
0.668930996777951 0.418799004893071 0.439090036838673 0.551837064191886 0.853110495816902
0.356871467260203 0.472874568307722 0.538800524755755 0.447017572998048 0.390366387410509
0.432129479007802 0.550720493946404 0.382287127983145 0.490527355710817 0.509959097080523
0.442205830469591 0.399783576270796 0.485858451902501 0.44598572421814 0.390596360985944
0.554169917906352 0.370299117189778 0.473491168083507 0.642569064030231 0.420192433572466
0.654450392239859 0.350057535372152 0.343066863366982 0.376918834650689 0.33601600097629
0.433862699137975 0.354258963795135 0.453489752836341 0.385763112975558 0.360842566136137
0.421259665494268 0.388432586690201 0.492076610203403 0.378696921094494 0.50258106199064
0.476806097000198 0.405208492721783 0.332837132900994 0.419663456810805 0.425434682485988
0.449777089717519 0.392845470895784 0.421922781764423 0.410037869938408 0.426891163212899
0.473849653812326 0.308348127917915 0.457240275866649 0.445400136372291 0.348208292035588
0.497003448483128 0.904806275219844 0.425814630830919 0.42795058904784 0.515735565537157
0.37523347893854 0.403472354164358 0.733221920033602 0.427037116640471 0.420559416471838
0.341632880286786 0.431535111290004 0.511398877078432 0.349754992697793 0.494246678514528
0.471035907781347 0.496914319643588 0.405195446827339 0.443964807149593 0.340288990660905
0.491581882513865 0.352817924896983 0.33053100154484 0.413086071333104 0.402647593906252
0.42578861735013 0.350900069918098 0.389475090727563 0.391558028867083 0.391605092600283
0.422134667340823 0.467047730695936 0.468777023816333 0.407906427420766 0.622312504869704
0.365429464295814 0.334375060764329 0.324423199164454 0.348021297537551 0.460785285593463
0.769648546119094 0.400419145381278 0.392100582624158 0.39593793077024 0.360015722903221
0.332435287225278 0.408456370157343 0.463067362057837 0.369181567632413 0.580798376496701
0.330983466415281 0.343300034396835 0.414963823080474 0.345235121247675 0.657402935287623
0.413397299909776 0.355043894761569 0.450926558957716 0.519212942150776 0.463945489541879
0.359349974951767 0.432813737584656 0.3844326540728 0.531017899467899 0.429215908129238
0.398138560758832 0.503652352648394 0.365463540323236 0.492015163717668 0.329736841765819
0.407418015916414 0.4548249020727 0.462621263429594 0.360260452224607 0.476256313337482
0.371839570388052 0.314795237769469 0.336845284061215 0.536212523025992 0.373385648289025
0.461575828954109 0.386207147586801 0.331159738531086 0.374267786861843 0.486609900827926
0.360966037276671 0.411060909722469 0.474150192341511 0.354443246276831 0.414814944910421
0.375525295866806 0.369664921211407 0.33005790133445 0.337202994908523 0.45133966687695
0.45536024726221 0.36413938240287 0.319820710399175 0.394396707778126 0.446564844264984
0.38682559468674 0.367345635415836 0.380872107954443 0.381703281007577 0.420479914890311
0.38617720112498 0.515771511615159 0.464045965551438 0.435454846233359 0.392800719595555
0.361026499621536 0.402463449464107 0.353558089697915 0.387888409234448 0.432538149441485
0.374890048496484 0.390136501596749 0.457581204742222 0.677467616647083 0.374386958318897
0.395604000812255 0.341094940139489 0.437622556478053 0.482416392328703 0.433677963158849
0.585263212131399 0.395329142234531 0.395920487603295 0.423582524128989 0.284484548670224
0.395508644068475 0.516001979844912 0.763474647885235 0.442585229228762 0.476228994421411
0.383979136083865 0.350575586829563 0.377111900334882 0.372320663298521 0.394738376952837
1.5055133335178 0.380242707162999 0.398415575801495 0.38392828382646 0.338078297588435
0.333362585233802 1.48635333786225 0.337278783870641 0.383542327389761 0.3855669751994
0.474575386808107 0.385721784886979 0.43098327786947 0.586036572838588 0.312547680816667
0.821183218175955 0.324470097818164 0.500148911293058 0.517180884495404 0.436166275038813
0.403506739924461 0.415334217238449 0.414930201689172 0.78543309945379 0.55023048379791
0.420135993041302 0.359069165574655 0.48228979584834 0.422056061002894 0.452421155828306
0.473461560500538 0.416315328629048 0.441826321355578 0.459962640800381 0.380407926203346
0.452776730978552 0.447082682619919 0.580765278338982 0.409764142562305 0.586055393713868
0.403658223577413 0.474593821701559 0.507592487069732 0.42090567153092 0.393842914169976
0.640602275029095 0.384128245648399 0.338661575460905 0.477386143335369 0.381057886228825
0.671590606824326 0.465185489106427 0.718461330617294 0.454180084379181 0.37694883019196
0.398483533796475 0.469299579535722 0.376070175363132 0.321175505786398 0.407363696420815
0.289055588682805 0.62843892651646 0.462058840446368 0.42113483004294 0.354046925085482
0.381336572275675 0.495778603198873 0.381889664785612 0.853387798328738 0.409973618176247
0.636628057997895 0.566226456961235 0.45403817792671 0.362285774265325 0.315923125625704
0.447223928661208 0.450867341048321 0.339811224868516 0.440772512041149 0.351276737232177
0.3694153969974 0.519429195679595 0.331062941145642 0.43027851923091 0.320573433556013
0.381695846983443 0.457233569291055 0.340066153269641 0.343971835219963 0.469145690134397
0.306604293219016 0.45415614472622 0.339567854126194 0.37850874658084 0.457078187205069
0.360568055659805 0.845093553157748 0.371241567107486 0.394765288281779 0.352684793165402
0.381599695684502 0.366167808589408 0.634117995643586 0.367061318824621 0.363066287177631
0.33080662678049 0.745406780641713 0.361570646835514 0.631722798344111 0.371235064297614
0.494004484525561 0.317225363577818 0.418021889175555 0.333408119738334 0.33088679916872
0.387369402733407 0.60152808523665 0.435451471245643 0.406087133379615 0.36918012110685
0.451452446837416 0.44541413389478 0.66274975643616 0.55259612256718 0.371287252023604
0.412621057571678 0.369666276507587 0.432671669972873 0.453834985054633 0.405689993108364
0.33967483927849 0.404140625792409 0.428657990311664 0.416831571163606 0.439661229328309
0.422066117483324 0.387344340215979 0.395139822022106 0.359562527527622 0.346894645100265
0.565225367883756 0.52448029605233 0.468739383454689 0.325931786155733 0.443486589921807
0.461408028209508 0.399620227780057 0.327235070950033 0.388020987545327 0.324941836197356
0.541096239480974 0.435817691074785 0.373082037678396 0.33728434059329 0.320538488681034
0.683567010978958 0.48058354193001 0.423929736696021 0.752736286845009 0.50039925949692
0.453236534693154 0.332605392782244 0.376119458533559 0.630693078632893 0.405761449332892
0.509049079636278 0.444328549907677 0.383830920681747 0.385437974086897 0.409701724821837
0.42443854327954 0.376572720409788 0.463127696048219 0.619393211359991 0.612731589806564
0.820023848948463 0.487109467879372 0.383060716490734 0.379966218597377 0.430821594171947
0.460035935849494 0.418159769801512 0.487463772462524 0.313684281019568 0.453883287890917
0.558505900843182 0.29612507751616 0.541748413613104 0.390323390602348 0.389422582515492
0.445349505815613 0.617482652598318 0.482923420032187 0.430530798371517 0.417200887592642
0.450569722499728 0.354651077580294 0.364561525270581 0.444901820019221 0.435134074379163
0.395885015475535 0.362544667252962 0.445097612429601 0.443869554495595 0.380764037958465
0.423496464381815 0.921208942586324 0.396203661771345 0.398536796006871 0.46687877217062
0.476685319661981 0.327211809350224 0.400818965358931 0.427874163070596 0.378735470834517
0.442128247604714 0.563010510714584 0.395739770949792 0.536265565557576 0.363920035295848
0.383837419657122 0.619384240940622 0.416598917099345 0.413611290456537 0.384872276854854
0.460616566955083 0.545654663635701 0.472772451808897 0.549498856786696 0.42384977907645
0.341750965968918 0.352204829647812 0.414226469536036 0.414075264475598 0.406417601229065
0.329266781770602 0.695467242903824 0.359828420382619 0.657735471118333 0.460199317513016
0.39326755691304 0.514544092295015 0.349944247763693 0.396581624410048 0.407113309449927
0.320976216964621 0.497305793661057 0.341913522416766 0.43215138582076 0.441699942033827
0.379129882870421 0.57624790929215 0.351090847538201 0.457128597993228 0.434300991287423
0.345781683401541 0.329754369971479 0.35450935869955 0.522327370847759 0.446145362046512
0.469946274357805 0.416729852043743 0.367829802491302 0.405123296240137 0.454469805689103
0.550354404498851 0.573643696212746 0.442520831646828 0.395360011537369 0.400740939704494
0.421333426588012 0.688993613534851 0.398977904053386 0.337667429079088 0.385175739497446
0.328956106110663 0.567502617767954 0.333807956268093 0.421068317567474 0.347365074508427
0.405440383818748 0.447353102525723 0.553200843444952 0.660565101194222 0.437598930095638
0.350122794391564 0.777496966954213 0.560734242427435 0.383758993347098 0.354338022399576
0.381353109012903 0.417255020367067 0.41051248499093 0.446746964716936 0.402511152978504
0.502902622578785 0.444343464153008 0.323017158120824 0.432870349820061 0.442437220182804
0.396351418484346 0.662135014307523 0.336150033706002 0.399410848395298 0.445350370291935
0.70609734736901 0.346452362160249 0.452905059915731 0.341388585794803 0.327421586354876
0.308746811408656 0.375856715830136 0.351590481951258 0.348541843791401 0.435656701836173
0.412108823420499 0.577904804242159 0.373285037129365 0.534426129043328 0.381334829167712
0.425640750225312 0.331692036183065 0.591879663741764 0.352976854717477 0.379033446445977
0.390441871293419 0.402717851511624 0.356873448248839 0.374590113325082 0.470492941681167
0.400866714560541 0.517401968663307 0.506245331139511 0.478565617318116 0.53234220565537
0.377458176959124 0.368690718187013 0.588683539704294 0.397297951855493 0.527212790321833
0.472062584030137 0.358135606173156 0.59173950836454 0.650281858741966 0.438879951518509
0.348729075382816 0.41210918997433 0.371332366249287 0.510570246839772 0.366688028728313
0.396331940510442 0.416650204969498 0.474791224619058 0.46327534264908 0.55537165474963
0.314960533747893 0.364436346422069 0.457785452348937 0.401891344073202 0.423011903213085
0.428208954858962 0.441826752651078 0.479645069301638 0.526801976424406 0.411813007118107
0.602445474352498 0.564934784115752 0.517443023326809 0.467263211641078 0.529931696505385
0.519442307860751 0.437089373348536 0.454898108466869 0.37901775252613 0.406104446780549
0.354153765052615 0.357682224114508 0.466934055299122 0.496500744240327 0.357758530460422
0.310963627557969 0.39376601146365 0.385194000201253 0.582395286723797 0.500697131544427
0.36680563410551 0.478621072648478 0.450056671091692 0.42408893782215 0.462462353506369
0.453334204875793 0.326164003342983 0.346007117667235 0.362308736278449 0.330607011059848
0.466128763183843 0.431258277239132 0.485826069714489 0.400111087360973 0.323191839646114
0.330872490305627 0.610130766883832 0.36436825152613 0.348433152374316 0.351788983778073
0.466102566164963 0.466234580911633 0.452959649876573 0.389504072877676 0.583397439363377
0.378679695812758 0.466815275278132 0.495675148794564 0.629301545870332 0.500372582751147
0.398439321797877 0.616236814233387 0.38789430535552 0.37308054584523 0.352690084270482
0.406708727558007 0.43845366223383 0.415804339937258 0.48189285143873 0.759514178895284
0.512436662298839 0.512400177117278 0.414926555530339 0.842592281934199 0.549086186684733
0.583872099849264 0.40389804191909 0.420285774920559 0.613678422978782 0.403696062476903
0.316913157927562 0.366970816423395 0.383459200228465 0.436156286904691 1.40822567074479
0.435761246481266 0.472522203170368 0.510072682613324 0.460027363892611 0.480382950854446
0.416083552986118 0.387710601430484 0.337708505288147 0.393294255011048 0.42983947847893
0.531335791245054 0.393417915739439 0.43792100365707 0.429147162531073 0.421770031262671
0.385771601156427 0.357957437271758 0.445980612372207 0.37149511207051 0.554265046386731
0.342854714914469 0.370338871446705 0.437127711428743 0.445324963558576 0.417697899459817
0.561640555322457 0.42346661079995 0.395456121264936 1.20264902296587 0.424420033910764
0.399830555780085 0.499657106204933 0.544785559814289 0.718451275401536 0.469641006544325
0.337061487182228 0.481004087605721 0.464211419445544 0.440782513265449 0.415308022060458
0.591045465583155 0.599309231225689 0.346858857757429 0.353182179141273 0.369604000622097
0.332085357509563 0.494085689092068 0.339422408667968 0.429656108298371 0.373321606039418
0.371682206807627 0.46193579024821 0.42038026068919 0.573514263592392 0.326064117872911
0.562712369961433 0.477858226397321 0.35810164882673 0.420665201912264 0.371714890731758
0.440445281036047 0.373757785494798 0.392362673807763 0.399720958986753 0.578588641880048
0.400422109703878 0.366844613574442 0.48017131189786 0.424471531463984 0.693099558730865
0.663425832274633 0.350381656689566 0.371382744938766 0.355568745489016 0.745477432059018
0.355593099893212 0.369048656810526 0.381489043373471 0.45245954811473 0.426528750115305
0.437888667855177 0.493361416030983 0.471901003724035 0.423260575649 0.555174474146792
0.452266274735878 0.553919455597796 0.460139525977869 0.399273019311257 0.407356075181723
0.306994110897817 0.594183642628108 0.341707597403215 0.526327729932946 0.45199632187067
1.01664300095306 0.352059303711045 0.354999129977541 0.381341480594756 0.423790408800651
0.331898546879293 0.343309206235005 0.568911406320619 0.375415708757071 0.29880514711696
0.400865775411447 0.404754985254095 0.487719503709323 0.436988489221019 0.504939292481856
0.305180314787557 0.676310618890397 0.338683463967759 0.405790340522157 0.378843364725063
0.330649653585375 0.495641480353634 0.30755632040653 0.539802803652427 0.414744954791323
0.451512163285567 0.348362385062276 0.333536934986435 0.512331849336697 0.337424218767152
0.497827016509282 0.327096009936842 0.345276767817237 0.393248703269854 0.448224528811618
0.339539711748582 0.452972400166777 0.479877573345379 0.398589710772641 0.354232719611159
0.439220695894426 0.397894706423092 0.38926054825673 0.357443296374025 0.4186016280819
0.350623161437602 0.372633605909986 0.414846961237541 0.402886389968568 0.577160125100599
0.344118537876384 0.486182182211804 0.515183165647758 0.357819719594374 0.495428226012485
0.389020449744405 0.367877867825975 0.3753928911079 0.449071459805977 0.427876596605835
0.647998419737984 0.433595255607788 0.379491937293466 0.417311796588601 0.317444301542146
0.412164201059509 0.320186554391539 0.628690039571191 0.372928124714873 0.345953021103428
0.464014282324125 0.494474065335203 0.498754207515634 0.465862439291531 0.33937800105272
0.578881446534169 0.39140962332166 0.443154940441064 0.588990825569206 0.440937159876718
0.48055490685196 0.393268377643144 0.415988102269187 0.415773250366774 0.515630022331453
0.655328414128649 0.406220264888977 0.501571043577265 0.352012499471667 0.380408960724107
0.300046255084309 0.328746936252289 0.403132693197558 0.358186735597174 0.485656821081411
0.36910736122504 0.319681512189369 0.451085998304926 0.362984953947078 0.408721184735574
0.376071385199588 0.390646663850316 0.429140660967186 0.347124671180994 0.324799230736455
0.340047799570087 0.50158673593715 0.38419821219916 0.688218101757068 0.421014935031509
0.519798979297578 0.531579933094235 0.353021889502801 0.421653248949877 0.431262134274846
0.548245939697787 0.43850843732555 0.483375695566994 0.365199897711004 0.376552084511995
0.650008287563929 0.542534786273536 0.426582408975956 0.43598891599093 0.469179445753972
0.52633457608603 0.371297993418076 0.532056972093251 0.567267464036711 0.422931473287297
0.381916220950851 0.492498001227214 0.590693629791411 0.329737548540132 0.509145780417097
0.572794123210975 0.347323928350138 0.364974909784506 1.14317297617045 0.569903519972083
0.742337399045967 0.434807425413026 0.454638071214268 0.491673311403942 0.421325087638098
0.356865933731839 0.372871839995506 0.485009531689144 0.374320728557704 0.441562321013838
0.600300252090455 0.349484526680626 0.539850601887124 0.503251633372834 0.422365878623528
0.544818995840616 0.396102573146341 0.439625876343415 0.375164260696311 0.422067689310377
0.53553690355727 0.392137816455785 0.488361347601271 0.39185357930384 0.349448525426677
0.362539147549456 0.654054818109073 0.481741513643268 0.410062441676781 0.362565603576312
0.372228045151328 0.37013832189308 0.366445541665677 0.462461555216805 0.339334723403607
0.340225498010932 0.497828177238426 0.395615664648758 0.420514060887961 0.420413551092494
0.307907944306281 0.363583309834825 0.589998693927662 0.394865140906044 0.361304689580063
0.422371906782842 0.440271382134377 0.417601203474233 0.448617465320538 0.444213530279612
0.313189470932508 0.578058103059776 0.410951801045842 0.794870174720528 0.514894705895146
0.365325643376948 0.39479650187949 0.336247560790778 0.446360417853892 0.319455560458609
0.372724304052486 0.595823872253494 0.42049668390964 0.397664408616112 0.33389308492224
0.46258122632129 0.467041589403412 0.402447785957198 0.508390435565445 0.38187805055288
0.334263118071177 0.410674487760438 0.623944300960093 0.365619368588311 0.377710364632282
0.368217070098198 0.885085683318155 0.421024665417037 0.391295289141826 0.32999236264906
0.374043485366899 1.1340617491356 0.358567554810344 0.476038155777752 0.495302488025778
0.419885085888578 0.41947708971795 0.367322287802521 0.504051853371403 0.410459254354728
0.450767489617867 0.44154606078783 0.577154153299115 0.78170623275899 0.53932138532832
0.400551707444027 0.347846994961882 0.741617884594427 0.307334304702616 0.314813195655153
0.398734379789276 0.545665816997882 0.515873982775342 0.41055146550998 0.339120115212528
0.413010391391682 0.462820359111096 0.437320518106893 1.0121390619007 0.38876323207071
0.35934713738368 0.741317642107155 0.406531460320376 0.392466077373182 0.359481071589577
1.38748614910956 0.373697018250965 0.374839215593354 0.389393593312042 0.460851536191351
0.363637034217637 0.438665783879724 0.373035440721394 0.688406104706321 0.405247863212727
0.523680688557812 0.574447769114379 0.310865422663533 0.319572181680271 0.389388977244074
0.479336103101574 0.447786672039363 0.568095612891174 0.45905542274873 0.464710493107505
0.4499894074843 0.501096696794246 0.358788042568228 0.644782020469704 0.464342906533915
0.39627759711186 0.332991412927862 0.81615143540475 0.368863660410848 0.349766600441315
0.930660963159385 0.438712764925082 0.371246938797291 0.37362864858731 0.367242551120937
0.385053522036769 0.318258765779837 0.861976910339797 0.441511692491087 0.389832119629197
0.410469673386344 0.391681049738481 0.371328771994189 0.438913938705337 0.547705253861917
0.335469673405129 0.550174742159396 0.322369806297989 0.399374853014689 0.3374248755041
0.382700385470925 0.468035106008917 0.434091670403315 0.437189862184187 0.46477045969162
0.487831555386434 0.35115062073107 0.545774932069725 0.388791971370003 0.345700265185511
0.476373389160153 0.423048852017067 0.501653484221183 0.427302131639943 0.409573176908553
0.423996689328709 0.373438238025035 0.426833266141854 0.401600062088501 0.490604889176002
0.403835468355377 0.483513357746594 0.356143656454702 0.342549471496225 0.353566994851683
0.364162384198419 0.500022641925172 0.409622949908481 0.395756430210243 0.356987648875597
0.351807892890111 0.502449429802312 0.5560882398991 0.552209443659234 0.372319710267569
0.452005289265091 0.654023502294203 0.400189606367954 0.383330925528299 0.433186010766056
0.356586765134938 0.449334893322236 0.449805699137401 0.431514275458937 1.15095067386587
0.348603016916712 0.373787212915619 0.396585865659565 0.414595177871074 0.569916916377419
0.329800623502985 0.608310441740252 0.391226923366153 0.350197536532223 0.346391616356929
0.378132811996085 0.398186938585662 0.356419054054312 0.317767755399891 0.356793514342773
0.361431541314206 0.406650637210371 0.342075322199478 0.333667934159723 0.343324344401932
0.454506082074821 0.360752904215183 0.375063258585347 0.520762361947072 0.449118193100122
0.475154081909825 0.338507784970765 0.362438937419169 0.357272067248497 0.365299741664683
0.362041139385016 0.451689739914781 0.354255286851832 0.342558397800946 0.372974796051606
0.425794136227346 0.449717131373319 0.376684274780456 0.362325931424437 0.490806894357972
0.405391167770128 0.455219330851981 0.396876827960121 0.511158111828882 0.456713455504618
0.377328935581652 0.42465292465487 0.322164636701399 0.409476201150285 0.394685797276627
0.351999099146419 0.622146207182227 0.369928424184485 0.376975604781929 0.376205106672662
0.355306082058484 0.402836307584559 0.414473855145346 0.480418973251414 0.394637006932917
0.446887925559163 0.420708657150654 0.467241166715619 0.375384829083366 0.420390229983441
0.465875726191457 0.472125209336673 0.515341557897747 0.582599874390914 0.594545815326478
0.37597752484306 0.402998076689499 0.69926309837563 0.564200104416196 0.447435057902164
0.399144619302085 0.393886658053099 0.42949598248561 0.462096801533153 0.413847122284905
0.412749815136379 0.44796614170421 0.486818340281066 0.370162938882541 0.366544546234044
0.454519724035575 0.480733989842238 0.544268208363549 0.435003299224591 0.389791620513692
0.348531100996511 0.480800563919951 0.337040467116811 0.370424454751872 0.489687110095904
0.416797175947965 0.519479478140691 0.327432581160578 0.458048222538178 0.329315916973051
0.377873113269596 0.424617132636617 0.583894757439666 0.546867200278516 0.398096242885626
0.533528594362138 0.499174238352652 0.349747945659145 0.383965296954796 0.642204531162979
0.400188899445889 0.394555089669439 0.340055374545122 0.612231693124656 0.392834769346228
1.19780448395621 0.448234608636026 0.369151549120635 0.424452598789 0.363362338363045
0.467514842529709 0.343432590177409 0.333890278505315 0.392654418122344 0.610054490499388
0.452721596506825 0.441909930526236 0.48107237936402 0.492116190407635 0.389980705241237
0.44821120398142 0.348770918523027 0.37986047103588 0.449780001631079 0.45751351348497
0.572194880885251 0.451523212552676 0.547192070355256 0.603049952800173 0.388381488763662
0.339909254436072 0.471046174634023 0.320476138030413 0.549955573212872 0.300578585825854
0.437262985479436 0.42703635551055 0.659242915976771 0.367482362957175 0.385066822666266
0.383658792527884 0.40525998845716 1.3448086114658 0.379854722813797 0.392770154878957
0.549547209402655 0.388204034899625 0.348752804699995 0.437913987171016 0.493770385318765
0.681888558524998 0.470232001416783 0.446011343863954 0.461908340835546 0.446577730809339
0.358299992340086 0.350878128727066 0.309637587994058 0.621494217767544 0.520457564572959
0.46068448651432 0.419847874866631 0.377363234780129 0.411761594393459 0.444356566495008
0.395602404683477 0.444780631798262 0.402875866071373 0.879832514235696 0.441738301926174
0.406347963102941 0.414040088039812 0.434885632320317 0.366036205987346 0.419539098393357
0.339685821237411 0.311938357512844 0.356692347728158 0.418069572482565 0.355901789932594
0.306389708695245 0.508031693804414 0.301487849649216 0.442689169205267 0.36749427754752
0.540705684761331 0.411341379247056 0.429765308077082 0.418742028149485 0.332299372644262
0.352497490991295 0.410631695310239 0.468336401648571 0.412547068580711 0.577109712967979
0.368001360835961 0.398688019124801 0.431901510214762 0.635485258909317 0.333862081472814
0.480824243152626 0.471443627274371 0.491637900464038 0.411845125142118 0.558526244110077
0.367271262743985 0.359761334677162 0.421238167587568 0.523029923326319 0.406741622723354
0.348522262480709 0.498771998176705 0.432877898181992 0.39371418612005 0.388208320103688
0.40817502888877 0.706613914652261 0.379249523930341 0.405142650793198 0.386404931273747
0.413401947610914 0.397059763138107 0.352096961816189 0.3629014718519 0.496213200373205
0.394033344497731 0.372737797372002 0.358729531878713 0.419086238919314 0.399090414690345
0.337664785258799 0.500955400678602 0.60593377129019 0.50627507315169 0.316975742277656
0.376349484827526 0.43037371392255 0.554601189803575 0.346790283577859 0.347863503463774
0.360370517797941 0.406677205002623 0.373409963118902 0.554304908062739 0.510932598882691
0.37947013603125 0.375018885057879 0.428181308988488 0.567177178466435 0.393135391820673
0.509351079880674 0.415196499006689 0.54615182944424 0.66632499803094 0.525125976948725
0.315661527131074 0.375543595481156 0.471669831832331 0.394805233305729 0.501122799969599
0.543973815163116 0.370251439546233 0.335776437397908 0.32168228380844 0.358816872267832
0.377082256636181 0.421911319111265 0.433116469340564 0.635989173542923 0.369844139034274
0.44817995038092 0.370307362937419 0.349091585449083 0.334885362186949 0.34767362668492
0.371047560591458 0.363850404961586 0.365401323616291 0.395883387682684 0.363588047017047
0.35743886848547 0.372952455430605 0.353889424563083 0.804841559852226 0.362274681434012
0.346617444684812 0.420044629685701 0.359986007373816 0.444007402504295 0.415364569309207
0.364283388588351 0.370395148363907 0.406872650305727 0.43582047986681 0.425919605936738
0.3796239279796 0.367226754528898 0.847474679687272 0.365630797302953 0.353364364284486
0.325608586240855 0.454245955707469 0.317440544964715 0.389429150055435 0.427677577207775
0.315918032362643 0.396463571293108 0.416273618101654 0.405442905031799 0.40852789972293
0.424817545431643 0.466464218374426 0.504404985844044 0.508703572927532 0.392071814519398
0.735040847382889 0.380333902809253 0.335061894914334 0.392810151926562 0.393657593514345
0.338201967039273 0.363574668443957 0.350003231453209 0.422298003510831 0.447494171664308
0.339932524858191 0.341226364112837 0.357338920131739 0.40002899209615 0.437681506328512
0.35448854305226 0.381538921402429 0.310384325016199 0.478088379641257 0.313472200268477
0.359920145263417 0.391689973706451 0.351738351109406 0.414962968378205 0.336807021080472
0.405649173619081 0.321448815597878 0.410612924086796 0.46400351882445 0.451894692603339
0.413228477868733 0.515008460673898 0.409868563767631 0.5422881666191 0.353373456561259
0.401059470601455 0.438291222389145 0.757755127906475 0.530687988304289 0.374296336708097
0.45396023576724 0.433176111029093 0.372428536526522 0.339875371043908 0.356532989692289
0.442851471951514 0.365469751046847 0.481606980443165 0.416383383099128 0.428227651884843
0.421231758811648 0.696615801109644 0.451355387361192 0.341494525548124 0.381313734360892
0.391860510863551 0.340279702617756 0.398026627551122 0.391430760244044 0.359443137708371
0.356769250755929 0.456354688930175 0.453240422614797 0.390509503140534 0.480854142916565
0.448640825155564 0.574131849501788 0.341230693719477 0.466969683237836 0.363182278877725
0.376100040492186 0.373482215471243 0.355351970667326 0.48623266615339 0.382806353175765
0.486718398912198 0.425658151024349 0.388946560204325 0.377110223883449 0.61184807357344
0.564187198890205 0.441157413578352 0.449682847792708 0.398799771541549 0.619439504232261
0.417801240214055 0.393398508846738 0.676583269986381 1.29299443441341 0.428881155332533
0.362371553867046 0.35465434795506 0.313172839362126 0.453922835471325 0.570359900817482
0.342282032876136 0.367803272055719 0.371497769122093 0.704585429486821 0.538696128904919
0.393478112842303 0.619547319269604 0.332362583119038 0.385867851943431 0.342608469845405
0.449978424139254 0.416860860307004 0.938460329209533 0.461448076831857 0.390282652288371
0.383666015856007 0.357550376749398 0.321657320710408 0.379886752083568 0.411363865866277
0.47039002878533 0.392086294085559 0.370823796261342 0.409052434984485 0.362511668881289
0.324715271464476 0.427040565291238 0.402914904451698 0.398512909420827 0.444682382611131
0.401095379296433 0.334782920731757 0.388386906538648 0.435545212657866 0.368366730103781
0.423411623263921 0.35675734567697 0.403036500769908 0.41711391070106 0.36138927164302
0.458278362178742 0.609143044774314 0.408667270855289 0.43769242090206 0.446949338573475
0.467733410056598 0.536466626797569 0.385429522369061 0.36099964808753 0.425680607473277
0.400120634555965 0.507366322405986 0.437447691820315 0.578357476541284 0.427869239562046
0.531555053489033 0.42690945005526 0.696157156897708 0.425094974851758 0.391948796635721
0.7636276798799 0.420867897013433 0.348924103522164 0.397500383198819 0.398926221189018
0.372433550523129 0.372340474954841 0.427013258013534 0.475028920889852 0.430727414463171
0.338612720891335 0.47635414072252 0.375336030425868 0.43703692832274 0.35580766533839
0.819674918706216 0.44827367001582 0.367502434106548 0.438870216433819 0.403722423592887
0.555602718087263 0.609641457131216 0.375472042688567 0.425175510859112 0.406477948444048
0.38039058574278 0.324060136010328 0.352334521965023 0.427759546330603 0.435895603686797
0.41756580769206 0.393570253999926 0.41064589555188 0.46498161352061 0.484535708448741
0.444820958364017 0.292940104157223 0.391751704743189 0.342771452318174 0.478745557512729
0.406675035348157 0.374837751974904 0.597722735537416 0.399762014086126 0.370867938720564
0.407136296209814 0.374625073369739 0.375485081534032 0.356706793087605 0.523804463582757
0.373505789963951 0.418310620820719 0.41011305134436 0.435107069631126 0.4424549922496
0.311888247718588 0.374359237593822 0.429113095207091 0.880475389976077 0.396497158402564
0.405181990364224 0.453422831940296 0.420096664692524 0.43912742846305 0.382359105378902
0.400364149690271 0.480565244016583 0.416944208790354 0.421620589576578 0.456178364596787
0.790759962390582 0.431147170982734 0.366366326082145 0.39674930189724 0.464335087851872
0.347177486995514 0.458886993550607 0.441264286159477 0.365497685518743 0.322754622115969
0.443211845285829 0.426188771276085 0.625434884307614 0.40701360235936 0.475416425520747
0.38315586484197 0.621671790372527 0.36752104594376 0.341870588863019 0.38572627363601
0.557903113008285 0.322299398484513 0.424681876403878 0.401242612636869 0.403738993445153
0.399270582526774 0.570554121430301 0.355319971972044 0.350231909004952 0.483547996470469
0.349175393390772 0.405603429085237 0.415931242753741 0.393957753657822 0.351036679212516
0.362633015659066 0.392679724942591 0.530227581417992 0.352834638593911 0.416161145855756
0.345491065294822 0.408802077887205 0.435044083079487 0.485332849589928 0.377822009042101
0.35242953280265 0.494760980358904 0.483911794722202 0.354998715857099 0.358653761701703
0.464369725195263 0.581939522841881 0.378400091061602 0.448691888757443 0.352435316064065
0.366166689528707 0.561644533712152 0.405867899359728 0.475410126604045 0.44028410239681
0.44167229589091 0.408808614081332 0.525614533860782 0.403977546798393 0.405639277083397
0.318115642026503 0.502635082175889 0.496259710245159 0.398089829573889 0.360321842772209
0.368928213114813 0.578070456018936 0.370837995986779 0.352499306430622 0.406779009260417
0.412859729470428 0.375662809847275 0.43103655774313 0.450131150309436 0.793102936494799
0.41106332021978 0.361761207614129 0.346245365907125 0.589639289127734 0.42694904573667
0.43351601572607 0.45594805845239 0.68229495335521 0.438514967292368 0.424188628205741
0.365827829756957 0.343097608346332 0.608176221499708 0.335353860980984 0.365615234927955
0.354101905949311 0.377678622404007 0.328851720285279 0.341776305971082 0.534711051851472
0.490065829843161 0.394973478080926 0.379108435369082 0.576659614005261 0.401027737595821
0.426128471228968 0.397575549459792 0.424481939036587 0.933972720518946 0.309429059425607
0.331302316114747 0.43468246008002 0.374062452168691 0.331870591466935 0.381799718902606
0.402076288020403 0.506513905463467 0.390817868718838 0.501776342864618 0.403590232783225
0.487518524905301 0.338705006053906 0.344089896169675 0.375465821970059 0.348363503026948
0.298378091196725 0.3523881824529 0.523382390998227 0.419932931881669 0.649756851464219
0.367478375447771 0.381888407194697 0.33661720757479 0.374692913786944 0.839674336530845
0.369438230531081 0.375707134438069 0.375449728134324 0.386073025326095 0.398792887387485
0.426567180137208 0.361929581706771 0.382888076953461 0.374222386855698 0.376581102099901
0.445632959107822 0.382241058130005 0.366804870529468 0.369814515868679 0.398783890655317
0.299671638536999 0.346874050839139 0.41323790753475 0.458958252536797 0.421902583509951
0.38523978097608 0.44715154377293 0.478572643145261 0.669409661709949 0.476925009664177
0.478564881359454 0.363152682812905 0.33106778086806 0.368223472028707 0.368742261327298
0.502554621048561 0.449228368352779 0.329379375931343 0.527031563029378 0.486290162550561
0.509194895816901 0.502050897655249 0.946433525237399 0.429586205062549 0.501163751448402
0.601938798377089 0.375446413769784 0.369310895896418 0.474577307909122 0.453644146441233
0.377619001960155 0.407374101295268 0.367453743177761 0.442459950082881 0.34864071280778
0.419944208859529 0.48888951812982 0.435339876900721 0.640024202933775 0.359172042012447
0.329874805328105 0.42422153816262 0.421305074085318 0.508614357893195 0.332092822710688
0.44896641308828 0.692168110185698 0.355364479443067 0.364218592289217 0.450415159874855
0.411888163855091 0.497183703076118 0.454386059949727 0.401126956805906 0.387408008221137
0.422352722412554 0.434461351548874 0.46266913357443 0.483376450915701 0.778901856028169
0.417136049374471 0.42945685395171 0.72509974786317 0.371172738255185 0.317981092439431
0.428129606059397 1.12433370562787 0.395787314973901 0.416423053508305 0.413617621086361
0.477741675628725 0.535104773759367 0.40698462647254 0.431595189615213 0.548618474514208
0.36952512793233 0.326607395293299 0.484291004126359 0.391217689931525 0.360596159159459
0.509722681525109 0.640597129276251 0.546303065557231 0.421935018104864 0.685610194009642
0.442611187584879 0.41240502384497 0.373848295530512 0.422620751717542 0.373995077713926
0.373177206104767 0.32975775490595 0.35876928216833 0.591705930687867 0.380965960572669
0.399983611294001 0.371253235707962 0.411937649675559 0.425187891496183 0.653786924948549
0.374586308499217 0.583862856926091 0.442812648228998 0.322322005625438 0.441951874060687
0.480517845619172 0.334204689063316 0.335363809122185 0.424648438809531 0.381172959932896
0.339016184508172 0.272056744950118 0.461783488565956 0.346305948405215 0.579758366300825
0.345242426236017 0.449631135017886 0.380864271264764 0.540713553138517 0.457301171224171
0.46396301548624 0.348039530681044 0.431552312080765 0.489073792659851 0.392497740199548
0.411415681531717 0.488614632631676 0.35267716141135 0.364856284240258 0.468003198061354
0.637364051530284 0.525320155635466 0.336978239336724 0.369518027443058 0.327662867989575
0.416473296248033 0.324581109783596 0.385402134716525 0.488466104146688 0.355805597062326
0.355210150653666 0.368640725828378 0.644727111190602 0.343132246673733 0.390188849103229
