0.344609850039201 0.545109267799808 0.35616217940342 0.496077767322312 0.396113477025897
0.43305390338245 0.506555711370245 0.519620044724846 0.37225437586022 0.555239984103405
0.296496007577031 0.461730430032349 0.378237133809055 0.410546637873544 0.443041575113455
0.606150856182275 0.368420739082951 0.409525782600475 0.548890447283222 0.373037531711172
0.397104104412541 0.379197306951473 0.59341209521114 0.356409881583089 0.348989390068335
0.344410660546056 0.381191086655139 0.380391703906981 0.39155620407166 0.623289975053679
0.35982884821721 0.356470753780505 0.458126618316419 0.510026801325382 0.381137324787724
0.506759609726086 0.420839889069199 0.58749404622827 0.451613524755449 0.397929334385095
0.839050828128414 0.639352619120993 0.434278328507958 0.383112544456008 0.781717355449628
0.502585241605147 0.494486765049232 0.400162464147833 0.619625459306573 0.362431631753863
0.347727777482553 0.402786338940889 0.510945526685581 0.822125329376694 0.389740334744955
0.305075584445514 0.517985936029111 0.357707287050363 0.496770142546 0.447694926763136
0.898772586389546 0.408324172744146 0.560626311007652 0.450479610655243 0.372606729750228
0.469664851407032 0.397828688605671 0.359045731668158 0.527324436886931 0.37908411906402
0.39913402176088 0.401709708660044 0.330475392176428 0.320507116167916 0.435969729781266
0.456639178313397 0.55998475987217 0.439859212797972 0.389390849227581 0.54540686726034
0.464460527210987 0.599487680644335 0.323096401901642 0.498082861620741 0.421290787564872
0.341670998803368 0.644975344533888 0.340021548888662 0.857882558212668 0.414427245470322
1.52539165353414 0.404025748543398 0.345767185707517 0.389690620105519 0.424397756841829
0.478940838531611 0.383287911520487 0.35295326392216 0.350630926505504 0.362184503580746
0.378410163570794 0.516615237629337 0.446206432067027 0.40789283638547 0.365134331617239
0.406277813552804 0.421628077074225 0.432289501690785 0.39987525734804 0.37935489751712
0.334424436716021 0.41223102781035 0.399851590388329 0.533898673267132 0.392510646731145
0.385159801843616 0.492923615375743 0.426448567583977 0.65856412301841 0.74822378351154
0.315889702457101 0.343955067356549 0.367827530645426 0.427417283280387 0.365648090028664
0.434295966413846 0.399869258796623 0.708501131727322 0.407338435009303 0.457035759335831
0.321138959516967 1.71528508874961 0.343668590901616 0.404951058341276 0.366527460658429
0.435292833494688 0.772897080327723 0.342482385480129 0.368329519993332 0.376243017880924
0.520901221471552 0.607099488282424 0.339436835437301 0.519780124029623 0.387105771033396
0.407886989039012 0.368465280972572 0.336746368505617 0.356993388757206 0.411290384687384
0.380457028502269 0.382643521575813 0.364946112300308 0.439721212175222 0.508945926767027
0.314296768695703 0.428105845319551 0.455528491682122 0.423592132614445 0.328367292234528
0.378790226097053 0.521453849891424 0.582257581324516 0.400229347499529 0.39614066516584
0.432012350870585 0.370235881933505 0.627784096770812 0.415384272797136 0.370377650759056
0.622128884307323 0.352598099014152 0.478348907961851 0.377603523130852 0.361897536151725
0.486186801224192 0.375071813739464 0.532151465724693 0.422931826966845 0.373010174088694
0.353127290784625 0.436580586714967 0.355779689951327 0.435855565777165 0.348462846164887
0.494153934584269 0.411849804665018 0.371636449567919 0.510836818264168 0.340416311542015
0.518282129530229 0.492334975918814 0.441720223387366 0.559187263780987 0.482837010985499
0.354305759229574 0.435157181716794 0.667136486491511 0.489468929469578 0.384196580905112
0.348998884555579 0.389984297132901 0.400065950758569 0.335014689183861 0.374463367786517
0.412758447950308 1.01603075877307 0.325093102904245 0.425580899485609 0.365889405487953
0.388713496897067 0.467628098745193 0.347762131345715 0.423738082122337 0.356222423817627
0.365036394471271 0.320068163579286 0.40503171651697 0.391142215488858 0.390900184423489
0.318547706067773 0.46896800465424 0.441754939639501 0.428610021181515 0.42220455073794
0.36532852882375 0.737411692275043 0.46427589396165 0.385898915609053 0.371195671587566
0.51769234224396 0.361848873696913 0.423054978840903 0.545358150440998 0.454453735820181
0.41077599485306 0.398092529229536 0.344054748268688 0.438830440937079 0.446399419696635
0.439170607000815 0.597485701568842 0.499193420922974 0.582273249853404 0.47124883202017
0.788619802679992 0.34744724248199 0.307305606750341 0.517368903739214 0.486304192663753
0.397971697666933 0.346778647161502 0.356053160633364 0.430646058987451 0.375755817673858
0.382985351097557 0.470027710023234 0.418778166109624 0.508613200520609 0.4702940834458
1.34300003813247 0.382205953210432 0.377440955832197 0.328170505282954 0.434554743203198
0.425601838007833 0.396343201117995 0.359987972478946 0.324557587808514 0.396260922043238
0.50673840840546 0.362556982805307 0.310549861802284 0.422607728137335 0.467887210316154
0.400700628937419 0.422111094644747 0.415678603935809 0.416336946219992 0.352695809651564
0.851830138592927 0.458988505152909 0.508187087376802 0.485544039215783 0.415845178433711
0.457004168637884 0.354429953383689 0.335308166501045 0.484176644087421 0.338193816769773
0.502301892464809 0.38681040129162 0.352593321889864 0.356940995879429 0.357225492477866
0.383190253613843 0.314583364181783 0.337558538438412 0.384696638420823 0.424961985421219
0.391817520533709 0.494322057930839 0.430614906865422 0.41430364592716 0.399430251838435
0.360781892929462 0.649042323960446 0.417238026111709 0.370346323301135 0.430654082623404
0.4418251564994 0.516492174219517 0.650530314069562 0.672187360618974 0.392186302628474
0.388431076791297 0.559552366089745 0.459785531728001 0.371294801607919 0.342934422416304
0.333850723870512 0.448845756786455 0.312387454801086 0.361990381044193 0.505595774315806
0.399519176914216 0.379074421794154 0.464089697203946 0.391540178833673 0.388938171946656
0.332413901472065 1.13204463116478 0.600872157894908 0.453838888765841 0.343169920160972
0.381331345659932 0.757251385093387 0.331589132084029 0.382664971755058 0.351289007323867
0.35237818748055 0.386856867532324 0.342241203154009 0.355235151439572 0.46994851300374
0.421443627872705 0.479221660591985 0.332649811889557 0.389996546773013 0.445528646244232
0.337229358454768 0.334821220050968 0.481759677452925 0.401604467827848 0.555058992177362
0.451728174564794 0.411559378376303 0.867589904649643 0.691477985435832 0.387018193507223
0.424941424015763 0.427228554878038 0.433696470504688 0.546310028957459 0.407198224696665
0.372391454131818 0.406064305468436 0.352730801852896 0.377954957994786 0.541341268307867
0.575378993506227 0.529862715496407 0.424115060511612 0.595304895410464 0.292507775415548
0.434807298284615 0.352723496302803 0.502853747745138 0.632897093617425 0.558303462646492
0.474164281890439 0.545646437943742 0.441444252730569 0.36322649763325 0.371813606816225
0.343252578121698 0.391681074831661 0.42139495201528 0.475515086621965 0.349969551211698
0.303328662962104 0.397769866187379 0.699339556948311 0.464319927815923 0.378709336385886
0.378085055815916 0.463286797630698 0.621182286418767 0.376059019843208 0.324300845929132
0.331815164978798 0.437121138930256 0.517446506357075 0.391435276704555 0.321399472727898
0.476184219327689 0.396698906952903 0.379809091807364 0.422012633085678 0.390649655779159
0.403535344403717 0.364182879498268 0.35735871188981 0.403919761016132 0.32051669225041
0.436780522794467 0.469659974963789 0.483392330126826 0.562022781991313 1.24594835766416
0.46694003976323 0.511533903367167 0.443634820464907 0.39603322949661 0.487603490281699
0.398583328392635 0.45587334463362 0.358706196527259 0.406548245233292 0.313369048298713
0.39148403708053 0.418475820301475 0.558012704062541 0.454970409897157 0.400064544016427
0.351702340130082 0.428627026994268 0.367639154963749 0.404420088614562 0.359361108681059
0.31624210748315 0.371608448102738 0.376314222805506 0.458798614031778 0.445833756213746
0.547759792240164 0.437498528991014 0.40436289344302 0.358059648260307 0.559865400963154
0.376511382372406 0.34483909432403 0.400236845384085 0.500495019303955 0.339218584549707
0.402002712818569 0.500587982154569 0.477815865496463 0.494816647815623 0.401684309755689
0.354374935040601 0.374699813714388 0.586307446817686 0.36035343445604 0.553608548536601
0.642493992470646 0.376914012371329 0.561252510336419 0.39263983501401 0.471539122268251
0.441030122636871 0.361115499441961 0.457805316497467 0.456199604121117 0.362400757047591
0.308818615166223 0.469705989614127 0.384770333837498 0.492212718106079 0.383895235867217
0.55626109360639 0.755012812145594 0.541169952101666 0.478299044398963 0.503374596679495
0.336937497470901 0.405126223187256 0.43950128450826 0.450743048403897 0.300854526760944
0.357296429055744 0.440590987165282 0.397994893171567 0.410200875659584 0.35944312985329
0.460719897483624 0.578298543682136 0.610867162182186 0.539228953801207 0.409263025168838
0.384410488438457 0.447749740926146 0.360565601645419 0.434490358308653 0.54600123653121
1.2560667116104 0.343611551953769 0.318102346913003 0.40384399071083 0.450467478483736
0.370862186037729 0.379335304113663 0.327310084446639 0.340668015710171 0.469131750160602
0.416098275128876 0.448778872228657 0.359132370887657 0.623287284059333 0.417091129666311
0.479102849612284 0.441081315639247 0.367695128154354 0.460254540860737 0.459456819602182
0.394097091596054 0.363509743233843 0.512944377998467 0.391158006392368 0.365707056002086
0.403333359529688 0.345630606265252 0.418940686001128 0.347122930304696 0.423977170243127
0.340371081259111 0.341127286000289 0.46300489129582 0.410802182702503 0.376780451474449
0.400050402688275 0.491468011905204 0.379601985152132 0.402821063367549 0.385388825943647
0.417814774430785 0.436295900414288 0.402599844122451 0.515225070392448 0.384207129447698
0.325252745588797 0.445259608933095 0.867447586146051 0.585687373246889 0.41770631708694
0.362689095674465 0.344947127392956 0.385307156659674 0.523410204459659 0.412779882297255
0.314342513340949 0.32913014223846 0.362352649901511 0.358989412847134 0.451310604840532
0.442321819461013 0.427823532704366 0.372458383466944 0.373435790468492 0.364644757422957
0.338329840706536 0.367222988187508 0.331528040778246 0.598936685100274 0.341355945455365
0.328157359813889 0.494163521366915 0.358431934565114 0.386999516672659 0.324359620899876
0.299906166823655 0.60394914721644 0.364325056348088 0.592356179997241 0.360754132052702
0.375942158301362 0.382952622420286 0.459065489409603 0.512381708053761 0.464811078873079
0.32824588749355 0.560293967468723 0.390478799150133 0.49490354051504 0.37873383113897
0.320010176582858 0.37918951886179 0.639487473105954 0.441556496867043 0.377215403075053
0.336402507355779 0.667262253791596 0.339932289626412 0.376327095906082 0.418044607690942
0.372151461679952 0.471051961061593 0.464928023036893 0.408057864001521 0.674214032807842
0.35149479851796 0.370655057897703 0.335907842303924 0.394865970967614 0.397340895577984
0.403988402604373 0.512984370599782 0.347679238723957 0.471753502577378 0.382092051407211
0.38149905982607 0.386395842235043 0.422328908559872 0.420344437779617 0.383024468614746
0.378328898888365 0.323507323582368 0.488335622807276 0.595203644476887 0.374838785163103
0.416022918264204 0.515107842226213 0.444574387487962 0.398121616821385 0.340730902935747
0.459494255103937 0.469123698628568 0.514831600443006 0.371015083688894 0.353428942345109
0.433877022212094 0.359781475992223 0.374966381870531 0.491303325287502 0.417695961952282
0.372835492799467 0.579274111872857 0.34658177156055 0.348627636739316 0.337392703632213
0.339584173295949 0.543404732056969 0.394677704609071 0.423904587889946 0.345938629606877
0.422842734325779 0.3681071780466 0.439648157626702 0.357037375100357 0.565536295319336
0.344316290259794 0.412118988087119 0.36748214762872 0.344575978049681 0.334811919592718
0.327986561403852 0.544460876765213 0.373754328612663 0.394527170857606 0.424500145649079
0.454778350975878 0.406592426914485 0.422591281454048 0.348393058889109 0.432075549339905
0.489713607556152 0.423054533602395 0.498754698264093 0.443013515393792 0.473518847960848
0.366477557068506 0.343555618136149 0.417393050320061 0.423373581538623 0.391358212144918
0.471285570661399 0.468845488301107 0.373287856180881 0.518809675596225 0.432064525358299
0.433024518101605 0.422820367565059 0.411790892423794 0.526920786570544 0.578405057623192
0.479107512393575 0.447080529748404 0.480501750033003 0.370354278900685 0.374573084814272
0.714141661125701 0.444081986792909 0.41515769470357 0.602375347369968 0.367574019501178
0.426339500202024 0.391451422029684 0.404599245051182 0.398457874155986 0.374070323025372
0.519566940013471 0.438495774931575 0.371388358173111 0.354415963203265 1.32926796405934
0.376785247317954 0.369967919398677 0.503226516999076 0.368385221147708 0.4043190143389
0.679442450573869 0.341058002340577 0.526105376235465 0.420582414064407 0.523922778052598
0.543852518794395 0.561802274585282 0.434992860460205 0.398096521597139 0.386484889796665
0.876350483416818 0.389192341237717 0.396315048686416 0.350695811316204 0.387280404300115
0.609846273692217 0.38035642242796 0.376531027223763 0.446313665928879 0.451098158496632
0.434348247010046 0.345920362233026 0.469721581966165 0.391573911952981 0.427580997072333
0.497079270090074 0.389049766708457 0.379010740385397 0.415841033842801 0.355305529533386
0.398683024697714 0.435245438698899 0.387690470372438 0.540555858347474 0.450380461121632
0.635228650838397 0.482117181414362 0.354049144043644 0.387279789882443 0.392096414248564
0.494461585024992 0.448766441243559 0.540164381075786 0.532391203783739 0.430427780604083
0.406813939802694 0.998438672075834 0.324808566501814 0.443680118715257 0.369738699038424
0.314994856879727 0.366562498979475 0.329892193218849 0.392407363213027 0.436064375960458
0.592706621942284 0.581646110523971 0.456394305848711 0.477274784974848 0.335870367483055
0.407975722781765 0.386487617565503 0.329417517097586 0.487316625078297 0.355730632169302
0.358725266741808 0.817141968902337 0.496792672048894 0.370624589828325 0.342274149547662
0.452286954401921 0.443166509194867 0.407793007589326 0.390800875654696 0.391381664004991
0.373234371127017 0.306540710196666 0.371165259769404 0.384505636530358 0.832907885880965
0.683729326693619 0.413163248840883 0.560722729481492 0.422399408036891 0.408403645201308
0.882224397077655 0.38627576977013 0.399426634232974 0.370064045373004 0.373655359886725
0.317133963216193 0.378797416120287 0.328530175199104 0.339704108904048 0.482743591550022
0.495145090965546 0.381718266518442 0.840927565611076 0.456055816474364 0.451781928155699
0.531274590567003 0.45638226183772 0.364028437998304 0.69463493778115 0.331716363010785
0.332738492943544 0.340164705323278 0.337388385671588 0.454556599799092 0.74176668856094
0.502063260329417 0.463804939186329 0.451713114746581 0.383869395028112 0.488855849274356
0.397626240798072 0.363179098864874 0.377893703191193 1.00897738470131 0.428504807931171
0.33766599197149 0.377831013081573 0.417679871041441 0.432682417639999 0.621320048496064
0.359084887320842 0.624134274239503 0.425338462664707 0.391801392788339 0.360928246012101
0.686277910550306 0.421161367557505 0.383145437934722 0.599547925158307 0.381902735899912
0.425686100614614 0.374250234335955 0.421517406460243 0.427879907902809 0.616385327345
0.403085535298716 0.349128790148899 0.573225486989051 0.544303058029298 0.486223147773747
0.336308846532655 0.387968796384835 0.484447250139556 0.36744801081394 0.594895050786049
0.326392464824173 0.36114909366273 0.575091629661377 0.403125401869361 0.734934635745511
0.330416946242268 0.330756043039866 0.323297595303452 0.478354696478564 0.483048610163031
0.315984798145299 0.401030125703439 0.331001115298515 0.346930793467224 0.436258785464184
0.347923633696059 0.797681230024987 0.397919477928666 0.430344437108162 0.434706212857126
0.382510166806783 0.341569803744583 0.384433391260061 0.348569521554713 0.55581674922739
0.405089755023826 0.492866377705937 0.4295693314167 0.34463532367484 0.363468108311562
0.398260178543727 0.371328553847166 0.413966114969006 0.638893128191408 0.388574842704606
0.451254528458093 0.349638863079628 0.339084954238627 0.816623403535036 0.390832676437224
0.413339362793137 0.464274688496982 0.331974038550254 0.413541499105302 0.406979087436163
0.335369829802234 0.997745602983384 0.345259670251314 0.314753383428534 0.30641952251312
0.448239029547782 0.413205662649038 0.3741704916428 0.563062230424406 0.576759452625707
0.440356065327855 0.353706430537251 0.576056471939813 0.399061805460778 0.353889862392115
0.440805096035811 0.365657679802268 0.364301005126405 0.410124351885647 0.587867744315857
0.321699320897165 0.408579512580583 0.392736177644592 0.356341373736012 0.367850817668614
0.580041862093719 0.46645598984029 0.384021416622034 0.371503267835 0.442933405875643
0.328200383419091 0.367321425972316 0.986032110091871 0.367674957095074 0.507428765919701
0.295611105079152 0.372513023662271 0.345092195753277 0.346374705978397 0.49200009626979
0.412427909952424 1.22164507560019 0.406906384863493 0.400362711261199 0.398934325776834
0.285559618044495 0.597908953763656 0.415117139715712 0.396375140842049 0.399839257014682
0.357371700097088 0.403567988687946 0.662187467577713 0.353440197825648 0.300246310955628
0.443117288036491 0.622723364076776 0.323176512492597 0.486000453971256 0.996025145884926
0.485502314978867 0.39595079984405 0.434263493032242 0.391440648122714 0.387390788045474
0.325492154571865 0.390821948260641 0.407030969739846 0.473094736315132 0.395990526571868
0.377661204264643 0.392550466386338 0.632652705116765 0.334239368073348 1.34732012737395
0.331612115963793 0.469028024702809 0.491657497707993 0.698495308587658 0.403056222595586
0.47164461208572 0.279859231031203 0.414766881347668 0.667727168616798 0.439792850637501
0.406127521814846 0.387978872135822 0.533978944896464 0.34379459128921 0.368531788284467
0.34204131906558 0.377739023382726 0.402369094306379 0.785088219042203 0.493816819730497
0.368937206170191 0.419752290304289 0.501456194152081 0.440974311692331 0.381892962066224
0.335267097783128 0.394717366591342 0.522044285921318 0.45280909022358 0.506288909634308
0.438881426330167 0.357808369061653 0.474115408148978 0.448702679295765 0.681674272894559
0.448578615077884 0.378292507052026 0.361614003337186 0.36783457429856 0.432582196264176
0.298278720849184 0.476458026262326 0.466586276889285 0.482364806445604 0.407252734594197
0.40854539692589 0.352472407314485 0.299912080784991 0.350681376038286 0.352636605792639
0.426819331567912 0.371559515845796 0.567054617295977 0.325092639817507 0.431228790624659
0.345896558688648 0.40711738601405 0.301809006004597 0.483645965182108 0.322568361802355
0.365667488879234 0.376524499066559 0.512073882913595 0.440595581156459 0.481279162348131
0.388571680168779 0.320670628417371 0.38652750486826 0.39578454515324 0.62369814763164
0.653647141257154 0.657912624797121 0.431262889238306 0.317232369336216 0.332504855822975
0.33666572987757 0.344612655399892 0.493281539283065 0.664622922962827 0.444014574799861
0.849948814514801 0.372496010059895 0.489898446832497 0.451798119488061 0.344841135483162
0.663171157518757 0.578283817505093 0.416413475803597 0.450494069311311 0.356609254268419
0.343883716278037 0.405335821745543 0.376663640386907 0.38309073173223 0.664282947386273
0.69368039288741 0.518293980992135 0.410601059936051 0.468929758084683 0.542901177058145
0.340873690724339 0.424564441670301 0.686421744855438 0.359705127187421 0.421280470101368
0.343638810275919 0.442702452315355 0.376451402417305 0.416465627351367 0.388261895404913
0.475529586762685 0.294958606901646 0.40809580821337 0.346052691595242 0.388222367818235
0.39571755294888 0.382095380123951 0.427109309238973 1.03722991611651 0.66699906127179
0.314964643616551 0.409696993368779 0.383929636332747 0.414780559789753 0.391351249161123
0.353701256844553 0.488254037018723 0.465377279191755 0.476090510757445 0.495149268008513
0.338156441162755 0.42822242858522 0.35797714609703 0.391351701282568 0.321238204091023
0.540681798629347 0.44952705303074 0.428192193001217 0.387139908470718 0.542476386507051
0.464678439711921 0.548656638276891 0.418364107588408 0.358875054082882 0.399872517878963
0.429703559679597 0.386527988243643 0.454569542505456 0.44523484377933 0.735250388606813
0.349095419868665 0.491039294185182 0.453484544990719 0.507474836480826 0.370333137447412
0.511827632075829 0.335806400095093 0.381481002989978 0.38566995538308 0.377769386860586
0.378363506723438 0.342679023300098 0.376852764384218 0.56447528225266 0.384885136331796
0.312699309626605 0.342154368005597 0.598619615363871 0.396467665626445 0.320560524901574
0.427079258731457 0.372553341420479 0.374845833164277 0.965402396610412 0.705188503990216
0.344350202772425 0.586927772619437 0.437376584815078 0.369540155362158 0.440533153570586
0.444796256210105 0.44326594979696 0.54015621444031 0.779703024380144 0.536704880571971
0.357378036343632 0.349888017104767 0.419165736975007 0.57869044340053 0.370328116098914
0.394779180649264 0.346382237608655 0.403410808949662 0.376798134513855 0.352223181120812
0.449763638908931 0.452472896651199 0.578250939330646 0.380997510954526 0.47397768437756
0.371601937887607 0.407351574331944 0.372921025583644 0.67757947078271 0.298607396399899
0.418021972863081 0.375660994712136 0.366622156368408 0.5573364432512 0.414488275884078
0.357577386142719 0.483889803375118 0.352779970073608 0.350248984625273 0.960503939781872
0.407411941467676 0.771392941567112 0.386085504980806 0.514817228849052 0.569887369694677
0.385589910313898 0.362622003016809 0.462692766748866 0.4494201402186 0.432822331458598
0.53937904326966 0.417681204828058 0.463458538964629 0.387678239754226 0.419587457605018
0.376935551211476 0.436071578023752 0.58441878099874 0.544899123224582 0.474086779038095
0.338085400718338 0.487861297569326 0.350576302869593 0.346048604222226 0.384619037693025
0.439503300913486 0.508328395212012 0.329819923539158 0.36037215355153 0.362495460746786
0.485851176165653 0.389930399512963 0.357412560687954 0.465906923643632 0.327602815332944
0.326772007676237 0.377301082958389 0.477488739347749 0.489214540732051 0.504349904124911
0.440706239401054 0.660008927650491 0.478230045874906 0.342651444638359 0.423148465854321
0.395931725982798 0.368146784303717 0.331610848007578 0.612818355623852 0.37261782045488
0.380557841387048 0.423684725866806 0.479074960631256 0.443301115547876 0.354618580986666
0.677049822423664 0.556312725869162 0.40269706777291 0.477809860324283 0.510572583326947
0.463380713077987 0.366426774767465 0.332349375998068 0.334312797779843 0.448923962630551
0.328956126257458 0.349524772431808 0.357042831325868 0.357060047326963 0.471133504650146
0.410203336417526 0.291941562338011 0.36444895113948 0.403986572512894 0.542841382832897
0.434295351550317 0.342779663672304 0.34576884764621 0.621258649654461 0.344623035151776
0.403487097328098 0.724273667032763 0.558757849166169 0.37798572055809 0.402020350266744
0.341866165210019 0.516489149740424 0.44243712093565 0.474645673326783 0.390573049004268
0.583910447802307 0.479186866072565 0.433444831005983 0.765387739936765 0.457486996539934
0.325209867504311 0.372490846699027 0.40140345830027 0.438537424420003 0.424951058442288
0.316048993473602 0.996680408407362 0.387154772380953 0.396048975477609 0.400409028113017
0.595917125497635 0.438983908882119 0.356430008801061 0.452730989502028 0.3660910921438
0.363300998609978 0.459461767673411 0.439272756717924 0.361938961926706 0.483439199651215
0.446905211978238 0.474598890534422 0.6970109042011 0.523061107092374 0.435441200778065
0.420912664693377 1.70098892100806 0.389662407405568 0.44484053020946 0.368536231674625
0.357577265110922 1.22588735677059 0.336732054447954 0.407283596271326 0.36814435233819
0.589019192823115 0.377615538400548 0.388263392687732 0.481039841620576 0.538453721462337
0.354211320520316 0.510294431878561 0.332982764912609 0.455262861973531 0.433758615861397
0.4064503407183 0.588408868608829 0.45832634957786 0.320417302872378 0.360799228722046
0.368598582267339 0.339162333858541 0.435882651936587 0.461393202016673 0.367653058619497
0.351566640519236 0.504847834413962 0.51825221108557 0.374036423117421 0.420748638463011
0.357019026132291 0.551232267814957 0.369266003124008 0.434442618221959 0.395429242628622
0.489254692339299 0.414833046360334 0.411144481475772 0.415936230545737 0.354938650412268
0.331209948487605 0.36480396541798 0.527966198440672 0.439776287843083 0.593926380117754
0.419114534620737 0.391042954134371 0.571227631611355 0.446091122660543 0.355195130109899
0.341134569495551 0.389002205871987 0.369688397061402 0.551313122337805 0.395308373631051
0.459051376130952 0.466549596062958 0.534284246676081 0.646660403001505 0.356150414632858
0.396473262135315 0.454170411097734 0.344149518275085 0.414248094354901 0.890077713551582
0.521931241329539 0.367052401990907 0.458719396032778 0.453386108101808 0.474534960784464
0.37355527737227 0.405389801044545 0.419423082334415 0.412449748301008 0.282594178498232
0.366194913417916 0.373866354732666 0.512347610207076 0.378797396844797 0.422446358974062
0.499482992962049 0.477504918621876 0.357085485009423 0.526098410298453 0.386838404077557
0.389872077189683 0.477820991995869 0.609849007007383 0.373159230435741 0.40923015720975
0.364690038669363 0.369427860913124 0.569482831244034 0.485439868425593 0.397334460336176
0.344425245189443 0.512688092133233 0.453868376096198 0.451301511547768 0.699478015793198
0.359250826286001 0.427378052034838 0.404127165393431 0.426755194569915 0.619586046684459
0.581580352037696 0.546677574138674 0.380009169069105 0.352034621499474 0.37735102568745
0.404646867315975 0.346399442776767 0.50773071509397 0.364870384707912 0.58734784383906
0.358309149633985 0.393164267432343 0.604268543690088 0.466688149583331 0.355486139255406
0.564414009579958 0.654428074256062 0.385146284922868 0.608641679397893 0.420744901995319
0.417032887874703 0.397431654125846 0.431746966409597 0.557042580500455 0.409212159040359
0.412377829501297 0.437481618470492 0.385675629417307 1.07675353300089 0.431024238438742
0.351647225972306 0.307020246437086 0.416138285097943 0.3242690038625 0.322956830571073
0.319713791763839 0.469999190766473 0.395720284783714 0.407739765751423 0.478754563644316
0.387179218665704 0.349854639774784 0.523625043314561 0.477882667079804 0.356653379567853
0.341019736568031 0.472490977391301 0.386690289455547 0.455969544476926 0.751107613650123
0.354659806558151 0.391986285381243 0.378851210950974 0.632003609242756 0.429411195960534
0.393425226734499 0.404553253166402 0.414942603762427 0.367839009120029 0.362898725486154
0.347075069577954 0.355783397812331 0.614365948099696 0.341097724774306 0.349159197216106
0.420551998911522 0.379960726675828 0.444670771807488 0.388006075249206 0.412001983316377
0.401450847298962 0.344321093335756 0.435510736073058 0.4426587374929 0.371403269602654
0.3965121993553 0.388863133912625 0.392449172843954 0.410621811889268 0.368403973393437
0.34456548853163 0.450528530392051 0.472609923266717 0.363793783350441 0.512060260443651
0.455441230666681 0.403802815402192 0.454170683144314 0.459278502457158 0.345491711304073
0.352533855937942 0.342034639765158 0.334131840374896 0.419773090570894 0.430848063088071
0.435217395926268 0.397862056869716 0.389315554904225 0.398789220498111 0.326053468675744
0.442225046734082 0.364643819198674 0.365075172740149 0.596730898438492 0.34421028144019
0.451211009391163 0.49467565992304 0.353433763679815 0.384317490974578 0.302387357878894
0.36732990508207 0.438661142650241 0.325660919957232 0.428357119334318 0.386904343545508
0.405524184447814 0.364318224893528 0.401573663496209 0.448970379583666 0.332957570935649
0.58402437273072 0.465619415815466 0.389627774480734 0.39307411742009 0.434928742866994
0.413596149503589 0.399405436398086 0.501862897851904 0.318987523752098 0.422377043513574
0.353432868146856 0.536123206673607 0.357833379230246 0.427366305371741 0.468664366103066
0.350322459530839 0.581117974209829 0.32970672299625 0.355810328109455 0.592147127328047
0.520149098607411 0.61451927624991 0.527146047934899 0.472120062532279 0.752264384015875
0.453215563605085 0.332352546442261 0.472059317378654 0.619880656553759 0.429644061673925
0.343970599939102 0.455196037507501 0.342424316955004 0.449502749222248 0.4043069979888
0.323565245163 0.458109760808838 0.327123093810565 0.393436834788912 0.313046228275474
0.394548601676497 0.494663683979659 0.496246508225522 0.474050961921729 0.376159518450088
0.544812493313717 0.483814393009927 0.422982667035976 0.353654269833877 0.310311289122589
0.358199417267217 0.409932412098783 0.593666083831324 0.362379453870151 0.751764248188551
0.344284605274441 0.349848398781542 0.324723101929702 0.398140526501026 0.452956477277946
0.43567538784757 0.322102656966004 0.354897510942979 0.331040939645073 0.43146256675085
0.513076962127325 0.471047501782176 0.576162715795704 0.389762954150585 0.383245237410511
0.421896202231842 0.520705081496636 0.517644910438534 0.508170360903954 0.587180065528889
0.379712079535812 0.579709381758253 0.364046322267535 0.347611730801998 0.401430797706397
0.333821961896058 0.338890683323083 0.375546355366272 0.455386567138861 0.439185621429917
0.533437657946288 0.65608238801562 0.406347087278368 0.561824783564525 0.398446095719152
0.400081245386492 0.639285659060716 0.403045590258913 0.333833536989506 0.385728872983781
0.343375804297502 0.460041899873897 0.344162328506372 0.504925261678417 0.349691302296182
0.467174494906402 0.530438682499523 0.358300626431577 0.333615966752345 0.301764278839358
0.548086406564281 0.61196393083885 0.656940820228178 0.625425997115289 0.560294701511574
0.393264857852678 0.369069555738165 0.397118845211956 0.468223696374242 0.379329417313876
0.366714004028125 0.411384539746848 0.490350255494481 0.380917513696913 0.51017155395793
0.375345995087026 0.418101446160302 0.360186258040358 0.430264862465329 0.393176268421817
0.430012741229829 0.395852662569827 0.415325306348218 0.485811648959154 0.376184090413115
0.440848589243606 0.420441345706764 0.456830172118733 0.552499017468122 0.490096462558445
0.394175828184494 0.392688929538083 0.380808594974479 0.394208433495336 0.366043889084426
0.444804698800499 0.404837083712081 0.505529339908783 0.424374402507643 0.402210849596674
0.427962817116586 0.66109711288964 0.354432668971182 0.514025258314694 0.352359687493935
0.393230469233684 0.420012091985554 0.377128918678715 0.373633666071593 0.373122267858337
0.326308653142247 0.468668474519937 0.410246418959381 0.465679309136066 0.461172509325048
0.357593317039936 0.89508479365049 0.410741418356666 0.382383369523167 0.375280789325508
0.399159432982286 0.678541948637032 0.41938076044001 0.512673189798478 0.384802250896118
0.388763751759102 0.562119953090733 0.303813394631557 0.484050697319421 0.521297657811942
0.477995094002887 0.348455105276509 0.391934822267924 0.450958738831169 0.424009884259818
0.467516801831765 0.390772212254351 0.411720847201796 0.402686579059271 0.368623196539136
0.548030759186474 0.360331837530017 0.355927843290182 0.558612873250772 0.366854629561604
0.367612093960898 0.483384511084101 0.405532299881942 0.371456375701029 0.41716452209408
0.458243860328301 0.399770106832348 0.42394405281227 0.379481110622989 0.330969424250304
0.379720193664705 0.436019356523705 0.415576218598375 0.36557104631545 0.377710891386703
0.328977110691792 0.373676021746206 0.401675744251343 0.630042745865422 0.341547533988642
0.692017290575523 0.364466223832982 0.322179696553167 0.383820298554618 0.450206755816686
0.372816557040151 0.427017404142114 0.371656415582443 0.606736792917172 0.642644654475118
0.381827344991105 0.38753748134016 0.335152659364773 0.453219993043945 0.586629262976589
0.46047632629379 0.474476172332501 0.395655596572879 0.388264050797342 0.468242767580843
0.324671962622498 0.566263039376282 0.444330081723388 0.50896141327057 0.379496196673921
0.334459012854472 0.568302312774126 0.369551215846089 0.385882300660154 0.509916990476613
0.440059057515236 0.447145744648192 0.378695103020736 0.537526153796806 0.419908584050354
0.412756238045023 0.326734502197175 0.41942290282742 0.476822986669085 0.402335962772604
0.453576341772331 0.455927780109668 0.441652768418941 0.481501786922111 0.476667528529152
0.33408011615826 0.40910690968264 0.320722550598663 0.495340892994915 0.403730519200206
0.32275592365872 0.364892690295898 0.407195431340125 0.403489997180338 0.376233031541733
0.469910181138658 0.473790314944628 0.398436971469718 0.640555922932194 0.376894003757099
0.546185822667013 0.355363522159432 0.421848365848857 0.391969600870289 0.387371857774874
0.418458299816977 0.41771300547156 0.423749406065314 0.511323274014445 0.378727755974694
0.345362862355116 0.473349767508193 0.337941026536722 0.349472789862299 0.35799361612755
0.317807350342764 0.354065082572895 1.15133888446962 0.394198482789581 0.43265708144094
0.454742268531171 0.555859461670953 0.355869536585579 0.378432730301688 0.339785245226388
0.334560830803369 0.401439052054802 0.364007141773902 0.380843949878188 0.39683890271335
0.534796051358746 0.335207758687687 0.327533406390146 0.416788301351721 0.357261038184132
0.449629738505819 0.38130094697998 0.487165070703925 0.348210440308181 0.577095296633404
0.392436525243842 0.334738181130489 0.34221181640261 0.410051060160641 0.353404619262976
0.409266506350512 0.388980190162993 0.357928402443611 0.431334396575453 1.0735156838357
0.435330316200483 0.382142351908049 0.354841018965537 0.447452351049783 0.430854301868905
0.429463415954129 0.406837602047869 0.383631867292013 0.358200877719589 0.367236587845394
0.409574498038608 0.429289738303838 0.559677549945086 0.434382939590221 0.503324258007738
0.403710058502309 0.411801357536165 0.373195507128575 0.475680979264784 0.423997778236597
0.35659778822003 0.532553778173838 0.392684927438046 0.394416863508639 0.403920036257061
0.347707618486108 0.378277984524135 0.441253459202085 0.386283988462829 0.33748961320036
0.302646786011845 0.37532480858175 0.459593031033996 0.387784297303489 0.421209370543151
0.367221801916949 0.410532382681503 0.38056994174042 0.384011945007977 0.437984260463577
0.37631815205276 0.585010436948923 0.330933929396051 0.504981654965734 0.386371995832111
0.32344993817655 0.385743882341235 0.739559229831834 0.368943941143136 0.449175831301034
0.32906432151029 0.514855414206893 0.450307252523376 0.446126389622809 0.468760803164163
0.355347719064294 0.377374927652493 0.371736432456854 0.565730687280747 0.340021729117191
0.375305697760403 0.335864794141594 0.427978876130949 0.367817246236546 0.33597901477645
0.534137893880975 0.395970378504678 0.355341164907833 0.432106455514059 0.425234208100289
0.294626531037988 0.598094227489149 0.481873317497886 0.405734955029175 0.381842008891208
0.453485634919294 0.421774854867468 0.554022866783948 0.395030185316147 0.328101408712973
0.393982520442565 0.425562246738661 0.408820493508716 0.460641954088053 0.486362270351238
0.371543581603891 0.333206252092721 0.492927559630574 0.573953611265458 0.629314214692993
0.449459533971573 0.340039578344222 0.300441284522621 0.648128123218225 0.394538454188624
0.412369132424296 0.483534894094376 0.571565896762481 0.679473507442135 0.373659860700975
0.331839523235542 0.351394879031293 0.442617336125838 0.678510354870512 0.427386263123344
0.421005197694504 0.383813969919327 0.425998616501409 0.436716410942224 0.338456515370252
0.350474196819978 0.29767559225207 0.386528897419265 0.769323899687977 0.380135729411367
0.389628998518436 0.545961945569517 0.392365431449212 0.372597953575413 0.347222376558492
0.442515918499123 0.382888870190534 0.492870081038329 0.361345546250877 0.360467850010512
0.380781227712644 0.331014555151799 0.325633136509317 0.360036068129313 0.53957868177032
0.384261998924339 0.337345002628166 0.621267467405334 0.37623570140393 0.598112847582217
0.437616381312069 0.716921631808414 0.421046419383915 0.422416619079412 0.532189607322656
0.339934950282716 0.463711648669427 0.455170099344871 0.413035969703496 0.385898949472962
0.576288692818356 0.419355417562308 0.364033615936204 0.422013634887153 0.406829808131674
0.368527004300858 0.733229797870815 0.398457360370952 0.408336362099358 0.574073015121591
0.452136100209673 0.41573850007666 0.511477973828761 0.446387077839713 0.449067723163134
0.36885187442529 0.422473124072247 0.409156884911533 0.493876353910335 0.446665822846834
0.326812325560262 0.460495880569148 0.378283385735317 0.358430575551422 0.445275282087097
0.342191007818551 0.651085906980289 0.346651444312947 0.336096535699472 0.433880692382625
0.35924187063153 0.389340890002228 0.322409523696696 0.563065438790043 0.40624521903616
0.296778236182258 0.489563585749766 0.334138193158858 0.397671816036728 0.717618473785587
0.472738869098956 0.456465418974299 0.350647058228427 0.360139744793291 0.341627713047243
0.484769348414365 0.582709535269698 0.609810458312058 0.434559145373341 0.429855687177574
0.426762685477407 0.353833313518395 0.505341985196169 0.717576621710038 0.377198877561688
0.434440703203585 0.569659395509918 0.370689263393131 0.554255518668948 0.368728733639509
0.50078843240028 0.481107499190455 0.377482303452956 0.669277802250349 0.359597836288241
0.366434777541751 0.372360578071908 0.553776145739119 0.328022845620036 0.441556475329552
0.512826124887592 0.431587599890854 0.437851470210715 0.422614199056544 0.54933853990919
0.614097800397184 0.350562653433617 0.317523195162757 0.449008032048138 0.375237426268111
0.437916801409905 0.33325725221244 0.508735609957361 0.500295871364631 0.501581557140509
0.288694103667658 0.424086443156991 1.6320862813561 0.367531436303764 0.351338410922562
0.350460426701949 0.34611881835805 0.368299992868559 0.380201340765394 0.619309924187867
0.281921977859702 0.326209983022482 0.462216226497212 0.335835926684494 0.438703847066871
0.318289445003542 0.426134042433849 0.338935822517602 0.424862644563826 0.349751605095341
0.368545188421513 0.700561769017294 0.446683415975796 0.411220663866412 0.344891820152735
0.396716976865112 0.412519996051805 0.401553352404879 0.49849193027137 0.843531668510346
0.442166304302298 0.320961387985611 0.392635700986949 0.436963822060372 0.454957058935286
0.362897779766329 0.432633896220544 0.371353484453015 0.455873231200472 0.330359624540927
0.574092867428564 0.378759256667141 0.345067907707252 0.343318928898363 0.440143320803996
0.405685046378894 0.420748058107234 0.36977014521949 0.322618878987587 0.421812792407546
0.411855413775976 0.339384931206909 0.400838506075244 0.347257897345085 0.454865117858146
0.61520989564541 0.369279006665317 0.388373530112857 0.391665396216763 0.384941711912932
0.631093841513344 0.560075753697946 0.516977775945986 0.548529846409324 0.539066999944112
0.975902423123441 0.387757950339736 0.352021631252843 0.640498599820723 0.471892111809893
0.332160413586988 0.382997522880789 0.405662475413279 0.376912542775946 0.40116766078971
0.353333240380174 0.404471114131941 0.370020769275175 0.852354032015244 0.512560122125665
0.385028369952945 0.479246493321661 0.879738906689964 0.454153548445048 0.404607326670862
0.371747997572083 0.343052468872968 0.451816941582597 0.453073988938514 0.346137317393385
0.43732064002378 0.377939655832206 0.372593248302661 1.00348920789209 0.403071011433854
0.479798660405842 0.38603307227027 0.290544732172342 0.347024419576827 0.481615659603782
0.322764145020559 0.420873903647869 0.467142916250032 0.388262394935061 0.397446156036629
0.35628434507957 0.479754215223706 0.447602538208312 0.861134797650229 0.423475204554382
0.350622652167628 0.369694223275985 0.384176611880586 0.567485749058027 0.373506731418751
0.394262604661977 0.403261577920075 0.377651282173825 0.387764125508786 0.365836606061575
0.420361046467402 0.758078375908103 0.379741898082841 0.381440669210794 0.408383874104377
0.311984963986532 0.312125410631941 0.382897333521728 0.353873329238024 0.483072092731904
0.409783325583103 0.37709817600307 0.407820116436291 0.371732622781071 0.348022026170511
0.337816428858339 0.431668281661076 0.336755383263969 0.518018514628937 0.361359380734515
0.346959776375939 0.311655279554079 0.420918196418533 0.437677910634502 0.522048928625939
0.348668570080625 0.414258325051531 0.375200247102449 0.370016226285039 0.345150593979783
0.361813506575551 0.379233646306159 0.822976433640665 0.386136270691882 0.335893207792177
0.469485315142926 0.425921820398778 0.406077307226539 0.3913442362722 0.367229674067038
0.433478977390382 0.429303186132981 0.518751658214624 0.388385886411007 0.452465049400187
0.407581844601619 0.6305857667082 0.603043104068188 0.339752810444029 0.340948728790517
0.449339058440563 0.7797875513953 0.409425655058141 1.10931558309688 0.459338940350308
0.472556309421231 0.435334234674554 0.349384025791924 0.42909546119528 0.497953064060527
0.383271775693521 0.454426533847287 0.540719319241544 0.402744827516188 0.479597837313464
0.326375673861652 0.558050769649132 1.03145863119206 0.378751986800037 0.372768873646224
0.321143851902234 0.347710874916535 0.396235923977446 0.540124496706257 0.338071817099604
0.340833999706963 0.472300802339731 0.446557879706317 0.541755970118025 0.356103704705046
0.451547698488101 0.523062678651294 0.539338643638251 0.542453613620759 0.514049301692275
0.536867723137339 0.381428571103792 0.594186555957729 0.446407892043146 0.427529035406996
0.352959547457416 0.424646408258053 0.546031792863572 0.590507362491957 0.483625516414562
0.446193986696063 0.556045215031056 0.308994168456943 0.446951754304934 0.361696700362164
0.388059425934277 0.589487975663467 0.336907804073565 0.487672177319485 0.352569660422309
0.412481189335891 0.363986032700756 0.445160500492662 0.368192124960176 0.441800090564629
0.380832987383547 0.583746046323038 0.498788448045397 0.459300823262323 0.393155627461386
0.419859648394581 0.345698449056452 0.358605639356857 0.439280709699825 0.387734806533946
0.331454044456906 0.406967231448551 0.377166858921896 0.549428031613877 0.411171101722581
0.319021303582099 0.307746013496713 0.38717730681012 0.416111452932237 0.44755268021434
0.379952724116098 0.346077651307315 0.358297581948739 0.336145554429219 0.378836361222614
0.31440232385793 0.500780562930542 0.70184111391763 0.376449614945563 0.507932012839105
0.37969620087894 0.944951422802211 0.348085683061259 0.499636048556805 0.488356898713571
0.358783401252079 0.552653307026658 0.712969888824179 0.536426616867147 0.395675340837031
0.341349055418825 0.429386665266376 0.457948330205901 0.55767627565312 0.409394151866982
0.340335094314606 0.472304877081688 0.363948944518712 0.356264415953301 0.347680647006904
0.512057867881544 0.437282206997171 0.895375040700901 0.361670424725728 0.408311450671348
0.362872882390868 0.475048454821193 0.320994872763312 0.351963239596364 0.401968393296947
0.387327099375772 0.356186558829492 0.352024872530489 0.404871720328288 0.357172451529082
0.655436757854972 0.39534264973721 0.383896761260332 0.333266610351788 0.356209966139643
0.389584384015915 0.507977339737165 0.365624347455365 0.357137812018467 0.308918352768366
0.414342687829022 0.459702327546896 0.356838699608069 0.781718952262955 0.392282028172178
0.663166052212024 0.675706130731386 0.360714675532343 0.380957923166808 0.358412525616406
0.477618432804234 0.348593082385688 0.476282973654616 0.416502289461107 0.415997534244296
0.532572921593333 0.340173403401302 0.393931817742195 0.45790323575108 0.419601582452281
0.402666531348074 0.396771368111756 0.557135414403213 0.506317248506648 0.384535804121535
0.375441775592333 0.548465608550392 0.355762519706319 0.356021971066605 0.640123508802807
0.379055076808369 0.493213036517785 0.39471222990949 0.504676186591266 0.480967831293772
0.353864087900239 0.417655377613034 0.353049865737379 0.350225289590933 0.37230854898443
0.437065777672306 0.414573079413888 0.458995929929195 0.568677870351425 0.510099729260235
0.375045283847321 0.372455062454322 0.441535285799088 0.380247161877156 0.334586311178501
0.375519566174594 0.551877718494305 0.373168563595513 0.332440989303686 0.397091922759023
0.328947917489767 0.59188029118595 0.370809977829839 0.450994136289217 0.379390107283018
0.366429060533993 0.521363439563943 0.372767041689598 0.358426848541326 0.380830612871204
0.407632843435706 0.359109757959947 1.01579956774578 0.363207704409323 0.396461400218125
0.391196720325367 0.387972075571341 0.382363588939133 0.401614289412216 0.534404013444402
0.462250646095267 0.478779174422562 0.371845484764187 0.460650657414992 0.517601610986056
0.580338358458473 0.330625735010457 0.411664608032342 0.495016656222315 0.356925203419195
0.461617237625089 0.371805664671728 0.440409836467242 0.449817878239461 0.375452449982706
0.352854876179091 0.466202562018715 0.42192788617619 0.48324424031549 0.319150497864179
0.417155234348759 0.337764541690999 0.368750903660993 0.335969568339068 0.445551742748102
0.414497554600533 0.390527391040949 0.386257941650662 0.383988226822041 0.489259292043645
0.343711281885291 0.342368985800483 0.339455291685317 0.348446631069067 0.313723591370038
0.37447954990469 0.418868029878337 0.470582801444701 0.341755586389125 0.330242892325025
0.32309328522462 0.429662258571374 0.408581726906402 0.405939141877785 0.330820930672927
0.419879138869539 0.499241483336429 0.569709511755097 0.459098079627253 0.516892825351499
0.359464678780212 0.464378661521933 0.314375012209587 0.438458038475623 0.405856341271263
0.400145428052552 0.326222004312091 0.426815926120241 0.364648817633723 0.678028737052127
0.415283808718677 0.441260274831147 0.473161140337239 0.398666458978335 0.331260836005772
0.424070575939019 0.435259269203494 0.464029235984009 0.454296416334777 0.437450513116534
0.451857463320503 0.393926844161543 0.4255335492155 0.40383153177539 0.452723828299174
0.461696202971492 0.459807801810881 0.694923828438507 0.367658018382242 0.376565167847776
0.334249101290069 0.44563332009303 0.549797250971014 0.378375070300422 0.436165567704313
0.365931892902589 0.418398482403947 0.521827379359061 0.531438139071375 0.611748304748775
0.363851985353415 0.367012364547337 0.474484144987184 0.489826616826762 0.380950787990541
0.407156943177086 0.778845527509335 0.766899486817781 0.478238074552679 0.399514346285876
0.659557107445565 0.396949301308381 0.557394412018139 0.580224904289638 0.711034545967284
0.373991249016213 0.585333604159724 0.340994826644285 0.612542398008883 0.349636978267916
0.444375342483779 0.522774816031512 0.358673456720399 0.437705700679925 0.523500833505726
0.376219171762485 0.398891500854345 0.412601042267816 0.439642543247943 0.516065292491184
0.330469848950684 0.907127439531957 0.359635162924042 0.374512645347224 0.415085987985508
0.452261324820113 0.465016336802841 0.392882624470844 0.396461107267216 0.536218467702095
0.437443974853775 0.34687830431313 0.459907834371672 0.427162788803512 0.368496197333291
0.359872360438987 0.474695043122006 0.368519273985907 0.587738867696845 0.378515943028067
0.347700922286186 0.337476032249473 0.376055392135328 0.539277938829088 0.413247222210468
0.405901588113459 0.357974989142865 0.45626153200782 0.400582792481768 0.520279911913826
0.462512430983451 0.55039123116542 0.403589796089623 0.417630118201045 0.358620118920495
0.434434293625925 0.465203879482448 0.390224507553287 0.407061394656236 0.502375409793031
0.391020325863172 0.387899920804225 0.488805975313235 0.598203141683091 0.458083604111479
0.323622062173567 0.334585134263519 0.331509351560085 0.373293211507417 0.356799057456261
0.298160614650181 0.418810252930769 0.583559509411875 0.447161611471005 0.352734757575941
0.398756141057444 0.377788008133223 0.342344012878642 0.3735698050763 0.559682091203949
0.448288234127565 0.464215359646922 0.362031811897952 0.405210241403113 0.334615778236512
0.41408222843693 0.402072823563394 0.47161202339591 0.393417249887578 0.411977122803262
0.399232211965872 0.423051283193372 0.442511530605855 0.586839023006591 0.459489839388041
0.545174658200283 0.386093646225777 0.530476536581873 0.544586248135805 0.443160490956591
0.517129357297704 0.329762222505136 0.467632393851924 0.480454247456805 0.476815240384204
0.73570673912255 0.400771452045752 0.436195311903468 0.565083756681763 0.348653578957734
0.668097740613918 0.46377608967611 0.461863423066611 0.464534576398542 0.914752119954754
0.373137257480836 0.447204334879711 0.361569101155896 0.35504834281836 0.514409547310612
0.395168030900069 0.425069395867196 0.331572332864898 0.668303806176342 1.02678910854294
0.326447112232318 0.407162241333071 0.43108559151175 0.546030383053695 0.346627885979085
0.40049620948485 0.445032769816754 0.408741319673934 0.378388531766076 0.601325603395942
0.419467318713841 0.495648555556404 0.413503895668831 0.4824586420101 0.498817716757224
0.383502302779924 0.354387993597763 0.314073038885808 0.373741279054136 0.376623830781782
0.350048484634046 0.41929520111077 0.458229969441689 0.392967378210056 0.409126577174234
0.351196706089494 0.343926398586969 0.382813648112879 0.549159328170245 0.38515016235884
0.360747180532902 0.369411906529053 0.589110255889558 0.565007556638115 0.407950306123916
0.478230438244915 0.472898159106144 0.392719296426152 0.448816261649971 0.4968253940593
0.478355850129689 0.339615413188641 0.372007853827488 0.389461121770028 0.368076572021385
0.325293851231037 0.413947832203574 0.499269204244532 0.364411633805056 0.343898433939013
0.312691793314177 0.390150513411899 0.400235465974327 0.321232734182176 0.325566871281261
0.3710548248447 0.364196662130921 0.357969349615785 0.696008831258267 0.59533017381769
0.343460008420683 0.33214878688407 0.354777944364384 0.341957127363832 0.337527192966075
0.432003293365633 0.435903004607955 0.356272483038272 0.384309001955161 0.539147435495456
0.364011613258971 0.453067889494876 0.390683301620641 1.06374498509239 0.290542501728239
0.374365470333493 0.424582440747889 0.336317677302313 0.398595496302328 0.55302198254978
0.366554503812838 0.579297032915362 0.369017457601331 0.512959852032694 0.393331967943453
0.377679715039432 0.362808848193155 0.361367569113094 0.500826597067167 0.392504135513732
0.332065832181789 0.325629144274949 0.542045197077067 0.409709876812477 0.354410858135988
0.520327474709938 0.334326341835975 0.315608823319905 0.394075505726269 0.391725256872296
0.31901063217052 0.41408434557556 0.31941831929548 0.358129987487021 0.517206391314852
0.334459187090548 0.365287186716123 0.430253091391221 0.353034171068284 0.422848562378085
0.444956318997687 0.461213024638505 0.452817594498232 0.699597344837752 0.323985620248903
0.447670431923696 0.478723753870992 0.638324825219203 0.439647479193591 0.327999691133831
0.353817652747229 0.376465696012253 0.402113409671245 0.446211653267419 0.576766370732745
0.39810415510076 0.458440992389889 0.533107318283038 0.404248002874029 0.365337761574296
0.429247203809755 0.750409992294363 0.391737991135237 0.391565123759409 0.4001650060959
0.395226630459237 0.369230278764283 0.742248821008729 0.347637822214763 0.441439642890316
0.389153485792533 0.56428329864266 0.344786492618649 0.381077039746778 0.480563878332876
0.403748252470363 0.745054655747357 0.352397790627959 0.365093542239277 0.38163907699384
0.43282371779084 0.556326102356701 0.376245579804394 0.427328277775393 0.356998656560152
0.464254699386218 0.634588912279046 0.406121471611275 0.353081789129773 0.337389897035203
0.398506513038654 0.432267481147364 0.38971419615911 0.410072976746246 0.368865790351457
0.549464592163848 0.430718099171404 0.473850439657068 0.520381947671415 0.372687366517819
0.365123133753288 0.416814975904389 0.409567276115093 0.334332184445445 0.411595144970701
0.370968777749873 0.407423987618071 0.414464437858383 0.453740525789598 0.379704640510046
0.452000124024711 0.426057595478962 0.428688912767338 0.571922344974488 0.642848740735333
0.612337690088814 0.408952931317344 0.532491660278564 0.493513380523447 0.301152519544955
0.399479091446868 0.406427785682683 0.451308384726031 0.426977542052458 0.629260831005267
0.342093457346526 0.402381887727256 0.331949120328912 0.468152045089146 0.339684642550326
0.422968175656655 0.537982039554045 0.514960600708692 0.648485565425763 0.471746480440027
0.43007716623436 0.447983299311049 0.363986675201473 0.39570061905586 0.367844281297481
0.489368078942872 0.451552338559423 0.36994375164184 0.412256151941445 0.375468319341057
0.440533010376716 0.371244665474244 0.408137009299526 0.461033969646908 0.579431283069257
0.324184275944847 0.397964236390456 0.376721801315478 0.471024963610298 0.48222066376508
0.343028330697701 0.440409349659541 0.428134040306132 0.338118035463004 0.686795500631444
0.515208711634214 0.423115396910284 0.309143193389715 0.304310548258398 0.364572934443936
0.324731606426253 0.407238136964017 0.353615773645433 0.430355100504201 0.309981606399305
0.342278169695188 0.353329596979964 0.340349057982987 0.43527486604775 0.781670109103217
0.511326628344502 0.62387817231712 0.406785389648558 0.41725020937642 0.317237050968785
0.343155030904755 0.390637960750994 0.368998087625319 0.602125666681676 0.437631485517383
0.368549362406688 0.481369818791443 0.398904263675056 0.381329564864621 0.373907771800639
0.430281259525601 0.367935893870666 0.326107860057436 0.40423588182652 0.533651364158993
0.735359740911 0.344795869264947 0.443463004437199 0.368740744552773 0.406406625499179
0.378628286671879 0.390301585570737 0.339258219668364 0.458330412769749 0.345799555592656
0.545980338894171 0.409385902661213 0.420994152633318 0.489992488656473 0.415125074742627
0.329606401521468 0.562485018746457 0.381453595156684 0.40476863642962 0.481810609063719
0.384792296249091 0.496056698567156 0.521705836927026 0.375293818578194 0.428091201166183
0.342955785434906 0.507781405709747 0.55572949470359 0.50607039121014 0.330639517187964
0.382666177002965 0.342878775214175 0.553041961267801 0.385820099458376 0.326077733499624
0.397029421177213 0.500954491501835 0.592677267008285 0.42818587870515 0.399182160946666
0.360143000496715 0.398301537513988 0.562136632762948 0.382343930768066 0.335523224436084
0.357129603095265 0.458937596403167 0.704127869207754 0.363554390484038 0.403634194190075
0.34932228822023 0.352329870183255 0.996078626756236 0.34219570157517 0.395714826265146
0.358703471855876 0.410247522446907 0.467051535281671 0.518176205306076 0.356470283124761
0.528736581062889 0.494868978098396 0.405433826529626 0.512097650165749 0.413101791317479
0.313299388710895 0.404429357997121 0.427487804316011 0.359255448497089 0.282630302151873
0.398813308431235 0.54726521837033 0.334993514001644 0.368851526559338 0.419193131949782
0.367953456596142 0.421320406003416 0.549837945641255 0.437320569309953 0.37797016076252
0.689358671388804 0.376282652840372 0.470656224648247 0.423702516722324 0.308677185981032
0.294084618978561 0.397382558034549 0.324095512800303 0.437431373673816 0.410294596142749
0.327798880388994 0.386479176528895 0.307400622470032 0.810241998210458 0.335002795005185
0.338070436512564 0.563262354425277 0.488722260736672 0.424550095736223 0.386785490129442
0.375053101507949 0.538640206492043 0.350780600320447 0.381350514854424 0.457603661444116
0.410291862616178 0.523406052742587 0.453053460380117 0.396374482691408 0.335813045199666
0.500802179359195 0.508905857105079 0.554423811102972 0.369594187255443 0.452518313562371
0.351476571315054 0.394420114326232 0.432375964791257 0.484410799360533 0.600965952509063
0.473231583678725 0.523571685400033 0.466395289574117 0.389748399189192 0.677677816749445
0.354418700974115 0.366426851360728 0.373955740410173 0.987025938252169 0.36704589080571
0.417515740160311 0.344913117898866 0.319665920196791 0.475965057478345 0.578909951506623
0.512186881181607 0.367109712741421 0.460400689659846 0.367195959663347 0.537344673411131
0.380857741902174 0.401024530511221 0.41786090402187 0.418367528054276 0.410282111030853
0.36153678671244 0.36806929532362 0.404790178966872 0.463060536295358 0.340035780355513
0.413885739875423 0.408568899668162 0.483335530156316 0.369799081063382 0.382806045594084
0.459194801212305 0.333174547776774 0.330624102437889 0.537152814137508 0.641642532934599
0.420349363019874 0.518322583737494 0.364927276263283 0.388404849020609 0.348750833310314
0.786291238834441 0.32384463319324 0.41657948613278 0.904765268868325 0.480167363621115
0.424492443305737 0.348459461696387 0.568991185183452 0.414587913621535 0.528255482970566
0.377133164156904 0.296249260691638 0.366119585140528 0.406444495939678 0.596853622881781
0.334250603871074 0.327158923839183 0.384199092478257 0.424621766370815 0.363353783756534
0.420476028556232 0.359823767599574 0.376336546732402 0.335147044785659 0.3558059810369
0.368916352509734 0.522963821520326 0.37710994472111 0.378735953400568 0.416144121860297
0.365386074027937 0.347322899620683 0.461195164908242 0.450274837343714 0.332155973766722
0.470179807490782 0.552435148662378 0.374491144474236 0.508475931574893 0.366117014251236
0.35703499942499 0.327207939914419 0.360512972642847 0.3885737682518 0.459487894595693
0.406877066581823 0.446749097793947 0.364800064590883 0.428074358905134 0.428750459976794
0.350090110944437 0.478163804185535 0.390286953068028 0.389022954771481 0.328677656564349
0.42843842036596 1.21391432596151 0.349243035447929 0.386750035721414 0.407561217509504
0.741137111113656 0.415027411362714 0.388532347683687 0.488750667881755 0.373989448678646
0.357375138057594 0.398349896670086 0.36125358167414 0.486013775658669 0.370033429641559
0.394421829225477 0.341781567251359 0.527260986581385 0.651397656095334 0.385172412743181
0.540558234022674 0.501203035848202 0.442246743401893 0.377068342643184 0.357310748869225
0.480505874652685 0.455274791336165 0.598607401161108 0.480333187753463 0.398929309855007
0.31775463459077 0.464287576153886 0.613480141740296 0.401925628794221 0.332044868307534
0.335334734234324 0.358496843629342 0.341217636945709 0.504295923296854 1.1460218786925
0.352966040390979 0.534709845358598 0.4405877123894 0.399694940169738 0.382372032572679
0.375832686278472 0.650042344557854 0.455242606332845 0.377612578982342 0.435976978264417
0.464180326921471 0.500748099284837 0.403521883677202 0.356447960328774 0.400810921836977
0.404799194832437 0.393561062949653 0.425947647470469 0.99041381181915 0.383120753185278
0.372522144135686 0.397178761936401 0.470956674728011 0.36878504627943 0.512956264953251
0.352130970928687 0.359383731507505 0.428806692861324 0.340376832420757 0.342159223636284
0.36479447424175 0.354880767400511 0.310064813151369 0.472649290934778 0.330243460099873
0.371222867752271 0.34433216318715 0.434895473498116 0.367458680686621 0.339697260106679
0.374121199161455 0.360792975328339 0.529648792358991 0.389246187195452 0.430431562874949
0.418019258411068 0.343466843025659 0.541659961618401 0.43083062863329 0.560354262412679
0.416723234851262 0.365701006770679 0.317498441114371 0.35131765877748 0.339219924592599
0.323800118689732 0.854767803175033 0.42191453133657 0.371463360422007 0.39031085543036
0.391896320661508 0.432619309108189 0.624636199519472 0.378833385922099 0.365945952826705
0.415679077595918 0.422969816104137 0.366089485250159 0.363069931957176 0.320606495754593
0.331927532260969 0.397895364271291 0.380665953498445 0.421950652339385 0.377587248784058
0.420249085500175 0.402353255613419 0.413544588602178 0.455183161807727 0.3334128426984
0.448573615211272 0.533631676483635 0.496908279340586 0.40063350016067 0.435346965359664
0.442004928267861 0.410201792928112 0.434971155520195 0.577778010356042 0.453734284760444
0.369599769442679 0.626260174735232 0.390732313360422 0.446678655136603 0.496963093934139
0.376725616404303 0.361151304080867 0.538013473258548 0.414897267291091 0.413036684001874
0.318764309797149 0.450402470397735 0.452775422218976 0.440655249238914 0.536469371068374
0.341911755545323 0.398522973229022 0.579841988366666 0.374988143115818 0.331136453541727
0.399285135508889 0.403668989628034 0.339877087022355 0.510898963259025 0.620018049602618
0.358801060964145 0.516415249168864 0.542398373614786 0.531933260816521 0.366182941218709
0.388123801106216 0.417769394136176 0.440433968553079 0.50496583342551 0.942136896320656
0.343523621101311 0.557532743682493 0.444677211335696 0.400819608486146 0.453138686770854
0.349958810034072 0.363926161285234 0.41125769048741 0.451450142816233 0.354662922533926
0.429643625130506 0.477030070026729 0.323839164344396 0.453640317257042 0.416581083609145
0.436820539585927 0.44904685641905 0.39436628033278 0.40544043675153 0.382606731665944
0.362259479740798 0.58177144708992 0.36485142737211 0.403607186069467 0.385244491841647
0.379338960891269 0.390607021864256 0.467294506210974 0.357420500919258 0.358405916836055
0.452294295002659 0.405894035744052 0.500825679452871 0.435802838593226 0.352375169070782
0.480827002632971 0.424683524172986 0.373410571320165 0.509192972961721 0.603825887531699
0.434929643921405 0.45526231925427 0.334470800683351 0.414041267419305 0.439132898867518
0.430772812960452 0.378080626900064 0.383068145447268 0.35594501500899 0.384761144716801
0.331857764914926 0.354742361274299 0.514973602200166 0.461540115490334 0.309881359347974
0.516698819828835 0.462236625336658 0.435902415179714 0.347042851936972 0.403982234687356
0.387353075440308 0.414092918238613 0.39078154615373 0.564609835378177 0.319240241220042
0.406607923157421 0.353467709541302 0.380862145115521 0.52575626864944 0.445620956688271
0.362246735708265 0.81920157257521 0.372053508762008 0.334900039642071 0.338831095130045
0.335873553549407 0.472890725183647 0.426598497585649 0.437102621941265 0.394847640381044
0.365759422529806 0.539103183306141 0.747867519039827 0.468956106562439 0.406306967962058
0.419832482043687 0.368093419981339 0.354821643995037 0.44809799123074 0.360756075727976
0.319615268430873 0.369042815827128 0.369892395192897 1.57719410472838 0.301949043720546
0.482908023218315 0.633968394918243 0.385930531705992 0.661475188958253 0.550622174702743
0.473822964043937 0.340522371192763 0.497541055344669 0.583885168307085 0.51737731433232
0.349970751491165 0.473933205010678 0.514248803747745 0.38947025935015 0.374509158030251
0.325028045501619 0.844884014019004 0.347572288304043 0.349052292838512 0.418765414698467
0.413327455720286 0.485409093621249 0.366337698719406 0.481203554686863 0.323052287532323
0.430872429905695 0.574104376992038 0.470905275990976 0.423462599898629 0.349917306473642
0.422728160745696 0.416148730502387 0.365107093083871 0.3768167769827 0.337376533119925
0.36069585801714 0.503344809679778 0.416801538295964 0.362226937407496 0.665650315599479
0.563169216106506 0.552688649412699 0.401989324279971 0.398587564121559 0.40405014554271
0.611631324983056 0.427574512195197 0.416409371287025 0.442778375266221 0.377431078140525
0.340779119641731 0.532476733407379 0.509064534483817 0.467934320920368 0.433614542849942
0.468983486593216 0.323603117467635 0.438659888528674 0.396636703116459 0.495257742318387
0.395866065201306 0.483185089741917 0.347081309944641 0.495915426541629 0.462477728049908
0.502114273660382 0.505306037553609 0.403092760684424 0.338460656331678 0.357095560830884
0.34841060668139 0.393209969596603 0.417744867510127 0.356069408998372 0.362301443772527
0.354385555984846 0.466898664996307 0.464925787188114 0.450557577868956 0.347612513657568
0.47752925915974 0.397052855813874 0.338302839307922 0.40789183395295 0.490201244194799
0.334412378374222 0.577981856207493 0.337901180187674 0.436849359826177 0.440946545011381
0.300326314137246 0.376348677675314 0.749040018647001 0.404349783146568 0.393334678315518
0.371709461829666 0.310175512067212 0.718976821086076 0.396966457473842 0.775179141434096
0.412380364205842 0.666798466428266 0.471936733093301 0.535096737025899 0.407928636100336
0.33245926985702 0.373048197170889 0.498830079803367 0.327747646170642 0.39682536916211
0.571348042368377 0.55218943507297 0.639053178901308 0.365095236695418 0.379363702594635
0.40995879444534 0.36319677521398 0.408360869226145 0.424173255362808 0.52842246135762
0.469174163129489 0.569846830513541 0.453330002759514 0.747292156196734 0.35584053825661
0.468776578498427 0.381846658160743 0.383979871788105 0.383264795388713 0.476936416131675
0.431149027226449 0.497521294748124 0.367932105186832 0.333218726384742 0.332779329781028
0.39667608310717 0.652389794679706 0.597893708312701 0.465804289969662 0.341800680193485
0.470971825990265 0.354264380903665 0.471584140331945 0.377779907388886 0.357056961131495
0.33292442559475 0.337555727711765 0.368607508454752 0.444687164435294 0.363447974505612
0.448882066625259 0.440819163405796 0.394450553199077 0.615293106436818 0.377833356136373
0.576474897112051 0.474532996448732 0.490846626416707 0.469833838173933 0.549143610276895
0.374169749645883 0.63168170200882 0.326625112193511 0.443683786199334 0.330533558601141
0.437348374924204 0.401639777307746 0.309194767749406 0.996091437411309 0.392603309013324
0.443263324682311 0.436818842910147 0.332522086518632 0.417291005254044 0.405710863174616
0.326994016800241 0.413500030469367 0.354357635092543 0.465090162196935 0.368267711059108
1.09406349720487 0.365129566510123 0.367906647473828 0.387717630988962 0.454209771738765
0.368056132018511 0.328965721167583 0.351186125273537 0.427584588453314 0.353750848184594
0.383017953042881 0.392189363203831 0.487748824101214 0.357980945936724 0.463056340969482
0.369085646009792 0.291048660236433 0.578512003994846 0.349366456250397 0.39655438419138
0.371958055355854 0.449196095438183 0.47378186909562 0.397241876276935 0.46797112599286
0.316887319960795 0.362373240436343 0.449782920572599 0.39418320352821 0.368755196232466
0.640124421765966 0.38076774886166 0.327854258596306 0.455979258584502 0.377394288201993
0.642044763982468 0.318067807332973 0.395933068576806 0.38502234115956 0.389837081461184
0.339382615722079 0.357988058925293 0.354732151499638 0.443330298964189 0.355386312978329
0.537357094063603 0.518899255845166 0.434971333875996 0.482150890803415 0.41591590257365
0.416436550482002 0.433391392603995 0.52694213243412 0.375907221085089 0.333754011706361
0.433134107551548 0.427162516477635 0.421615793303902 0.495335311686778 0.403891090869931
0.551764060806164 0.33734787334796 0.302233028872481 0.37639711339944 0.784432978548833
0.336678279804022 0.428976303637277 0.392860383006469 0.349079459192481 0.474301082301586
0.391639880230461 0.418728170409282 0.4296674086481 0.396767299386818 0.472481640431163
0.397242454071938 0.603472910076396 0.559660722593869 0.435679338146796 0.385777900210362
0.369882812334112 0.364167277109013 0.789378669047446 0.358808022827008 0.332761866035982
0.364809487850648 0.356170762121576 0.355147363166446 0.76780142478822 0.36209627445597
0.455726573915206 0.408174074554685 0.35911460423225 0.501508937722137 0.380026770540858
0.325745438953085 0.364300705972836 0.325836225587944 0.959835485765899 0.282559008645021
0.458214222728621 0.549189171845955 0.422435493286704 0.397859067160494 0.508320443533827
0.526545761772077 0.381509611816428 0.622543243174224 0.352045226311464 0.482005463220734
0.348973854300177 0.362518129782944 0.41939197171647 0.490916476014871 0.43225420986165
0.528239552917202 0.479843531582797 0.385533597188062 0.443533440620445 0.515482904415027
0.950316646387019 0.537837371927261 0.439969069813621 0.386815850601626 0.404677614021647
0.346478199201795 0.313860921472587 0.457297043477861 0.452845800739834 0.348486489606921
0.403489697134677 0.341018544766703 0.35379851056236 0.572299292924406 0.345742433771192
0.411079298896658 0.359588652350713 0.327230121157919 0.473809407012024 0.411393327498682
0.386439637950434 0.453485113982581 0.308538974326058 0.390262012733912 0.522324353983333
0.973621033391832 0.37016307466448 0.350031278012185 0.310826636722765 0.534648736137616
0.370661431013236 0.318307916758642 0.450559274525544 0.406098339178098 0.400007671982463
0.348685304812094 0.404187468565326 0.494389019055312 0.365965749309225 0.508232264536395
0.329115106637902 0.453574469243975 0.367485140699434 0.348784869223178 0.589167994381159
0.322139311380816 0.412333668077917 0.412910237668558 0.389072230384974 0.484238400590123
0.403547472716534 0.585912320020688 0.370663369209396 0.583352267743718 0.43345593881796
0.434442400915412 0.314260244560067 0.335266996929398 0.429233567854848 0.535350094019897
0.439477147882412 0.427545051609143 0.348319687919446 0.405442273122022 0.390559328403102
0.680340073116436 0.365729566024912 0.46417124331813 0.41207132999173 0.388473039068518
0.332132296056658 0.365155454547787 0.405486464125451 0.559898065196891 0.386396143433995
0.407981708451327 0.386233995417084 0.414443565859834 0.366360366160619 0.462427042349066
0.641977468490075 0.324180306978193 0.37323949109892 0.388371115956685 0.688622194875145
0.319388969790041 0.336998576728076 0.428659625143957 0.33365863432401 0.40382667149319
0.504649072806107 0.410990150722709 0.809138250789097 0.319849788527956 0.38743932975156
0.377537589182265 0.46609101261196 0.387859114928594 0.466749049983311 0.378818836377649
0.454845887840511 0.378655641029825 0.747696051812108 0.524398642613294 0.38873560105897
0.517796420928194 0.542643988907627 0.725736391614688 0.411444689070563 0.401581350262835
0.342050479176003 0.375110066630722 0.376592183238088 0.475361909693657 0.334863706489914
0.304526875076395 0.547391257464678 0.489298894037635 0.43217889751864 0.401210697673225
0.456560118719856 0.344278791025427 0.663362215222817 0.316132772961564 0.454347518522513
1.59365184541968 0.392564053688932 0.379813452855618 0.420400083637049 0.387025111219664
0.319312555089433 0.367994235996002 0.432211531488809 0.607682087334551 0.457897229131209
0.444802578846492 0.373864689444129 0.558911830095955 0.700917838002542 0.500823418614869
0.415999309497634 0.357748498476505 0.297141389978837 0.511661143861648 0.374382439084116
0.397948796063285 0.390882569013459 0.464526736077788 0.377217470512798 0.523724271652194
0.417295694665046 0.430655084152178 0.350614867641888 0.579153549119307 0.35265057699557
0.368287896021101 0.363347719895427 0.460242266994349 0.606092765977245 0.488441141708165
0.430332073304823 0.474658302450114 0.437950265093761 0.487741061061068 0.350821935545525
0.32779234449266 0.447513470482271 0.365742724465764 0.368637694370147 0.478930597886563
0.337750316053241 0.402350512927612 0.355438908442296 0.624216647118476 0.441639419907153
0.391780596443163 0.380101878148928 0.372438193125555 0.422564173641247 0.426134732481
0.366782119573056 0.396623635662603 0.406018948695469 0.377800148238163 0.584062933877102
0.36213188904062 0.47010350424637 0.347093812582703 0.407266197018316 0.430671240965234
0.408319077000374 0.378410053197292 0.388241489283445 0.54917485391705 0.32240364766182
0.445368544502256 0.47963578246706 0.533100143534533 0.484405163510046 0.453018944604366
0.423363442232368 0.490994607804472 0.342475498654925 0.411719745015113 0.318876629864277
0.683054646386361 0.506699654251344 0.355474260817792 0.442641665083285 0.367497989553135
0.31627881740284 0.631938441400322 0.354664180963746 0.383756760846157 0.441733540744646
0.382137828767829 0.484662546176758 0.475618943981823 0.465025790732844 0.508447456859802
0.378353060860998 0.397737823080455 0.510591248472876 0.385525718130754 0.69553664027255
0.355921977262951 0.459535759533659 0.394165421679977 0.445758998455054 0.450757703693995
0.374767260800467 0.356486680898028 0.327596125220931 0.401040562233032 0.398085931263532
0.44238638205981 0.391386359957637 0.379563409298164 0.467934707392286 0.392048637818685
0.499828860584036 0.443496837346196 0.439255103755081 0.576538082372363 0.559464914838188
0.3998384423277 0.328022124139116 0.40656299980946 0.670765103136458 0.459870233613896
0.538692412645538 0.376726741814998 0.439186863129117 0.511972159786712 0.414539581607684
0.404930354131816 0.697918230308329 0.405340329490221 0.485714731631058 0.420789775290003
0.441739962316846 0.42685926195869 0.41159454171935 0.428024631648092 0.463144760231745
0.416126473544022 0.40425034301793 0.376927187330195 0.405731650324321 0.414204297693177
0.3370194985629 0.386590514648078 0.580817095941553 0.317927358217993 0.381957659881041
0.597927842600274 0.424336028489753 0.36448327959636 0.364656288555382 0.394486204777463
0.604862918726452 0.478495400476049 0.438038279047326 0.377096646628153 0.628518011577055
0.405431319856796 0.437848849520947 0.471599896766435 0.400671841306786 0.449442617326401
0.641713170790096 0.69624468501006 0.373321845887806 0.392691136704154 0.385269219979544
0.433335862973103 0.60199597883111 0.585443871054093 0.386234491538056 0.367366345227805
0.387471890104362 0.459119162660348 0.431058557723978 0.398669344327916 0.367271173566512
0.439669326113196 0.390128161984885 0.377517790231352 0.409876808747236 0.401695704135016
0.42329152068475 0.418139751661984 0.442529185324299 0.370948192553103 0.394856111792201
0.365514642388993 0.440356850558253 0.35363984230198 0.530552663812758 0.521813422228155
0.364837758648179 0.339472044345387 0.353006399776033 0.533233513048115 0.343752452554999
0.461757871982363 0.478386369441194 0.349715484066354 0.557395970737804 0.546201843142137
0.52707771610248 0.572116530098257 0.458368860827113 0.443372810090301 0.377844423921126
0.381872989799873 0.474669838834986 0.36925660941485 0.438417355576521 0.328386474226969
0.383673360455096 0.583083889441068 0.420682698796101 0.389550276069793 0.454811744302576
0.409833308053973 0.393783037514366 0.441205561204913 0.399253778415962 0.677784897505884
0.377653897498458 0.406038345256537 0.764255418331566 0.396849068313043 0.310527639976348
0.359367476678108 0.887098405096071 0.442440370473434 0.512625321765827 0.343645997258355
0.582449302493781 0.408909979392853 0.505036453141406 0.463041772060085 0.448986475947186
0.399622862595516 0.386503967570518 0.375522014565763 0.543330620911087 0.368447445879654
0.361493907909486 0.350825901277207 0.474270319537623 0.484509308306488 0.486222246612187
0.443910928841917 0.508388333790726 0.520959472354834 0.533991772954605 0.429185952075284
0.734206272023847 0.433861979453392 0.428769616334363 0.604589720296631 0.533882367829966
0.531592774185575 0.45656408411889 0.339116179103831 0.480637468997298 0.353213241223228
0.467008360803499 0.459081431425719 0.390969998609394 0.769306147395404 0.358781811471296
0.34731343147635 0.40175772430233 0.382453780809288 0.509726914484683 0.399979633338612
0.360068525583299 0.609048005438856 0.456172053511052 0.383249253230644 0.38586773184987
0.311842273460129 0.371383858304451 0.455244941481179 0.361638614659007 0.382096889039307
0.348657523900688 0.393246638313669 0.428554511166371 0.338010924341729 0.51414045835642
0.438433633713501 0.362491158645666 0.471906214102333 0.727087736201746 0.411711789872258
0.416162070046217 0.645888445924801 0.3448001486799 0.345696143937583 0.398790944372535
0.46051402153522 0.626782231837535 0.33635674277799 0.415948730909884 0.407192013699115
0.378167228935526 0.693945494604561 0.36871790040136 0.433077887976428 0.348192147253604
0.609793662754576 0.412926486839828 0.45739089890185 0.518867090848686 0.539198828792649
0.392329053459925 0.551637269214525 1.24333151859079 0.413444189877047 0.387585337356803
0.338485904834588 0.479452687116905 0.379275213034887 0.321617269665875 0.346249848919314
0.592914699875562 0.451701210356743 0.413249058015259 0.385239179260301 0.348743243438173
0.524956488129723 0.387432718602291 0.3570031801917 0.341784001954045 0.334661004074352
0.503421680672784 0.397131183344746 0.390116484630747 0.392026916949434 0.420736664977513
0.559474104505306 0.362026347779178 0.365103833444969 0.391863731878367 0.33673477102881
0.311567784177948 0.413321465386698 0.346175298092958 0.446458478032068 0.372201772925682
0.313633389159114 0.379838572281049 0.419818981797797 0.418721594677405 0.363078011273605
0.306583933171522 0.394093633504751 0.47264283073274 0.408965284570338 0.466851196065465
0.373100329130129 0.716125236111866 0.370545542962647 0.392449502937873 0.513319107351959
0.452326769844848 0.383544996643288 0.411167550735203 0.361537663553225 0.380758294449925
0.99094090143111 0.376721168678267 0.392504954078137 0.375917034435342 0.358228246247759
0.404438369878339 0.667904343676903 0.347692191566494 0.590329889809335 0.386428590177375
0.494911349889118 0.49001268724398 0.468025597795191 0.393112548788585 0.749873585172154
0.379356523182797 0.434763896743602 0.383702851998371 0.328554628285108 0.338328602798459
0.424415988516147 0.358297594364664 0.40849186600856 0.396572506719335 0.477272311505923
0.458393483995143 0.665712148838837 0.386944210436421 0.483341394264456 0.578997184275738
0.384626852882692 0.371866299048597 0.350468438125975 0.394878510711882 0.501478585242166
0.393122404126002 0.499836000648105 0.36997644561342 0.467125065574889 0.503941803785712
0.455986551666045 0.64883817699895 0.510604064935408 0.418595312661172 0.498974918448351
0.522976984842089 0.342388519190467 0.362632420367966 0.411447473368105 0.42187201598199
0.401483910437045 0.412895467225465 0.543648339122165 0.563777354235142 0.413120019224244
0.343564722699305 0.559475566922308 0.512797754206525 0.541642140361101 0.369168499175317
0.394894861133387 0.54675492862469 0.316366544877547 0.475384007039051 0.371430477101186
0.66051714531151 0.38093359354924 0.332654854541583 0.434809719020762 0.397408282901177
0.365160108923755 0.323657767550952 0.378440380499734 0.427973882504089 0.415973858905018
0.474071167407336 0.381320504341769 0.353994411863487 0.315995144814034 0.415605662787567
0.663722532263438 0.362909868460596 0.481348362768527 0.445357314018559 0.359479266436662
0.435903437491465 0.482528183345582 0.569687353365122 0.391859636263173 0.507030660910821
0.438273589865962 0.610309600142002 0.343412315384538 0.428547067927978 0.412385930819877
0.49447458291493 0.499599842690041 0.458874209064992 0.450243954942928 0.444608869200502
0.37124278885052 0.449458478441509 0.393094115430646 0.627896485611433 0.737923862741459
0.458029447353184 0.353903276382601 0.377798565082603 0.350142776921033 0.525816001427332
0.418121108085439 0.365523584748348 0.474131308684682 0.328546376412235 0.341240607205426
1.01883092387044 0.612904150804446 0.511092962378254 0.439630273958618 0.433323667784368
0.373251227928163 0.509167725744274 0.389559386140664 0.412884932055479 0.360356323505846
0.55646507995217 0.390068899915808 0.518513049166087 0.401367437199656 0.39044642826478
0.369597850800623 0.716472105708096 0.55663769348267 0.434390561638555 0.392780913718635
0.322434742083448 0.355928392829498 0.428362061049284 0.340546744219348 0.454173244031309
0.680644619511652 0.390547191986997 0.314468045923882 0.374499281643672 0.41834024387899
0.419250657027571 0.627104911019077 0.37727689525527 0.348416132633907 0.327243213018166
0.330603304432071 0.498357840730198 0.423947264077517 0.3905865537132 0.389294763591753
0.470758628918375 0.338333585731874 0.392379833686021 0.398468986371724 0.63967773052296
0.513093426025642 0.550933872954307 0.4309073827375 0.446965988394371 0.4581489289724
0.401755006657042 0.394280900101878 0.421693712174569 0.438665207839131 0.332960518278643
0.348163692165738 0.424657336833868 0.524603964438314 0.472205150934649 0.382307274167474
0.415322995207285 0.347774529326909 0.366405343904942 0.468770181707684 0.49733101795461
0.54594457707343 0.325127485296201 0.379517847481605 0.310734946695141 0.375174875739853
0.3558557933316 0.365012728008742 0.322539294966056 0.412328522249705 0.587784127459161
0.539424990986954 0.43170101954786 0.357443744198824 0.328448184821075 0.356159447114367
0.408328953181508 0.359401007199483 0.34086093846397 0.377773222436877 0.306371833196878
0.395170600860022 0.334347647256576 0.59845183153113 0.389332943946717 0.424409758039844
0.503870297359404 0.436172289191091 0.455927402253709 0.36445217849903 0.341008104202256
0.4015296969009 0.420314984894102 0.559692369205708 0.660854886722717 0.378672545275525
0.368825772141286 0.339210622597427 0.355558131525283 0.347589570452167 0.395916622524038
0.484381963543911 0.35235613875243 0.346447945022108 0.44959913204246 0.359081212964524
0.323059851924326 0.418074257996183 0.529082656347758 0.329361423303383 0.334659006675782
0.413785846382306 0.438307745829334 0.315418646822933 0.426282590928728 0.333296030501099
0.33556947068305 0.421715812391891 0.347676503596017 0.337178146134966 0.355919940086486
0.350017923209051 0.392875686338387 0.35147022732012 0.372092019877061 0.370448563390644
0.384283322593253 0.406631791463583 0.450025762679474 0.33904113140106 0.370732390036587
0.473572376683956 0.659444042705629 0.292038086637815 0.571632757300236 0.350855380856027
0.408514834376056 0.454527105233839 0.470824697591714 0.451068061374943 0.39694354562557
0.41071517443807 0.410976316234229 0.342188838459476 0.98958608927987 0.361819122233515
0.317894930215176 0.396939073832009 0.449805446854361 0.866360335700808 0.501213882692706
0.376035358845307 0.420240037227848 0.381255074913583 0.585836652779596 0.454400456076374
0.331289033499482 0.401963681399505 0.347378466089205 0.603161504522514 0.373900118518265
0.38707784184126 0.395703638107886 0.403136978714907 0.382559346407931 0.383950034347631
0.504928910918598 0.379265373521158 0.359690729414116 0.413216325724508 0.359962295254269
0.395643965338719 0.90850829448967 0.611803550693567 0.522446777407939 0.396414869350172
0.372007860834189 0.426158850858291 0.313461588612361 0.394252087992651 0.325725375459866
0.432647644263927 0.639238869970891 0.366781435043236 0.342917564010416 0.49898574688484
0.410072930320201 0.469071948923707 0.374568181512629 0.424335277894723 0.368885844283549
0.509235548866912 0.495718444291935 0.409319933010744 0.399186014367375 0.465098416630672
0.512159250716698 0.444413160303925 0.608430722357807 0.45686396800259 0.437582586598746
0.502937114839678 0.361237181513959 0.421953151089623 0.423927178513793 0.371043379467235
0.307730739412036 0.426222231236035 0.440309812730481 0.357858351577983 0.482137223170852
0.476092323468051 0.525763617540563 0.47420992503173 0.445159394182581 0.609896132989099
0.616087860667647 0.39472963519045 0.340556846544698 0.372861755041863 0.449730818633598
0.527293619840844 0.513273476173167 0.476890504114734 0.348371472334698 0.364532563633817
0.344867412810917 0.724057320224452 0.395647397324324 0.435389771068235 0.540742005198402
0.328201955189805 0.351465294883732 0.470182533214776 0.359788444813571 0.40189107314291
0.607090559944104 0.386268616334222 0.319587348210857 0.441204513597571 0.574694535076281
0.485359384004018 0.311389428912562 0.515190882299799 0.419753125143982 0.380876017474778
0.369808684688087 0.410516117428355 0.342829484915531 0.471438888758974 0.586657679865184
0.827963055777971 0.410279049662481 0.425654061909733 0.453415513235971 0.494915745247195
0.354787742406314 0.413742559778843 0.384101160292597 0.360323430846415 0.434435310865299
0.551275213979571 0.389612798530273 0.313231610787458 0.373606661133487 0.75346197874675
0.400744569655941 0.362143076011913 0.459013480452087 0.413866358747298 0.729188981752252
0.411203591635748 0.381606082747161 0.373860347018667 0.448643610758902 0.371215230865669
0.367177851204334 0.660814877636986 0.396578004939903 0.452152531044962 0.350288470793758
0.523211308459035 0.663027098651828 0.59021363683832 0.422813123349926 0.402450737840977
0.673357980176811 0.616576294567468 0.448542494594835 0.641405581443806 0.441614266686641
0.582186225800439 0.38760052715046 0.43759141081711 0.339096342683185 0.503204617121215
0.39767194826541 0.365065432677363 0.409850980500639 0.742171157709757 0.33582437161719
0.383978870636623 0.327646498063686 0.397284729146362 0.376948240074521 0.472022355727316
0.443418877658139 0.569435291950519 0.917712848304772 0.365896848609366 0.458692325915646
0.530710508272349 0.631783853266175 0.581312679161725 0.883074679669733 0.426552471288933
0.39607644473288 0.422509134681252 0.331976892038652 0.524928967747506 0.448946703270756
0.41235638653339 0.407013589995314 0.342947280042779 0.403299605718609 0.469348345519338
0.36381495155859 0.459994884661969 0.471718369345347 0.574497830017463 0.341236387635306
0.833032608561206 0.396544772379819 0.309998525516876 0.399955673779479 0.385754202553169
0.45491647189335 0.368241615290452 0.352007360180342 0.484991123485427 0.373340790298973
0.949525312858534 0.389112288697307 0.454470707080983 0.363689366603311 0.37901219228676
0.397381191000251 0.407005686157824 0.498036615196202 0.405182573196718 0.404007147346528
0.390957188543733 0.365561264839442 0.340010335078 0.330380462071745 0.343851942999025
0.579926284943477 0.516479359843246 0.409896913093312 0.446069448907309 0.392601702603061
0.339646075068742 0.286940538281291 0.649596032336184 0.330648428046017 0.477343075581376
0.408317127753836 0.339644808708561 0.36777695679616 0.420768459180368 0.434641120420917
0.397308531087428 0.39198018578076 0.365491271305138 0.405950947201664 0.388373860417187
0.467019635574465 0.728501650096176 0.360528838880871 0.599364961807386 0.404882198784012
0.346485341616211 0.470239880206055 0.359300287038645 0.500027088742683 0.302912061954966
0.43180884457638 0.349521406774542 0.420375530751952 0.455321149710414 0.371789078889609
0.341890950303956 0.399066352293173 0.32204622931043 0.49366740007105 0.419174915446675
0.390026457520819 0.406391625094637 0.456233838444505 0.4143349825365 0.411550425766473
0.401270804303349 0.53411691760867 0.63575655381661 0.361441794385145 0.470822811507123
0.366794804205138 0.580092097045907 0.411505289217214 0.422280995997144 0.398499535032674
0.340029214913145 0.363453485750239 0.327135524523829 0.452588984926808 0.37157748440548
0.498966433946753 0.46907036342001 0.383765342626997 0.3751105423429 0.375740698505686
0.445616877235757 0.414584362052539 0.374882405494366 0.375589272828993 0.426947836150769
0.371763859471876 0.674402545547438 0.389898067323226 0.474737642957095 0.419645717094189
0.61607867357871 0.360594615095262 0.325424197740702 0.30949120917772 0.387562371663464
0.39479677181898 0.424666969059031 0.409949912482752 0.388469426158184 0.413668077546164
0.395909834542336 0.39794558683099 0.682226689924977 0.356574189439245 0.386749607701133
0.468936263253733 0.345413795661514 0.330352296000468 0.363217470820212 0.361877926545102
0.31082365252324 0.361987942418447 0.708993203712844 0.375046490619932 0.315726161450066
0.743224609476542 0.38887506267533 0.599454713849328 0.396238604477371 0.381875586261369
0.334742551514571 0.395756277242434 0.432114519828177 0.32421986200851 0.422993575918941
0.450623755789954 0.399962836832953 0.441663941920189 0.749145254793728 0.515524253264905
0.387982783586982 0.324476348341407 0.473161192688908 0.437310808070994 0.428914207362995
0.605966236260149 0.448925242329103 0.339831127502713 0.405803043039384 0.449543630698857
0.362736998195005 0.471848134441623 0.404761014495641 0.39975361349712 0.371137025136162
0.562135909066001 0.352624555216578 0.466739657351791 0.42492395540975 0.305566945401372
0.426526900734059 0.408443506018194 0.373174414462976 0.502178941365571 0.455483300532321
0.462382827447567 0.453321498119907 0.37169291612148 0.410107121990708 0.373315590709988
0.347450178202653 0.487649673804035 0.49405384314532 0.37984920524298 0.359251668656774
0.533679714099516 0.440555368552623 0.459634102337873 0.861280689606087 0.586189484029105
0.39945667348175 0.367242955050235 0.568169350952052 0.377884876578761 0.346846709006222
0.394052840389738 0.422125826558663 0.334961756538292 0.441633281105686 0.531068577442661
0.503734250232661 0.426625176548226 0.371116383004047 0.383458125199743 0.455340164606718
0.330266402750903 0.36875766610451 0.342535956568845 0.522525196797618 0.31567872301714
0.458381854166365 0.419381508687275 0.351222487096757 0.546536291155545 0.544686860304209
0.395505759502724 0.373245324526429 0.464258224621922 0.532152099750026 0.43431819268465
0.366483265717107 0.496231641021165 0.404213231771555 0.509490456687076 0.374018830644142
0.398966368492501 0.42925909309349 0.37259768551284 0.471374595694796 0.450254929566069
0.413990306680566 0.462243555630223 0.425543742104599 0.360354298032136 0.33595920517154
0.376075051733187 0.420589859083098 0.437618114908274 0.417494056380027 0.385468777096427
0.436365219406636 0.490922382404849 0.33977122860401 0.343555311422707 0.341177470261788
0.470649149573897 0.389144860542788 0.997565815421896 0.550843988694912 0.391890213839091
0.520447223711273 0.438495812322129 0.446598481013 0.471808103410303 0.392982012246114
0.558619942540128 0.441555282689325 0.386873167509574 0.428356935847478 0.488379785797911
0.324636251711786 0.320429177490422 0.390035019063182 0.37043217214166 0.346638489234289
0.421970576488062 0.358576875661273 0.438585472318561 0.603348083045462 0.411281368247289
0.344558434042749 0.397592090094998 0.33093368181463 0.545121812893834 0.333403303899391
0.515733362953713 0.485686108706748 0.37490845709247 0.381343048876093 0.455674781467689
0.35927452832175 0.351767951168034 0.665626064324381 0.819272634543029 0.32854698403605
0.396142415554551 0.380530975700445 0.355128960198055 0.378714652444425 0.483762814269035
0.355614119311442 0.519192852335514 0.412694160081121 0.328852371763546 0.391551094360581
0.365483962098341 0.345243652131287 0.400807920996931 0.456075273315636 0.445979993816184
0.451704168825284 0.453676852214157 0.286729253543736 0.35139875434179 0.319843198595066
0.329087036782625 0.616977356592001 0.400710640967285 0.497822591536597 0.371594202838767
