0.378111026828377 0.330271567977021 0.393408972110144 0.534465293474701 0.375683294085865
0.346012943363473 0.48334129849347 0.452301393591706 0.327042194167733 0.350290848988442
0.494218769105316 0.394549643668482 0.411237851011654 0.41415606415309 0.457920397316985
0.460261844497466 0.466093681091469 0.355535409993138 0.467798424967068 0.640511585710686
0.81263035597119 0.551781874867015 0.437801627629771 0.321670759459784 0.380532623780279
0.391826567859544 0.311998634517418 0.371483063863182 0.408399155317765 0.353435628183072
0.387769788695124 0.447729323986707 0.391826254446274 0.557816028834105 0.415620000132172
0.431073503265757 0.389485138471967 0.336788549228941 0.566977424516229 0.453068844639981
0.406638075276147 0.413591634785537 0.528893507995526 0.426254908892851 0.429970538802874
0.361439722320557 0.393529800021826 0.664343236916606 0.377648177220196 0.707255977110542
0.393322091125377 0.436580660013816 0.529254005438179 0.594788821450144 0.413143135404717
0.384277605315554 0.382202081691776 0.388765105438604 0.386996687598864 0.324312540511001
0.572828416222551 0.344623752726171 0.397233309121296 0.330296587777116 0.385263457004586
0.48990811979632 0.966820206719164 0.37174951894129 0.312580000779487 0.467835368662782
0.633800543901165 0.362777017446204 0.303425738694449 0.471930989368494 0.374533819838514
0.325296457543778 0.377130617991868 0.422967251622731 0.441284482440109 0.375937756710488
0.376384265654556 0.354290784342525 0.376468185797528 0.477945225544716 0.351600315597903
0.378559856613373 0.556804686363492 0.513034288113038 0.429528669465799 0.409098466646468
0.437853206236318 0.384488310114429 0.394589569458213 0.446493119957588 0.42561698943067
0.376359129753249 0.464711436578012 0.377259970926376 0.327432384730716 0.560318229064216
0.389397796716579 0.434489633434185 0.427867964079837 0.385579592194283 0.665296164368489
0.319775120318128 0.366667744328294 0.428588978394142 0.408454443635537 0.337328761395324
0.400725829876142 0.638049033192816 0.403226811143603 0.591265745063859 0.519321011355272
0.357506907273904 0.348683923438945 0.332095399716389 0.361630800952939 0.453995879495403
0.34319895300442 0.428464510086256 0.372982288494197 0.362587124582565 0.522847696728625
0.350130891154713 0.353991982296898 0.54617350087653 0.391078069182591 0.396428248157741
0.361708479412665 0.452373444243496 0.58147871861671 0.363250805585995 0.415166014342596
0.379431287032158 0.388139602774593 0.336046527732886 0.438446804208153 0.395964650028925
0.394358374822197 0.748110712165784 0.392926591319421 0.69840761581061 0.474879645381315
0.42413848331228 0.50594014378339 0.368531284259035 0.490180374974279 0.515560751992763
0.459506460347778 0.365962359753227 0.556407128691802 0.405554317857909 0.323042309799309
0.322558224734307 0.60264597893843 0.313750007966919 0.514232809968056 0.381049089948293
0.376769666483882 0.382632014454966 0.468784843017134 0.352144078838287 0.641000238314795
0.380381328395692 0.313387904055757 0.351931040863282 0.442109267219095 0.357573868070568
0.4483503056598 0.39109432542088 0.439094052259054 0.61650275093389 0.330736960004696
0.402958685049529 0.433065508496501 0.396997371385229 0.459351991284293 0.384982030284238
0.368455710843118 0.473646800628157 0.526530413568685 0.407625725372461 0.347130017898507
0.421341632316251 0.427437114426354 0.346418664912993 0.438876104692104 0.482928415705131
0.32991098918218 0.647773039752443 0.46477096431824 0.41012943522761 0.365084909841412
0.411310777944483 0.406189547159994 0.422705893620946 0.426125717125312 0.369612728340504
0.471626402222953 0.41458383715649 0.421631220211493 0.414398933298528 0.349671406997056
0.362401713976386 0.448033857672422 0.351168936031165 1.17025381318491 0.37860774247
0.356045929976051 0.342065773228837 0.342130440344527 0.493957526466644 0.435016953418831
0.469351150696609 0.774593277050525 0.409745046303156 0.391205136836275 0.455618317935661
0.408201043764356 0.541611824144983 0.493049872398475 0.34734713693872 1.14757824462064
0.478655293150384 0.379827589156544 0.683309621236744 0.423036513524897 0.348373757119996
0.564832887913029 0.471921741917416 0.37246564850234 0.431341603136497 0.366326917859231
0.423255896994073 0.430515149836843 0.358202337158543 0.455709284178141 0.408342873479177
0.430496621891826 0.382963104810727 0.372582506978659 0.366545522712872 0.472013037977998
0.396347847557669 0.392789052403558 0.353267505525681 0.329662685087881 0.562179551078796
0.333589845066874 0.376385649599364 0.340839032215244 0.376472421755159 0.377258214828352
0.667698974815629 0.405080586355511 0.344744266261453 0.347924522782938 0.3906107261828
0.29491844722876 0.393732173913167 0.574136887301346 0.523048261873151 0.442636583182646
0.34564081720492 0.510562680093359 0.478845943026092 0.532040552182045 0.442542128782197
0.399468696057874 0.399920162724465 0.351242614415099 0.481211956848977 0.436518627037913
0.561947775277816 0.420881506033832 0.397602044573052 0.341702383043616 0.422502840072968
0.361912288085291 0.349685661605252 0.749301465873279 0.394311797053673 0.400244715552676
0.339920165993827 0.347573029484456 0.444317648559504 0.487207767732324 0.393285711159059
0.342139442409161 0.398015732659994 0.444606962375623 0.387439691930846 0.357532564659718
0.554603270243435 0.396650249614138 0.438197556103647 0.401725503721586 0.349723754026792
0.395841356763038 0.583955239608565 0.468346153924864 0.355140136808473 0.315798368394846
0.32663335506925 0.503812309883168 0.395567827063358 0.393626064138518 0.515392594371283
0.459503707823027 0.366081586155872 0.524425106022757 0.57713233979439 0.360421782493173
0.471146876587156 0.497114839086937 0.40563839335239 0.59672964133966 0.469412421143014
0.420739262463419 0.517298357716243 0.450588961380505 0.522632566636712 0.34255326568751
0.366390699531129 0.30776992255223 0.326298045568603 0.489891368145771 0.803189273032011
0.385072615912797 0.442374717745483 0.335946801012216 0.422049070752975 0.47208077273011
0.303468267880511 0.413158671701698 0.362890606939844 0.610356107181565 0.311928778247437
0.450412744891645 0.559453801779612 0.464878851630747 0.607071474509889 0.572885542899894
0.338938393869139 0.368153495625213 0.404400580273306 0.634442454225295 0.41526924053331
0.406423260424316 0.45494677180824 0.363108064512249 0.315841771132098 0.335916997057399
0.396271342300565 0.64856556056981 0.39122531135442 0.626607561233344 0.379910585765908
0.357083222826272 0.406813092637657 0.337083245186908 0.385750555144988 0.320058578521075
0.38177163178231 0.598638477099893 0.362609712765912 0.41197286670947 0.991178569531658
0.596431882926075 0.37261430068056 0.384252727448482 0.501092968462952 0.594478664208555
0.442020217966357 0.382891942465252 0.300389664622141 0.449123956624365 0.435977325775573
0.524071447737851 0.385351862925322 0.300623895272471 0.402792585489415 0.729683226790915
0.406546850222714 0.377399286964122 0.439785782645577 0.378884949943366 0.338773952360563
0.430735085782912 0.46783021276512 0.395001967794328 0.501797425018025 0.400036263754523
0.376849347856468 0.390327340838265 0.57078411505883 0.393242155950971 0.369839948006167
0.501833808063527 0.371936373930439 0.371540229927445 0.333847688027472 0.359093873691822
0.333405129530026 0.431400808648937 1.03719425885362 0.385438048362821 0.408425493947087
0.735369542574404 0.376712735999856 0.319825185928203 0.294736243045356 0.465141982709407
0.366383055169445 0.377322984641538 0.374536527497905 0.484883410973329 0.626420047479672
0.30363928366356 0.76588207498853 0.357070311736906 0.417972066781383 0.475909409690511
0.343771115827549 0.607917193946778 0.355111255640918 0.383574691759666 0.308159887664023
0.416759547096286 0.421786928108914 0.379018397106432 0.543809384364292 0.532985152191823
0.35330323725232 0.317081838707941 0.84755582380341 0.360292166454376 0.432285369357849
0.437614605647637 0.473639397219414 0.392261270879903 0.450717696191722 0.500996922596281
0.346506217843255 0.382129447380531 0.481361816693626 0.389962205103411 0.55363570869532
0.367585423238829 0.364442269474252 0.373424778657227 0.361825906334131 0.356944092382245
0.365668509422877 0.324639947243594 0.320922173332266 0.441825925366796 0.384139415745049
0.53316145600201 0.524837487523473 0.319566041540165 0.37988427623036 0.424438194840009
0.426026527498797 0.430881115055068 0.54823040526231 0.437014690708998 0.468608617571454
0.424883285919883 0.462026933716143 0.479173812484598 0.440737880075062 0.386368979184024
0.370377748112644 0.412677016536694 0.493500755440423 0.442946221038002 0.409645534590062
0.4492815554436 0.382841526339339 0.448166040637899 0.370196272344418 0.330180287490514
0.465352242456246 0.599005475814519 0.433286491739908 0.331487375257882 0.434677603626673
0.398866860413679 0.434332275791197 0.361276506310978 0.445075999096642 0.497122787568727
0.482549093755853 0.375153649123139 0.337096343005148 0.511353493344493 0.510679510044339
0.481147589301986 0.645384063098967 0.418026796798971 0.399432341114159 0.384892281482069
0.294339516408626 0.463058303199065 0.355345421431814 0.431262367232879 0.424106796717444
0.499302811021981 0.542493304590595 0.580525069890303 0.41512227593873 0.489375972558117
0.520927864942645 0.447208554884297 0.399095171541049 0.383764829529059 0.448552622794208
0.308145572553663 0.369306171854903 0.411881583786367 0.564246046531994 0.511517016893219
0.461626779127923 0.415914119845492 0.389935061757117 0.661454126020122 0.33383080431768
0.399520260642546 0.473413366809421 0.308032170698638 0.363170538337502 0.629981829951892
0.372103484069515 0.370806329514947 0.377211443309768 0.457149540208389 0.343529887899245
0.423114894713524 0.462461108908695 0.344189150501232 0.455314845460533 0.355648926172124
0.400861237260407 0.478815494516787 0.428234002984684 0.465733002691806 0.414455174519855
0.328243739919443 0.33474965320921 0.444550377892087 0.340831608567269 0.368229021895455
0.606709247459182 0.333623527511734 0.451770851106172 0.431423945930465 0.322216717720342
0.553847613889645 0.488439683430979 0.413374916168643 0.419495041490608 0.478766393496223
0.368826538715144 0.372114119868211 0.351768436833287 0.351069337280188 0.560140685264016
0.41233147178935 0.469199505740737 0.614206005657803 0.56035105989594 0.53673350815635
0.518385642898459 0.440512628201776 0.375635215058573 0.452266454886853 0.411232655201167
0.355985579124053 0.433518425683574 0.396042647039742 0.415322431693267 0.370855365506216
0.409263205727858 0.631031881606837 0.339070467920047 0.489758704128222 0.426783337616789
0.427575328199353 0.414816229227615 0.381905223707807 0.53802138374564 0.381567934474404
0.395534420152936 0.971179278113049 0.385093874103188 0.486662958261356 0.380520281856975
0.358761014519065 0.464126398957857 0.389027380618938 0.544955060022215 0.431560699123761
0.351485400643904 0.426377116390108 0.35473025939926 0.613811503972709 0.432667498580938
0.33616278620755 0.35031984836991 0.432053374175706 0.52526648648658 0.395862491864125
0.507277087947376 0.49411144502021 0.47958439785225 0.455549491143633 0.333516289359185
0.399262142274676 0.331181519859302 0.391161079355766 0.339213878861498 0.343264853575298
0.360545754136767 0.402679004963682 0.413951112904637 1.13350647476958 0.449030676771673
0.515055691129672 0.388930787643848 0.306630403157892 0.423940667223734 0.489218844248504
0.357004477128978 0.380667372315622 0.479233907420329 0.434787447025563 0.459613679573634
0.428512462679556 0.360066757614738 0.402057799784885 0.452447307151172 0.440542354705354
0.562458902042803 0.441380057060482 0.455433571989118 0.485564013917248 0.369441786472638
0.443964679213311 0.440748390193537 0.538428319837776 0.42302574791477 0.471723213460481
0.324194514705042 0.431601982508864 0.363068434919526 0.32550281752908 0.392008156683781
0.371478081547877 0.483929547593401 0.347946216268775 0.414173465186194 0.556708394542384
0.560846829285838 0.509019805452312 0.332431097523589 0.479328616118134 0.43437313289557
0.426889953351188 0.511658719439771 0.325530802464152 0.375441428278343 0.419078271154363
0.49135215708525 0.47113473590487 0.347081296802669 0.934559633467279 0.54958181829304
0.449008991224158 0.400770660995863 0.332178573006272 0.478353214989741 0.466313158423877
0.61441976338843 0.432202160069527 0.389162284814419 0.467284792584498 0.36334146445016
0.43950790019463 0.424677127149514 0.395913990089184 0.340554380946202 0.355538199152868
0.312268740177007 0.748183170188633 0.49461394263125 0.337645504129434 0.385859313983524
0.556929185114622 0.4304514485758 0.437761882019842 0.42015086564748 0.418242893218472
0.431414395512863 0.702714384759861 0.338107105944771 0.388340928700111 0.399935720854847
0.525743198577612 0.394085319309296 0.379050091313783 0.430636880151281 0.549364179326651
0.392321076631719 0.347424380778952 0.672650087738227 0.365511057653759 0.444040130291976
0.345392216182343 0.463222383882118 0.43403726136496 0.680441643605281 0.365653453812014
0.368756205055294 0.37766071431276 1.19759763211811 0.391174630579421 0.483880104395647
0.409260234423408 0.416031065203408 0.353393938373726 0.4065952113908 0.370149240005449
0.377619513759711 0.357581271147125 0.373367487316656 0.342225683648109 0.472728422932769
0.35299077633469 0.439376401433374 0.382411301821208 0.457013551504385 0.49720896877022
0.28408512601177 0.367885699451124 0.368704063803122 0.587093148421976 0.398504031390145
0.398179277858774 0.350673624376354 0.324283458661331 0.372604681473896 0.40214549534728
0.4141156639894 0.433545566690647 0.493641668523141 0.370852454158481 0.427984800885786
0.497567113482228 0.388767294451905 0.3498484035302 0.378492627896828 0.354897251863869
0.520869703251333 0.439253719438846 0.354459144024056 0.418753383716386 0.384233836302948
0.438153992331668 0.428591551765057 0.393400335226574 0.350228271895583 0.302019339054224
0.475670360171468 0.375709788882359 0.36034443428906 0.478434457542218 0.422213542333757
0.48139227672437 0.402683771232662 0.327435083839843 0.444261261074721 0.348164044463111
0.353152069043333 0.4054371931166 0.546032883177865 0.422259537072827 0.393219284417758
0.468982312536728 0.352456219873973 0.453484847007786 0.342774761910212 0.418609295869406
0.408517678829163 0.483777549634941 0.384623718609836 0.446625111819671 0.364252849093968
0.37824101635981 0.428194535038361 0.385742986066874 0.363868180477197 0.317955832438158
0.43038381778581 0.366396310443561 0.427776975467783 0.718568879331528 0.330685104465002
0.420295480830081 0.619445403012775 0.434320668518965 0.445329287255759 0.462122204438407
0.368830419813711 0.503314941975763 0.430486911308464 0.33122604819332 0.365223153512701
0.60134817357109 0.505930544295696 0.393318889937259 0.381914000235246 0.392100179128014
0.386268174346522 0.48776282610607 0.449803421566564 0.624502978599989 0.526834515043324
0.375449288194481 0.536197319231294 0.69159154192106 0.407522453859205 0.323291698987974
0.323174351147791 0.436400677119567 0.450476099716312 0.363364387421199 0.374096471058659
0.318570774645702 0.408535404559536 0.450003553237722 0.483978162858787 0.45074243099133
0.376387373627558 0.440764344602123 1.01195806650588 0.383247682466829 0.378240152705505
0.377855797862955 0.397758989974991 0.51818616485177 0.444451681928428 0.420429923786043
0.376564576393848 0.471322963863868 0.344829890953278 0.33305942580973 0.329648801023195
0.356860341574738 0.390179470592563 0.54908131766527 0.359720502082807 0.342141903040721
0.35876924292416 0.398450047992152 0.379933675085673 0.445653881588821 0.59327564001022
0.711699544442504 0.364541157344124 0.494114861232055 0.396929384068361 0.425481076723358
0.355004254519935 0.412817771561668 0.487021875170974 0.553630853042222 0.434087569414622
0.425352246146943 0.379696440475635 0.510256137065689 0.486730568120011 0.379125027565086
0.399383137027362 0.448375353997878 0.334409826293125 0.463378133585132 0.44449075650299
0.598785643344171 0.426508018096943 0.538461734421818 0.475935713746039 0.365659384584291
0.459345447758669 0.475128295453638 0.36947961483996 0.441896185990092 0.330158492368601
0.624511960133064 0.553502785247703 0.471267308271206 0.442192197990204 0.373198480512351
0.299894836102173 0.50608055734309 0.388486608669499 0.390765137759807 0.383574258342935
0.374664269445774 0.675419379566646 0.404965186317103 0.342518082102842 0.476818411767684
0.355305907617003 0.345372360196824 0.595324307113752 0.414927887904638 0.448292016047298
0.442407031675786 0.369187139265365 0.338833788117401 0.490749598513016 0.371936492989563
0.375645117280852 0.497634551743274 0.332877732170612 0.457189843212193 0.36828536814778
0.540100562576175 0.380951543580703 0.447000637442268 0.458327441219461 0.343974850099738
0.425343300886522 0.444670354429962 0.322567076391516 0.356969992158029 0.370027926192124
0.555589352804479 0.353519682607601 0.564441247149451 0.401510550852298 0.906765061315789
0.337053722167399 0.39401755886192 0.334390107249037 0.349292954862374 0.641967673678883
0.423763459226035 0.399278031936111 0.361528365179617 0.362879673434001 0.469619776627523
0.345333710797621 0.384252300618953 0.409927894061952 0.392906642157501 0.544887281213424
0.392617822394647 0.417837432551581 0.387363486726217 0.527968523474168 0.384661773598167
0.46128156445446 1.06029751682998 0.700280384736683 0.46883669253922 0.581932797011166
0.339156064367535 0.429767822674677 0.409381005972465 0.65079885083628 0.36515100342044
0.559340609197186 0.441537555803233 0.484501324153176 0.584389040188978 0.446549476488882
0.54098164272531 0.466185952179094 0.34406140643497 0.365941473941413 0.344902847319326
0.321008204943441 0.35006750879672 0.347663816788294 0.389915082748631 0.374003286168322
0.483490056480438 0.361565324363634 0.425659807653874 0.6300899512402 0.452269762096041
0.427876287658538 0.350459464482251 0.367681551407682 0.364268628178985 0.405702408174812
0.468372927244056 0.52935165613078 0.408375239417564 0.903355615892981 0.578674779559906
0.3591552200036 0.439002949580742 0.381617555007419 0.422262198347111 0.372111563145194
0.387339193393393 0.340535882742416 0.344912229998622 0.865132979128432 0.392315081504265
0.36093194095879 0.399905415129072 0.349699185577128 0.529621053508981 0.32734819072483
0.366042045297151 0.357078870154992 0.364070591229692 0.842032001777724 0.412692338615339
0.342363659129248 0.370038810717436 0.382582625066688 0.872074570103421 0.401208750561799
0.751148109758128 0.349337486598599 0.325769428668703 0.401972398246491 0.328044871058907
0.466873286855649 0.489044908230477 0.509055442005265 0.529029858023581 0.400391492111661
0.422317217034133 0.410887859640254 0.340154774089149 0.399943219793195 0.33811826804964
0.531733905205449 0.568849947343889 0.499213090125359 1.08422627098146 0.527763365484467
0.379563521366848 0.539595135669328 0.357083634234279 0.342080402848042 0.397015813988361
0.376444730896927 0.479451516742301 0.44408868498985 0.358360598958705 0.424559165938831
0.378037175172349 0.305306177557978 0.454332306346818 0.389013042792357 0.529971321619036
0.364029812699416 0.437978050862983 0.38073382759201 0.631916113232583 0.396492169259522
0.396394119230107 0.787800540160897 0.416674820779406 0.444170939894018 0.485369176076655
0.631076703303863 0.491167074441527 0.373469700151593 0.490585844835884 0.322424843985405
0.348522063551471 0.370705256510252 0.493218705924418 0.363594957492407 0.355262575259033
0.555496861603464 0.46900014955792 0.440935029840052 0.411428455485158 0.474367590915944
0.385551098460319 0.512999690261372 0.335593422357154 0.417364625040523 0.455500529091889
0.462745248223193 0.478509038676767 0.3425636871525 0.414600015412795 0.416487625230825
0.512791983867642 0.37548010152419 0.444337830620602 0.583214453569902 0.326218787684704
0.356519024864606 0.394075680170419 0.406343448740268 0.468158928965112 0.571055227422673
0.419695933508315 0.438828392062814 0.418175510778377 0.388603181584473 0.373935714844012
0.52192248410485 0.449106541949989 0.721255483246655 0.454769592484823 0.403251706868091
0.488983549432643 0.483808968148076 1.03378076324429 0.373459680266462 0.318890600027229
0.363748332850836 0.594621386167331 0.360804096607288 0.410094994535125 0.385145698067822
0.324929294110987 0.333868521129439 0.384082017176677 0.646043420013044 0.533708108702908
0.329276805079083 0.412343923387585 0.579930596526658 0.378313971268952 0.43489157870897
0.470958784206139 0.597790541941966 0.368334608710373 0.352196758534 0.95748489858267
0.463951741686065 0.387350161959128 0.451133895274841 0.332757363730244 0.296623545376539
0.50733771347696 0.427343442601203 0.461736267589297 0.57889859566666 0.521210826045613
0.535612969546829 0.477237940798153 0.505702684696782 0.505063309346138 0.436134034650184
0.457119188094914 0.327488121900868 0.321922750278838 0.528996123031065 0.398589929552328
0.323083692744978 0.387956068588463 0.430249798206972 0.417607111367176 0.401349396095884
0.370281202965713 0.379574126534018 0.332362538426818 0.445396887458032 0.440986924817443
0.380284658442968 0.352421672167514 0.354025383924902 0.335241045970195 0.42262071599964
0.466439235404869 0.416692908822299 0.39603441140185 0.420513411133445 0.607008966272906
0.361901969442021 0.353721921136142 0.3571894266618 0.385977886538888 0.345235043017436
0.377002155306877 0.375616494618758 0.334791896550995 0.36985755700384 0.679435552534039
0.400824877932908 0.518991609781396 0.318812260361984 0.528728833218454 0.4503481589341
0.467406457106015 0.431520674852161 0.708304598597469 0.584784823457968 0.401109682007629
0.396266446101977 0.403052750045843 0.51076401995714 0.538328998010564 0.473292137160265
0.34868744877938 0.500668561633505 0.477711758490173 0.456831005262005 0.516435007802267
0.393142885565506 0.344725542004617 0.513272298735416 0.363887123875164 0.335952726617315
0.428096985870919 0.382094896818519 0.444925583550795 0.371518507167366 0.537614379766205
0.424520305073188 0.459173175974356 0.321056738931781 0.452628485009776 0.45519613477115
0.501616286335225 0.392751715866834 0.503172146134857 0.430770656941856 0.886929348598755
0.409837472099525 0.366725712898263 0.32405080090445 0.415317145305028 0.35343954768891
0.443257794085548 0.432790477035319 0.357817617855327 0.377001196315034 0.541034192041821
0.350173101176819 0.333863474737187 0.408220198391856 0.449087079645348 0.349826543112924
0.341299805825364 0.362190991251017 0.441357440757626 0.672467410656887 0.344213445860371
0.606272043494544 0.374753677190249 0.386098587406291 0.615726597199199 0.321889181349095
0.376705770570507 0.392538322560636 0.464998976061742 0.413640975115474 0.366370253847236
0.410662382115229 0.403687231088365 0.562263178208856 0.333962255762028 0.358370553791741
0.488227678826024 0.30857745105383 0.443984929855515 0.296164252237321 1.2420698685298
0.363133165329076 0.367789967853314 0.423935366547692 0.434983615248833 0.346013819709092
0.403535165308731 0.411952679768879 0.505049839549867 0.397232917895593 0.364346876054164
0.32021956479516 0.683137890832634 0.352127115008861 0.414728168182277 0.487567898534674
0.363469901276204 0.372454980956011 0.346795359980254 0.42300204870987 0.36429100491957
0.383541173104104 0.389077996835534 0.419417161501022 0.37150009435313 0.430692892343857
0.620558771351999 0.393588763917781 0.326597646893941 0.470091479201891 0.362533050934456
0.355273938731421 0.344380740729137 0.368166998830443 0.43559223478278 1.006432952246
0.408612000703284 0.489404506837685 0.414177752604093 0.383428641411601 0.445323853940777
0.364992012745292 0.41205427781008 0.500985631707756 0.431259538958542 0.434998809679506
0.39181393743084 0.495601530775198 0.437127150875204 0.420689120261365 0.372463183509147
0.347196980920897 0.46661417341859 0.508203728022386 0.567756716496358 0.415123314468002
0.345343715017409 0.361233625877538 0.473322268444721 0.433539387872741 0.39648456176503
0.56597470258722 0.466865783569932 0.392133701125577 0.513036749227246 0.340882785159854
0.399744460847327 0.385457627557838 0.424223361732689 0.53789802853609 0.378462837991955
0.415456074787516 0.443316406494529 0.520538227080428 0.431540381632558 0.416509480599263
0.921184048350696 0.634476697337784 0.466099786626864 0.440689665561047 0.382245280606948
0.437216746473741 0.354047338440611 0.399671640515687 0.373119472588389 0.357664987310253
0.389705505185646 0.418730688866849 0.58289453726438 0.443198730009978 0.346420468761304
0.465485590963493 0.449711310139464 0.418283645369257 0.375545806626124 0.358344920913804
0.495930773024487 0.36760440649278 0.3478973568296 0.485969934025544 0.399978890692541
1.60165836429848 0.349761090339063 0.531471431384455 0.510131494635389 0.318664838464963
0.391704006843619 0.570414599959745 0.3708460773602 0.350421404272308 0.613808259809019
0.34559974791251 0.350483679661965 0.385490727841072 0.423255046223152 0.465686963285913
0.407177367935415 0.516936057201376 0.378561441779376 0.358586285444315 0.359465900071182
0.515436647470183 0.356765927511444 0.775336646149374 0.379113188766209 0.435284848489235
0.869343821054829 0.354296486032104 0.354920475839116 0.38384553240365 0.382157465339537
0.322883957435069 0.323420987148869 0.353680497130422 0.440711785623921 0.38950834714919
0.384090949647013 0.309607711460403 0.391640704858583 0.444367669098212 0.764558496314945
0.563284603330896 0.448015935316537 0.350490426562892 0.441090031577799 0.309882234749058
0.363459225141847 0.378521415267946 0.681111766310236 0.427309461403864 0.380867333118084
0.417180687678838 0.682393244023551 0.360095485508199 0.517481579876585 0.590976623641498
0.355198324258945 0.360030166085015 0.353217395125436 0.43939241261836 0.402290999495389
0.752128980367632 0.515129613388755 0.357325160512802 0.461173247606743 0.392991138542241
0.403698981528127 0.318225105217089 0.346035999696302 0.472534113966335 0.377976580805327
0.408520045826758 0.356044497434019 0.394838775235779 0.51904906903319 0.347103187952653
0.40029760743878 0.481743006313241 0.346395890478709 0.491120678581042 0.473413522516894
0.35803107956131 0.452343164078594 0.469758087075444 0.503833249276373 0.359894910981055
0.335195425255457 0.472500145102583 0.373022083913896 0.409975048035939 0.386560236845309
0.678462054142106 0.392645958324103 0.38800991031473 0.528966438147095 0.393881907412653
0.383839254643548 0.491559555575027 0.362234512397591 0.490651155436444 0.384241453861539
0.338890058401638 0.445254670839485 0.313658115624649 0.350963894007479 0.587593292781978
0.357413879980146 0.393604691922444 0.311524652376521 0.479339768359444 1.00956337979911
0.407478055778875 0.400539039208725 0.376837932603468 0.375269912641142 0.411255404777262
0.322006848872305 0.43520938586189 0.389694638884404 0.393851041625748 0.729292217824604
0.378872416223085 0.393408129927217 0.45330263386698 0.421460090617548 0.561942329686353
0.39670146512448 0.361496535106372 0.446705371005707 0.348320588192056 0.371187847643592
0.855703637256134 0.374528162527863 0.43171283130745 0.33247728407791 0.439525235176176
0.308472214235578 0.464892444419982 0.383152783040098 0.479910562713939 0.474749944767591
0.442195872910228 0.384115478806502 0.422334974897657 0.677340009821204 0.385932771990084
0.49419341930646 0.363911158952712 0.446776281971208 0.333289095259098 0.356660696921448
0.340020108291376 0.422352782491512 0.405809165733855 0.454684446588549 0.385833322037589
0.381484823055458 0.415448755159227 0.355392136706914 0.441520644242499 0.421540122248128
0.373892396785353 0.358144030708096 0.50612937095134 0.375682856112915 0.511640734949763
0.351791475203418 0.4077289705492 0.31810315630032 0.378839286253321 0.486609106026686
0.421036138596731 0.416881018141155 0.554026599780091 0.371818561665727 0.415578683009014
0.419003217606608 0.606665011354422 0.311087334119716 0.420131873045773 0.356062147296614
0.458484772534179 0.365589339948589 0.359601923128956 0.380402267734201 0.326424922031569
0.345850070013449 0.376384329097465 0.398674017408889 1.21424525585588 0.445612814096533
0.437886976954024 0.544061885894837 0.489529370313403 0.501127567258249 0.404566545708274
0.433737455407085 0.366882659959894 0.510449382558978 0.389557948407162 0.344061845587992
0.436398651743297 0.353622088951109 0.322479560864947 0.327609240608851 0.412446791525302
0.326192105723006 0.410419780019973 0.34452871152895 0.470521962541248 0.466155027310158
0.36772976601631 0.36599274447075 0.464260366561135 0.317730370605423 0.380557178500421
0.507856345367302 0.474759975037148 0.35282121524853 0.455783245885833 0.351749887376955
0.375311455585705 0.399015138383406 0.42703142319446 0.397814063899611 0.387672397349477
0.403678172011037 0.577125650141146 0.338698094270103 0.357571620642969 0.418649190808535
0.403136205574076 0.333738344231509 0.398958753960843 0.386500168815192 0.441092232498978
0.409641898665664 0.389154573359407 0.574982778516953 0.39630863439859 0.55936958881966
0.422066383116266 0.409813803212109 0.317772776987792 0.35273236301568 0.513703000158886
0.815150193538367 0.447955019594538 0.377570359144943 0.479599336217147 0.767784446973189
0.35095645853097 0.48771665111825 0.373104785274632 0.656014003179408 0.317877606611744
0.402035819542439 0.479078117645303 0.410283807315783 0.334479011531605 0.37759062417191
0.339928911069653 0.387408708311702 0.541224892026657 0.596675785044858 0.328129160146343
0.421697199014107 0.353135620880452 0.437955122303837 0.475915518577051 0.287290867223345
0.307947535144255 0.434392205850572 0.386478207130716 0.34806672558814 0.388017844256185
0.371810357795507 0.453530412870658 0.399316101990238 0.609314561069515 0.398822830643227
0.335266255164825 0.433611510307657 0.310127288838859 0.459488155283615 0.335318887618386
0.424616617088062 0.38547222230148 0.319483224714511 0.412488194672439 0.474411666770695
0.338132951857747 0.321965841031209 0.350430317107156 0.405471602896786 0.735773709549247
0.446199809954525 0.402845553085413 0.405286926158153 0.367371199987459 0.400622927633306
0.427645400655963 0.480735358271343 0.451242762979619 0.452092801067897 0.42516457403592
0.384155972160106 0.416437738998927 0.422368669711666 0.332780990678871 0.319523668458324
0.421715070105519 0.415213816286725 0.321491023069741 0.507572529819853 0.36546093891717
0.598398905870115 0.422854265947963 0.386538200220219 0.327851720493515 0.362164477047487
0.343595478239989 0.40842210943732 0.394990036116013 0.46788257190016 0.334545469187776
0.45065616385252 0.461665301953595 0.436448452859854 0.354692725549966 0.332237057775355
0.349677524194407 0.395952711599542 0.350098812736914 0.406343900798008 0.373684508991236
0.589079879726532 0.668630696791794 0.410326773931462 0.37784752634421 0.412664730360619
0.357191722724929 0.400431904873637 0.422804637165195 0.441706338668473 0.355627627056182
0.308461483028907 0.352949584888846 0.442740812827865 0.956756817712894 0.698792703238314
0.371511844119569 0.495207673881417 0.551370215580217 0.423304451166793 0.380893589859597
0.4185710859157 0.59863788697242 0.36636015026102 0.342631935816828 0.38259599328666
0.336398306999499 0.329377843764376 0.4158720946021 0.441882876774203 0.398407668618041
0.386461667723363 0.590221442078645 0.4830561167741 0.532372340520065 0.373477416383437
0.541649951608127 0.395249023011912 0.39800011556002 0.396556315655598 0.525449329279629
0.458086804733692 0.381198601752826 0.437344662186953 0.400314761269301 0.627923384100456
0.341284676417491 0.38498635070821 0.429848198649691 0.370539435123039 0.383463648743168
0.383623064617227 0.520192691996755 0.602616080954904 0.544107494656646 0.41058862797038
0.548413086687254 0.334889276959153 0.365834184541666 0.490453894136273 0.418342720195296
0.42419000845718 0.420823710257521 0.371496782417277 0.45010470325526 0.509746716999041
0.374477336973003 0.424979422010528 0.429390923266247 0.433305657473059 0.424875702994199
0.727225875141646 0.632160773574095 0.384538792688616 0.371694066293992 0.395292225942734
0.36480799151532 0.348982669760895 0.427154901279553 0.417065227606609 0.368025117614654
0.422449073803834 0.526700021521963 0.376204350120173 0.406587337621118 0.375934588037827
0.370037113439374 0.324122162064798 0.38211714652517 0.468383097375368 0.36508609263505
0.96977244822679 0.353112176412996 0.377256192170276 0.338275653893273 0.472168211131841
0.312103022811731 0.384909154487011 0.357311396363791 0.42700779490966 0.356094622636241
0.34267537886508 0.501567483730859 0.364639903286739 0.394748177796518 0.489527417956376
0.391262298630079 1.28297919473345 0.381264823182675 0.420379636705602 0.489394523852976
0.332081190021759 0.440236255306784 0.343452667455467 0.393345371916112 0.494206410267853
0.449432633458674 0.536867122620278 0.44396709453443 0.399523657288804 0.72806169273214
0.483273109452784 0.404857108790355 0.380878967907461 0.505800431257086 0.344213207960827
0.392589800345206 0.489606459434833 0.50159405890269 0.345670458467023 0.289417352369412
0.432498865134587 0.44234876478136 0.689267319284357 0.382427874988176 0.448867272031684
0.689076746188474 0.33988747536211 0.370485319753794 0.585045476068484 0.341869699977278
0.358949053677958 0.490465868748074 0.545386498885985 0.562722915238301 0.414470328171509
0.321202081706814 0.473814538822518 0.349874794504844 0.481720124960348 0.665072333393044
0.333562687006458 0.916789494954404 0.411742288968098 0.528227700828289 0.585977038979159
0.341803392649248 0.460929082460162 0.430845649720984 0.544173066061967 0.32333964175261
0.349300402718814 0.398201186675382 0.363228996402361 0.461862929557268 1.16508888936021
0.464388556627396 0.352500761325339 0.382448597193757 0.609279378335973 0.343465055180518
0.336125502838541 0.471806593197478 0.370559147064756 0.425669656564498 0.447508257295985
0.420293347135535 0.318570756431894 0.382958218143926 0.373878339224436 0.381172017360873
0.304608177338655 0.337735256925152 0.425994534388665 0.385789645828876 0.37193009795656
0.39773472671928 0.493767618620543 0.38353933250169 0.387403240769056 0.494403650064246
0.416081472877644 0.3517155132989 0.445913680395312 0.441603245599782 0.389984898111483
0.342552812790766 0.881848136317217 0.39127153298893 0.491066767419966 0.388425240103746
0.328527709402316 0.364744104798452 0.393231639777997 0.569923149120504 0.300426170229735
0.365578191335552 0.3703657263563 0.369161308212861 0.376457074159897 0.465681786535398
0.455445712485568 0.351455156159066 0.37718273720706 0.65657055715192 0.475556287467335
0.439581118729577 0.59584255403031 0.386131354311846 0.392120818553079 0.451460692169442
0.415122383630107 0.413254601862795 0.356171094925619 0.366126295796374 0.385338200453687
0.637970000818642 0.478395925259578 0.340707717565519 0.416294803763407 0.434072902616245
0.631630358885244 0.373419415221387 0.320345349737683 0.456237728827397 0.403811273937787
0.419743223373959 0.356850280454696 0.353704227095812 0.553951598819567 0.311471173872231
0.330685276803205 0.400285012723706 0.525204628592985 0.42877364422505 0.383319552786323
0.445864922438879 0.408422500549772 0.477731666784116 0.476880077064301 0.486852319034269
0.655233704383031 0.400709230556475 0.604757741916201 0.363642613753119 0.347816053188992
0.40862081965352 0.424244633833445 0.495518809845713 0.459532544464409 0.34811363960551
0.348784271485254 0.47718093317034 0.401233240903637 0.329501216991794 0.341174515545241
0.446278558986005 0.401304860043329 0.436839382427933 0.367888119854693 0.585281202395728
0.518281737767498 0.447072106517524 0.393362951085372 0.47838061132572 0.430230913221903
0.37518939552245 0.390567600861046 0.421613124552793 0.475085242971214 0.38367356820175
0.456414119803665 0.512270886333854 0.58472133416952 0.63606283297168 0.49263763897622
0.320390668679756 0.391361319753548 0.409748910308701 0.427836926426751 0.374681941322175
0.362634279146374 0.551248502904763 0.44612348823708 0.359815621940955 0.442780553143936
0.382644871067209 0.418562827659764 0.39198110791793 0.380265841865269 0.374890349889924
0.521642816778691 0.510928164926086 0.429779471536575 0.365109708644606 0.391698521998664
0.389628404929698 0.337299507239254 0.388853846492598 0.349513221949226 0.502540084512507
0.35161615645057 0.366024580040933 0.308090849178855 0.527672454193618 0.376195645683313
0.321730617772037 0.36480097987292 0.432091150234165 0.347444500529286 0.367303531593959
0.352317296030488 0.483011012172134 0.311957818909356 0.377213540476997 0.544292022207551
0.354098856591294 0.448223416844825 0.402799312497165 0.392056568347404 0.944689679227276
0.407354735283625 0.64792770833778 0.435877898776423 0.501754066178111 0.350586243012323
0.441465337937229 0.545741826082243 0.513283143003616 0.578414083716513 0.395745597023766
0.608362579459182 0.584706666870451 0.447223205577093 0.525177141093052 0.350903157578055
0.376824111662868 0.430141368222922 0.390518697937181 0.342837237681889 0.397290458156664
0.402473614170075 0.353231289521313 0.366869448999798 0.4010629549313 1.21060673089019
0.361325466118807 0.430046280676301 0.357008830647933 0.367169768039358 0.39140214714605
0.431882811128252 0.380494183813626 0.508931508135682 0.388900098500522 0.499752762216548
0.421432624235374 0.354624719901073 0.541368579700593 0.319909183454239 0.381251753342104
0.529093508586945 0.386188423919765 0.353249666159374 0.516574909161533 0.407531035520406
0.378091452217402 0.44783069326386 0.426339209428367 0.499632047587022 0.344702844315722
0.447489049403626 0.403824477884932 0.318400331877426 0.638908013956927 0.362016486252182
0.348024501634841 0.425237873361451 0.323156812761246 0.783471867515345 0.417153105828446
0.411086912570544 0.685135069949096 0.478680129602752 0.313888670580991 0.450994953114617
0.351735357839365 0.338797854773655 0.382484261838683 0.34361679188961 0.360054661567281
0.373029551118541 0.393066358642039 0.442467696929637 0.420813112024291 0.463039991948968
0.32764002002696 0.418023338375957 0.406225173337215 0.728521638905873 0.364623324521473
0.475181813511415 0.446741919147136 0.444156810629048 0.605528474452191 0.452583300244729
0.37603174742616 0.455854430534147 0.48618269080193 0.410143831785421 0.34688658108618
0.400999452115382 0.356466821869241 0.482881402548727 0.828229665559825 0.312675932882818
0.343676129301002 0.783923449720619 0.527309441142861 0.471887763868465 0.5261617385928
0.539336241665124 0.480706437738453 0.346719634351796 0.404404238318517 0.79841158928862
0.455370710233259 0.38260738410903 0.446840512027685 0.331757262165664 0.330915569862294
0.821143906662643 0.31802115120512 0.338139149737925 0.414197340803396 0.36262292046015
0.355941685958156 0.367482402984024 0.335690500956605 0.643747728413829 0.367274200366806
0.483831795896171 0.310392817717543 0.368780990608046 0.407773203704108 0.427939759737775
0.562116091317609 0.34617851702434 0.323225225664034 0.423453092756544 0.394712643191097
0.476263759449842 0.399360679153253 0.416646150783272 0.387592822010791 0.422499384562097
0.400053429515367 0.56817505698597 0.522852922142422 0.414582321113269 0.348071971482525
0.749713056641068 0.345836780795404 0.39910531827888 0.394873261060316 0.439283967486895
0.319053677533465 0.717729285628699 0.396121298237363 0.442205025697905 0.351230811604589
0.469755189086724 0.558772704772865 0.820339269912677 0.462294459510524 0.375438587689744
0.344201481877009 0.350762751124703 0.338099544700955 0.496301110352442 0.408054160931884
0.370207228145031 0.347870370456695 0.380129344540943 0.399186207336373 0.3719572845377
0.36819812213597 0.493502298096889 0.336523191303287 0.628865366509999 0.35854792703676
0.4552424756706 0.344423669512708 0.463590549790499 0.350786704519688 0.549443070271624
0.352837621176292 0.36592244238116 0.356457118719846 0.412647235244836 0.39403085955505
0.369727258477219 0.577367942239305 0.366581067725342 0.374645774919183 0.380652501453332
0.404897192628241 0.389293016534183 0.408541987144703 0.483014817995495 0.4113289133711
0.40483539226788 0.383076537348635 0.393034205607922 0.515335155694524 0.328162363971933
0.519351342722586 0.460163717577135 0.338191292738137 0.427420478354924 0.341192269819705
0.322396575794619 0.381146298698054 0.368901331046729 0.446221300539247 0.708578548521819
0.421509976332568 0.425602014294993 0.418600017763721 0.579308284608069 0.353416112413948
0.418467084809631 0.391087751655377 0.527409326559421 0.433113442971128 0.34301235934095
0.541379225919368 0.557428645149902 0.383931983340909 0.427629062329177 0.436201898491503
0.616655922493301 0.395946552280247 0.372660648034947 0.65912358066226 0.376036489937075
0.370105247877362 0.383290327117134 0.623685174477981 0.430797148492634 0.363634830569079
0.416354710477086 0.372551794985072 0.448906090439542 0.455399036513436 0.356563927536614
0.374002827138541 0.402913106453487 0.36321029004166 0.611598194106846 0.522999834566588
0.451160138663775 0.461437062328513 0.412172276880841 0.409882123110834 0.3949557342863
0.378265009724975 0.63926241930975 0.340281489942159 0.428774255283675 0.357111753512697
0.387609958715673 0.324272113365129 0.363426235235831 0.378388591849882 0.396307127149427
0.358515131239181 0.352293478420766 0.348388104112216 0.39617736812941 0.330047319907315
0.512248221745985 0.337290617024353 0.362468734170061 0.324202317630426 0.358929195326525
0.430595139144881 0.408990142733964 0.41264802758701 0.539356779434367 0.452651174602148
0.422201800195027 0.35129007694111 0.419883011535134 0.432776351466525 0.347822600514775
0.405521732119193 0.413478114237591 0.596433636775823 0.399528732210519 0.605424605410343
0.569922586614253 0.488048947005361 0.398056187625534 0.420165279883065 0.496056620290304
0.384385321756491 0.445228485817351 0.517846973630665 0.381725777260202 0.69404152009144
0.574231026165488 0.349675582077798 0.515006708048239 0.328463913501269 0.336770457748014
0.522416997179202 0.5152439921401 0.415694605797469 0.403342051894171 0.462645419795494
0.543775147906357 0.432513355478017 0.447710298308696 0.36990091140787 0.445575209657849
0.342839224244203 0.550085934221621 0.324368554213615 0.447772055300553 0.351020319487368
0.472879042546635 0.604535829094152 0.404636761440934 0.393231733377189 0.435067355455117
0.417567818988463 1.22590024509171 0.367917975233526 0.361820929610456 0.392971123769934
0.382926957415661 0.643455091137098 0.354420528285496 0.351218507722285 0.386097613209949
0.419106061309126 0.330916042998503 0.566709525822525 0.388964119009395 0.388248045255797
0.430840753340304 0.383561431379237 0.392709056324615 0.389458341731932 0.398742043615813
0.331449795440027 0.425203496907822 0.480277828841692 0.423522247115108 0.523237284487223
0.333839126503933 0.852370769092603 0.376106828157743 0.392735220769615 0.364603005581983
0.431664033295077 0.446638766589458 0.774435223161306 0.602792821246849 0.445682916370872
0.363038605790088 0.435629974864459 0.896387295012885 0.58203760237143 0.534576729134015
0.463645107667899 0.31606449130171 0.449193421915443 0.428365649140925 0.342483367447764
0.503768327832824 0.386417111103281 0.373596938341673 0.52228778901966 0.764724110730554
0.426684361252904 0.389612673326562 0.433763257519375 0.617831199383152 0.438725892267835
0.362640703019819 0.638406789358562 0.398458744865717 0.323754092429132 0.37071079259406
0.330051491075638 0.934588292803218 0.342598018427456 0.446424328695173 0.314520643235733
0.556207812236075 0.521407240474717 0.352135114674558 0.428590196929602 0.604533047609226
0.431160724830598 0.508873164199738 0.377079322900779 0.384880281563473 0.353330828313625
0.432151647383767 0.431789495488705 0.427524648342738 0.396806824093595 0.61959793349456
0.374696800336374 0.462908377473704 0.423645714289011 0.530050037549469 0.453877483612775
0.370556193909423 0.327553041132375 0.40420644607487 0.361237528837308 0.421337392972894
0.373733439409069 0.646670680036898 0.49796600213722 0.449281932275487 0.477191411501454
0.534124175610062 0.385744241499285 0.32876657665302 0.615755564087541 0.402218723831666
0.481264150193036 0.501651793302242 0.371193044888764 0.513071347892618 0.433061226039152
0.375083221027851 0.420917752299595 0.477161382330816 0.469885449704965 0.453814072264588
0.426431743605354 0.309803083827717 0.42247192822724 0.415738997334837 0.545187905109949
0.344817059325677 0.427691562603824 0.406512359650192 0.61345738879708 0.424662744854388
0.437622392293927 0.371690295398502 0.313028025082123 0.374429446002979 0.355251201428714
0.387488205403049 0.419401300979258 0.444096966955134 0.489940079940912 0.404059746942933
0.417494232511121 0.465467054127843 0.360239117707041 0.468595463304234 0.349541052397584
0.558944352590923 0.394295708831501 0.367508553252159 0.32858439538768 0.404400849290775
0.373876919503614 0.424631367837368 0.358998611088645 0.491077017874672 0.348113990370383
0.374623425356019 0.417693196522896 0.354895168457148 0.326753291216559 1.27169228779532
0.384118728484819 0.454494728398832 0.410908511395562 0.396625209322989 0.462823654780503
0.426931445762754 0.351752019380026 0.316897690391889 0.473944812632984 0.399589810358918
0.397368371982441 0.374568350021033 0.373876564569767 0.537448392499973 0.37174566294051
0.601326984090722 0.360162700243985 0.388403028534842 0.414906466840428 0.330963363647275
0.29799176346143 0.403221128984113 0.33256897434744 0.474874350670492 0.32109350340522
0.446536848584631 0.40399438826139 0.435772234033433 0.532628131830815 0.399816277325164
0.436563002602026 0.367628662056393 0.389306771283906 0.353518947125716 0.580509774247544
0.339959288272275 0.434604216850841 0.316083156863304 0.733215533851108 0.364628894600433
0.419980742127906 0.461789065443393 0.402365251270147 0.427385003039579 0.416650378634328
0.342190029039007 0.43952006691974 0.353592487729883 0.309173928203328 0.464483292146882
0.484750254368014 0.43537365178494 0.430254641468053 0.490099838008173 0.611072246555633
0.506187385637971 0.378455929695247 0.392340981085847 0.368885779258875 0.354107312936583
0.329090546947986 0.43305960961831 0.473713845352823 0.391782871573957 0.442313841499537
0.347417796680229 0.379835055991008 1.41651103385545 0.453292123959531 0.434649174358903
0.337925610326358 0.515125583718056 0.348157637393214 0.372892476728611 0.626188003756161
1.07000511476938 0.429826677813844 0.343307100569412 0.351102068135767 0.486960417101352
0.357659573063344 0.427080953740281 0.458942713670847 0.379056056155291 0.441707227040204
0.462579965082065 0.398393851889896 0.460974855109099 0.517576031993217 0.411118961285894
0.319946758529882 0.468983501116043 0.325789698013902 0.472730334145302 0.419938797078458
0.452040490443245 0.369402400639549 0.311183107939307 0.390738217488 0.341914252247351
0.383402845695228 0.3860074664694 0.417244387580043 0.310969683929985 1.03667416921151
0.375716054766144 0.333433793154639 0.87030035899473 0.335259341311241 0.37845301754697
0.601895698432077 0.59380690436283 0.488215168128912 0.531637621425703 0.432032506809002
0.329291434629726 0.401576733846247 0.443646080348154 0.40048351247382 0.586889445036618
0.345616773320042 0.33120273506138 0.465505249180006 0.420293346177716 0.518045241337269
0.462062826585986 0.803930338739934 0.473236771084972 0.499691691223173 0.485704741173915
0.366154280681272 0.438872434179342 0.408220967065222 0.367220251284274 0.648204631372795
0.758539351185499 0.323727564024228 0.402414657030206 0.479352569681129 0.395245615700841
0.4450188087763 0.421951508321398 0.497810804076753 0.366183947265868 0.40016587112188
0.325793157144026 0.311717513901912 0.378662846051358 0.467874507772327 0.454076184394984
0.458452768343709 0.349709610801717 0.341721593223958 0.554713676432687 0.365537040371422
0.532686348175655 0.359197675844859 0.362660594748995 0.461015451115931 0.371947022043298
0.477218902648798 0.363554459069224 0.403849427826163 0.352504257597948 0.474863593699139
0.440345445415831 0.548313781912905 0.560805671627844 0.35779255131645 0.470865348239793
0.406567226450426 0.511574102351137 0.343135355806148 0.463600395965303 0.408412716586824
0.326108333024791 0.553725476072895 0.358536006530863 0.603324371061 0.406841954835703
0.360072809877797 0.369138677197057 0.695921289128249 0.390120866615526 0.343363178447949
0.422210520340211 0.651849064854555 0.467225822282691 0.356370300650589 0.344052289601138
0.363525196623368 0.388003774012105 0.443589599704722 0.322303895238081 0.349450268481396
0.376000614764882 0.418459215355392 0.482936567399091 0.447353150233522 0.356878129175181
0.451833133354736 0.500089904769885 0.45137651794262 0.417474553498029 0.449887985677051
0.528348273214764 0.356475034208728 0.462946361431173 0.385203089340993 0.343020818306087
0.419076322581883 0.405071082489928 0.411043005978397 0.733657556899259 0.348482243600697
0.402968739975523 0.709895470111796 0.337439379834668 0.372312051677613 0.448437247649241
0.367519264089516 0.371630148675699 0.382055093407841 0.430332858144686 0.510602481680596
0.749080487196234 0.383835296777469 0.379622865770108 0.416063343970995 0.448356197494116
0.350957682087754 0.316175520790766 0.352683631369331 0.492244448918781 0.313842294973335
0.394393471302671 0.396341702255887 0.4933245244124 1.20070771986451 0.32296991932608
0.767612119454738 0.450606994397504 0.372571680635648 0.570625767616195 0.610892802938907
0.390431743341863 0.349359068208667 0.319479461828877 0.499451681823655 0.336004882014015
0.385087127223222 0.429171452078126 0.461041160451978 0.529732227419263 0.406858077649181
0.438842686632248 0.487934629579308 0.339429627344558 0.402496180863312 0.307944814476877
0.380139044979484 0.654606172021059 0.784707131615911 0.421548752046084 0.413364619774173
0.367813382158452 0.369808072179929 0.367626996273247 0.41397153955301 0.391845840097928
0.402420565279623 0.423654061794152 0.444471954435382 0.442480068083465 0.399705594005476
0.380633272262735 0.405178569875494 0.468013358725855 0.385048628534772 0.616837158437697
0.399155710896258 0.543324923027227 0.372265351489285 0.368077134224001 0.56762797242845
0.378662132133585 0.385728266499003 0.424065009376904 0.324591985911419 0.33505411073243
0.428044995967668 0.373013007155791 0.430316347988243 0.334102857422859 0.548829862534725
0.362480689125228 0.92548475032305 0.341183787323157 0.712119090967313 0.380045262526421
0.339224943117384 0.374510343877259 0.464901428723091 0.328730862904639 0.470750606677835
0.340340110312059 0.458618330104775 0.395702230618366 0.388205633394931 0.315337009143883
0.369936608251403 0.335936891633722 0.38701206242368 0.406704283783629 0.532976306571661
0.342498387554939 0.509146317817401 0.438002191987752 0.522196580744926 0.45163724124296
0.372951615029188 0.394690882271374 0.49455777787615 0.392086635546179 0.494336146097992
0.335421207408537 0.447269916194971 0.427235093640543 0.704456329238985 0.589710630639419
0.556010010526278 0.485773779631994 0.503709590197869 0.409786600851128 0.475149967516638
0.469733575970547 0.416146366942221 0.377485074222503 0.385897456452959 0.35584286349249
0.419350538954754 0.355543013216717 0.400198639069413 0.648414738988908 0.374583248494262
0.362407836797907 0.537170446608882 0.384124328101751 0.40277439632722 0.38681268850731
0.477877022243931 0.41452092073873 0.392725047550084 0.556482090255245 0.451426309495311
0.473426249434534 0.423866879829525 0.377284718713404 0.505984380495806 0.501602849300995
0.353815167730362 0.52118492966323 0.365887044055671 0.402160012479734 0.490232504668663
0.503773066309462 0.374017333435645 0.431961033178756 0.333167803008415 0.7517769861919
0.299947159880565 0.441840824180367 0.33095106592985 0.374026646318165 0.378412505332725
0.345362546486075 0.445003027911723 0.36008965022352 0.373448058493947 0.37819883701465
0.372021934563109 0.463064658396594 0.586237681413934 0.356358878897992 0.46423439786235
0.357784861451642 0.51347516479823 0.317141511077687 0.340304241377601 0.307651483328703
0.351467204783478 0.439552198711563 0.520727817960915 0.357945170117197 0.444301424768859
0.57317841257262 0.36634616874267 0.435844088082615 0.490813755623564 0.346569879623893
0.425123268643427 0.389296186031878 0.370734700015578 0.541740880700684 0.473370743252966
0.380373465313337 0.449099402682651 0.379079820495751 0.404848008967127 0.410899793217098
0.399118633046996 0.453867163155478 0.370787539810326 0.43797872150009 0.365581486219666
0.302608457062933 0.496225919041095 0.526670083192074 0.45864830208785 0.41360137786421
0.429241214998079 0.491524907114916 0.49875993523048 0.587585645239919 0.361775119495948
0.703477108468092 0.467170966412583 0.401284883002466 0.716277424040027 0.415017976761061
0.430195616951806 0.348873031859864 0.586663487604588 0.398202728374475 0.335927368697557
0.370673778801216 0.333775044119478 0.36979680365681 0.397064026627504 0.656539325347567
0.349680494237995 0.381016982888461 0.594528424707514 0.354081575942333 0.400820824036524
0.462030085522509 0.40573691641674 0.380984605270666 0.439151464503814 0.384949056323801
0.424897756628004 0.398732210281264 0.373795009744888 0.390462653443594 0.372855698309936
0.539819238018323 0.429628014775893 0.435457391638021 0.503732579493638 0.519546175951643
0.314694888154795 0.313018546656633 0.349653663972806 0.49886871205568 0.472486375354011
0.416330904198294 0.374371401548471 0.46847584018518 0.58687736417717 0.487809865731664
0.334009243941602 0.370438206757948 0.333508876526887 0.529539969982564 0.377085014897362
0.318405737970582 0.438011302760249 0.531592285292712 0.318058857552 0.362850487454616
0.416442747524444 0.299250945922676 0.452749965218943 0.488015608508069 0.356812620914283
0.374716625294514 0.392522676212483 0.433826549250888 0.403169918054682 1.14709925066572
0.466782423597638 0.528715583360177 0.4023419184666 0.456510823098624 0.327882958011513
0.404174606765274 0.377813999813773 0.373257941400227 0.446029324538318 0.426015854912181
0.470125825840968 0.334342208823617 0.37716750219614 0.396171560453215 0.375383576548864
0.498886980893363 0.416808837429124 0.340766026298186 0.404395106110036 0.367299963412263
0.480425342660859 0.435896925206487 0.447936224347609 0.358223730787575 0.457533048864008
0.521539570732074 0.378150654701016 0.389762982652268 0.351713381762127 0.372941627679678
0.345533001121906 0.352195737227344 0.386894565874209 0.431514852965942 0.420488372537809
0.347220584845954 0.477715060086312 0.3785104001089 0.415646532311316 0.369938070237095
0.347982986840009 0.357471087337877 0.52040099135471 0.365075649353663 0.445070116042566
0.416032321945284 0.730218772386997 0.606322151849379 0.453444838892491 0.409858022442926
0.468677588249985 0.415666994868412 0.503599002451778 0.451149040052126 0.39791817604591
0.323734442726797 0.468165448543056 0.349654141364254 0.582855708350657 0.397584045507469
0.335143226851687 0.373637240794507 0.363889416533547 0.330977144499826 0.546889526304573
0.354562262967819 0.692246237048195 0.382289200876413 0.399359132564697 0.39562122379357
0.359479856485758 0.491168853094776 0.353042381270602 0.795601367674644 0.382676775043336
0.354937441799309 0.555666453867985 0.396944077209328 0.350202952633422 0.407162297885313
0.653327352242193 0.405078931215312 0.48211020822561 0.456200263911041 0.535062556485041
0.361162708953902 0.341375374544101 0.440716425319417 0.45041257149092 0.371685746748719
0.443829438596293 0.648970136589413 0.372860835260528 0.393841816067104 0.509215868305639
0.382797449875801 0.300238584177994 0.52994422064122 0.364230537679681 0.54028926306525
0.310219544102522 0.408203804627773 0.33916230607456 0.402217767781026 0.400079257256009
0.372229314799385 0.580372622877286 0.403522217581722 0.345037659159631 0.497729694010478
0.678646587109862 0.355594531007632 0.707693449174431 0.481308380182506 0.378993565716081
0.431383994783118 0.348911432826746 0.33771089307032 0.334663671905968 0.683197874244062
0.365574998340852 0.444174258210253 0.541775512140877 0.377010211187656 0.726855920214647
0.57215365055486 0.335171024522942 0.392497089323167 0.38909694992623 0.332932190413936
0.433281184434777 0.322796353065437 0.330082433073746 0.389275392910353 0.36499254948879
0.434031904293059 0.323619290010127 0.525997515399264 0.584449232645906 0.720614597596161
0.561953097509691 0.600864231405219 0.453958347241738 0.479824564199283 0.499043772761587
0.398430557167091 0.538263058377491 0.549828550666856 0.457854135720821 0.44230296687388
0.410457586626179 0.528356875043071 0.290870940692755 0.639814566918837 0.355082410284834
0.372666842894968 0.455629651243309 0.538471225273472 0.385784934798678 0.350682546946006
0.687266647632373 0.38901949743233 0.313995689286811 0.408598077388538 0.468629022014972
0.343318763251479 0.615493948341765 0.364289147492376 0.446682473532439 0.348630800311318
0.75988338337067 0.470526064899246 0.384357366677502 0.401303394530055 0.521867523931102
0.462480415089746 0.427487776302501 0.558758981611898 0.450097224798443 0.558640913210756
0.336668151660376 0.541258051294181 0.420876731382631 0.374698894998071 0.439448486537343
0.436474292001865 0.514819943951792 0.877211355403451 0.484210539105204 0.454613465590428
0.540588674843312 0.454981216636525 0.48335689752839 0.663102913782838 0.480078091590179
0.529674762520465 0.502253987599847 0.419110186799354 0.505967249260951 0.594403684764646
0.386641269009562 0.327461515644874 0.371184134467456 0.578151065491163 0.303504987674782
0.351836378836197 0.366775208376396 0.594954178337585 0.420030228911978 0.330436099105411
0.394966329182042 0.600908513144892 0.410220136780806 0.480224199040581 0.44266877295777
0.436046576109365 0.420500508325499 0.495365103310549 0.406901941083692 0.348730906328117
0.472606738916351 0.346212992984198 0.322634684185198 0.405180928526344 0.381352658385554
0.394693551281642 0.446317084335661 0.478657272771719 0.572027898722158 0.395240862032577
0.372707197379394 0.301410517644505 0.585082656062334 0.45990943423372 0.386446916409884
0.580725798133559 0.466221445464066 0.41406750351915 0.592795481980025 0.372889227480528
0.309489195171707 0.385002051793613 0.501476082806513 0.411183694195219 0.554321605128934
0.374537952969392 0.343071384961868 0.416392672360427 0.395441721324131 0.494081253415714
0.345460368097633 0.440945304001971 0.340869582356997 0.35483561809448 1.2409513233241
0.363130495991464 0.465126112143982 0.540197882615466 0.588580622349591 0.481421004700026
0.389854823587774 0.359431895484619 0.337495450587869 0.466200987226139 0.443107730153568
0.585613415143863 0.494687816185012 0.444709881023463 0.3876908966001 0.452954894576968
0.355302436459755 0.654816118253658 0.353752919544828 0.464468924020679 0.387383446341287
0.358313141927211 0.379596118459669 0.371607003221503 0.466264156065677 0.399619515831268
0.408144175190501 0.417195731475262 0.416670730348486 0.48343115132327 0.349311500315079
0.345457148239196 0.481580497978919 0.379518470564614 0.424378928139362 0.389767292398461
1.00151249358533 0.477583136954512 0.363631436436177 0.399586946454686 0.364927561787978
0.328513422534181 0.436319196438627 0.494486276142011 0.464794409557434 0.374728544370935
0.459796028740894 0.344725309509134 0.369691170456501 0.549521140041121 0.343441510913764
0.364275028652658 0.307123810746776 0.35619509890361 0.404273225781302 0.293481667727956
0.454220993308168 0.460256214614864 0.597938477163738 0.47630220732526 0.34711031975729
0.443236933178659 0.603075190661069 0.435424170222167 0.490723645009453 0.410157124006926
0.516921668423078 0.344329381113433 0.465294942442281 0.468555019039996 0.366847333013468
0.426295757051705 0.383962665452151 0.513565453011107 0.363630664416325 0.343430359175131
0.744334348797108 0.5321625895385 0.380871865735309 0.348307882627801 0.358597698164462
0.308906223582345 0.550141255230202 0.328171978691851 0.429148279266738 0.319865258966477
0.399882554222892 0.359218546924599 0.343473496688849 0.45154922598872 0.444996449352389
0.40657484441274 0.372710562137748 0.328136075019446 0.399759703563486 0.371241888952659
0.481579348916224 0.411605649618778 0.340107282669927 0.396769974188489 0.299033683125366
0.432349484454762 0.370142968542509 0.370130108263507 0.481636230541868 1.08832384705956
0.379652341830508 0.45252101056757 0.337763385434536 0.331449926337885 0.585795611605794
0.450992162356379 0.718589867767746 0.331033551710002 0.381021573479599 0.364950314672665
0.40397883890779 0.445422960127494 0.692767062895787 0.635782847532943 0.640637000672008
0.56479536147685 0.386736887646845 0.42860785548014 0.370040384039353 0.570081175822412
0.343569530354204 0.428980006668033 0.420150413464207 0.590047538947135 0.442025304851713
0.327027117706896 0.555864237402256 0.499407019751764 0.325509887883236 0.354128563572238
0.431227862906804 0.36895188439446 0.436992916282521 0.439171809850104 0.457889494504483
0.475119272851216 0.343328284139654 0.473603228448901 0.43763447452667 0.434520540356179
0.358489257166585 0.347269228378702 0.43934805402187 0.495141146251923 0.397579353885924
0.352340155789778 0.371775080012439 0.559312743722781 0.720476120516086 0.39935255965092
0.44829599173384 0.441177419795278 0.386015602221236 0.528564014566987 0.398379348554425
0.484810862781079 0.928140676625893 0.412242906812755 0.38440074045704 0.398083357419341
0.715783045798314 0.435351936792107 0.481365591610043 0.344891428238467 0.411161548773196
0.355840201814244 0.356004475004085 0.3976809890481 0.456592671907263 0.65989524345744
0.463490228091528 0.52620641144761 0.413687762849685 0.383848215941369 0.450211524354191
0.41277216261181 0.354936048635027 0.432100714896786 0.461825469448253 0.376636008549396
0.544626696760024 0.437957306904823 0.346062690663252 0.34577524010661 0.335195877976986
0.615075662559664 0.463237861752261 0.39515622342514 0.419646553759634 0.446663820435542
0.399030581520669 0.437081784267523 0.334899374041844 0.42273563426526 0.346015518646569
0.354446803241315 0.379854229188767 0.396733727904399 0.325392453610349 0.361687707574857
0.405336208406854 0.415469092130075 0.349570243614497 0.475745979747517 0.597050526216849
0.566780201833097 0.53167029489899 0.645566850496473 0.734804087381456 0.639953057304804
0.345468037884472 0.43517734274709 0.414039707081494 0.649163880323125 0.37877919298879
0.354375643569999 0.324524440819538 0.455197669724303 0.336991591379144 0.651530758359873
0.337329888085312 0.355274854074884 0.379457616599901 0.531883360898641 0.359641850609837
0.679705540607568 0.375518155993272 0.511039801638977 0.432616593320354 0.39720106716432
0.473848030737446 0.491885545347521 0.456360460702409 0.434082100450111 0.361871462939691
0.392240913830513 0.492555328188164 0.629704794183068 0.478420150802132 0.419513836551562
0.467028389485088 0.870638905419107 0.362333469927748 0.481436483696812 0.516700044580138
0.349838499931782 0.362736425415727 0.484663861352256 0.52113343460444 0.373292315525955
0.53163267179789 0.570327616401874 0.583958560840353 0.405128566156787 0.516607524763054
0.381541632494501 0.424999890344576 0.363778706012605 0.424837409441926 0.599621394765362
0.314879267297484 0.492238795368487 0.326999877941774 0.39744708128495 0.52690973588423
0.305652530784813 0.350624064352479 0.387885676608201 0.422469999967124 0.379488003320813
0.323790738543223 0.744830800930767 0.662635834544684 0.435740361930151 0.303899924171082
0.348860027679243 0.585153101993909 0.36275797711008 0.422153246078437 0.396645566200081
0.412084886183799 0.450202976521031 0.361223547836883 0.582613941700998 0.498235742875082
0.407507903932217 0.438367012801909 0.391769611637041 0.604943045911383 0.5170165656429
0.395152030261394 0.374656673283668 0.358251443123308 0.532477027893271 0.334988610787739
0.357129252256466 0.36710385493875 0.34776779162708 1.47099665243456 0.311801087448226
0.374351637714885 0.38979040500775 0.371907340206014 0.446748305229483 0.382075776356293
0.358474894991471 0.38257157398782 0.340803967421035 1.40448966035418 0.411266721455784
0.551027627010498 0.392952885115391 0.349490659067872 0.590354050172553 0.515338637840749
0.534442520104308 0.477129603385581 0.441357737707367 0.379522216061151 0.437271682608392
0.326020307034937 0.379505183312465 0.469367994214597 0.385330201186995 0.313136383025328
0.493761846709444 0.313117080880571 0.437232272313658 0.363138959977429 0.358896839616745
0.364902276321682 0.434543100744134 0.379539006717869 0.439375468792258 0.376220068645019
0.333876236412312 0.342781655712645 0.323774437437264 0.369383988068765 0.349998853687182
0.484580173687351 0.70382240734253 0.368529690437261 0.400566145311963 0.364413641878897
0.369175897508403 0.495144975451924 0.372850459818993 0.384124159828038 0.596906247682983
0.500900227173578 0.413687611393433 0.435069999789856 0.401564591794398 0.716827098054571
0.359411820856887 0.395716258899729 0.476914535982533 0.374820086533856 0.473407109823767
0.354673402228672 0.326647709646363 0.396577521310713 0.380708344921331 0.546331290909813
0.414166773221473 0.421437362359898 0.514849879039301 0.363172968715066 0.472911983998533
0.35472168812227 0.630555445997555 0.337139178707189 0.426378166176293 0.380975571174205
0.525766547449269 0.36321296647432 0.384940080626765 0.374302792156252 0.386461603127833
0.330794514554141 0.518943416587487 0.363979266864486 0.520525241783303 0.387728195135571
0.483867583236161 0.581081045595837 0.352660077432976 0.388859928106071 0.451119317784592
0.343950100259504 0.35787402680606 0.525578769908306 0.468823423945583 0.320378440231689
0.337433512467293 0.391441284127772 0.402273760337804 0.439921652483258 0.387604899225067
0.37416413051699 0.520090424996025 0.393954599895177 0.467477321629423 0.481436321217166
0.557227518630471 0.488607898562268 0.432393277880144 0.502260027340053 0.411717146370272
0.341271863206733 0.397849049186012 0.392656184601391 0.388361149925499 0.460346990048124
0.369363928827445 1.47019483330902 0.304757580823678 0.486365726698907 0.45399927315385
0.546811278714463 0.42566994769243 0.41585997502776 0.561687635974958 0.475716647068829
0.308938952994769 0.580548049891841 0.368227646539589 0.346779802514233 0.444109015960569
0.466730690649379 0.366602870544392 0.485526133906388 0.343039439795323 0.397753844843881
0.336523641562463 0.413391301512886 0.526282256700307 0.484760364039611 0.446937062995757
0.470346936647823 0.43190444523937 0.37544179757282 1.52476003510628 0.387932580347233
0.36019052120039 0.500553913307679 0.362970387664213 0.415956396664472 0.405636353368466
0.436846107377659 0.373960425249728 0.346000096245312 0.371211761405614 0.420857627899283
0.347606481880016 0.418793491823685 0.324539787989337 0.505589449339998 0.374082964694198
0.515427526316031 0.572917039572912 0.430335792927056 0.41437310309635 0.378974836445063
0.411230816587854 0.438286991890916 0.514516983173823 0.439772670480856 0.331701291316747
0.447896384653163 0.439374441335577 0.386807970651863 0.4668411303481 0.59519671546762
1.16346194181085 0.412353760103032 0.416260987755442 0.467258927374816 0.468094545866495
0.394878969171811 0.34990151298923 0.600812220959186 0.454829975992273 0.389360524477508
0.327907433684929 0.449460332802541 0.36266940818202 0.399983039817906 0.955447279021436
0.466062006683953 0.314574499191815 0.483519771106522 0.333674227254597 0.346893203110263
0.441714902636263 0.374300202764275 0.540303006168499 0.442609970035956 0.327886669829534
0.366257481129231 0.381554483969573 0.459587258104823 0.344722503203 0.463950806663879
0.384647732060874 0.530982454995236 0.432428110581171 0.352514319411047 0.498285463428765
0.328576536462488 0.389375325601825 0.534201275666663 0.371276294566403 0.427112833091393
0.409982634290013 0.363315262950802 0.380126951847941 0.374251080385363 0.363494837033113
0.422960798327377 0.550833063650177 0.391712336131395 0.514694424183751 0.394893407709005
0.343363822165082 0.354351629089245 0.331869218892754 0.367406272023838 0.345999265637321
0.416749536250172 0.400615989448123 0.442474764896494 0.401368204915729 0.411512289887044
0.457411783695294 0.400503806601454 0.536425206442682 0.474594340778837 0.371570142952476
0.314821867542875 0.567159789681167 0.420585919163027 0.411980460109908 0.414903085097882
0.472246568162801 0.322361631853312 0.425016056280787 0.386111214146982 0.542209461426419
0.489564544447459 0.565456241348644 0.459337940803893 0.39926170546703 0.436567900104948
0.447926814593739 0.447747816356766 0.361878950254722 0.475391925650094 0.404920596037989
0.384922394242895 0.410869646846923 0.383814042347076 0.392794331333547 0.56041373913986
0.386453723091487 0.366110244950925 0.587444337626095 0.395632684457818 0.371840487591627
0.372966303011863 0.542305486717324 0.46897376689009 0.430623363788834 0.488945598683971
0.399130309118364 0.402431052030804 0.377562929677444 0.490410312798083 0.547087340940423
0.362639912672195 0.451483487201174 0.377781496814835 0.437759069641282 0.442444194479384
0.383198515087359 0.439756222848351 0.710891816440749 0.395456542228276 0.352366780134653
0.679712600029264 0.474465683259944 0.399699623083065 0.364061618108263 0.435173795308846
0.326665059258721 0.398317535190955 0.440285505444498 0.491550568739953 0.378854069775354
0.379473916418737 0.466265135638246 0.446599864248817 0.348572246919526 0.37485559934599
0.4136966074598 0.428843827077564 0.380627119855972 0.429795548786725 1.08561727699464
0.340557214439708 0.336154218460216 0.352573489111238 0.416105741169723 0.729567699723931
0.391180515541026 0.373237211953297 0.640080426004641 0.623410323799876 0.471456887609747
0.403245446013176 0.433337362379304 0.391870896817254 0.353732481825294 0.35090285532778
0.359456084878228 0.462536311423855 0.435047648280295 0.416435812830988 0.738593091108816
0.456337772145934 0.357710364859686 0.375796560460221 0.382458026231454 0.506647458256585
0.324171547905651 0.471447537573566 0.550904440614512 0.318913651484697 0.754957567780418
0.616328472628519 0.376449241405334 0.378411430874123 0.334091728934994 0.351787154604824
0.391453627675944 0.353187772226377 0.322414453797692 0.36411593043848 0.622424737240278
0.502858550861165 0.434784492345468 0.36068275946346 0.346631075843175 0.758353800904816
0.520697718809054 0.299389195979737 0.40155442837942 0.411689302924562 0.350259103675973
0.374263084786971 0.451032122053336 0.385453818278342 0.346712479836265 0.447298361647785
0.508971640846311 0.504465950022796 0.44190286904225 0.467675506978861 0.356075942741377
0.38419664232951 0.3819824498311 0.340415048418062 0.558858830987366 0.498584413714285
0.370067665345826 0.303652861811539 0.36085336230894 0.543879262640614 0.371981588815945
0.378515549672251 0.946090563695637 0.375008320482308 0.353571874744225 0.346145813879048
0.663499312790323 0.479851075272872 0.614784656886875 0.459686973629319 0.439998144244777
0.33649176295554 0.343949749335519 0.416945470059791 0.451004554467532 0.473807583396227
0.407667655076087 0.363846293673293 0.663424872081213 0.386269477106946 0.426966928770473
0.352428462528462 0.37398336965711 0.349338477868502 0.383042384916954 0.447142154486788
0.43505779238055 0.379805809625025 0.346093550952423 0.42437983963543 0.479206445197228
0.396909085336256 0.383511320023171 0.366938413945177 0.341458139232188 0.395933221325807
0.53407003843352 0.459657438362394 0.352309374635629 0.388573208773318 0.351276478081734
0.383046281515393 0.326394697996738 0.476485939305203 0.351647791272701 0.423829426704817
0.354967947236249 0.937148647405342 0.426254952749869 0.52659436432644 0.400291358620789
0.43302994561836 0.624515278137616 0.395232073039857 0.386574581911269 0.390026852227182
0.438442018102197 0.349167284781194 0.399503519485841 1.36893989270095 0.392709496673422
0.420772370430208 0.357993099129074 0.374881714052485 0.541191084071153 0.44003736929475
0.41587230807584 0.36085622977419 0.357024732563405 0.419231865674035 0.480097513740316
0.450221553246931 0.5683514874219 0.541386715708423 0.45686822160669 0.426151871650893
0.464364261809637 0.324976075629456 0.334909491380743 0.353791806325093 0.379975810824932
0.420306475773088 0.673394335866425 0.377460714544491 0.503959479379139 0.344737759894047
0.362539218859199 0.467417051457121 0.393686037018824 0.525507414152867 0.387984193897115
0.46769084853047 0.568617320595298 0.404711582444501 0.50079658051142 0.607688136175764
0.414584736292175 0.478690290169847 0.388935349612482 0.414472497183787 0.499518297792443
0.447037544018217 1.01514053378232 0.346444998810314 0.417920158631028 0.335254356374577
0.453255676249872 0.398480966219393 0.402052768681156 0.396959930409982 0.365405404552807
0.343272627842817 0.409147154333986 0.43025156339132 0.451282064115657 0.754805104664774
0.337416789534562 0.375650575720293 0.334983557816193 0.885381218056501 0.332740660595354
0.333488515339124 0.526120632099544 0.331294429893327 0.473114640744388 0.533084328681484
0.335998599785293 0.42044709868871 0.342317784025719 0.538894414291759 0.386121228633599
0.577808221872425 0.429857479520904 0.428445617439061 0.410466293302074 0.358293435119932
0.397306278783495 0.55468790143357 0.360197459472563 0.369322606083772 0.364557518437196
0.529633510295858 0.359451903154738 0.597590256471026 0.423366180123839 0.658272842851624
0.534863804514693 0.496937279110877 0.568147513619416 0.424922921722856 0.64287166605467
0.490095259909675 0.649255333722256 0.416087089425704 0.451655302188647 0.697674434956842
0.39025403246027 0.543388966005494 1.03877807993443 0.478978786580892 0.364778394214361
0.35302965829741 0.667985025969055 0.535479384724016 0.382030982483842 0.324850929349322
0.333404484532712 0.451116026788954 0.371317516409793 0.477923084305958 0.357683867434873
0.351992670510094 0.683359845237059 0.35308047778742 0.422822306096054 0.354592650400428
0.454955412651684 0.468833226842402 0.399699237075143 0.423303928192438 0.372892267637272
0.333687769391106 0.409849172997411 0.597340023981677 0.646649117130242 0.364597160123708
0.555882797418124 0.425149485598075 0.361266314834086 0.428091520898871 0.407275471307902
0.578704141965267 0.521915756414505 0.390096717178471 0.351416313477941 0.400750590792567
0.471150546699942 0.325004682449602 0.407184065791704 0.372693580798183 0.481069167497582
0.592549147889694 0.425748703534794 0.380322396550355 0.459918971620875 0.391675342817527
0.364801566522915 0.398970736033309 0.548871439010603 0.518448190795483 0.361322565782792
0.358490824293597 0.308227666747361 0.336099406074328 0.533164779960429 1.04024201670506
0.389252693949624 0.508337734585542 0.500794545830624 0.358451232833578 0.437858603011597
0.352967752357562 0.455540112473752 0.364036573947892 0.45061458231156 1.16719995475889
0.457066444714334 0.41108854869464 0.387309166184077 0.36768761710178 0.3950283702992
0.727781719876198 0.382258270533831 0.445513479525147 0.432405554406245 0.440789428161102
0.374764577712949 0.385660067282983 0.402425564809633 0.402005469087072 0.367930130807109
0.871657853729175 0.373252425502726 0.372964312988741 0.391975043351177 0.387841076693033
0.4521861819301 0.47248444130364 0.412560668987861 0.375725879140347 0.485177905624261
0.372392199740262 0.322283730391704 0.479442550993269 0.493250924632041 0.436545661393437
0.611722007713461 0.437954173219371 0.448259204138895 0.375575370910433 0.379446532835108
0.594023350113156 0.336518448381453 0.366076213038705 0.661954629724758 0.520818742594011
0.452144180334873 0.367750042734857 1.05118112908074 0.448326125770858 0.411725875120951
0.463586324033959 0.595453145838855 0.404770338067669 0.4370324139563 0.530266933309977
0.413770191569531 0.329487235773833 0.366238136951224 0.614302930169173 0.348990118164349
0.370299531117999 0.6924440495996 0.387364109824577 0.376911829999079 0.361793580289532
0.349231182711954 0.457757009059507 0.369402704389734 0.585620124477303 0.388758926956666
0.472073403738366 0.351918856674498 0.50550742875156 0.402394052240407 0.58971767847201
0.400504461442203 0.35102868288364 0.346432680191243 0.439462880523591 0.417006276936356
0.358369031177015 0.547686136822173 0.514332160544333 0.377785986797687 0.368135781085586
0.447898391228369 0.561011108249958 0.342270066039648 0.370845209985197 0.368870799787057
0.356589473273363 0.337050092698232 0.34701209484706 0.332499069635271 0.413202089012734
0.345286071095863 0.350876717841995 0.384356348050674 0.397257699327673 0.384248270108803
0.357866997156578 0.35062230792691 0.553111241328072 0.325522403303127 0.347866327054129
0.398927573175626 0.345787154818225 0.399942637401583 0.465358719068994 0.487514824090733
0.468456465985428 0.414944476656793 0.313721989172462 0.394154146666867 0.595203631287797
0.398498566978252 0.417651359295185 0.37771120283387 0.376484796068962 0.563988889389544
0.657169995453636 0.521848788854383 0.454185192500189 0.459553250031208 0.613261311111352
0.354471053051493 0.443027796852892 0.34280932352937 0.338835557694472 0.423266619047262
0.368561952831483 0.347754204725639 0.387777897324744 0.39752556798713 0.332470550811273
0.399409402207234 0.877611950692707 0.426340099247803 0.358196641074899 0.393938259587248
0.383607392152017 0.31839060333079 0.384475637641448 0.411110694861898 0.419173567987777
0.426415529484274 0.459042942047726 0.465284704626005 0.459448251971385 0.393658110552345
0.511090334665175 0.404938639744355 0.358437141605063 0.44510105628186 0.448166596600519
0.469807126506828 0.523441804720254 0.348676540831961 0.415436511999202 0.362303204968232
0.406937406641457 0.385099985716226 0.355369290439984 0.538801455534132 0.335581627094331
0.425248309543736 0.571532898580354 0.318628708638648 0.418372659572961 0.415490332308187
0.338726280164759 0.345106338874194 0.595495232585018 0.428505429649276 0.508593323468149
0.314234050931281 0.976911028104851 0.419399631638449 0.391882557791971 0.40689751739204
0.32885454829235 0.555071060750795 0.406969484819992 0.344480108654127 0.470035425592639
0.387889048435208 0.406347024325538 0.352465271454915 0.327434568351504 0.363001160837797
0.402423451650889 0.45073214112351 0.499391914903617 0.517831872996173 0.338410255563796
0.498064797604797 0.775968838960661 0.48972945551278 0.412415041425833 0.587447529221241
0.377616398738399 0.512938313188921 0.34446399007321 0.404424140713962 0.39489142857753
0.457447521592995 0.554848442391499 0.34584986180073 0.439660533750442 0.48022989711067
0.726261411942576 0.469284343300111 0.39838882885261 0.401159826808469 0.499280812052279
0.422029251626644 0.370965841981978 0.547527575258514 0.341044565068473 0.318594137218532
0.484144979075354 0.885272713640939 0.392198726942573 0.35953729312322 0.389150753779174
0.336532558080357 0.391523428211571 0.922537707295957 0.479531511232816 0.344612443119447
0.352034095313227 0.349967384958003 0.383909651830115 0.433564303816141 0.363553534106844
0.387299438275758 0.331301068591415 0.413016037309081 0.376630108058773 0.406348542068139
0.353481661546087 0.433470199410052 0.422028232697502 0.483725205490487 0.473205291567019
0.556997943141461 0.421298025730404 0.432731929083126 0.473622287822246 0.360940904931797
0.41517367513751 0.339570737466681 0.386541979424599 0.537481014562288 0.352312174985913
0.38932507564447 0.394908353144966 0.354081277134643 0.591582328998611 1.07452066075651
0.404090745526981 0.419181167587987 0.349483163507273 0.510921277009641 0.356285674080808
0.580110823997192 0.535993702466645 0.357816294064082 0.427284590306919 0.322126447995338
0.547537142347778 0.396779290474851 0.378062123064711 0.416467532812259 0.421264704877581
0.386441606830907 0.408127743881035 0.609269636718429 0.52292998225115 0.428884027656557
0.48886732126403 0.331248375347025 1.00457994081021 0.376146902517841 0.36084588612157
0.394438968389408 0.578818120007735 0.328266680468698 0.381886966498244 0.490665020585799
0.483482597950675 0.460040510064678 0.344651127029151 0.399916665196084 0.384718221518623
0.532387425517531 0.31924978582685 0.407940841898983 0.394192056864723 0.392625307534162
0.509367169271237 0.402791413328139 0.369407122898667 0.361124627149517 0.353277520217572
0.473711791507631 0.429955596382641 0.368847656032009 0.53055874258221 0.432443517071467
0.464184462841864 0.354704350341687 0.413853955878249 0.404677302632481 0.447871063477167
0.460753187461159 0.398418457371528 0.733394895272268 0.455654060798204 0.43203944979514
0.520899659501191 0.432368834542784 0.451348441083724 0.366334373758293 0.317150145332274
0.404829650794505 0.480694365500052 0.482092994505025 0.415996999428762 0.450384236469736
0.330688846898811 0.495846966469004 0.331905774603031 0.403072805930707 0.383866886091486
0.407203356787939 0.347240763775221 0.433630931133228 0.614410525795036 0.455284286210673
0.314512489182766 0.343820232338824 0.316064998928572 0.503522355769122 0.321349001438458
0.476354037464457 0.363980737973826 0.479390845349563 0.438075415590026 0.335327490715343
0.624186155575483 0.48334996736146 0.395315172213476 0.375289584294417 0.399885348200325
0.427423597110604 0.420688268091472 0.438706627962946 0.453207422350305 0.341975057044121
0.428936654882897 0.544193458481682 0.52054197914708 0.475957001500676 0.397133815872704
0.327540077825162 0.450476804800379 0.549946160179054 1.21903603651652 0.4518790443903
0.518789047106832 0.584410162478782 0.436313429378268 0.506752245313231 0.453025060204326
0.389227219660306 0.596081038015622 0.442020218560572 0.470412095462313 0.395033408766433
0.351612223873624 0.388692438702164 0.517469611940889 0.505777234222449 0.334637647168735
0.545892333818729 0.547771624877244 0.351862442472946 0.551180300006912 0.388118952964998
0.396325638843583 0.371843360160149 0.452461734102511 0.52987553070456 0.358302828255592
0.358743707244634 0.388444648543337 0.348566757634721 0.488115392030849 0.541850683117674
0.41566298823373 0.424956852224334 0.548238925732735 0.473232496836683 0.390071204607576
0.372710197824898 0.396483452234473 0.314975036544419 0.327088048309696 0.410501807482702
0.421570745151283 0.478666706144069 0.374881823247585 1.29793632425769 0.409128921598325
0.374208566780916 0.44964592330444 0.502936663890194 0.392020952034598 0.325535151156272
0.462667250420433 0.403745030147782 0.321602708453482 0.369528167554634 0.504451709543338
0.350549412002942 0.403651637092059 0.376355505146063 0.408841953634835 0.391118982821588
0.343238788993991 0.352859965032477 0.671247706083474 0.40588434323178 0.529133876599415
0.426996638392717 0.496585962917427 0.459489259656288 0.501364320324209 0.546266753057985
0.34751786467518 0.569336055870117 0.417503446698945 0.371096329003398 0.431726000444002
0.364631506305768 0.460508987839774 0.408385031075763 0.324001880704992 0.389525026372419
0.393327718643911 0.381417163919681 0.368525514427409 0.348534025671276 0.402291472162498
0.381253358902429 0.451589165060839 0.443109887748854 0.382812109160141 0.359675136249514
0.486937232819695 0.394051626087955 0.334771863680064 0.371598930991239 0.303453622546429
0.32964184404174 0.430291437304745 0.536966918213335 0.411201894222759 0.463633997829959
0.356246789249206 0.433694961100228 0.399538533939111 0.431491531009932 0.343702740463002
0.448336446121486 0.354723314404159 0.386552282836494 0.595862681213473 0.363476089756801
0.489684738992992 0.375501883776306 0.345952202442948 0.355155941596517 0.473940760119006
0.382427354855842 0.35807020763499 0.560081742359041 0.414670949089936 0.461690697314233
0.432093872481822 0.601145671300544 0.325582687825255 0.472076840290227 0.406861818200613
0.33625710462001 0.64935697700777 0.541770055262736 0.398717135223196 0.33572932314591
0.384308627537897 0.432320720993221 0.449239004876878 0.420832484812006 0.395461631797204
0.336698672482943 0.427883611555149 0.330042258268572 0.55878166016066 0.309784861195567
0.385379248990111 0.389766514756284 0.353302395151914 0.64164239383311 0.344201029342149
0.374342236760303 0.387891590902738 0.441544598352104 0.461595578200486 0.38650209824374
0.623306480883172 0.30915790762372 0.305067176119308 0.4679596239929 0.37307528743644
0.388959643718362 0.473878817158279 0.513337784077775 0.421846268561572 0.464185046750154
0.428512892448658 0.555605801423774 0.422178274449939 0.389698919465064 0.350854489814997
0.528296321761946 0.412500259666663 0.33687379472673 0.465541769597503 0.422043647157374
0.560471800007926 0.444761843578844 0.336798110902214 0.383071998747267 0.440132541083905
0.420316544694892 0.462430350339648 0.355771806049008 0.453204057150517 0.338366587048713
0.333728201245277 0.355507832932227 0.383766471715543 0.380424988124193 0.47434893935695
0.362316715948708 0.387508149992997 0.364369308786335 0.661318209527064 1.4288307147475
0.39453833946698 0.344635557821589 0.748504366409825 0.378821987476917 0.471223293971033
0.322717098110613 0.426440532110335 0.350493318226394 0.393448108380777 0.475155762180894
0.398349463343661 0.425571200167226 0.373211911736278 0.372879701678206 0.423402526171039
0.503257880605238 0.429250549689498 0.41574256336374 0.340400547404768 0.335047723095556
0.960268195290305 0.57642785002724 0.373594323207599 0.360548838081156 0.366346646862051
0.359271464209024 0.351414456577527 0.34281538948848 0.375943939095772 0.386095857885567
0.330137888847114 0.324983224054706 0.697024862464197 0.418644662365684 0.392854960282558
0.421669115745641 0.635029378202185 0.343315347118578 0.373395818946689 0.379345317174128
0.325460871027682 0.429152328884149 0.880333806986032 0.388537993928685 0.425329469660621
0.31500657181932 0.385647248873626 0.337074251127382 0.36728687022353 0.890190976873483
0.361142000817109 0.389807482402137 0.700850606004285 0.349425695072542 0.446364184414024
0.3030704363506 0.408881179070855 0.3980242047918 0.35693692947606 0.599837976608529
0.342378838094881 0.320562101591757 0.425567206804795 0.385766036852109 0.369883487785977
0.336941423882554 0.42321776028165 0.3901611272079 0.346519798112749 0.381322509134485
0.324348649382392 0.368821774657443 0.37476500538522 0.417386154097565 0.372381904902947
0.41512046298127 0.433775309036777 0.335923596060348 0.360047041518299 0.404229973565829
0.337024113577513 0.503029903059107 0.326377001536973 0.410760621981257 0.398824011871172
0.34500644302006 0.335567006677892 0.471134294624169 0.448673280130285 0.335307162053965
0.363217773134903 0.459795121370576 0.404597733747026 0.602095295700033 0.301882642843899
0.394954023016424 0.903386268654771 0.558276893841335 0.374020733353502 0.367161615397422
0.489704844584117 0.426321787572931 0.384291602026022 0.394490560804325 0.436437120860218
0.404014050706573 0.558800141219425 0.335976691906268 0.48125313009409 0.454618861166161
0.383799930730762 0.486008150431441 0.306555873460312 0.359940404318618 0.312355175791647
0.382546521286953 0.450593497132207 0.542637532368927 0.737972825617465 0.300296676477327
0.40931938783837 0.399962295350141 0.307763417367812 0.393276053457467 0.650910315595078
0.444451791391817 0.347526676099596 0.541385064333223 0.368663471684817 0.489904442061015
0.527972391963519 0.394229992530145 0.373448426668768 0.418175221180797 0.43612265980515
0.578089835156097 0.434576115488507 0.430651567070148 0.376657213882794 0.459950607913662
0.382222543762001 0.779227034296302 0.40368007875527 0.339483709195287 0.373477121596472
0.484353018292372 0.427877736917641 0.498008018139631 0.589938255387262 0.477717727584818
0.339534922299301 0.377925857957385 0.417504864984529 0.420063163935596 0.362767533013487
0.342483385537782 0.515275643564347 0.402964399163413 0.410571094279374 0.308217017436527
0.31428723551272 0.342365703949678 0.355699572183379 0.491239931900329 0.651183589080508
0.360665667484754 0.397313358068798 0.343463485506578 0.438882343364921 0.386543272247484
0.445341458691606 0.385231716748219 0.374066809154656 0.341810493849785 0.37103150901774
0.383772015313771 0.546682145749026 0.42188513154771 0.491255023086696 0.503405543399001
0.342578638991254 0.788198302709174 0.325552510868757 0.479219855709419 0.355354764563366
0.426652753115042 0.78596603211483 0.399064274753756 0.456968184880388 0.54068985480927
0.456648850807722 0.815491090693708 0.432335755444136 0.472785795103583 0.545991164276055
0.321880314490079 0.509239907646144 1.57084984093048 0.335333998496271 0.362651244615314
0.819418990709581 0.410930789579812 0.400517924246884 0.461496489643276 0.388706022992697
0.488875805258598 0.59362480052366 0.449177407625913 0.587305363306782 0.462911448563052
0.480982851620375 0.361579352116942 0.695940582257521 0.451449277098659 0.342866633956422
0.360786581674882 0.380754908824881 0.424714867587732 0.411605778762759 0.367941770121591
0.402602407255257 0.408117774881665 0.422818295807861 0.366981834842105 0.379649118395972
0.475498499420485 0.48031326046174 0.479881574136128 0.547750285210249 0.507069214930093
0.307246862241115 0.495185342435201 0.461678498273193 0.415851536958439 0.382474036627568
0.63737515132085 0.349292409227909 0.3341130143298 0.379659819575323 0.333454600845255
0.408894448796286 0.378643128038656 0.390263229216883 0.375784720581449 0.384552601985313
0.36455247835165 0.442678922231435 0.317125826253843 0.341123657291456 0.392846262284125
0.792889582383859 0.411336981744509 0.424829203115271 0.547408994613516 0.380823337999929
0.419804076412184 0.431881467631476 0.335451543837779 0.373981884851027 0.524007460460088
0.357181227726588 0.564735365727601 0.341768616684314 0.377216577357366 0.430819419659
0.328868228282425 0.422660913929612 0.692282163185108 0.4611605933492 0.433907915955951
0.306223596930919 0.658462474478805 0.436358232081405 0.730220128318983 0.424763436338769
0.465144565673292 0.441549853618462 0.732612489238094 0.597214845606426 0.491722755867054
0.409269745492697 0.448657329569461 0.529080694194167 0.595808195977492 0.473205403889009
