0.433395507435583 0.413192058357004 0.455007558854786 0.392102434528399 0.530044310234473
0.451357309599189 0.419782644209821 0.477569654179375 0.392908488231224 0.391258215314918
0.32751122065412 0.455232394175417 0.373693916018404 0.476895704166609 0.29403591349756
0.413310466372496 0.446801445304926 0.390221246489683 0.460732704992209 0.688323918421611
0.358377866752223 0.391420317950937 0.361664557383705 0.419353140616398 0.467599220096147
0.403037117219451 0.328935518846847 0.414856920081464 0.57231492802258 0.324992515478489
0.320042705582169 0.421883746934359 1.64158032546127 0.364946540088299 0.392739495032844
1.11670425296741 0.337770856086283 0.425906977749395 0.491799114193648 0.346527938435142
0.372855003139593 0.325461362678796 0.322333625540715 0.36239428231913 0.714224111385387
0.398074327181498 1.35009813630009 0.31211752751889 0.44712849061154 0.53643001757285
0.660556520129797 0.686014045139063 0.435457522299827 0.597089104696663 0.429196208323055
0.782714515457477 0.349138855818214 0.637899509515991 0.441455838311363 0.399007505325518
0.333415208598689 0.487208074284357 0.446835220731171 0.542220339357011 0.4145996067286
0.366308845893419 0.428020508461286 0.414921404213348 0.473047827159531 0.361995085952267
0.391764185728386 0.399518578994881 0.374225281370314 1.09114057136928 0.349017107408947
0.702259279814569 0.445832056273322 0.662518346339705 0.407975529473786 0.527454108414841
0.412257501822626 0.326348662616697 0.380218142805364 0.377337110661457 0.813946679055314
0.471138524697074 0.388127106514721 0.383944058338686 0.320844275684288 0.51018637154865
0.476121538716513 0.352796415022997 0.565569434808729 0.47913653253448 0.390510681145162
0.477886577839613 0.349754628189795 0.311139526657287 0.491147596725899 0.359832442340782
0.690394950146071 0.35220491282801 0.451559277326073 0.365654601571924 0.371089537017822
0.420773031667794 0.362030821087865 0.414940931844824 0.452162113549102 0.401816367523877
0.310966776037055 0.405739516650614 0.328267303429094 0.548409115889901 0.603710005804662
0.312272718642578 0.356679863601833 0.587067461675649 0.352420840806137 0.496701321225238
0.400129921395865 0.360872114269635 0.37159565443479 0.34779965654388 0.537602387475929
0.513312951476889 0.457746913382766 0.512584828940976 0.451022914010668 0.38403010287562
0.534560843938268 0.340014565586845 0.523197816847386 0.40843447507945 0.439994187290323
0.448831599270307 0.444084628328445 0.385333129100413 0.576999197510639 0.497259365594984
0.328213279084187 0.366779719516902 0.373520760697401 0.40098110813148 0.409204749651288
0.540164570812239 0.441187966085677 0.686234315565019 0.449938036665507 0.51468976877698
0.395965052286696 0.470805595333671 0.369627462330966 0.398615153535727 0.352523867199735
0.571298208826415 0.380237724768444 0.36810002813168 0.388846661631917 0.847986287664634
0.414679339489106 0.406523749383237 1.60342625192248 0.354926194672029 0.433353519656158
0.377895740692986 0.446562288664943 0.523176968567372 0.368449688518092 0.453764107712356
0.412839181639493 0.480677622570107 0.50345777463176 0.607435544254697 0.618305503276637
0.592007143923183 0.372556856971414 0.384607684522386 0.478595209424804 0.80033792750696
0.352212923404711 0.412274345577657 0.338336518657348 0.416286948245707 0.382860511249104
1.02980254866987 0.340233535118033 0.451250016358149 0.38909715356075 0.36381917616332
0.375280357322142 0.533718095417075 0.361163481952102 0.36283936442787 0.360670848994991
0.712636560540053 0.330493230722446 0.561153052408974 0.472128736217688 0.650144719066537
0.331294813273294 0.479344567461377 0.353087180300959 0.460114711649506 0.571690485828703
0.453822341593884 0.381115653675961 0.420428180032911 0.370884980266887 0.427183247284643
0.446295458154233 0.353698286995434 0.410908406580002 0.340497079442574 0.431423802936796
0.340923436029746 0.4052913183174 0.442729249265095 0.659997411175665 0.452420781490426
0.431128965283049 0.444028086457706 0.465949439729226 0.485668188755665 0.357473905875496
0.370361532493326 0.351692074168979 0.541648845880663 0.466338783312389 0.42190015461004
0.488276567898849 0.574141515849566 0.356288322504358 0.346419537549602 0.436201806865332
0.346476831937601 0.434968083537328 0.404394092797226 0.379760681051211 0.47170870478119
0.360363995608691 0.382993781855943 0.392776986934529 0.584320163437713 0.330194164050616
0.647829301866641 0.344971316273573 0.614587268955687 0.529187604520561 0.37282950275703
0.39222692845988 0.453482283278434 0.488431743227281 0.605003750785879 0.379040781758584
0.341671747061111 0.437850901718099 0.352095321477994 0.415033590907831 0.404755185045747
0.504693296847189 0.473438983624542 0.429222060727326 0.392916209979336 0.442368009097028
0.537058279348113 0.367431343064978 0.349289602559018 0.738878406482358 0.42881947934416
0.408419725654005 0.373007191775975 0.386853146298005 0.393974060459186 0.719482394097517
0.336521260306638 0.461416639122071 0.478591135650227 0.41852219816282 0.352506955108279
0.450420178953755 0.374165325915313 0.352688133748199 0.579016114620815 0.451896906711758
0.545795742066755 0.42654095363503 0.407225919284751 0.430364455305038 0.435277227582616
0.304818751816201 0.353527554579979 0.313184937205305 0.394828371065508 0.323676636991495
0.478973867780216 0.572018735056121 0.399522757491814 0.372629299801309 0.437524707683857
0.598202959750584 0.389008669730998 0.41430539319026 0.368216671146851 0.407690882857454
0.474306922520537 0.355067720247805 0.373119155062069 0.348389245812336 0.415916721922705
0.343268075815957 0.457900412040022 0.37514647406158 0.39947406294154 0.346696671451203
0.354746948359394 0.328709593202422 0.383206511266011 0.388946092461319 0.404567602681595
0.473511764134136 0.476682113143851 0.60726604869188 0.551277822747456 0.463729276383687
0.332447043318993 0.411068238567379 0.372371795746416 0.345773442301944 0.353763272190542
0.450576959564901 0.346471348086 0.438035544941136 0.348957593410363 0.402674455262249
0.36047912601957 0.375979563966481 0.328347522204142 0.553639799683326 0.436865030769892
0.610653950316917 0.366786953077174 0.394691315608223 0.393782442260848 0.414828169375804
0.416083833699966 0.45634335157616 0.621952022858089 0.488733091389604 0.614715073848353
0.38548879166869 0.370918645360932 0.357091069198653 0.418075956174259 0.320143564107148
0.386068038857611 0.31528437932579 0.277292325527831 0.406450972736978 0.475337761046371
0.332827442358344 0.777098343239443 0.544160790280822 0.415001337357409 0.381092400241688
0.964802521965007 0.426217576104335 0.415291256754244 0.353443607945238 0.381099389317903
0.450509105521717 0.362905920383068 0.384165967075885 0.360262317379448 0.341244822026027
0.320262320282924 0.460368292543678 0.37185485289337 0.417344900479211 0.377954106109915
0.34013391154232 0.326655746605495 0.418084302546565 0.415181379148125 0.433090645071832
0.406630321525066 0.369546416811918 0.535778627915552 0.483047413688542 0.500791185520924
0.642011641955472 0.507036212418311 0.453379416837935 0.464401524668346 0.546161590686147
0.417376503946427 0.50466988536398 0.600992049437873 0.325006287024318 0.627813212867494
0.33259298175686 0.428651266812205 0.436509101992206 0.859187274225674 0.478612940218088
0.511767591770122 0.342720876772001 0.659096862842369 0.416875202820777 0.325775799052412
0.350714066190981 0.526918219623054 0.577818270751402 0.382217866121612 0.420821904529578
0.372858509696879 0.504507457473734 0.447383981448985 0.472641302249114 0.455418538398079
0.377375037368729 0.458218368785962 0.431694736694293 0.393597316183899 0.347186131285865
0.466785327731684 0.383677440687158 0.397981451427002 0.486543052135879 0.472203221960454
0.355528859977512 0.562961163039658 0.36250095782344 0.340907431175765 0.314735369713146
0.450968258477878 0.393573019670092 0.339277318129106 0.452248466952715 0.514731727862291
0.616394656934634 0.411053085767534 0.424169890360382 0.437191156854155 0.368687494244516
0.471502090731155 0.562822387218123 0.422517638539567 0.498664853127506 0.412328354188103
0.489723448686992 0.416187468819402 0.440166491141134 0.426734232691951 0.398017661460124
0.415760975760154 0.388378340205832 0.383772264953416 0.42944918450037 0.581200245886992
0.334477471904459 0.36692553703392 0.452256751192889 0.382881768725595 0.341694670428065
0.465354558259978 0.497418923148362 0.367527714015005 0.420605528040492 0.407963671530113
0.410171236051132 0.357333409622035 0.339074047561492 0.367920004696621 0.349723566759855
0.367423684067559 0.506675386020211 0.434969542299997 0.378973618424515 0.388251442793761
0.533678973867175 0.360642382971712 0.450892420294166 0.400313238382392 0.362603768170125
0.449282889151038 0.555924639076186 0.413979998963992 0.346240851398722 0.344886724224482
0.383747535145255 0.418013673552989 0.406042498922541 0.353701918797565 0.901063180767675
0.587421201395056 0.455690978294302 0.473559917658909 0.42477674448663 0.455283804291608
0.401948071429836 0.35160239318212 0.382950261733011 0.376627130208714 0.347123316751218
0.460576719863976 0.510696310941105 0.402906182988443 0.382934957498382 0.365117289904804
0.374427913380756 0.429782396422687 0.43510942789851 0.614753908531075 0.390303436105854
0.338973781305853 0.543538455288095 0.409132111799186 0.358682221142164 0.456529534488902
0.421737322594005 0.844490959070661 0.373596517186338 0.379880532478028 0.415062893500713
0.364687122330637 0.337734547079803 0.408542363134818 0.497310983534126 0.375326441861809
0.652209275809895 0.450867745958725 0.613210385028277 0.42640794306506 0.312809474996733
0.475680212973934 0.459332062788983 0.354875814802148 0.393675904642751 0.374949674685101
0.381951352223043 0.289739948275807 1.25123778342945 0.341417238965097 0.392203986191733
0.383277683485977 0.383061930467591 0.428011827160655 0.322907812087944 0.561277835693816
0.346483378090871 0.342884730723788 0.387807944516117 0.577958049224746 0.374248769846758
0.381940717687346 0.398668056680754 0.405508987652089 0.321356184855993 0.683782107957301
0.471054023984708 0.36900751227487 0.46633150323261 0.357536976571644 0.35611146841461
0.368303820604211 0.504886860161905 0.883883467843235 0.418302412257724 0.410461431081062
0.489804914754631 0.375614812174705 0.490923343597984 0.395957622609266 0.458235001718318
0.61484026786233 0.438866202598121 0.350526415237299 0.389054801417649 0.381942233541892
0.41389361945269 0.591663136287713 0.556784958564563 0.359782222335282 0.334932909001814
0.459774026130396 0.408262269748236 0.43098892596598 0.403399265865027 0.708791990423103
0.383031568698551 0.522908343241069 0.538038574088352 0.501736854313046 0.397360033629227
0.500845379530146 0.514361873468569 0.473381936600453 0.349724284700662 0.38080085343348
0.478895700759695 0.360078995850637 0.486746414076951 0.378733850250992 0.432651098733372
0.39493443674224 0.313732929473426 0.48089989834284 0.373815076532801 0.413263921589676
0.394652652358214 0.345434345536342 0.53469909968122 0.557778020946598 0.319155119252541
0.33789804546476 0.326172537953141 0.875153067755394 0.369556772922069 0.426786919453495
0.310296514097094 0.408479672720005 0.386550187358984 0.363826034664573 0.465073928385488
0.616784296252401 0.372905860071291 0.332624968543362 0.339584280636888 0.448042176257019
0.399135735678594 0.329305291706736 0.490699620467109 0.396697705745673 0.464488492879924
0.390224701545975 0.460997228764053 0.373472959043059 0.434597410431642 0.340396872675557
0.353740875842057 0.442891669351389 0.373865915348227 0.359995029419343 0.50395111755847
0.626176269411782 0.428479575494191 0.466593550053045 0.345885914570231 0.431373599448358
0.345979770177727 0.444315102491021 0.527560524338579 0.417573843204294 0.375304949302282
0.50049612639707 0.436760878902725 0.456869086196607 0.512576488689289 0.329795432706198
0.368913343343716 0.366632677419117 0.795550440994101 0.545141880955522 0.452482797225937
0.382668400466322 0.369523565532613 0.363590255050802 0.374553900977408 0.465908762787933
0.489254341315825 0.641220414979015 0.505156188052214 0.492187875306053 0.460123546757043
0.330976193961886 0.375232827561417 0.528792601975861 0.450366615886903 0.45035767370289
0.425679067228162 0.40660886849218 0.382685640269796 0.524535942862172 0.880126381133374
0.428025781430383 0.395593361359463 0.532932968858802 0.515434369886914 0.463545010090338
0.39395684892126 0.45719637424288 0.472682423208152 0.385992386463505 0.494945408806311
0.422852595233976 0.391469772341904 0.375099866986009 0.42991559823747 0.406674113865679
0.322842840393146 0.411096631565434 0.426419630370358 0.349434549849552 0.363059143318053
0.312845750309792 0.370194123601669 0.381558765030631 0.610746828986956 0.508064387349096
0.429665211243007 0.854754902210723 0.415278950422121 0.458869569075533 0.406528160125088
0.50815151444435 0.788578484679913 0.439936672013832 0.44177430432193 0.503000957615996
0.488955571243499 0.393095651082075 0.822290335919825 0.472441358014955 0.377953154855178
0.519627491954555 0.50056201142066 0.3709440694303 0.478792948981446 0.445160065558213
0.383627547284606 0.338958736929051 0.385114621756862 0.466343104296004 0.41687892688907
0.373317450530414 0.381651709298203 0.378918478122772 0.417131212378934 0.484376306784419
0.743796435321353 0.360199709893586 0.702787229196737 0.527334374931145 0.346202489246211
0.372370383376088 0.543605461858026 0.571086547556967 0.383402644975758 0.556696083660655
0.384388964929308 0.374266710950101 0.356863716407469 0.363430350635229 0.550776372911719
0.429342134157779 0.395269540169841 0.563349683611417 0.35546923571689 0.436503588684421
0.388448248424355 0.703037015075185 0.360073961042449 0.378052171365212 0.440114628088518
0.324825999186572 0.356567369021463 0.400227860149466 0.475663535212519 0.626203474692063
0.35257180481657 0.487717432784996 0.365421117230789 0.550898984157982 0.378929798660926
0.361723056449893 0.31068900607125 0.43014895143121 0.456554480507555 0.382027196450846
0.295472240808327 0.684267560080297 0.319776689447528 0.329781879077123 0.343887905949161
0.324346402035802 0.403682024773765 0.370939606075253 0.571993555598151 0.566331460179172
0.480253488382276 0.342884282776919 0.331209118235244 0.345603030692461 0.465555963714913
0.319218839735669 0.354381143260293 0.550922223955385 0.374609735620626 0.430985490951631
0.634534560861702 0.424894453838392 0.510122177479371 0.480823983531693 0.623140364873032
0.361596728743373 0.443512420650368 0.393591826946579 0.826982393884327 0.393170488237991
0.418225040749734 0.62203126713267 0.349666285962783 0.519901466199374 0.31096602477865
0.592001375171926 0.357212281438326 0.331233554761476 0.318455221946789 0.35711030193877
0.420597660848484 0.321164212223991 0.515894363427798 0.423246736808345 0.456371143677758
0.30025649097282 0.420937247856028 0.825301299989528 0.469975841922969 0.331519017024736
0.417022873477732 0.399165470166611 0.582442965203286 0.41245840995094 0.542140051632681
0.368483554588433 0.366161437962212 0.384858582551262 0.46310117366903 0.535186413135264
0.469255494228611 0.449593723436966 0.409529555078084 0.338749790555918 0.569747756255921
0.377958983855556 0.423464010080022 0.370113091931892 0.585325962473516 0.52051675350459
0.428563777541042 0.513251080199938 0.400169651033452 0.454215087380759 0.795877102284803
0.906558646365943 0.3571637403753 0.548277844032502 0.452788335392326 0.459247469072426
0.415931062091588 0.498061352764438 0.468922251235656 0.670124901121778 0.503881470438821
0.542007817699176 0.35704071280776 0.339331243907066 0.525264395070495 0.537870077618531
0.455645882015911 0.434267671026495 0.359079745885669 0.408133618992609 0.367079307412534
0.296926118100056 0.508330206844658 0.368871570801927 0.344143283345228 0.38502212413175
0.423114121438043 0.328903061352915 0.354831604596026 0.405175792191461 0.417170028154623
0.377643814426667 0.342127685566735 0.400694394685474 0.468654774539631 0.53917636982169
0.395402082787015 0.565661829011628 0.38845716055461 0.36151766666725 0.60655695988732
0.394308470561278 0.371647247366433 0.527529200987806 0.496280529697449 0.342202569768418
0.395643591707536 0.366271341479524 0.823222559696539 0.330923999212773 0.340136393344572
0.350010511093517 0.437381878397021 0.452701658611538 0.336630856844633 0.690471638120911
0.436092575237597 0.377892616067588 0.44995099984634 0.418126250261357 1.1592458287508
0.297610098670664 0.359989460515078 0.509324672838234 0.415120062663548 0.490883386357474
0.329282629971783 0.463517253948986 0.39321053728588 0.417454774913701 0.440249180711337
0.40469880193305 0.392441357034548 0.358024691851965 0.378590542689908 0.323023427234683
0.408488157583689 0.344944632835238 0.713827435022152 0.359475719110832 0.372536064414344
0.491033202453997 0.461176093834812 0.420013034289267 0.467961005584663 0.415643164347962
0.570135416123502 0.343444571000193 0.363411246348462 0.405198272019331 0.551210784052373
0.385227986689138 0.325986988710431 0.322405000407218 0.338455906923503 0.466067889196459
0.493851377006212 0.771190801599584 0.576374659623152 0.40608474569345 0.383064567421578
0.365833175317197 0.492364552102809 0.421129689559531 0.476208430655457 0.352699223351977
0.361692197306576 0.38905562529891 0.327834664745775 0.379232716666395 0.358488303836262
0.419656194728015 0.373573667052462 0.313693958814599 0.361607317428565 0.473137791183921
0.348606591998667 0.392330704081504 0.427679739881067 0.395384314977511 0.348378993310837
0.354040665862752 0.503236715204932 0.486574923998136 0.569454482609116 0.472207502639509
0.36217079164487 0.344974298905786 0.312194008331768 0.530409643285681 0.601930242974435
0.660097503866242 0.454636152555622 0.443942350994274 0.446265839247639 0.468471867174279
0.337204401185626 0.39103747398868 0.474753359703865 0.374927171068953 0.493663966220526
0.493349017712601 0.32806765286581 0.432782872149854 0.3621811361355 0.617541113144595
0.618614929033439 0.344632982028152 0.376290823704116 0.48573093957215 0.376896350146992
0.397790703718615 0.507984831649296 0.515876391439101 0.754359865257695 0.322600155114482
0.337543608352991 0.407602511743677 0.481125144825373 0.328643438426372 0.50677253381563
0.52653923481322 0.357074183323788 0.502430506347841 0.501322408743071 0.351431617983359
0.392120997767597 0.631510531304723 0.346127665621626 0.410507853685692 0.440303344242345
0.345231063672939 0.371504371969346 0.355138069674548 0.544321658890879 0.381703753214241
0.399567027963829 0.349725020277296 0.401346475319713 0.446975931927991 0.491269074588183
0.316673739976063 0.442794568153733 0.738545043711522 0.457196006663719 0.403279102095091
0.55937326442948 0.340432915686313 0.343825995154664 0.392865819873097 0.404628217692701
0.56722818837429 0.512413649128046 0.345659147344473 0.375228714801998 0.476179116640499
0.440542002639638 0.38071776165507 0.333481668543586 0.357107941375808 0.385419810595699
0.518092022421875 0.475785904741493 0.548899991808839 0.474619755936923 0.34253664461071
0.403406103498948 0.413128443937444 0.387961071236693 0.391214065642998 0.395081330586596
0.360683067669058 0.465104014309189 0.3812817232332 0.348089774249698 0.407076596899157
0.353122662721194 0.405419120036899 0.324265692064937 0.428203673873741 0.526093140333889
0.385030509646445 0.70112632512877 0.523174525285266 0.606249015009177 0.372563316605553
0.427561504844971 0.43459397964931 0.450148707442006 0.332087308179862 0.344004940778892
0.42831608714156 1.23851132340187 0.323709790778659 0.494360951157148 0.44404316601596
0.371094711244131 0.381349781531618 0.335244388802336 0.471545258490213 0.381405480035969
0.50585477957186 0.478823301531226 0.37984131347081 0.592568995733137 0.431441424330112
0.4518641301683 0.669039541057991 0.319414700861641 0.310422073458991 0.383881185918909
0.401216243005782 0.426126006293801 0.332236041486315 0.335257530516675 0.391388885267532
0.505094475914311 0.422717968381831 0.347691846431448 0.449982614466513 0.481106716028864
0.41778258082977 0.523953022372639 0.434872714514185 0.513609246192146 0.578501113160632
0.578250861382297 0.383386242213148 0.426290462161772 0.340886583903128 0.399867601010181
0.348411109637237 0.368023813045876 0.357909221270956 0.424048499391114 0.512447401453501
0.398329085394764 0.369392871192446 0.347257078441416 1.43012301706299 0.346889924871455
0.381726565713468 0.491838338170014 0.346417463740819 0.384076952635234 0.324384537979181
0.409244333054469 0.364685587338682 0.383293240491962 0.351312718534302 0.36007557262749
0.665682475195742 0.484017712098481 0.40414423276425 0.856469099725268 0.513658052799264
0.679526765177957 0.438058057144146 0.766665542980922 0.451206540504491 0.386840129068085
0.412528770828354 0.482518527979138 0.510052450071526 0.466097670141952 0.494694275167957
0.981363692925768 0.51566402447492 0.410834475317003 0.484804370344906 0.312381023695782
0.32826194643783 0.522844731309745 1.27334071262189 0.395725614311511 0.342357062147732
0.290052537133963 0.326098185903824 0.409466063336694 0.424693105946573 0.433219112040159
0.379241070261729 0.311968532157545 0.401241957951435 0.384909665913101 0.417857520444261
0.402648631390271 0.395823744486262 0.378987555299899 0.477748388931948 0.433047326350454
0.452519063038274 0.390581433476191 0.373663085791641 0.577661422687311 0.413772704936573
0.419932274636319 0.442857041970576 0.417521085855767 0.364866115148124 0.645567797185343
0.585952879562387 0.695990000113238 0.576301421573386 0.53987306087045 0.423551450929909
0.385720658144725 0.562408782772311 0.43481925250273 0.333802802483236 0.504949808049399
0.407210498141557 0.703433778328447 0.350126383874015 0.41466867894895 0.378970572377673
0.429314837048438 0.592618220414288 0.390388491647173 0.567475693853464 0.350242598559572
0.405324706809974 0.483565750011995 0.34565632296497 0.388731200540189 0.355095338866785
0.4095449821697 0.461018525621336 0.506055672697003 0.433978913100617 0.432366620603576
0.381373133255755 0.387293167922277 0.379550087357973 0.334615728027463 0.40726934565574
0.364014034009072 0.346316650814259 0.357833016993016 0.663023187254 0.438557781211901
0.342320072614781 0.475233578383396 0.397601072928938 0.672619253657641 0.372746717602482
0.391799157776768 0.46809327904102 0.530192953306522 0.342147174443842 0.321236661806721
0.523646603834995 0.333351717426422 0.418840390629564 0.447637812407972 0.426009039863386
0.497927481362634 0.568535978538788 0.536991560479776 0.620482666717158 0.407908461895665
0.34913939678699 0.396971256313066 0.402858340838198 0.716114469790527 0.432849056623943
0.503234574671241 0.315090145527363 0.334401791554835 0.500338859299518 0.399520359792074
0.457268816571156 0.420827759207025 0.354286634093379 0.58069492716476 0.32550861783844
0.364806823090786 0.354906503827321 0.458074481133293 0.840454844808992 0.450624658915668
0.33212545955211 0.46657010291916 0.332672742891651 0.415806999357358 0.405905706935358
0.334508455870282 0.383780747280146 0.686047388136596 0.417836000009217 0.331730270317504
0.407221701705799 0.434956702572878 0.755392737221283 0.53053920297118 0.388978337215958
0.71140321476459 0.459946076674634 0.444229344046843 0.355125912113907 0.381282209335741
0.496706088932038 0.354008117954863 0.356589009123916 0.351940742161851 0.671950609233785
0.341381723016936 0.370650902034915 0.369788422285909 0.502955594318034 0.409120719789276
0.401742270006551 0.862645474958111 0.404765469129066 0.368378889261048 0.343491957968527
0.517541499905411 0.308906756133815 0.390978940475992 0.494996718194773 0.460489538540277
0.45760741221825 0.372597245146489 0.414085882574622 0.323041573363853 0.372875420392153
0.378433857381788 0.467857199303591 0.345607039906154 0.522987497543334 0.622097679410739
0.476666909544277 0.471261253132498 0.417205929686076 0.557111111373024 0.359161517679153
0.300640825240067 0.373318767119373 0.371063753320637 0.359199719480448 0.533483325777189
0.341853695773695 0.349855835572247 0.402106387508497 0.329193688630821 0.34682941549272
0.419192943297052 0.372673175426093 0.319470832100066 0.391111465306216 0.436874583818842
0.42434381439029 0.619177313572455 0.378754824674126 0.364951567991846 0.372966313634676
0.442383619802584 0.31624370484843 0.376967965021894 0.415193797492666 0.541876398707753
0.368879028883195 0.475386119510483 0.377415739059008 0.416950841690627 0.333159377191412
0.490618913168177 0.366636533588609 0.578324149758921 0.431881294395248 0.381451022735787
0.346377589840725 0.322788072459102 0.337744126224482 0.374301636396278 0.390710402547497
0.403938159580059 0.360540984072419 0.372284509528709 0.543370957184836 0.415376359470683
0.613193080925543 0.346296468390918 0.487812482500587 0.382377343452564 0.546392561613595
0.311027669727249 0.362223809852698 0.47144084266541 0.388520556776052 0.542811240719975
0.35364498349041 0.353752724767166 0.442184388592415 0.67063711182308 0.364022206318399
0.346872128239303 0.482645845527348 0.550305008830836 0.56977524615584 0.427578350122725
0.431118228934733 0.378459359798264 0.316193159369374 0.391931460686647 0.533843662724046
0.384754630567813 0.387504297258791 0.330963486754736 0.447939461445913 0.413378254418351
0.386211512259181 0.301785844250059 0.306029970686255 0.356014189065486 0.394053012912254
0.440543977769587 0.40820461879473 1.02983196666145 0.645549456482905 0.324030964774823
0.400627321374613 0.329225573939856 0.377131760320544 0.44831569522052 0.348061535012981
0.343234086852444 0.387240205413028 0.38687615055191 0.489997152770938 0.368307482973513
0.704582899539439 0.404040324757185 0.472212088428927 0.718802105013885 0.454185330613721
0.322507889636134 0.361322215992811 0.388819606101759 0.31858263722832 0.349709972653552
0.672084450039959 0.530993373478388 0.596776808927926 0.37178661539396 0.661015347801092
0.435269180017894 0.394875160049628 0.517105551453031 0.351004567220133 0.375943120212959
0.372400766047488 0.41503457525568 0.38208698071684 0.594980938085337 0.383635713838151
0.38545083529732 0.538082547798153 0.343220491248566 0.742855121064365 0.359429141624754
0.348995679626192 0.370418262717813 0.562472244919802 0.310620936128275 0.687877376133089
0.718852352464517 0.391599975586507 0.333188095643766 0.355825962740717 0.517421743609028
0.373532385143806 0.684835406811159 0.349190006393253 0.41361893462575 0.379073732866391
0.705349189814786 0.53961598573202 0.580482886606787 0.633565140118332 0.363149199349015
0.513841286209234 0.412093813209066 0.432566365180874 0.404229059985448 0.300095436136087
0.395074752799825 0.432460448473391 0.330062573280823 1.0077052912189 0.455643219071469
0.923975021453823 0.412213602685472 0.390265201265155 0.471030143055773 0.377841283720975
0.42058694390111 0.35621892434935 0.403050014093115 0.348894205162108 0.370235285620254
0.351225087548942 0.643573046384343 0.401230537793611 0.346526729736289 0.376176255505038
0.429424875644696 0.432616301863816 0.451268053287366 0.475431615945267 0.667921526878633
0.41761852475058 0.419549506887182 0.42209579157083 0.528214685112644 0.431729271950288
0.373669035595911 0.391840687004906 0.341895997900878 0.380807450491993 0.403737905329307
0.541123298499713 0.335342345908259 0.387352219134866 0.430625796269434 0.361676194762569
0.413734518574056 0.388775569524064 0.407763806982698 0.403799561667082 0.389186584311942
0.441428627937744 0.522739055147469 0.441906395849001 0.423493382486799 0.331509459673148
0.515558307539822 0.399050509681506 0.394996330112383 0.38278385236431 0.463446600676246
0.939999998040943 0.376531329473555 0.491585798396781 0.436307214186447 0.382755560762483
0.483796496588596 0.424256541268917 0.574770057038594 0.333374124170042 0.356615619478641
0.346071155393393 0.4637955830074 0.732769763259487 0.340931103881766 0.37935276836828
0.471099617280315 0.377905869933309 0.421292544910804 0.434609460027284 0.751724874405297
0.580985419796438 0.400010630102585 0.500904861921425 0.424321453901035 0.390945043289774
0.455537485259345 0.366727323270332 0.428326570636919 0.391361002901775 0.6354881586615
0.725837632575353 0.394341813886709 0.492497743212024 0.314071271725067 0.395910112067415
0.381815252219238 0.310239064037105 0.343738853717493 0.551209369601934 0.33119490424779
0.425193258986598 0.501750783507399 0.377477555753387 0.402210753976666 0.329420995691756
0.500359454690932 0.410566212790457 0.427332938845589 0.534990707588945 0.411338932851021
0.406456767181004 0.438650127414538 0.354353215409497 0.554889652619585 0.505453510544021
0.370474401552928 0.3831250808749 0.334768188611361 0.423870165237708 0.452391824919508
0.326932239492929 0.336887233886248 0.425016372675608 0.471891212499414 0.355824588000303
0.449241636586493 0.375696851232348 0.47769173708026 0.536658086086082 0.666059165763786
0.775450696230003 0.466298854107326 0.407173490409524 0.379810748418096 0.349169507037449
0.39869329184136 0.386612932161078 0.332110008766686 0.381753784562799 0.343812724087561
0.327154714146349 0.623401187366074 0.643731940015664 0.602059423235303 0.356949937453498
0.328828339601697 0.403516133145281 0.378219021995327 0.36412102373129 0.446775900974464
0.661380138993471 0.505569442593765 0.551021970849131 0.54383662344318 0.594941222708898
0.379659859463848 0.374660620600844 0.339059189517017 0.441389071150844 0.547977662963923
0.419810894322643 0.339271287043545 0.393064985513417 0.550805068812957 0.630194959391684
0.398930754435829 0.46244924212076 0.373684489323018 0.501786530219825 0.384843893594808
0.420946054518976 0.406319766160314 0.396232626832169 0.358922799494842 0.435399751106934
0.294491889914733 0.418707972826216 0.374781378609094 0.365779114764752 0.468361549072753
0.326014783190933 0.378970204613342 0.382463255366159 0.382046519467201 0.428955932038884
0.302284635857413 0.427858691805874 0.525536617518208 0.377538157150842 1.06196608891193
0.346018279690939 0.441368593080183 0.646961133177195 0.558940051271107 0.385876666335071
0.352500823404913 0.462621322791188 0.38559923168851 0.398958939786028 0.374693526246214
0.41346795346441 0.427460838442006 0.336260801005853 0.420577291872575 0.436888118718494
0.444641258093926 0.352600954436359 0.670254598848118 0.422440772787656 0.326311128839532
0.390485959990073 0.411386517725966 0.349950412595632 0.325036849026181 0.451618444726581
0.354580875623612 0.558635508316356 0.498699118335318 0.349145787779106 0.382967161062596
0.327673511301109 0.425726130034137 0.354426257055312 0.368119716125593 0.398830825393672
0.426790362239467 0.376523866191176 0.494326208480843 0.425571481914619 0.359026699877769
0.569548680716006 0.437381369889569 0.418631590752351 0.358959678068248 0.459791376252289
0.3825395307978 0.345833637557685 0.396936754245687 0.404814117006019 0.436512178304026
0.383250768253886 0.934748733587061 0.356908335948986 0.381483231177467 0.410316612476926
0.459835546519523 0.405149734194025 0.413655048884465 0.502104696958209 0.418139416169484
0.673528196901928 0.352278303065959 0.569362157415632 0.503488360585684 0.40244748375086
0.475375725252889 0.759592713504774 0.359981561152351 0.506259530586488 0.418686947974932
0.402133903686214 0.391027520544923 0.39309863617542 0.58102020285309 0.381811474212167
0.435730715437982 0.434727333006902 0.352162244599394 0.42209524770674 0.40824469200923
0.365723869035377 0.399368875727626 0.376811675940371 0.641489975127171 0.370420489446716
0.370164543042737 0.360331428205794 0.328066076687063 0.38089751898222 0.404347820553419
0.315627641362122 0.35303670800791 0.364913281821877 0.375278602294147 0.610412271203008
0.406131168207609 0.453798013427471 0.386174364075448 0.413674162709465 0.37267393594001
0.47659459206295 0.415077221168117 0.410632135154357 0.5456425639647 0.336008396743595
0.296203865203846 0.699324131351742 0.723675932199649 0.471069658255741 0.336716079037707
0.410035561566182 0.369979735134863 0.411502428645463 0.402892538877383 0.392145049480086
0.518780323479813 0.910846793836579 0.356090906530172 0.429367702228656 0.417709100166479
0.41381938260203 0.360371926760255 0.336653783224137 0.591209589684312 0.431296489908361
0.384342163532388 0.423700411563203 0.339390427520087 0.34639984057871 0.383860527929259
0.333793806936708 0.362078360989718 0.390834182953931 0.730876209371428 0.526595723898973
0.475086388258568 0.557928643032733 0.454908971366888 0.465564565302879 0.478847444819651
0.38359075931656 0.409756468104158 0.498138060381311 0.422875689672326 0.394926807736079
0.440746161299912 0.502993665718257 0.471639955428792 0.604938183792405 0.389306699390089
0.453182440998549 0.626751154052654 0.360797347822349 0.436851028924639 0.366563122152869
0.437472394864279 0.398964098998951 0.380439117480463 0.414444843613677 0.629749224873816
0.38242871311997 0.497708195758157 0.437168596693316 0.400295545213891 1.0167682855761
0.405063444976803 0.58821827006551 0.348972392043413 0.428438149942403 0.404436452176977
0.505021692180876 0.704353059521812 0.373337659161407 0.40628415912426 0.422408800478868
0.406013723046475 0.372160676005506 0.621522688926392 0.351309679815359 0.772731009123919
0.417473740230704 0.373367117404341 0.411451492388329 0.384710136511977 0.328275253453293
0.329186825575384 0.502090761939289 0.347863626396901 0.423474008148679 0.563923220676859
0.307742176535174 0.369888517037826 0.413392026280274 0.423289317278675 0.37309890761609
0.412694212775319 0.38137428054716 0.584208478155242 0.482155111380136 0.57293759635798
0.374531095252061 0.557487312025774 0.449729089288058 0.380646506713906 0.458193435064006
0.392328414999473 0.559240901862945 0.376378441569607 0.447252774771689 0.434402254399611
0.403104324412295 0.585336105803762 0.457747918667338 0.35937908406285 0.342773129066068
0.435939259645169 0.395510313559473 0.395119743887961 0.354881172870197 0.475351859617282
0.50755433158653 0.623379264584355 0.341611568808131 0.432677261963997 0.331630988047463
0.39076203340396 0.367337062732197 0.580443053210089 0.339605138984809 0.372121723923975
0.309927114955416 0.539413314009542 0.411921205671096 0.377507245272735 0.391418878125596
0.343442333300184 0.392886611287583 0.440366042489808 0.370764230998321 0.359172824462137
0.392367927584704 0.674512671440542 0.428726990735304 0.417470727114411 0.510026190494275
0.306255297707973 0.408902308929928 0.32918649713979 0.4141724578548 0.374957127018047
0.817789282066768 0.447364611347994 0.413369364482933 0.363599885112406 0.353399407230465
0.363335113359131 0.36971671068105 0.352084009133785 0.400989155999598 0.448075137569282
0.364570031088085 0.575684355109475 0.322905306977576 0.496597135128924 0.367977461881006
0.338085424103921 0.365869789548144 0.821143632021831 0.482469441260188 0.37161646995005
0.515544814896632 0.404982617708208 0.337100471520475 0.416076062286363 0.351221157759183
0.461371727286953 0.330873625922171 0.372614332518403 0.385706686386335 0.421121817500527
0.362936852001679 0.527749218378383 0.496978908282612 0.392216241910844 0.39894205728969
0.374810304081571 0.417066304977621 0.35053524547895 0.359841358935049 0.445893803941351
0.420103761414404 0.452216802489843 0.448560522242639 0.535702356129897 0.389094976161885
0.408368348539735 0.436346195860161 0.371499794312291 0.430657548142166 0.33042585487419
0.475796757336438 0.746117949133481 0.368875613156223 0.411985633714509 0.540127813409777
0.480140074038111 0.371651529943052 0.341205721609101 0.530725982412553 0.364376372780521
0.452386269219303 0.561284045380851 0.381185984476207 0.387466271152379 0.39547860119807
0.384638970791643 0.487020312636199 0.349894687301092 0.521572215609743 0.554830724896261
0.487881574139113 0.751948243912928 0.398641912313325 0.520631372993583 0.480653607347722
0.33945568437163 0.406286992539831 0.52168744929887 0.438556893758881 0.356309043984618
0.70534671248856 0.43024379946641 0.516672306124383 0.406721875971721 0.356273671491424
0.341783323240291 0.408435985528012 0.339033493926257 0.506580769053963 0.523684107284685
0.376539719733924 0.377242320551897 0.336451115183953 0.497303906734712 0.319589469263956
0.42400998132947 0.389017764672165 0.483509742040039 0.390675362521523 0.399148503313415
0.505813740522098 0.608830758328347 0.467037423830826 0.36210809689289 0.358035532831959
0.587908444353369 0.413351747822545 0.383269230071434 0.384121897461435 1.12610311365445
0.37249859796149 0.337101935475101 0.740372980098986 0.458993667486684 0.401389098001438
0.423301690609586 0.341323111669918 0.381960475380566 0.635500110264117 0.402059590758398
0.51198567022889 0.374370700762965 0.601070421441434 0.384420803123525 0.521315625240653
0.46425349258304 0.355155133627901 0.418773258991811 0.475079978063105 0.330359774040339
0.387082413704714 0.317821080422749 0.406089371602771 0.542954588974526 0.364409815810198
0.353280017491143 0.380759802836678 0.53851710867048 0.365182708103995 0.481187979878563
0.389471580004895 0.401695569330454 0.315077531140725 0.495002010498504 0.412287532774437
0.317189901608943 0.500022646266094 0.513478435165178 0.40639659008864 0.325113319651891
0.31859620653505 0.348020804925996 0.355458194261891 0.36332912618791 1.16933706278998
0.327832112965472 0.401759183626312 0.471500524918449 0.34774250829798 0.362184073560459
0.465127742831315 0.324715133247445 0.482659898558015 0.437303724919345 0.375059587139023
0.352899586270994 0.394110107027465 0.479517889435262 0.414876404813947 0.751737472530043
0.529566038172673 0.418904920905408 0.393799769585304 0.356524135339451 0.386761445455778
0.536543024135619 0.461473968124782 0.457405773116454 0.389859375847939 0.42722332299729
0.475254993172438 0.40480748212225 0.404510740771111 0.412626330744028 0.342398881772759
0.375731293956826 0.627101212917582 0.315335133150914 0.476239055042322 0.383873141894078
0.351315616091126 0.40864053012398 0.619345037558735 0.346457845722752 0.344018451103535
0.480122956775337 0.396623063673979 0.389076696393885 0.463843480746191 0.530145237350725
0.416630002826215 0.381200835216891 0.364275283841342 0.403805346295092 0.384854242742033
0.350598593892478 0.376276605949426 0.403742662304295 0.457252698260368 0.392548286306927
0.371573572944656 0.485365097196721 0.454391806908937 0.4425230174114 0.436398022797627
0.445165040086452 0.61511937832845 0.408198932417964 0.676137091560608 0.443762335226743
0.342131164241607 0.39033694574469 0.39372489042331 0.74508655206991 0.364165522823109
0.501491268158963 0.509274811579466 0.439722553407761 0.402778063439369 0.496624151402155
0.494889008105954 0.45716709976902 0.330352814777988 0.448270501309072 0.379630883069111
0.286860181719822 0.331180910798071 0.370428835916235 0.678980970480371 0.378227858740994
0.412791448699716 0.301899075416568 0.75727426769497 0.456575692729858 0.359107262736019
0.370458710319464 0.356725041476125 0.334178623662097 0.375292408276695 0.394467399983324
0.433681349535066 0.417809329842877 0.352317097171533 0.348613834065326 0.373228017304348
0.357306704228573 0.414845224785335 0.588394101159891 0.412233009959168 0.299363400351925
0.579760863750914 0.442137229237755 0.602642299094602 0.376580568176175 0.36113310703056
0.390379284005777 0.360770479768394 0.373410716955261 0.390255461068723 0.608462098933856
0.471783934660025 0.378917227343917 0.338906955577095 0.372010713317393 0.405817497042793
0.326126690395656 0.36824085733417 0.345336679948696 0.399276214594337 0.602317258002663
0.363899533833198 0.345123529346297 0.371592989540437 0.37796646590174 0.453014849346437
0.355317456307485 0.418983862335028 0.541058724955972 0.449906183369686 0.558548979931527
0.836018799576935 0.459801254529575 0.337278622399078 0.47887486545797 0.494782324606567
0.441377284520999 0.389553408807082 0.570102104636397 0.528534937340868 0.403672639333948
0.387519879666011 0.353644716063075 0.348425971589995 0.349454095957198 0.367829637858711
0.301286645054322 0.532305111369217 0.336697713739948 0.384044465893589 0.609040106043519
0.378959956912557 0.376309602170833 0.3250510400657 0.472575406586083 0.401759142323262
0.334576778796491 0.48762403655387 0.316423519980952 0.36249264149 0.558660353380248
0.380118603563365 0.483116365358928 0.381943130305578 0.338995931178732 0.458599635917748
0.375939329848091 0.394985512030202 0.561769238701519 0.406883148961613 0.612649295484064
0.343554075653846 0.403899547893524 0.345985438114876 0.504233152293169 0.553149666975605
0.450930788605598 0.350984829374921 0.378400781210877 0.452655373015041 0.432403140579853
0.527175526255478 0.48112869234239 0.576207846252407 0.36344139118816 0.418295097921252
0.473752989778966 0.392330938036471 0.37763438093121 0.568627640952885 0.622970374247696
0.385503382667159 0.337696418158975 0.510349559800606 0.522517037537755 0.421995617889772
0.31772003786772 0.340880372255201 0.360576722311693 0.380032382361967 0.432662198875777
0.477786356600607 0.364075447974251 0.461893265907293 0.456879986657473 0.446698481398894
0.680951446440591 0.528916568765681 0.878672294129319 0.568105425526271 0.623694660521591
0.417423521081445 0.630892869838575 0.394519607274357 0.360605473532263 0.408356540425378
0.386215097862679 0.514193517831467 0.521565062345279 0.472465840404472 0.468752441054708
0.432140088889965 0.407454443583171 0.378993272715411 0.468547158932746 0.401722243534226
0.344074960659607 0.338720007727613 0.339321990846771 0.388909750976378 0.459603413104201
0.321630848151102 0.475148376517565 0.317131488885431 0.325724727222217 0.355643907869278
0.326032586757717 0.322816271571891 0.471669281864541 0.365773323120388 0.583451606398499
0.427101416927327 0.38706436446118 0.4380607469129 0.323125957610562 0.385472324325787
0.379324907941117 0.380864136696891 0.568053352582375 0.411758666762009 0.425651267925459
0.357312039591365 0.535791516944339 0.312846967959118 0.516779300851045 0.34843076702736
0.580799907891242 0.815531269249448 0.308555468406092 0.410123331675419 0.400348871392541
1.4679494873741 0.324367248007491 0.342887361096742 0.425746508665525 0.329933002284561
0.395815586781607 0.340516414159961 0.353712445518313 0.307481443279773 0.341563576859774
0.430046972216543 0.488650930209664 0.622069475268536 0.464320799891993 0.379596327337532
0.567298978244797 0.457044313806332 0.38937636064052 0.521269794923031 0.475189002459763
1.08623713503815 0.46222726415954 0.419238682429617 0.402637391371506 0.382595398979005
0.657968716350075 0.524757374892358 0.315846105457894 0.623862792121833 0.361074711576514
0.380309367187792 0.399324389675867 0.34766357210348 0.358017611280184 0.370517753596046
0.366241521125232 0.345900002604475 0.332393409972424 0.463289709807576 0.351074627244782
0.43479796184704 0.452106286275944 0.442460611659821 0.475918240939199 0.503195176445532
0.341055268965524 0.556988292746369 0.435807605326831 0.544922947604961 0.406056791141714
0.313980857805957 0.355786234772705 0.343640802902928 0.448027647513772 0.457580758914629
0.410238748991458 0.521015376959683 0.415007849480895 0.433355251068153 0.43866896534476
0.401591559023787 0.469474519922782 0.371009815105051 0.359138251071339 0.67691748640567
0.389781699475057 0.420281021954136 0.287919898543753 0.665772399750762 0.36762510958437
0.394332038371726 0.623268638228712 0.381996065066135 0.370071889116426 0.433796494952379
0.365764759725931 0.378157558134976 0.330557374803597 0.53634456523823 0.541219094937946
0.338192063572652 0.389357017860799 0.53464745692957 0.458283216594321 0.342479677070258
0.307297049057155 0.663133882835017 0.507209647671595 0.749328041127602 0.456159619296204
0.402629058894434 0.363305525045586 0.615379955011447 0.450928063964872 0.408818994272576
0.293476123157261 0.406142483674948 0.493547054172741 0.446122735259783 0.320997008035546
0.609405568027533 0.424632344352577 0.446825450262315 0.619005219049533 0.570755291318117
0.323862665022337 1.04437594781803 0.432325963349702 0.379533269288021 0.318907676516541
0.355560536549372 0.456555446968394 0.375347582138331 0.3760163078821 0.603169377045826
0.377548690690151 0.480831685409715 0.39357282284387 0.396936930372574 0.417950003585157
0.383811852970301 0.439856767709445 0.665824195638258 0.361545295675914 0.352085345085087
0.330866131886836 0.411087070452453 0.794441551523416 1.11200534061238 0.448112923130389
0.380790106194765 0.341521505724157 0.375686272459466 0.557372135282577 0.37351543959501
0.361173833802441 0.403011280900281 0.377320599340987 0.648867415255862 0.445207096805518
0.596374121161061 0.451908042308883 0.734844256300502 0.570948651961954 0.381891792290829
0.345677071454039 0.399911994143479 0.465632010559702 0.499435429645311 0.60651285803611
0.429288544531743 0.405402205709505 0.394891449583721 0.378040216494104 0.358244051478952
0.374452435000736 0.388123877316198 0.446724674814134 0.468489266271112 0.386594976122643
0.433804696637212 0.355703871337031 0.367489847240502 0.328052272610252 0.589511325708968
0.364549505977849 0.355789447074343 0.707439740853641 0.478703366933495 0.357489442291811
0.593657064593979 0.417951753603792 0.501911003782175 0.361711033296827 0.534536242447357
0.408413541194655 0.445472135604927 0.455347100005086 0.534081574228824 0.657979616048042
0.355706384216482 0.761702142781675 0.40905086304953 0.406462384862109 0.3966699674788
0.348424077129958 0.354891324198161 0.361712399057159 0.512327750271374 0.352332216647814
0.334177478551929 0.53297156270815 0.325719863591308 0.353154053916818 0.423102786756561
0.327026134738932 0.50807229637372 0.337877567814965 0.609402898792255 0.33053534136855
0.559115110867737 0.411328460119666 0.389836861462765 0.460177619596263 0.518526253359212
0.458491647135053 0.349509121159455 0.435070397228925 0.429400575886648 0.280600328545416
0.381772441026453 0.456376332991019 0.433341116574463 0.374364257381932 0.349757188760052
0.472223811536544 0.346764972412842 0.352716920909322 0.320076004706938 0.356966352426742
0.540448530003917 0.488065901098311 0.515524833955974 0.398245957228044 0.443583043788015
0.365071131097656 0.501250060599234 0.353569352762608 0.396729445484386 0.286287488264571
0.302489467357831 0.459693056785659 0.385230494366744 0.462077575212644 0.484816529371867
0.326991157469159 0.752089054720322 0.354903835516109 0.40124276061511 0.416651409783576
0.349438242085514 0.383582349672623 0.408436717700378 0.383940597571443 0.981346383573648
0.574326013884702 0.427633040579378 0.3990923807524 0.448933092772693 0.601468172266447
0.389782026769369 0.334631079191346 0.352590191147384 0.468110511740584 0.409694148737712
0.390932311908196 0.351839828824795 0.43416085730628 0.401551779558211 0.48655264191457
0.42917109115843 0.367318963192131 0.357173703123766 0.541292525328378 0.492197841381317
0.377066572148331 0.479850849068805 0.549377409036706 0.480224451423608 0.340983595788477
0.369472305419959 0.368870159660851 0.458562320576942 0.35694696288418 0.335280161920204
0.438016692709581 0.393716555438279 0.34019590566292 0.381038639756629 0.357767222279314
0.465383190118802 0.470624293360374 0.47955753667509 0.572996929959833 0.407351807275971
0.53870878804567 0.411032594550064 0.413720669887813 0.431272376408518 0.360201507265155
0.518474861717712 0.468600711135003 0.389896108717512 0.417400024710703 0.383076519177452
0.347688049066351 0.300646394451503 0.431330779091726 0.50465382122478 0.351550141489246
0.340458086082173 0.606813923210567 0.487154274542194 0.423272767559852 0.436943087912851
0.414665417012033 0.402600873955524 0.525289752501189 0.325215135924476 0.440081274368718
0.386017495824333 0.321457396751804 0.339849961398835 0.909102240423829 0.527229218842062
0.590730735881803 0.851695999687782 0.487331814746646 0.419424493071294 0.517205415397445
0.438673422225227 0.806515032882715 0.423798457346711 0.380868537603944 0.331279887154753
0.555990954270996 0.3779104716388 0.328213909973859 0.361220725699547 0.364193762300488
0.392431799708648 0.451552693484658 0.565771743329115 0.423473159383946 0.454726857024472
0.33197260607981 0.516040123348625 0.450875064777814 0.424206430201199 0.339728900364242
0.472843424119204 0.342390746867963 0.463877827630851 0.51434006844855 0.346520093027367
0.431069781660077 0.336829366719657 0.492205641980372 0.437782269655549 0.500824773142792
0.435023791367641 0.334972974340114 1.26108166270104 0.361618483889258 0.344234017716779
0.499421243402826 0.802942708844602 0.469791590147201 0.386435885863518 0.367386907586921
0.344416426960323 0.368173951763166 0.443667443428583 0.466158879364969 0.33236346641082
0.400192844868163 0.477938023448687 0.413406887931887 0.334783793698511 0.379171731043591
0.378038696343207 0.455165350048238 0.315979165461657 0.431958063849176 0.491754658018843
0.604103529023465 0.412461420734685 0.497281367528161 0.324261853699476 0.429441863539819
0.511480644941491 0.341086124767861 0.400164968858596 0.419528070985977 0.523449079742435
0.427030402255937 0.509130399335886 0.364795148337578 0.469769311351402 0.718355644133709
0.537621919897785 0.472428938288213 0.592555963224236 0.452706682830257 0.396654875925119
0.359331280860687 0.479662652317615 0.362932395676689 0.422180490856129 0.732658665652967
0.442184123238765 0.376059732873481 0.381845320542852 0.605142521317014 0.421414342769705
0.532469392476149 0.410867697541026 0.333464008342546 0.839734706614868 0.344433212862121
0.419821299069013 0.711146404910807 0.366099263822598 0.581790648664641 0.394483324544721
0.337280039499368 0.347007320175919 0.360028043011331 1.45057598879091 0.346975564211461
0.342966094722499 0.394964173373979 0.50892813624647 0.427656704356094 0.359839099853057
0.391820269163093 0.404697804769221 0.335431547605381 0.37800143900486 0.333343977734619
0.37044851655939 0.495318900918254 0.292580261531816 0.400047209560528 0.341471609773092
0.424329789521947 0.379391078203557 0.346522292937462 0.339326960074404 0.482313939686423
0.519759592681632 0.332963984824785 0.343151531281005 0.792311174629674 0.44681564219089
0.405391168212068 0.459624536108677 0.391209210595508 0.328512547962922 0.340698415639398
0.352930505324043 0.443595685658631 0.410937510970629 0.392080931121644 0.476362577586005
0.375525097662109 0.366175664490474 0.376268303591163 0.963319926408508 0.644464742508303
0.427260935570125 0.338504914321524 0.348081545174367 0.383921638978117 0.646365230204397
0.390171512054656 0.588165755807743 0.333372085132221 0.474466711596209 0.393594435567893
0.389680468524453 0.625765930997596 0.363502821880983 0.376627514268702 0.380276745065536
0.352859399330815 0.439655378096733 0.364748732821753 0.778389825855575 0.394626314788412
0.340925539330364 0.319509153033852 0.348052248893514 0.632146492937232 0.584465645308116
0.469817570045197 0.425918135589636 0.371685661880754 0.371945622865516 0.384965886334809
0.450412760557952 0.412925480136296 0.302130376106445 0.441144084606246 0.422901652590949
0.623270671973039 0.37692417312467 0.363539802490237 0.407181580865422 0.362160647961783
0.398911988588249 0.343506078331055 0.484132583965829 0.430298921700941 0.431758476052124
0.360455270233376 0.432106417331125 0.728366867787692 0.41141137869206 0.363953714258651
0.480037945455111 0.473007374986 0.517790666474831 0.378398138473463 0.634345281552867
0.459612470166403 0.434724535649326 0.365014527829903 0.429129350212951 0.559791540085266
0.390823679715508 0.34456415458388 0.473440765611666 0.466162671888639 0.393594707745575
0.583157044717247 0.421251572623623 0.3135332168835 0.471889578498276 0.438131815437664
0.759632526055209 0.446238063559931 0.400793897849512 0.397094861601139 0.555527353726516
0.32987841009618 0.587191315882116 0.350084343426776 0.447870959681727 0.449168532146211
0.350418549687836 0.326431538493898 0.332209313793949 0.540119130597304 0.646757165800888
0.308105938650031 0.444530971216737 0.387303608878122 0.348496631532933 0.635696440296777
0.452281146270594 0.315383848900574 0.351564145890456 0.819564683936457 0.394610263734212
0.341611863234119 0.461150940264541 0.435099329239624 0.61468626695642 0.331687132315784
0.698960224696981 0.495813170631178 0.467568500774603 0.438649683532737 0.426676279731306
0.423667620274183 0.465542247189739 0.323516754686706 0.370920905945581 0.412875172027034
0.439804934859377 0.444696803305057 0.360032127529823 0.364057555234565 0.564315122128034
0.498320474657085 0.542646701660701 0.495215822644346 0.437802390676455 0.344459781399289
0.558446346692146 0.431671609903904 0.326990314846597 0.60429708106609 0.483483470295776
0.343052827435788 0.354212026634662 0.60250577172842 0.543600024665582 0.363592197853311
0.306033625906963 0.339168651452317 0.369296054933216 0.399792515096558 0.36121274258378
0.536744390631561 0.436772891266724 0.334448135063133 0.45362464487432 0.408180000992742
0.30264991955552 0.454962573403727 0.418795826387152 0.390179603067476 0.316102764874511
0.33667027541673 0.364828668206179 0.478336744037878 0.397903359185065 0.362917675127369
0.390998376663882 0.370594075405568 0.433630158554206 0.454350176666012 0.43809525182318
0.439533208025353 0.434610403063241 0.461707451512853 0.457015696812422 0.748338539661467
0.473358958181714 0.351156013886956 0.352972808977104 0.574065639616919 0.351152087944846
0.529645889789917 0.366553662428798 0.469527412914473 0.57424494568116 0.414794702884707
0.394928216343424 0.376260995888676 0.382872225537042 0.372339161013733 0.382616522394473
0.362884981071871 0.396448118473811 0.614917506456386 0.382499754730913 0.368531045528007
0.384611466937164 0.345612533341516 0.429310288036662 0.457244977876082 0.67503215239454
0.711143949211016 0.410729204168375 0.401637535449401 0.408017386488241 0.414800355139271
0.40924952367395 0.37926323549905 0.387738211904085 0.376315805065211 0.631848946746317
0.527452285569095 0.378658474273049 0.644242759744284 0.340875589692729 0.341889721232966
0.37515682996734 0.354691904869276 0.348901204902954 0.323534276665552 0.515939980937972
0.437206484866742 0.385866758520804 0.584494632148897 0.4472106372474 0.375771797549257
0.681809233050067 1.13490170538581 0.400325994555868 0.428145229809802 0.379345663627159
0.713794510279215 0.446422142703456 0.362063547631354 0.434340024186857 0.437993361951668
0.360402225360698 0.416523941763592 0.514394104430316 0.320181189631404 0.425606915602432
0.411760847036992 0.402488298172434 0.439398819400531 0.636031470280859 0.435724483061606
0.462274730641811 0.800424314380819 0.417044403051405 0.439582749410576 0.502103883203182
0.322312386627692 0.422628068589422 0.324644403831065 0.409675988326132 1.14846371961819
0.342931578667722 0.491109587702701 0.413223058185559 0.431523813745827 0.35342253023027
0.330837690916684 0.519121656165481 0.328261727316412 0.603634479922893 0.328118502946143
0.360641010361856 0.469416548711829 1.07741490586793 0.400226235629076 0.456150620176278
0.341994058984448 0.396151369357275 0.358205981903987 0.557107915406853 0.410767830966658
0.401079904067397 0.463309036922021 0.459057777624403 0.494137942913623 0.671302793996396
0.384747739395182 0.554263138243047 0.794968853703284 0.347506165196227 0.41246451518832
0.358607405304614 0.657425143742484 0.396028859460573 0.43605134409122 0.463217894715384
0.431112231362532 0.46820919027344 0.653830672333252 0.429928871604148 0.41548573976374
0.332971024571727 0.519283870267206 0.590312027610532 0.497189549082734 0.418862091086309
0.484336584036908 0.368350843408039 0.392393555577852 0.350082892008267 0.454407456110479
0.408347693426938 0.351780013413532 0.327842765714417 0.449882148063725 0.310981371022282
0.355718643705306 0.375035762661366 0.382243293010815 0.377530130845552 0.596996156652562
0.362777894186798 0.477963480679208 0.35554261156635 0.315248729466023 0.521898216976711
0.444266960533333 0.414241506488849 0.530421660976865 1.30201225017159 0.367216781636206
0.348909501381403 0.366538363288996 0.503804553232814 0.533685366791147 0.394355795303498
0.495413159807191 0.410929717659011 0.36781710336883 0.397133528183452 0.366456786799261
0.399649123293794 0.735974140881665 0.366672462659755 0.397379032944641 0.525908674428286
0.348682077171965 0.738110867930374 0.424806050705618 0.422989219307517 0.518804537273181
0.367397241017834 0.434249857165909 0.583215453647771 0.457412763561924 0.41771894648963
0.425739938415912 0.350109641287772 0.342799666003888 0.358938673435149 0.423712839285196
0.36945037422772 0.403483131196407 0.34974805697824 0.334164290149594 0.354740004905956
0.418717174686222 0.361081411079571 0.431253840617708 0.378326344867468 0.405551402721748
0.454429147394086 0.313877366807354 0.367063747965913 0.464558759069579 0.456263239502343
0.438909186500519 0.470856040479966 0.347413714650102 0.531739335157957 0.349568082483095
0.328530689615527 0.348668563626699 0.50043264945697 0.359109244726959 0.444253012760084
0.320396917110547 0.472294975489732 0.3413855088646 0.364143427939958 0.422532734350067
0.312766084878758 0.402036438586056 0.489540346730501 0.394132031703368 0.416900990060593
0.437398589376952 0.580431415136508 0.36250176080714 0.378639720516765 0.407372020187164
0.404221350933954 0.327063714886711 0.329234999727428 0.584037905742448 0.419794847574352
0.369660412945344 0.576776422075163 0.356408964407145 0.48829875172244 0.429838772157289
0.532366932952089 0.383491649768463 0.341023880645614 0.470713568729945 0.372050205124653
0.414748650610159 0.393419542925344 0.382361635403067 0.407873813231774 0.370593912843637
0.478767772674138 0.372462316586164 0.333114565097638 0.372565638760318 0.650390148671526
0.414691847920095 0.405781361846447 0.406361661999722 0.411655626528224 0.343252904059632
0.402068848849795 0.316162326507782 0.476749530069597 0.463865804068135 0.329119812253622
0.331634595442639 0.522183528956013 0.356233113632333 0.393639489778822 0.350638659804639
0.335705040544692 0.516003855389475 0.348805961967982 0.432070361146807 0.400471082870891
0.346299249231613 0.366004702502691 0.476339164159737 0.50642838358633 0.295060648286528
0.331666197432214 0.399253822236618 0.34054365413272 0.500137656557214 0.361147395042472
0.319177680156073 0.577128028354764 0.41930827898661 0.91137009465917 0.477840029216299
0.57344047985518 0.407990609627555 0.365759071711486 0.396928865690452 0.427545551111158
0.603989201429058 0.35199966778395 0.410340864678442 0.404313129289183 0.541894212073846
0.298996112244255 0.511592656030231 0.876347252477945 0.334343895585649 0.385423587964367
0.403628476947625 0.531650048078369 0.377835090533892 0.429066327179738 0.394647086853852
0.32759592105344 0.720115684079513 0.566343759529412 0.361409297646436 0.29583391126196
0.330419454555973 0.338101020239737 0.355428450794749 0.547096059215407 0.491482570999355
0.342242482004135 0.342953246661176 0.461347549865793 0.596445139897828 0.41131927776198
0.568242016768735 0.400000535882208 0.450594671303257 0.42061201100487 0.390812290531306
0.713112636721723 0.565739583112564 0.752025085773687 0.355429317581378 0.403046670848461
0.735168207719779 0.456691200433477 0.377323224424699 0.474049694192018 0.438681421341846
0.393354424756871 0.423265568738157 0.355398076710698 0.619860287588374 0.46654821515303
0.363071253973738 1.03097288914559 0.396368966474462 0.416154456941788 0.344339893325991
0.372730948495486 0.54158407215174 0.46541679740782 0.332365026457001 0.403503770129622
0.378021589041697 0.476535121053124 0.413299342062471 0.440500796876861 0.498614205452412
0.526375930949817 0.415829294336335 0.554734743484263 0.418429821701493 0.675595766179258
0.426703686997443 0.418498879777797 0.347128014834544 0.33731693612743 0.480260512253855
0.507363677669184 0.521026011671379 0.354587993924327 0.397601207944943 0.575854106245597
0.512288308206149 0.457315024901561 0.48618335609518 0.544445228685053 0.458312339733134
0.432664057464405 0.536484330091415 0.450498764434771 0.469271790840725 0.382908634304614
0.331012580509712 0.453948206312895 0.349807804593121 0.401120085476663 0.398790842932854
0.440752380914257 0.542857165377484 0.331420006171582 0.385561808919695 0.353672472832035
0.328242058589228 0.375012993570686 0.324540648201589 0.718244211054879 0.383876554577611
0.355213610646503 0.407007567707278 0.384599388064106 0.374805726184778 0.378036382707583
0.31156842823415 0.425408675704936 0.59104684645165 0.374494310276554 0.381358467964891
0.351209270746684 0.630232078280374 0.418944686353026 0.458353554579473 0.335494446597268
0.322314427991175 0.561674427174659 0.467132257785131 0.450198029304037 0.385504844894837
0.397133341388165 0.436803438626961 0.402502646268133 0.520127961446425 0.385291163149043
0.421766114618057 0.386158240877487 0.364485663158008 0.595697017493618 0.506684110164743
0.428439035126115 0.421819333258176 0.385598980802648 0.371733169197707 0.632657619232623
0.417074606747717 0.336620516104011 0.378832301339887 0.423485506670884 0.386154242889136
0.317020402013214 0.783874016053255 0.406158860901312 0.475780966571975 0.358359472292835
0.333310897450743 0.464188879164078 0.405970016790857 0.352974492841458 0.438721600301429
0.321862638858301 0.496282034828898 0.367466433096326 0.363755214195918 0.405038502782453
0.413938961083675 0.567163392679224 0.32492111041656 0.470164716072671 0.469179743490474
0.368646643976366 0.428018463221286 0.372139276230258 0.350308978816707 0.476363529153867
0.411090800417291 0.412479619293875 0.440923511760904 0.386741040986927 0.468585793495098
0.466217623404024 0.468259159090448 0.365734813571692 0.326977254712944 0.340254311081562
0.39672070716929 0.841180022529783 0.368969966172505 0.42136327839172 0.431961425793311
0.634306377291668 0.410609325118453 0.446379054209139 0.505821676928862 0.460146929417188
0.403831906739347 0.598965953198221 0.430637630285069 0.514242340327695 0.344650678965148
0.406060686890608 0.364984351516472 0.374882100905879 0.829596079227383 1.00623156655993
0.525043894007597 0.574381906364882 0.350551148753781 0.387102177366182 0.345725314816742
0.400047650827132 0.652089120717728 0.395903784963668 0.443842983362713 0.383636388032623
0.31886212145735 0.412769945183132 0.727635758856138 0.386776582821733 0.495813567092702
0.412682639020064 0.469610843586584 0.586692223261446 0.500996005133249 0.403365401267212
0.363783049299082 0.343141551919139 0.476495156011249 0.579577836521635 0.31618753633112
0.387422375594983 0.360445135269855 0.538116579611079 0.402173535426713 0.370108491216252
0.644689245462524 0.350737777456637 0.439860109347554 0.386602091815444 0.342882948162249
0.432652680346713 0.373841365127212 0.380103337501964 0.433182210716802 0.350371971180219
0.531658296371665 0.440157238401273 0.44698355127324 0.413314166582724 0.441417989320141
0.354928379149007 0.461072145570803 0.359488276844939 0.389702968348952 0.341080632742688
0.46798706576912 0.497238284743281 0.378038863357939 0.342430627962115 0.462542851083304
0.401057608199562 0.470870079549136 0.378966026580987 0.358981273067534 0.443283192048375
0.38894411729681 0.497248208077604 0.38272661974088 0.50478147408361 0.371540309872894
0.362913331629287 0.309318967548174 0.593975774050842 0.432105369398584 0.436857971415846
0.298541657156703 0.46854116626899 0.384012491984063 0.316838656270194 0.349558685587643
0.351947156190712 0.425041167673988 0.479344818938254 0.355769485983459 0.362499900569736
0.307150857372071 0.352258154346939 0.336362800738181 1.24768413140681 0.377662274079943
0.461062991353901 0.373213659455974 0.596134066603698 0.359914207901013 0.425743450236571
0.506363627840885 0.437751739649933 0.578712530385842 0.487745547353242 0.347625261259761
0.338221217563808 0.317838209366395 0.510316999500985 0.342993607442101 0.461731459971674
0.335913995532823 0.34446730412133 0.515390323350244 0.387428186278277 0.328185487532124
0.367067217827509 0.399582885392684 0.389473214438171 0.320354020835169 0.41754252286791
0.436190069817129 0.415652024475329 0.422518728913185 0.475009613467164 0.363771801669908
0.360352420483259 0.335784967285259 0.407129203972671 0.358272804696748 0.336432934255002
0.459213175289548 0.346380283803453 0.348736069184185 0.366998956516059 0.657242178170235
0.363258980210703 0.391616329084636 0.863782193230058 0.342339263587995 0.313062367554115
0.365328291042944 0.536109097748779 0.337398670721612 0.540743627458324 0.342025048924053
0.447015207015472 0.349245401362654 0.346680828350358 0.444901454745531 0.350539385978069
0.457791058296779 0.37537972193555 0.487795968032524 0.345522236694235 0.435603689692297
0.443355832545897 0.551268315502269 0.461107850723935 0.542315093372173 0.540533425750435
0.31337720851242 0.450431652014289 0.541726757431097 0.318434911232488 0.319434628298639
0.355507604896556 0.358481532799234 0.395772972645505 0.888823979234876 0.548103642650414
0.331714210212268 0.470352177778708 0.377610517831978 0.318500153201953 0.354430295376432
0.348844975216909 0.430491685086915 0.356363028468399 1.10567936121568 0.339538632776104
0.49814009442042 0.551745247887403 0.458303582343487 0.437454431943135 0.445989743324678
0.378267824132805 0.366452000110758 0.351261719767046 0.480652302242952 0.367619063394449
0.366239310988483 0.473455020092181 0.47768718731187 0.430267548586004 0.425285608814853
0.408136962595554 0.513417873345501 0.51226920525057 0.5104939109512 0.49354974664984
0.445099550530942 0.396498600004595 0.833548275535323 0.345062685612019 0.374586837808939
0.418606790766708 0.373454630011945 0.47773599756774 0.370929497988187 0.284815481992178
0.350315069592753 0.568439570848877 0.336562922567308 0.47297304395671 0.430800802490592
0.37723544447769 0.450357942362096 0.554438185178664 0.654452688040403 0.390291851135364
0.375820506767987 0.513403607813256 0.62418825656277 0.37007238885587 0.321318822734124
0.406160031332129 0.497573134213219 0.389422084360885 0.342436761052977 0.327523012308446
0.357435564557876 0.387396545880692 0.412026657448597 0.428299827062604 0.476815578290846
0.404283367051068 0.415432913137076 0.533882204633114 0.47161742394136 0.332305107735899
0.433605852588961 0.375074250820046 0.458519389790796 0.367590789080809 0.532960716282843
0.446966515112876 0.382318067584219 0.367663596477508 0.428135103211097 0.654020242666818
0.369620851750152 0.392576188428471 0.377177584395057 0.335618430734769 0.352344194618203
0.448005895937248 0.319343814874392 0.477259342462171 0.43488214020021 0.422933705540949
0.408453840633066 0.395554343731264 0.46410468104875 0.399029511721135 0.362051297060001
0.453006728532972 0.42568807657804 0.385873183343384 0.464277282112705 1.01817233352002
0.370551081445694 0.380609938037851 0.343177986834027 0.381467125149095 0.41654790387205
0.33255392000041 0.94998317821445 0.399894281280197 0.368716092867264 0.333419963307968
0.473193950300909 0.46734540231342 0.521777754574455 0.421591423686751 0.662310794374997
0.381642305433571 0.556700295188318 0.316813567588867 0.426531921360402 0.436606737792217
0.37207881263167 0.375838507905653 0.394996296169555 0.374413984278846 0.403156740136823
0.887097117437749 0.358220949090594 0.444575355758093 0.397050232407618 0.449127564568008
0.475523034583475 0.368536509026638 0.377361049731127 0.40503212009865 0.35175522687479
0.395160591256926 0.458006680230827 0.446694380011053 0.534634308163049 0.378890372807286
0.354948073277901 0.329245441664086 0.316055209814346 0.375868896763663 0.468118899299572
0.59242159499349 0.408323909955643 0.329465925018473 0.789843892556694 0.329927898675107
0.469622352504069 0.463852466741797 0.476514724222907 0.326525151422205 0.444623129403311
0.5864930988692 0.414342592947836 0.344081289421046 0.547814693984426 0.62749728605557
0.328398253756244 0.332552469975329 0.345340527914971 0.663075113313138 0.396739308752572
0.374085698605881 0.4529565328903 0.389598068866766 0.444815034151849 0.414090967696031
0.424807094095964 0.358172657034353 0.766336537796113 0.642107654791705 0.39363668859859
0.540856170915509 0.371665616956006 0.846672145883454 0.358453205203018 0.340535975141802
0.352847709764506 0.341859479665756 0.53866850300068 0.378151606445608 0.384497005564942
0.479727612920436 0.356970498188799 0.534898712776021 0.383828873059281 0.420862068246946
0.316886609997087 0.335707974945912 0.342702195639649 0.490452070696918 0.474293789343074
0.356159136851899 0.509927547718368 0.423445154334997 0.385672447432287 0.573139372982318
0.378700347699117 0.524634301727664 0.362660698366604 0.431769168670783 0.625307612644283
0.403228693054793 0.338282384747828 0.422376794442954 0.761729887450436 0.451890516623165
0.453679371748918 0.333290026526711 0.514001066247659 0.358000211699011 0.388595628755211
0.485311627079898 0.448865699072072 0.671942749288138 0.371596788722846 0.515136970971086
0.405256311294221 0.452130628651677 0.463078864309364 0.392740514743747 0.390218028414263
0.429114602176313 0.52328377364865 0.401891367499941 0.433820639204013 0.428220671861961
0.43463737895028 0.355888937114355 0.41760303713914 0.562987433117834 0.438394725585852
0.369175869441621 0.444929709681606 0.386812931134614 0.382147484251095 0.40858887139582
0.554405672947293 0.410290528321791 0.368412640104752 0.373000714124764 0.35964530803859
0.56986933826478 0.46336117509959 0.362189840971618 0.344848960389409 0.321981768881146
0.37226771095839 0.606326426501783 0.340550402199704 0.337034500750686 0.311595805983784
0.515207537086995 1.11318457052419 0.569482811857564 0.390345656236812 0.306309509889918
0.429356435491678 0.399254607847307 0.452811591418236 0.408087656906489 0.361300508399519
0.410235459539853 0.416917813723099 0.435093390619967 0.463795877052514 0.448764275158619
0.489007743540578 0.372086115934753 0.503852319437629 0.52822992021853 0.711203436592999
0.380526792146033 0.354969002201458 0.421877693064875 0.403594739227236 0.354686657973488
0.454485133491358 0.508516998180511 0.336757612040657 0.376387820782569 0.394828609274085
0.387499476424907 0.414782031601798 0.348769264072463 0.430436707016499 0.32836784611745
0.37420026528107 0.380791881839787 0.404652367982224 0.429635876336714 0.368569065472565
0.481829457847602 0.377446753590329 0.503940631725222 0.375209207437647 0.386627987074617
0.64589763521125 0.351467355633581 0.328638011845284 0.363712387963664 0.353686506071833
0.442393082473966 0.420938481175271 0.441524328963748 0.472455842184748 0.656584232014856
0.39577721442119 0.426195696567941 0.350773503931549 0.332839162367438 0.424341146046799
0.396207895454469 0.567348299489426 0.377128632297356 0.379232937845911 0.418365952419969
0.421863708037027 0.519215636202485 0.388926952527958 0.397175810409077 0.439737806034403
0.355577127621268 0.403840279544053 0.536464009220395 0.483626434042989 0.361510890413675
0.380889609723871 0.440114839151776 0.30486200501743 0.598932532108312 0.46468512810791
0.416455609270947 0.451800454384604 0.525574454745323 0.389405817566464 0.525946930626133
0.40091460351754 0.611547436187427 0.339925393455311 0.442373750530004 0.366522710304582
0.418779724335919 0.395234368957998 0.385369097530709 0.40914333806542 0.59570748782161
0.311824526025013 0.396661788292926 0.407369731925893 0.488097329537844 0.384996153599162
0.350000950480851 0.37091646486355 0.431944296873911 0.710347254156636 0.329827204400964
0.472635578199725 0.425873924202646 0.41868137157304 0.43190674070615 0.305543059721043
0.340838915106486 0.361534303419259 0.383357522502344 0.395904632588186 0.48406355180317
0.419676805033119 0.361724821843774 0.336685282266098 0.502596324976488 0.457951516817571
0.808418542398289 0.393897614767724 0.823647939293987 0.428412687395149 0.461278405530184
0.475369283936689 0.541291995105178 0.60898767651398 0.390668494260969 0.638351924482256
0.519279390832123 0.473082175771331 0.38876764480999 0.418987699363103 0.497918860612821
0.43641159432714 0.365118997852774 0.472306002672634 0.313443144433128 0.890181148053755
0.46531083576442 0.508123604508353 0.470141281762182 0.377140275745776 0.530263909346567
0.413667896986494 0.412393588434199 0.445263677754622 0.582501834719423 0.346234236994358
0.619721661195804 0.40221518578046 0.414070592779196 0.463228151003463 0.482264351412558
0.364783716679846 0.407377569431032 0.423970765906808 0.374925157459196 0.384423263830374
0.370629321102148 0.450974387993837 0.379454129910443 0.608958014295595 0.558649910724036
0.395363925142113 0.358004829947889 0.672516188930564 0.375061768141056 0.422152630342485
0.403034488252849 0.358009254390787 0.398769386236635 0.39284673031136 1.10458314330388
0.436451320271914 0.297197665200933 0.36137438094834 0.39458992555119 0.390749965610192
0.348642897162304 0.364349439707518 0.336075946651366 0.419405974255565 0.345962232920052
0.399233906877756 0.351411990455549 0.628166773063149 0.443984306389451 0.349691422616664
0.427908880860802 0.412733136192835 0.392790849411158 0.496603005288145 0.447800231572366
0.305042672911284 0.401708611345277 0.619842443305108 0.508723804099257 0.40418250042256
0.346881441842501 0.471515014962811 0.423865195838158 0.703371535381818 0.396129369744214
0.397249935849311 0.912146346707285 0.435056807264283 0.446678531862615 0.360553687754117
0.507783322049867 0.429283219764385 0.603980186530911 0.525701744500063 0.29978236978408
0.382449390420409 0.414247286000264 0.483246637604844 0.384112851859477 0.426918516315589
0.438063781243978 0.455113871181841 0.423264433422672 0.378573464229989 0.418332097858667
0.341150122923441 0.49460057564136 0.497661928096741 0.543390756871602 0.340833971698034
0.707265274046037 0.415563934409023 0.488974390066985 0.414509106536642 0.385432944065156
0.435648152947685 0.645734194682601 0.34356563228137 0.50118073897646 0.28620372047696
0.585272515273942 0.519893347812976 0.426767850848924 0.406639454176763 0.455083009477988
0.377991362162849 0.344801003859113 0.356616057455076 0.349764057782474 0.40274036704519
0.387870090270005 0.359466462084029 0.385828413328812 0.385617941786181 0.979761055491648
0.340616694736807 0.401645366501616 0.470759876173243 0.355955477423989 0.332104203124096
0.37066378160791 0.336950524994903 0.356624222820484 0.581186934158402 0.327436916814379
0.347795347065276 0.540259601705333 0.348938351041257 0.375306902426524 0.34749415766464
0.506571965503157 0.320433158979845 0.537868014412728 0.414620632505062 0.324928031936767
0.350498663968582 0.431365697549329 0.459157711994174 0.416001974836781 0.35379059166448
0.323529025126265 0.602797381955224 0.455930113806153 0.414979445088167 0.432127898826737
0.474084729900791 0.461059041758684 0.603064351372398 0.421959541810874 0.381935769653352
0.415652760284806 0.364297544922609 0.575035338731671 0.490372087615521 0.433910336323857
0.429799851750981 0.391170592777096 0.428320231624826 0.330514409383707 0.324186498756059
0.499323269599272 0.353435760651363 0.333226873712229 0.318871258833684 0.530308896256984
0.438998842031504 0.323282311740068 0.34064497619703 0.522560789729525 0.376345714334188
0.368306362024067 0.462227951970868 0.463868448283472 0.363810596548349 0.442645048316319
0.356300287891686 0.475922977902949 0.300926965599116 0.445833817131199 0.394483820062357
0.398194786532693 0.484855616129687 0.38940769501224 0.352359253461854 0.594525781285379
0.409119996007242 0.689952209218309 0.592279463513709 0.404826005913391 0.364725125070357
0.431949398396156 0.407134010735566 0.376489931243503 0.576838283845046 0.593839225882029
0.305973592647347 0.299066946118534 0.339153527358115 0.586807982895593 0.344674054446224
0.406724111519205 0.345387589312274 0.388415074026278 0.814085762480012 0.602034565843064
0.38198807254247 0.4829644790211 0.34006852020135 0.38951844355623 0.39189711878138
0.375187429473552 0.496448113979917 0.892272896310935 0.375076231415558 0.572088890165993
0.353703053251259 0.396833199466535 0.488205447313488 0.550383259637377 0.432441240630759
0.395596884637678 0.459882581971386 0.343956626467207 0.432941637585175 0.351716114660776
0.323543282711829 0.367747635469913 0.351488486254094 0.503487119133802 0.420863820833321
0.392734841995367 0.455223637783812 0.396130384212047 0.37616662348178 0.605364704312721
0.353407887770239 0.531809589054884 0.373973000648534 0.376644284830872 0.38477266984047
0.550919232057913 0.432986651543449 0.372507348487653 0.369079226878633 0.522182283794325
0.434299268877817 0.457811133275348 0.402313217097435 0.369865635430804 0.564066275158828
0.358449647563865 0.49789847266497 0.345266070360867 0.482584400490619 0.469990823019714
0.377089908626022 0.393927937983143 0.310506717075074 0.791138406515863 0.504897779501877
0.327135627119106 1.33717739651389 0.386455704903579 0.372978892969424 0.292806417647454
0.387652201053742 0.399853047970265 1.00628729815297 0.446175018252313 0.420918777230469
0.46702622768407 0.392375665748819 0.526233805895271 0.346370247157018 0.493627684035853
0.386487243895148 0.415098951580798 0.337160942301589 0.328709058163989 0.541274459169778
0.356244350102349 0.481222668126048 0.343609987208443 0.643788327942224 0.491108973843663
0.319216035544815 0.391050734011634 0.387507877767066 0.441109794163761 0.366435889737585
0.340202055527353 0.332635112154094 0.592029296468287 0.371774459331755 0.354707527418085
0.405490747217934 0.518564208314972 0.371281060448488 0.38978508722717 0.445218046947686
0.411792901463233 0.742203009064224 0.358010911279254 0.409373464053846 0.765433812386141
0.450049283210469 0.303516255514632 0.375349451187519 0.733722224289405 0.441187873795456
0.446050265766582 0.394603150612546 0.391299677597731 0.450949225050848 0.349398018012461
0.36300077623569 0.454265102569235 0.424866766941003 0.371964131944688 0.338510304397235
0.411605576568087 0.430430885076676 0.502422192013066 0.463980363510639 1.22150542283076
0.452930791164644 0.522394226513315 0.460375874557518 0.575744066475037 0.523969901701776
0.441569716500556 0.509345836590465 0.443785426467902 0.332235881346272 0.360950335627458
0.520714360638928 0.394866899180881 0.340692078874196 0.306855792872478 0.328221174670416
0.462705042034165 0.451887358536295 0.358385028526776 0.715780266116658 0.409748971491781
0.373926519353916 0.414040496022382 0.464189236138222 0.451234156230874 0.389308747691272
0.421562344026784 0.339165760764173 0.461517250576869 0.440299194222592 0.376848304364561
0.355014493515215 0.407452979475417 0.383051440910478 0.379666406351861 0.324949826386902
0.29873630935427 0.866757427634105 0.354951533854659 0.354381776400722 0.350502757022052
0.427985366119924 0.510550589264193 0.377778316295799 0.536289651622289 0.321480327885827
0.311766943645698 0.328337847790686 0.373313049017554 0.684693746992553 0.374161470632529
0.418177590979912 0.814905638263042 0.39700381149698 0.372959309239112 0.391943182871972
0.433179746298971 0.414982583890548 0.353753498396762 0.557746092869365 0.404742052106882
0.370930031526902 0.58649947925601 0.430254899900753 0.355604859931043 0.462322054438062
0.425692260583971 0.452038731879851 0.340002919493012 0.395823092361441 0.341076385773722
0.319902391185062 0.424790161724411 0.655516730705052 0.430679267757227 0.32934637171421
0.406501210577434 0.597084148453657 0.511935104576651 0.3573849702295 0.367255314411821
0.361200052372554 0.973745992655754 0.398770726202435 0.544595301837517 0.361997534926915
0.657605977738238 0.474799641660407 0.370485282075892 0.422436078517465 0.322285861973556
0.351590262809261 0.397963532063606 0.346124121991743 0.459762968697151 0.332303007054627
0.469286637854218 0.428755988142404 0.4594598831068 0.539588013080174 0.406284628642728
0.416655920064411 0.408171601320475 0.463996995894385 0.365917144825052 0.440136609183352
0.349644047403594 0.417068412850594 0.457657761047837 0.524796840267538 0.51276684136727
0.467355395346267 0.446576832070264 0.412961440900553 0.418009325195947 0.352584635126213
0.801974809414218 0.384073777039985 0.349459227570558 0.551483287924137 0.328482925547698
0.385269500688174 0.462295023247526 0.403740899201279 0.346359021937008 0.347091906863622
0.485612281500819 0.402215723019577 0.654041493744979 0.422677077145182 0.502195437900043
0.387667067337021 0.40047610006057 0.438575367314567 0.372504583821664 0.348199017277073
0.499631361098461 0.333435582515552 0.344078506257413 0.383793890278511 0.421046639087128
0.374292536667142 0.43968814772237 0.470265276342523 0.344316392992264 0.308820502276524
0.372858471590869 0.429838429130268 0.407567908848172 0.525994118436032 0.619909193646135
0.402778361554176 0.375215184489666 0.407854845099954 0.420509388863402 0.475488085245242
0.468632384248082 0.360352953230974 0.402113327157143 0.453305922722106 0.404430585315635
0.521913022640122 0.541992516807182 0.498445358358328 0.328055763647112 0.33341240991811
0.441079763201056 0.483722319626721 0.401646425018539 0.440874740073405 0.346437835006047
0.405325715658339 0.408761456003921 0.319012232612341 0.453143580123094 0.580631796617167
0.396847707676283 1.26848630029286 0.432932545560737 0.339078143810225 0.389553013917524
0.565474504506588 0.525518396450954 0.530454493817096 0.374301434017405 0.668718050561893
0.38641484943797 0.36969395673258 0.390083666090516 0.36062600967608 0.453256644419896
0.360917325583801 0.352039531480461 0.384556014336146 0.36368800328008 0.367867828683043
0.363654005565521 0.377743315260988 0.336867542013993 0.4808242573717 0.396599114747682
0.410453616265257 0.638487321638958 0.43269442645629 0.433316232141285 0.447170352549482
0.365470601570136 0.363268332222596 0.508658022775173 0.351639728370919 0.412718265090141
0.360689790366832 0.335884880502178 0.433543378445179 0.370396415261074 0.353916351000153
0.476125896523783 0.422508604308645 0.392200959638855 0.62147206047204 0.317527260629947
0.409403882731154 0.362665333322836 0.418395247193231 0.448591298654414 0.456943875446115
0.417537516231899 0.577658283059288 0.444835348679383 0.445949233795285 0.331577784786424
0.408758112141356 0.50771691672187 0.372803008609009 1.25104175091671 0.539937408886963
0.465182469536894 0.300943251007294 0.34180218385128 0.539963611261036 0.395191016564561
0.39423493298211 0.415915534396207 0.620600998128147 0.34946791763849 0.387644686625282
0.374317028377288 0.722385969031689 0.401677254689138 0.427049048158222 0.425692548184924
0.399011083887654 0.399403638869874 0.538836032789152 0.351936898871307 0.390355153283161
0.352710919856912 0.413467686493915 0.623372497132448 0.34524382497357 0.431702077993335
0.55433599108788 0.40522134963099 0.643092682572119 0.426527553682502 0.354446606584728
0.481525040611492 0.368668826989919 0.380290447696153 0.397690976762214 0.332232342937252
0.454983961507342 0.410382383672748 0.404454895652816 0.704572532272208 0.434670974118283
0.603167724008098 0.498426526638725 0.413865970381336 0.407396981396707 0.389036178782199
0.452342693425822 0.476145124866672 0.351941912967843 0.368370963083241 0.47104803561024
0.383970287673914 0.500143894376797 0.332770700845621 0.422030401928361 0.655641394367732
0.470360472639872 0.354507037149719 0.380406062583003 0.362423942162424 0.504932136066983
0.723619910052006 0.470379122332216 0.456675121489488 0.649257902422552 0.407820507527713
0.532013222948113 0.511054293813644 0.368978277094042 0.372503304714503 0.60283384057139
0.529240318665869 0.618158275789541 0.490440997372641 0.5441371626641 0.444253490305223
0.298353687809409 0.375100780734518 0.325667761541468 0.458637965299339 0.427466580094598
0.353563329091994 0.365808646154778 0.344596640677274 0.367174734768686 0.287030645068455
0.381922439394034 0.433608368789225 0.377295693122635 0.581699995440867 0.384630365835028
0.322549349784151 0.384847773476646 0.362876973579809 0.41834743516092 0.327547725685325
0.37833516790374 0.428834066932749 0.631372026144635 0.453626698709553 0.452070076553352
0.356334629390204 0.419277921829468 0.680393809336835 0.5509353252248 0.466956447282586
0.392933275565549 0.366460017829956 0.396920881511961 0.468488261461548 0.396767292047485
0.326269634516029 0.395982206743556 0.48506886059583 0.379598072631261 0.412837704860242
0.454885974914651 0.429884870331795 0.383897984134191 0.502987252705818 0.348377215767981
0.447914982208178 0.456070333353606 0.456072532475847 0.339523128887024 0.377925277948204
0.427440732517408 0.375247683472131 0.424876028151051 0.571899589992637 0.404138380303852
0.389001949449907 0.366785776820449 0.43379999831898 0.513455482850097 0.376080087430179
0.651582871990347 0.529860318395317 0.378384283069336 0.373169494486388 0.365429758200314
0.391893719092436 0.459926165398602 0.464272119546534 0.382476193854138 0.356947433516237
0.336976143636527 0.375703201434709 0.514999633235803 0.449611631878455 0.482632181229569
0.32484830857563 0.76546939017129 0.37157572635673 0.508837130389825 0.330513878601015
0.452511206985267 0.438062840482013 0.421830910173424 0.341135123942842 0.315894950205843
0.384838779283354 0.519283465369059 0.410704131582984 0.357484696881401 0.550429043670368
0.413068418479735 0.399166931433677 0.421340729102579 0.420032658164971 0.472958907663715
0.438278263020068 0.582095103898165 0.538713464393473 0.425215787508149 0.582919428134906
0.411185582220108 0.344369849534125 0.449085427894697 0.420507277874546 0.465555006844012
0.474192751672661 0.382508389224065 0.401428862646846 0.450927364398626 0.431251332464245
0.500308231051107 1.17195971921092 0.324133850203017 0.444586582352357 0.453650163174644
0.498351472773299 0.448590729985819 0.370167882239963 0.38400825625756 0.432220126081793
0.449230471151471 0.508710769389662 0.345577235410574 0.439921147002266 0.51265116622602
0.53032537683684 0.372480072075234 0.591508652820016 0.307871972125821 0.839812250608804
0.404563223835188 0.544459359377799 0.327994476416149 0.353385286756812 0.427020557805663
0.555832397811037 0.361887918846364 0.449547283951083 0.374572709766456 0.419387415608865
0.376393193276289 0.352312503359396 0.354479622635509 0.519274929931256 0.381753218674057
0.359315971075897 0.363488080511694 0.428444402524751 0.357316106806632 0.380953178183711
0.325777826434283 0.408599661154482 0.65596184683845 0.458584077803698 0.429815780080084
0.58419371309215 0.389475980277027 0.453277723445109 0.378442595279251 0.512030600665638
0.322250516651897 0.430339744712986 0.470800572728071 0.398916360725157 0.409599820133706
0.38353583751512 0.442073516735389 0.376889995803753 0.407497893471226 0.347305827281931
0.636690236200873 0.443192161134522 0.353057332846325 0.436631395387094 0.650184131434659
0.370717539765519 0.33827112140663 0.335337999310156 0.4212374347065 0.555960045687963
0.526134299666638 0.470410477740031 0.304794296523467 0.351108879332008 0.431746579977892
0.52114560428183 0.302601623820837 0.324565820081288 0.481594948503922 0.486390083482951
0.439428858313776 0.420933074300085 0.33403625256899 0.432759077752721 0.45832186428744
0.408325021609977 0.468056061211407 0.508639009625271 0.353352548293476 0.473529669670621
0.385055341328547 0.350620517997656 0.392477452672646 0.371957476344305 0.338347526992997
0.328383887623638 0.373266795321456 0.403215418856323 0.39015647048657 0.464526902674589
0.505294201149977 0.512463926005216 0.520631803888799 0.547322353248183 0.389136443540435
0.379435635912344 0.364110226066791 0.341598555735491 0.428196363835812 0.410075202238053
0.480491745086846 0.374058860674537 0.471177669808209 0.394560078647537 0.439006155894889
0.431851177319762 0.393731142020394 0.361227988850571 0.384603151506429 0.353941119507447
0.400914769346999 0.43922451115556 0.616219174656681 0.414627228603838 0.376751044725842
0.407506919963074 0.369224711201734 0.504564785947248 0.398571064439088 0.333290272599182
0.389000619983058 0.460571229882174 0.469980364335583 0.408661916564629 0.414076969819921
0.37248789031697 0.459936175581948 0.340540970671006 0.360233352507778 0.554763885189923
0.370394461048849 0.918848606316272 0.33973355294257 0.384471642464642 0.451661908899946
0.313011757963909 0.385156819324042 0.308042257942135 0.581183736596053 0.54854708081838
0.385636727420353 0.41335593825504 0.387759217541638 0.488627059166843 0.47736168794774
0.343111765090277 0.740135311923999 0.472071887199237 0.334318204445379 0.549742648994373
0.525491616826268 0.384855853384632 0.35755035548143 0.68459018767657 0.461896570591029
0.425934376608461 0.408355772286142 0.534267809556054 0.386182248882073 0.467311442988186
0.314715777004138 0.588972088476108 0.337098684148858 0.412359183146581 0.369048143957644
0.384869636924012 0.53510440382994 0.391716578423465 0.567482581786037 0.609009430035363
0.467815786788003 1.62947165573134 0.308837746392798 0.333881514176526 0.334450860774844
0.323948046548224 0.356480267617313 0.413241039983167 0.481414559777751 0.407237345272882
0.32570182478554 0.413206924637796 0.447794127131707 0.456810594468392 0.36788453621829
0.401640893051001 0.392350916620332 0.335349959003016 0.355644888404463 0.452361760403178
0.336767977869063 0.368569572991479 0.329624714960519 0.383257965885927 0.54952201151527
0.327084413489394 0.432860886773612 0.452294585557827 0.413337000116608 0.388802200596465
0.421719214258659 0.414733349930631 0.429684588750278 0.426382829946614 0.422877735392136
0.3143228357157 0.430106942401116 0.375923957033384 0.757068739822667 0.350317116733765
0.407481825567367 0.464048130385357 0.369523544280502 0.407921066189673 0.338377610441258
0.511610590207394 0.487209331070553 0.388469641567597 0.421708875008895 0.330973282218457
0.302525015556282 0.398594883034489 0.348362991339874 0.517334254479294 0.352406884033063
0.483664567120132 0.358896528577873 1.06298081499941 0.441092386646938 0.401348326122304
0.375825164395741 0.442307283552351 0.544503138484333 0.427339846095052 0.456466319912744
0.541783574586004 0.40189120023858 0.525818786186882 0.599419102376395 0.625529922599397
0.442481816715737 0.307554219397184 0.335994209291902 0.36642968002469 0.407437124210244
0.400625228512234 0.399848029944715 0.420250840229736 0.392227627859688 0.416866126388011
