0.368944279593844 0.631425380429263 0.408088255010036 0.330898461357556 0.432386201527672
0.314331471249199 0.471250202900171 0.377536541243047 0.470179400704233 0.378126093447466
0.347311709285867 0.352503637513222 0.383345082748341 0.299155298824811 0.525134473596909
0.48013074698657 0.424035088822251 0.338918684557449 0.412873925121095 1.45788690193782
0.364023820468769 0.36810798227589 0.626957953350922 0.376025198902551 0.357477997806127
0.3786540708458 0.503657020803356 0.885363238543213 0.380467664228945 0.337672461189041
0.323367346343565 0.319432603316251 0.452396171768499 0.476525810614768 0.303794512513906
0.366612792088757 0.426110547272727 0.614661157068642 0.50080783603484 0.377777451329828
0.377806236392989 0.353765459279627 0.411943119331092 0.387933143308503 0.329999545548904
0.371452530265096 0.379949728775248 0.532203943213396 0.344820383640319 0.372194437943665
0.670227241512102 0.353571449993046 0.384218835914202 0.563789275146646 0.396891715902752
0.458901688818119 0.340949351790549 0.36992046020546 0.388646816921409 0.695463611809039
0.326780160003633 0.569499552007284 0.378827714194962 0.393308864165419 0.463243317978207
0.367850136355451 0.393043215463826 0.477409815294613 0.413030405196123 0.430964454443887
0.440629266301747 0.381551471632013 0.359005266557294 0.434424646748764 0.422727777936134
0.360186330258135 0.370503336224591 0.372045612173643 0.407109043649481 0.4461322651767
0.369481244345011 0.339355212468193 0.371049506967971 0.452424435359161 0.377525284144972
0.382694311763663 0.380480812332436 0.623946423816354 0.855208941226056 0.566064309629721
0.409861971059516 0.488232235931751 0.390421069016452 0.333645316719433 0.349219793039964
0.417664854337327 0.372453683720121 0.356364477344432 0.43200598663454 0.367628221172842
0.340223736575894 0.341561095365845 0.899694947587157 0.311527624279898 0.426378771914782
0.493302712533799 0.419182363062975 0.390980772673381 0.355317655950589 0.356428510314106
0.369283235254358 0.474233062535364 0.359584264903241 0.606930289617133 0.338532524182881
0.381714935536169 0.401289800016275 0.704134937528514 0.584611557753905 0.406456312194229
0.491947295995461 0.362954261725116 0.306008747657891 0.690849560867193 0.342961061343185
0.399969406005695 0.35598525183948 0.406707307642028 0.632680037693357 0.473339846511752
0.318228053172197 0.357185916663167 0.403908968717897 0.704092751076713 0.327416214532544
0.456219311139148 0.522603394071152 0.340410392399185 0.359899522254055 0.407423493890531
0.42239539096044 0.42867012896784 0.364307229377051 0.41185994575036 0.352100287713738
0.418401144410331 0.296621532812851 0.36500804114974 0.597072033653765 0.336067008215832
0.364571775556442 0.373410546917658 0.5282374745665 0.355757896184643 0.368068573950684
0.394285112329914 0.66644285070177 0.405535050418637 0.433035940382479 0.394234623988101
0.337936923497387 0.432199261079488 0.513668339869402 0.571177313914181 0.340719829667974
0.385073039843989 0.456268862930812 0.508405917605565 0.369366484888376 0.346468417145326
0.361364947833442 0.367327133809535 0.332373400041794 0.372596009848904 0.43827585864627
0.591629432740266 0.424301859147358 0.997570654538149 0.470603629914487 0.51735422780471
0.445580667778666 0.352005514203562 0.526218245950414 0.419217470206699 0.473690348850381
0.614598505370402 0.353273244203132 0.533287912890114 0.435184952901498 0.456750675913116
0.653431243240964 0.427840123472017 0.362095326894898 0.402918998972842 0.433204058613657
0.473502871031475 0.532081385634813 0.322580104827966 0.355656281161365 0.539856263996007
0.51386720013544 0.468293270692623 0.482282012892065 0.40110277811654 0.370293023486142
0.408870547769884 0.585698881365812 0.321987253125558 0.402915314894133 0.388458403374822
0.377469043802645 0.331046623374527 0.427903376162828 0.448486009815865 0.321150631161895
0.456546182636105 0.406761869349134 0.452862397863735 0.346407846976277 0.382475878962273
0.37617303434879 0.42896833863343 0.492745625189516 0.371992240234684 0.452171062435969
0.38304849739562 0.456574009044115 0.503272511678883 0.73148467235253 0.784743528508871
0.38768988070715 0.835150541276586 0.442982752277358 0.351464046027752 0.354283893150984
0.455835087120917 0.437372328932815 0.341415140864352 0.327270130998255 0.38343922130459
0.347554413049344 0.417736359177869 0.42784533048754 0.384197164866375 0.478093982716605
0.370501733399324 0.449066092296628 0.4162381611435 0.597137386310184 0.373212676512456
0.453814157132017 0.487360052408327 0.347895745512792 0.319953905315342 0.419252272899363
0.426839902672257 0.402412652811012 0.529627528087695 0.406580644246153 0.36656181314669
0.508367486471292 0.470973231462246 0.433683453429696 0.369539904063687 0.39594151650556
0.30726965493276 0.404159691387539 0.447464916917065 0.376622635614382 0.386344048249625
0.370858735000868 0.359338782221629 0.386125048272902 0.410964709162679 0.3328865163546
0.379802884301994 0.485586233106509 0.39557989490492 0.393928318261562 0.58903000738209
0.357587529684747 0.418998319477001 0.544669190264677 0.450873310581119 0.414085702135181
0.665940004780949 0.388877411834001 0.505016630851397 0.379565209055567 0.374706671096656
0.369242609364586 0.412960376717382 0.393918589121803 0.459552132244224 0.632198585768821
0.340812858681135 0.56528099757505 0.365655380850417 0.406678925839983 0.364357301261929
0.428956691448005 0.476310316407964 0.431072765325983 0.572218748540389 0.350159271654334
0.539017099073776 0.445487458934914 0.443463782344753 0.393448439872998 0.463209365785542
0.346523782881935 0.364856550598874 0.461401576861814 0.494452390515297 0.328849814572812
0.375282702132999 0.423086443431273 0.317949005856021 0.678177638694835 0.403504615940139
0.392135949389683 0.506404284416518 0.373639995263469 0.484128848430774 0.499918539324527
0.346303113411055 0.446679978577464 0.357748924193867 0.426837414350388 0.35117730189489
0.583596802004886 0.461602279418429 0.427331534380024 0.440503713401845 0.407651452991542
0.37378117311174 0.406962350108418 0.411935710384111 0.543759205897042 0.293742579653815
0.765403988487423 0.719099850030387 0.375263528747086 0.38949895261824 0.416107364332233
0.362125558399435 0.365017172796874 0.447362108953954 0.374545871346555 0.406936128960033
0.498746601101237 0.443118857884097 0.484019745873174 0.460349309192837 0.561337370101676
0.368419360111393 0.44610018557366 0.391191472117068 0.433805527775634 0.367735393365093
0.379008066089623 0.403125485455241 0.340087677355989 0.389816128722622 0.39029681795144
0.302362316769944 0.364274675132277 0.382006018344881 0.406918154058984 0.330056145823694
0.472739526454646 0.456580923005806 0.396776965747562 0.398899589049734 0.755339502905229
0.516968330919792 0.595477199674891 0.41809481976206 0.513150676512694 0.464170737339799
0.404738203841133 0.420224624052311 0.361001420768187 0.309632759656594 0.611149054571704
0.352415813884067 0.443991040058339 0.461494746117816 0.580996710334422 0.338553461443188
0.329160989450714 0.461721785232403 0.589391833917841 0.350729057986767 0.515346609971364
0.447429877492038 0.413052868153601 0.459543162907007 0.509648952089637 0.39141662847411
0.31941681660004 0.506704420547102 0.347493672089552 0.483552489197167 0.404555451148073
0.347037700660354 0.372033327610432 0.347006444382557 0.46785124472692 0.383586637632775
0.375736414299422 0.431416241653087 0.366966260840043 0.429258198947292 0.450371212620396
0.5751212026069 0.520839812414298 0.574270541818153 0.518959415135035 0.369698962255253
0.797032991870502 0.363841194117662 0.360798619106729 0.425496619698139 0.372127973112231
0.445075950482961 0.392088142250496 0.466680452126659 0.333796570615538 0.374634073520822
0.419534349114848 0.410116432611772 0.378602406581107 0.659862038622912 0.314666585084245
0.371669322669195 0.470310956597415 0.597707965344554 0.408867724288699 0.379075091414378
0.336664267013604 0.366249800441747 0.335699992325975 0.498104119231855 0.432739557266381
0.425906245052718 0.353480165415921 0.346042454363479 0.402694429694292 0.370649485938015
0.451296382011759 0.49546024760887 0.509892069089026 0.457417302217648 0.437247112621373
0.336698147840847 0.444347423462168 1.52949142603136 0.352529220114801 0.42378158085446
0.345442854434118 0.424906229906731 0.386849393978026 0.424071178555894 0.393390720064262
0.346311654859778 0.394116314883443 0.340902733514024 0.462853932385176 0.657807104149273
0.370354341740575 0.390739513868067 0.45416092852322 0.361873314586758 0.346253074485348
0.489283146895235 0.388671583848482 0.518877696219921 0.392504355871967 0.442097955476799
0.345232534325646 0.343081759988571 0.622865192240581 0.359234332982249 0.380661297514236
0.379075137688741 0.439464323415888 0.36235379001344 0.550409042540414 0.793657138393867
0.439819074539026 0.618916145623343 0.355109821332921 0.35598593421046 0.413860104556784
0.346183421937071 0.449419059917674 0.556891033007265 0.470797510596655 0.34399862073732
0.592276316801196 0.452686200808614 0.413633830768024 0.60188302239447 0.399249563724895
0.322474758724934 0.845350974404995 0.358587520598647 0.398117641888849 0.372611205672588
0.435210232222728 0.4203987178381 0.362872163395958 0.527415822650324 0.425680503441643
0.349984649165534 0.363462680640833 0.424527567340827 0.346168095826566 0.440242399491906
0.383223618362772 0.478163197866373 0.384174440179355 0.382288009991937 0.473516488493745
0.490715339117133 0.347296274693252 0.439667228674876 0.583036979741467 0.359866144018991
0.447311600583365 0.486123914866448 0.351586368266639 0.422715888911965 0.499223571123322
0.388812612509157 0.53629501243987 0.375808465040883 0.415222112228933 0.356643429699944
0.421831913725889 0.326611986287462 0.398136722331709 0.491507321691364 0.38837478954873
0.532640738565938 0.433815623854934 0.397992889819386 0.448414546458063 0.407679244338374
0.409887639503101 0.433150872795279 0.323114416846414 0.86678221899034 0.407761617942379
0.385416247443947 0.358518108374309 0.32010362006173 0.638190732802176 0.384183337795579
0.359089138915116 0.468834241702175 0.38609757951688 0.451344365674446 0.365164774171882
0.347064065724211 0.456466335723126 0.480163963654339 0.366996983503295 0.411291802652515
0.450709589480189 0.66844770612191 0.417513779987762 0.390313354326777 0.373124579139152
0.344056159887426 0.534364341100064 0.375553028197865 0.559833304695726 0.36562099914378
0.472237921319957 0.377804202762233 0.333341029737352 0.506235079069129 0.303365726844527
1.1219596966265 0.379867282105105 0.4286322088815 0.456032251096089 0.561422394382914
0.360211192155487 0.356847959897901 0.376518245279139 0.381604845267791 0.40796254408736
0.318603172928362 0.399161304617704 0.526584836879935 0.416087667934741 0.365367007244259
0.5440512526372 0.445774938671809 0.503237125698306 0.37567853436085 0.360776318520607
0.426548585227028 0.370022642044653 0.650661454600634 0.42037292747915 0.467368471948435
0.394057068328806 0.613802775916016 0.328733224736425 0.398278441962213 0.478519509648407
0.379102658593917 0.556233123128617 0.377943515047554 0.645441557506732 0.393917341958381
0.424782810920321 0.45142326048519 0.411299000792396 0.347349298128749 0.387325027976526
0.462205135822802 0.390735566510965 0.551442136121023 0.429909065424329 0.35210594239791
0.566987423890695 0.380767446919559 0.391783893985705 0.475254137054767 0.3806074212082
0.366945765093009 0.350629838048614 0.337116985258956 0.350490689226565 0.504865701266538
0.368329229423266 0.364783714272211 0.361868130390378 0.395351564378437 0.448183678101118
0.340911377135346 0.578998141210258 0.437392964216163 0.612190051281769 0.432113650767264
0.367948524395588 0.367259908388887 0.353334973940257 0.438450246255586 0.363215650620909
0.435241339075111 0.426599354937581 0.357719406586029 0.392344928018556 0.408177851613688
1.13216263397423 0.482323354985156 0.540374556024242 0.378994867026036 0.482191983211222
0.411849319435686 0.392509251528795 0.312926898831996 0.44567622491275 0.362152261821298
0.753950919805781 0.503324962639447 0.49587011297017 0.432293377889494 0.495533244341138
0.430649907468811 0.509689972572544 0.354415975921122 0.305024268462885 0.411700175964744
0.366083485770865 0.33976363858973 0.412720471022687 0.315813773642157 0.350347238770502
0.327084689095292 0.351439200958928 0.510825042468804 0.517200299908181 0.385454345142118
0.424721013002138 0.358861965904017 0.356942121608626 0.452981194544323 0.325120467645023
0.37301629060214 0.448958109819451 0.353583862261577 0.37981518997413 0.479172883437058
0.445318215354575 0.36923051481979 0.38802508355659 0.349652773590193 0.404540856947025
0.441867675795278 0.438750079197621 0.435693386666302 0.428937684665927 0.463557022628544
0.403895491507046 0.410383575320463 0.358328091218802 0.377349348226578 0.341293001769915
0.310580347184278 0.50384132463929 0.360946730382655 0.314580501748852 0.590282119062319
0.421423049707986 0.365390775487632 0.465128251617223 0.957140811344351 0.403384071056603
0.464687506544328 0.58037112401835 0.521237448384211 0.447669083625978 0.356966241908154
0.392096383183094 0.352033298168456 0.363014511055557 0.535722038132927 0.677954246264805
0.41253523674422 0.50043506325001 0.432974713978146 0.545625097601489 0.416273904940569
0.424233020363156 0.343870859404723 0.425814327208191 0.370827140353607 0.400316465725527
0.627178528680334 0.483430387042987 0.463955119158938 0.454026083646768 0.346049707815378
0.36888286475503 0.485789016279932 0.407855472005927 0.383239461371229 0.796658242514008
0.371492207999004 0.325283713847866 0.431098434344361 0.493925655795454 0.462024395446281
0.332489391914074 0.326022433663584 0.358451056520512 0.557582014044065 0.347115310657142
0.525804277447603 0.623411438674297 0.491729322966504 0.347112369792936 0.391532029491609
0.340901726772645 0.382160606437436 0.449044506429747 0.409350613788479 0.663505264968684
0.333753447145767 0.326543270195977 0.43372553625469 0.404707234955562 0.374230628781355
0.437701878212146 0.427129982441612 0.374906026805205 0.497276647621501 0.347155527362253
0.366285281427535 0.357082167980887 0.491356157846922 0.575113069958912 0.379157460148177
0.302035569839318 0.390027582950963 0.555835362474165 0.365294190417202 0.33305679531608
0.597405997560815 0.564894128266213 0.302992374504865 0.463351422521079 0.328108822147702
0.47795043242772 0.377015789582593 0.366659027804618 0.849345828366444 0.334886021937313
0.314990653370832 0.375098629840324 0.377029634100343 0.46369645149773 0.357746557341347
0.379626556068255 0.343974405088615 0.418062065400235 0.3234183073734 0.532527988283819
0.515169607748306 0.5474903274917 0.530983608851804 0.367940069155576 0.394411970572958
0.44283521922097 0.434613875212469 0.647125125009758 0.565583833443095 0.347281066870438
0.417552932137167 0.410725092014523 0.323608657115215 0.903938145756239 0.39906136903243
0.355643538516592 0.352715275105308 0.465041578458008 0.351860040924426 0.429175278252942
0.544202202190951 0.492354879050836 0.357256492252631 0.517055495692845 0.536360655542794
0.434454097526495 0.444177172168411 0.366355085743093 0.464700986557277 0.351562387765729
0.367509083296871 0.604545852474819 0.368555039819838 0.554258888549758 0.433248587985511
0.459540888866193 0.410746172648271 0.375007151531941 0.387614990238045 0.370878187347354
0.431586252367251 0.440107804214659 0.351248844021633 0.433133876810458 0.465423923871327
0.381875025004618 0.336140908322179 0.356422650094424 0.397824125299105 0.398192880419779
0.35061739638242 0.52594061621694 0.666430190135933 0.371095644259599 0.34197696390907
0.371432212089539 1.22433743909942 0.303028683654783 0.414808779162557 0.364676714674823
0.414695097841781 0.333375410062558 0.448809597493453 0.39094352739461 0.519109582415721
0.454676130917958 0.684838094222655 0.410886968650732 0.362050213451366 0.373316741610901
0.469680189103941 0.644208090883902 0.370022773825677 0.332613583206353 0.314722673339456
0.390006318409718 0.38602672558461 0.385713320007468 0.459378564486642 0.491364901622057
0.361735842707131 0.494866740839355 0.341603878408338 0.345681275307565 0.416760986366709
0.367113413690286 0.338602072895603 0.392377907319193 0.326154483072723 0.521299160611827
0.52973308295617 0.584354995223488 0.466169835739601 0.356419184678075 0.601134481178444
0.405738840113723 0.340150096878528 0.464448430043998 0.40928903338053 0.541167467519169
0.364073142577554 0.428680998913268 0.33226428663154 0.533317177979726 0.399027335503619
0.485827664206301 0.334247785544923 0.466783952709403 0.37880483243944 0.352612167565439
0.328072699740973 0.313470083613137 0.443039951771556 0.320238136496399 0.324889610513227
0.540139378033996 0.434184756091949 0.65036610195434 0.392378041230807 0.552142086581788
0.396982536844881 0.531801561863954 0.363317048606469 0.468466183800515 0.401502893241317
0.325296504877286 0.437412442428479 0.559772757408642 0.623996130305704 0.465299356507579
0.430137804454387 0.372969491068766 0.410597823240339 0.355340406983144 0.359319871555337
0.420255347853854 0.490757603206275 0.425114227688209 0.400649813986961 0.573197871151406
0.43254999854021 0.404920806624267 0.42742363626395 0.452062384646567 0.337021005719398
0.352544672416091 0.367980913000668 0.441632373502999 0.432550276941895 0.493452241596356
0.41184373226711 0.364663101919385 0.349459318761831 0.356334730218867 0.399467793948411
0.410111805801877 0.322600940372111 0.379201491208715 0.586601292773741 0.4202780895888
0.338270251415422 0.519231072764955 0.360408596283004 0.335245646879948 0.434113113236129
0.360937066326248 0.494450039373394 0.475109771490823 0.344655860539895 0.373873732207198
0.452817909581222 0.332696706558127 0.515316339313626 0.363088023766448 0.417680311521109
0.341256095829631 0.40891101057624 0.393679913611582 0.45078294521122 0.451339367362105
0.378983037847655 0.404968576261401 0.490493224176614 0.473058334415173 0.414748053237802
0.446403426476743 0.566995513206284 0.627922594789498 0.368601324063299 0.449386140072633
0.401531282096542 0.434935336426511 0.367939237417492 0.671687129622007 0.412574517076347
0.373971557161952 0.327146898542659 0.370860979117558 0.39629013156927 0.419501846814681
1.56935530638586 0.386687682424329 0.49590581507798 0.419840221733323 0.356718750571729
0.342597011531342 0.400980853286772 0.322250317222766 0.418806530518229 0.430886487028003
0.483397537842769 0.456129244112396 0.437531261745854 0.344881654951598 0.328189917438823
0.389743515639921 0.323942660913841 0.398709386190247 0.403854131310719 0.483276797166137
0.386395202256949 0.330298541241632 0.636106165875352 0.51201204932652 0.358137442919821
0.391217017259851 0.42350853146229 0.364312391286893 0.41704887478873 0.354853357994509
0.405231236203241 0.514174903310186 0.351361295188814 0.333313726779166 0.609028322194765
0.34022921507348 0.408619051247281 0.507489490838978 0.63596335398791 0.317860617434091
0.327861312076278 0.360701640944685 0.481219777449025 0.42521034580524 0.448088978770165
0.532552645703729 0.417266811122737 0.379709847746147 0.584163354316699 0.404116060298672
0.418903546327887 0.423566152769026 0.382983944612333 0.450428673095918 0.39568029331498
0.357139818603122 0.373896908412303 0.336336628265359 0.470551312365485 0.423255147905007
0.440124207426267 0.390086339878766 0.460751608706101 0.440920523211907 0.342540134221596
0.461817262892392 0.474710605729888 0.41445305382053 0.534655104843008 0.39862377707668
0.52486379296551 0.394151765272234 0.469064001343331 0.554744324801575 0.347252625698017
0.401873135750859 0.399703017180918 0.353216211062119 0.550065182178587 0.416876779895016
0.373368515241168 0.399467532762069 0.310959405405819 0.468149462449404 0.377680109873816
0.420027936776557 0.665140457879314 0.357868110514714 0.401170609103094 0.388996657609606
0.48720362114051 0.447119486787222 0.351764443862167 0.373081439382116 0.367380088688455
0.393196424544477 0.380616649583571 0.466593540176177 0.314407422225852 0.406054796223241
0.488120749804004 0.394312455016058 0.327959081725571 0.41390216498873 0.578643826356354
0.502962866926023 0.631029129843279 0.350922847661971 0.331238651628565 0.399721619752177
0.427756412213255 0.492638057811523 0.385746269087733 0.467257770006894 0.331364108060668
0.773976509741224 0.421204862969225 0.343682885885219 0.356275891130772 0.355201254088033
0.352070824558012 0.349030650137509 0.426502362923125 0.364345669249686 0.475571591833436
0.475791859599544 0.419510871136803 0.359231789988681 0.356363958878869 0.391051820208282
0.328944437368929 0.423563909259819 0.410016219419385 0.347409821900072 0.434221606798719
0.368083088970685 0.389737768471659 0.429669056788977 0.380451847057178 0.47046408256452
0.374949812332529 0.380097980484007 0.535117976886484 0.46846655386233 0.605347996818785
0.380049793174842 0.38514722954383 0.60727715006983 0.317996539318842 0.305113224579278
0.363674176431473 0.595881299477874 0.391377067143215 0.365867561332222 0.403648477129327
0.383298880102228 0.3055171240149 0.355756465463875 0.470588510682371 0.371940764234333
0.431707129567227 0.507975831852534 0.328179500611342 0.630930643736912 0.37900457412701
0.341944390590607 0.42586388303344 0.276245581933165 0.44943157385344 0.362559299425714
0.400121566342706 0.315010747500616 0.390737526442735 0.430856127068683 0.362981755097901
0.820027133673468 0.390328119692364 0.392722722162121 0.483490897250102 0.322240430282238
0.437500050501301 0.36094787656038 0.400751444305381 0.368950890607153 0.487936323263909
0.46876841854377 0.536266940200893 0.393757985657621 0.482104384403291 0.376416701217451
0.359239262066086 0.323690001719297 0.338042145840844 0.396049490691972 0.325407821118459
0.374627751602868 0.594814336061297 0.339746767384539 0.464204857380767 0.362971720773592
0.380312987380869 0.508420022004801 0.314844209615058 0.500040556070101 0.353039135953648
0.384209553780267 0.323587992446201 0.369350334849894 0.398607464278618 0.406322391121508
0.515013354390503 0.66159918891123 0.435434525458197 0.485497244977233 0.515081943979565
0.454072298062579 0.469993140277425 0.458801501274498 0.434178123740982 0.489034021315741
0.377357020907923 0.353545546600592 0.382286776415443 0.353062530710379 0.456331268350661
0.524223183504232 0.395063784694857 0.362202342931535 0.449962337390738 0.357012347041524
0.33386977624366 0.747079243936032 0.385601253826498 0.459300076442684 0.376831842573341
0.333331349335395 0.858917492143341 0.561810411325825 0.375142543214287 0.376989916734664
0.311237612110387 0.367141681127595 0.401111315758059 0.359863221251288 0.465001658528177
0.60328518699651 0.413292655937173 0.734809596697865 0.477625558658838 0.38632433918809
0.368177637625154 0.35016264552166 0.345862429507637 0.433725206241644 0.450731319887841
0.392801032999875 0.399908382149442 0.490129981666077 0.431461945597585 0.356993093699663
0.354226893060626 0.390691738610557 0.512856675454208 0.341690063264527 0.511500252501325
0.423466663519423 0.42970186091409 0.849708443893609 0.399315616725146 0.462774589684195
0.464811404318571 0.534568913202243 0.415165157988427 0.327217495890975 0.419282910448925
0.422294171070539 0.389004041913678 0.370634540790071 0.435163326129311 0.464584445386087
0.381286517552569 0.372480233109989 0.362434488171062 0.385329593003875 0.587001231150943
0.469567504256111 0.463786586247037 0.367657893659516 0.43003966262614 0.421068054005879
0.394861396478833 0.641479364420999 0.555647852899167 0.371785120435403 0.384380958973568
0.345852186760413 0.409336034534079 0.374823874118913 0.481847801702391 0.78698161150515
0.598368228356408 0.352606697274673 0.325748362738181 0.386406820618086 0.415977151016059
0.389017871558073 0.388911947681293 0.506929015544581 0.455808283400951 0.414811726914566
0.453466298282165 0.481994355205603 0.373208101552597 0.360768523513717 0.442767058510776
0.379795756536704 0.410584226301257 0.506615264066721 0.471550939471394 0.343129598227834
0.462894423307918 0.367634547569484 0.532852481389106 0.53783292305306 0.430690591515973
0.392523332071827 0.34420667659616 0.435328336110153 0.389628955361296 0.443311271561943
0.530761547623874 0.325150976569867 0.44361622938167 0.381868082726921 0.370928294863866
0.358146534447994 0.39991241002887 0.331107388710259 0.441889877927231 0.343433269395691
0.443897167561356 0.401388096423952 0.412468340963936 0.432443421755347 0.457935007392353
0.364975552217362 0.328239548479943 0.686898697407693 0.623993099660861 0.331136336868736
0.350063275221359 0.412509505240115 0.499689135640135 0.438290455490342 0.415690821229804
0.42058803621281 0.407824147763902 0.434013202602894 0.395133194957844 0.391483853275881
0.397443999104428 0.650199722749511 0.435184192164117 0.373757411813568 0.360761448337011
0.636862522571068 0.410397777326438 0.343547241859816 0.455371564963878 0.394340897559234
0.368081865349228 0.399616905428881 0.326923233158552 0.415816776182809 0.305734544688468
0.451131834323536 0.376065155100643 0.589553580258352 0.388610974322651 0.364578834728801
0.418290662772516 0.376095734025746 0.793501915379747 0.406333845740063 0.373841613296348
0.459002822868697 0.650630934421886 0.536468634663989 0.414755055011738 0.374311291979263
0.492129644771148 0.410668948119448 0.34345862198072 0.487562565801555 0.537697782340785
0.458114143138149 0.408712020638259 0.498343094818344 0.451571957421727 0.736752735478639
0.340897789031477 0.398075645537995 0.399223846953093 0.388924977260498 0.577554004385923
0.414176366639538 0.36097900584926 0.310079130658703 0.451324403502308 0.527816133813104
0.413810229403854 0.424624191790718 0.323028438820536 0.482501701909792 0.376977988717765
1.16267857588956 0.357174116097975 0.387658711900981 0.43437312700658 0.366565385642858
0.415206916742109 0.435903157595891 0.340249454509733 0.345494691101932 0.421828161908131
0.35632584662667 0.300257797964826 0.394853032438535 0.431025683437083 0.359827130511365
0.309720885534606 0.438385209604152 0.445299965980717 0.555447567354454 0.408416647946972
0.463633728493303 0.461113683555876 0.363860990523019 0.366597658371628 0.41802880627648
0.526533008127014 0.600833698987171 0.449484107999901 0.3299453564122 0.403274230761689
0.773033313664661 0.442202582604907 0.403502284662679 0.422353470349251 0.42461018856552
0.401632405632452 0.403674443213441 0.402150682232263 0.343064711871771 0.339751251051289
0.357500125271051 0.373665340439539 0.463910190629342 0.462628326864227 0.478024474931532
0.639098875598449 0.478771997608954 0.372037721589666 0.61548816880802 0.405806144687629
0.452925785557508 0.338864042296103 0.418635411102401 0.395911165436335 0.40785445337387
0.382083650248183 0.475527943790967 0.46968420577011 0.479545973860019 0.425687437512485
0.329669662759174 0.330772995832216 0.372467423022554 0.419078336232569 0.414027510468032
0.681604926433549 0.375266546907938 0.39840703561146 0.433145226853756 0.359225834239257
0.401889158880004 0.480192446840713 0.546344263796508 0.885490719138692 0.438524268833624
0.334655775015802 0.662174458817651 0.35630778317044 0.353237862291656 0.340799985663908
0.34463502501802 0.437984401913706 0.404690174469366 0.418030355810583 0.358648374833785
0.369649946410159 0.597332214804101 0.35119882817357 0.772625589781884 0.371146788345339
0.639715659603671 0.506544888509884 0.883414505459646 0.398463373288658 0.366498400906322
0.562006771599383 0.42620528496538 0.391429157664088 0.391875460877491 0.493635166036014
0.385749275765035 0.449123817100933 0.327452668144818 0.544314597695619 0.749483501462057
0.414967136733453 0.558334895534217 0.508769752258515 0.538324378110963 0.414381347938772
0.363511489173958 0.449841978960969 0.329284591099825 0.428702445451948 0.410569399815277
0.348848524927101 0.462139550114658 0.374645983230297 0.44324967638428 0.386096310197038
0.350663830499519 0.561582094406635 0.40523689228546 0.422053426951292 0.372682346475147
0.395453775696905 0.39524282606848 0.413601304838537 0.34865327298224 0.410684257485298
0.511630179171357 0.508185796879414 0.461544723523081 0.483724242485838 0.508403443553703
0.457157995423571 0.466793083247203 0.597093441279451 0.469108429588812 0.446041027167681
0.432568548500047 0.349283641708165 0.361108685352923 0.364005871477714 0.410584341498791
0.359388100396356 0.374506490135797 0.417205773990413 0.604691436438135 0.423617177723949
0.39281610335626 0.466042324072395 0.394329926674675 0.4241442947342 0.364995310324389
1.2010815891978 0.371246227400321 0.37033047442598 0.455749652672352 0.339448326469245
0.425173882985587 0.42354726153344 0.404341680323462 0.364767084020473 0.36859290674278
0.744817210454269 0.636115673231022 0.42365394987248 0.493943421813486 0.520224465579047
0.444348002025125 0.380305263594775 0.408643615737674 0.393180711264761 0.533008495333394
0.464598263918961 0.407021776592256 0.362353923636054 0.488201264894338 0.372349677906439
0.422823057800003 0.428389030601356 0.397449064065857 0.374202556344229 0.381889947114043
0.354859775541545 0.330303164673862 0.308223353285824 1.28259767186823 0.414876572706095
0.693616124333672 0.352638848308449 0.337284176448492 0.409453195162125 0.475781440374611
0.591701120700583 0.35642871846576 0.37940199853053 0.467705618657384 0.423087740201433
0.447348970599484 0.430442254455464 0.359694133623824 0.707471399550782 0.38144570998846
0.814523592252023 0.477040242537684 0.444421067523735 0.371389150917296 0.334479168986647
0.377664090398717 0.386310793729365 0.360027063578787 0.493111551360841 0.585726955782293
0.331984025940433 0.388453826009286 0.414738643659942 0.876865931600197 0.370146412610858
0.360414881891957 0.343216546927059 0.532359667392205 0.356206871856913 0.367230709413576
0.319165995575842 0.362271681049593 0.421922143922719 0.35540930878526 0.631762833959276
0.318327601377808 0.510482159303199 0.646633025032479 0.544544020911321 0.397259005231119
0.38358211983372 0.405480598479134 0.46179744693103 0.526825359186953 0.852316935493875
0.391042140809135 0.359050726067404 0.470720423991069 0.404380624709097 0.399188130005427
0.346905963710859 0.493443896316376 0.423964711409265 0.359224745132317 0.597709686885539
0.399733015128225 0.476638363422009 0.363807213348541 0.515336711274398 0.379404731851085
0.396742042841287 0.366799565755208 0.388965986776162 0.443792473469373 0.336454723755383
0.421268973947023 0.329569906460622 0.442992783705407 0.623076142389847 0.652452383589923
0.458218824909692 0.581604860989714 0.30360196375097 0.846456552694414 0.412679575021292
0.355701132301201 0.417524901369622 0.419249398405584 0.451965086056302 0.40304575021845
0.399542885180424 0.525031717708684 0.342967097103607 0.359618918282007 0.331571654326472
0.411049350308318 0.47668002006358 0.434509368466859 0.836009640675549 0.546920174266956
0.363805265961732 0.424884004277857 0.335496971487866 0.340272210469077 0.334759366757133
0.370443356353272 0.663427093526368 0.455959347490689 0.373505344141189 0.379981804499387
0.339203120338004 0.474831223351116 0.478065278808463 0.399149021168905 0.404604828343238
0.398517510987586 0.44367969641529 0.391920114922151 0.458967426481666 0.407241339497539
1.15258517779039 0.41910725980424 0.337328210284529 0.340473405302646 0.383145580937718
0.319818887312735 0.466656627030903 0.391785642391552 0.39744588687856 1.17794227780671
0.441839402114273 0.478157186452656 0.315881235244268 0.345226519150611 0.793868601847051
0.382339678961367 0.402723271065118 0.410214149344688 0.397246453748486 0.352797525911992
0.385475414892543 0.405869756069352 0.378656204059206 0.353921988752143 1.18729582650568
0.45332550118146 0.434762468383211 0.449766626717355 0.851383318048605 0.533790381443398
0.320300123421771 0.591162774144064 0.298556729904784 0.383930743398324 0.602972036587541
0.585032542694737 0.327159880602442 0.466850979825517 0.936102524941293 0.344182755808233
0.363638704929427 0.610849250742205 0.348615739221871 0.431892916895591 0.366326704448648
0.376716718433896 0.340578270126284 0.365377634579777 0.387480646477309 0.408593103481043
0.464812580458359 0.43191047991169 0.40418798389586 0.36930360506547 0.413648124685969
0.343844960849101 0.41614861648053 0.372161747943546 0.355223506932792 0.406322347219826
0.38355125244466 0.476831920815344 0.537840820238096 0.437271463584506 0.583614518899945
0.41924110610032 0.330243667583606 0.513771319862571 0.338524377453063 0.319748836119807
0.415603407284351 0.447119073872788 0.34568658083092 0.33451701530772 0.373718521000956
0.32614284910629 0.482848167477757 0.391082266282848 0.524371746649053 0.325010784529867
0.685457764376145 0.368968588344283 0.390221903656597 0.350956400162766 0.339177991372381
0.317260500620015 0.440398828316501 0.341910989638231 0.345030725782695 0.547256153552248
0.422981973847467 0.693856605515996 0.398876844332075 0.418069255374969 0.431075022675615
0.360289508677096 0.423941385265868 0.345760601089281 0.385391362828026 0.398738925685166
0.415984837867068 0.469846773175131 0.393624065501914 0.459038021006013 0.463246994774472
0.340755387726325 0.367465625374902 0.340920201749129 0.381997441437155 0.426846833359523
0.364083615367504 0.378208008822522 0.497545110934637 0.471727671459425 0.349046997942372
0.403878153744544 0.331112629032492 0.353319888835404 0.404686966542361 0.448723660744743
0.330753604342385 0.35652151526215 0.357257239575058 0.369047201113322 0.369870807868501
0.353665697153193 0.430303319924512 0.42202624608226 0.362215547595142 0.329666136454396
0.439246153497328 0.359334470974682 0.740100211585001 0.377458655974675 0.42778324743669
0.437306004226803 0.34850901659816 0.333218878889136 0.653234931144806 0.53184905409364
0.399961874693217 0.556554638804648 0.35624674391155 0.519209861377316 0.407382669148226
0.457819544265441 0.493732201421674 0.561937451107449 0.418537153171338 0.475903671569728
0.337635539894999 0.437461520188109 0.328380546927069 0.474210475896337 0.462615086837296
0.410241176004807 0.472590648854071 0.396065852037504 0.46823687341538 0.65416837180794
0.404894932925772 0.418900555642002 0.319281964606365 0.458671600617141 0.697539743672042
0.327837610240863 0.356984684265537 0.317379396413423 0.638957177104944 1.0423137107626
0.325021246335982 0.445611191675403 0.365982122316358 0.505667890423662 0.413218721129255
0.304055779033202 0.463576197500193 0.70679048495948 0.389721399389968 0.321572444832919
0.341654802582854 0.327018568414308 0.42512531176911 0.478213190084838 0.52806623027654
0.484672610281816 0.37570790865242 0.437573836379695 0.368960821343712 0.426273946080978
0.422308928978612 0.406223827402428 0.467775601572359 0.379033352734657 0.398990462496363
0.619206780271042 0.3318254429552 0.327155050548191 0.396760997187845 0.417588737564146
0.447493951293475 0.370142326632259 0.419893307149433 0.52814296649595 0.35742595771538
0.322536071217299 0.437582191719966 0.329017683699339 0.537674634958784 0.32492248583474
0.458521434381823 0.499363700645145 0.330472428974964 0.368958930165716 0.338807260316018
0.333836886425587 0.450096234300655 0.376640395138021 0.400014986422097 0.40886416785759
0.421016677778298 0.381140706224893 0.336108355668554 0.341817397212097 0.347738814470076
0.388102753329605 0.372875752171559 0.396028327443467 0.516904522655344 0.372688888626864
0.343183496736525 0.3958448917382 0.48903548680809 0.479067870970352 0.472702529587374
0.476766711453401 0.420305229705851 0.424112103948741 0.618793289406748 0.393946861195672
0.407156657260102 0.377253969054515 0.396521497669791 0.416616858723119 0.475683109710619
0.355827378597276 0.3765807529201 0.348330450101999 0.327583391154782 0.372057192887513
0.409016616042555 0.381956170067736 0.344933099792456 0.545487366783247 0.613136348621488
0.388065424190455 0.860105694339387 0.423266599026035 0.420328644845113 0.32367049295501
0.381254587574304 0.337606536927847 0.372564247264102 0.375933686088078 0.387427072242553
0.398318006227574 0.360336517561496 0.529074373527424 0.656592505235771 0.4129486386478
0.550646588571395 0.674114139182153 0.346175596608204 0.702713271389162 0.320696988194605
0.521993706922516 0.477318023400359 0.636810276783738 0.439100959750006 0.488564254152377
0.366262680846663 0.420878537778692 0.400013913400401 0.35400173291846 0.347657167715166
0.428349613011013 0.414933117364014 0.398672285655265 0.43319202744475 0.337941832527592
0.505930940539667 0.380936213909316 0.633399617037744 0.445812892800563 0.315100679963051
0.421597166410502 0.383223337267064 0.361987713563331 0.457250408095063 0.377953020997602
0.377831232825232 0.36836680155141 0.43100302132743 0.486749498966386 1.03616367849849
0.384513706737584 0.413630811912767 0.549504870426302 0.621620681116163 0.545844077980329
0.412754842099565 0.463852873661452 0.331915790416357 0.41578991144964 0.423429128658231
0.362964549888927 0.392596519970485 0.375433270531379 0.343563609828172 0.404266312933633
0.384607008617112 0.413817463767994 0.415605658754143 0.371941957837632 0.867405826036606
0.383724106908102 0.385075502336784 0.699099587885601 0.547875554126429 0.314529557975761
0.40322856040405 0.328584364167675 0.388617967489227 0.614238526186632 0.508167335508625
0.399690437201256 0.522908581685959 0.388215805676481 0.539982376432564 0.467277741085139
0.320161110252892 0.444948080629193 1.53958614130753 0.423893191575149 0.43868413216144
0.428170509539727 0.464965242033993 0.484086473339964 0.435280006992901 0.502230718655467
0.85561884787186 0.481913932172534 0.364279079112056 0.354201956302862 0.326565354825916
0.337069522799569 0.37382035782417 0.332856209758414 0.398750808390624 0.391832997914073
0.33886857926599 0.411589970660502 0.378157750056535 0.316809610654309 0.308061539111076
0.518600935614577 0.600628248623764 0.359127035509595 0.549498565996344 0.452993003330906
0.350724059667331 0.400494667563064 0.4204973193976 0.401280070313139 0.615283714322523
0.466452526493189 0.488536554413903 0.467895167209237 0.369995514478592 0.569297144349922
0.419173887775053 0.423501727399433 0.569047238063237 0.341075677368981 0.372841387346621
0.363342949081348 0.328696397347215 0.341593994887831 0.430353560177561 0.348741059936583
0.432300605184849 0.587378883346007 0.539975841021752 0.353963195612347 0.371609754525954
0.401027715168023 0.369316473034881 0.325367028224636 1.2516580742853 0.517526974591023
0.454651771876635 0.966170646089053 0.338381816447008 0.380980967764916 0.605980823282587
0.413870201777417 0.3609142742982 0.496569693085596 0.606054104210188 0.349681461765963
0.375589184695593 0.650739386363138 0.359049693141918 0.439692167573058 0.476625449482482
0.427712590473121 0.490220722056008 0.431258336583804 0.50356285337691 0.585256828493207
0.345722586061741 0.516914202121374 0.374865114638573 0.368779958813671 0.403780084476455
0.424624414653704 0.483924832875799 0.380754090924245 0.377744973925439 0.470884840141121
0.373293115660421 0.47026507400913 0.390184169170995 0.371852076696334 0.561137805041144
0.493183568059522 0.720220318452978 0.535613154416529 0.439276689229013 0.350193852840647
0.34268229989018 0.572331191313215 0.340908171130173 0.386098216057782 0.351493420360436
0.418079526531648 0.654419110033403 0.561287238812747 0.442108003446806 0.352224923207403
0.419092149008818 0.38714386660917 0.359029504269974 1.18429925478409 0.438645317937765
0.744424613491856 0.389775464450978 0.448024327733166 0.391949300407035 0.406375679123323
0.421185797462452 0.455820875267799 0.483757733619334 0.45829016846937 0.417656274005534
0.492386277468175 0.464627631541152 0.371877516588242 0.354919734893145 0.378921711004484
0.44577844151145 0.582052646821363 0.451293373853432 0.381703174890332 0.489743068202852
0.506493735256493 0.420972881031677 0.471848846813831 0.737602602593972 0.316447972583527
0.430973244968583 0.399451651137075 0.735716280700996 0.409829247998688 0.359819041052739
0.342200906069382 0.342881501746109 0.326434622590325 0.614748956361174 0.732741125946383
0.414393102486775 0.355907455946845 0.358503178095892 0.424066675084344 0.353469262165484
0.466286229618292 0.416069303846035 0.420356163560128 0.369664517781376 0.348858514810014
0.432599015802897 0.390513321314071 0.317784240805243 0.430696175218532 0.393591919658432
0.426100801669593 0.409147301726216 0.435255286981564 0.541273448532928 0.456024270444552
0.340184791121938 0.39217240035853 0.356338006870239 0.49789053325321 0.417974548516781
0.366857426185673 0.398357048383455 0.510012825467733 0.323258061522612 0.440645528590519
0.35949947080373 0.37475934039732 0.359918365186422 0.621598194927051 0.520465566473703
0.381407141148977 0.532302947780349 0.37874669462174 0.43029452231557 0.43474922951829
0.385854695358174 0.353462363646234 0.580012088626311 0.360176720266575 0.323943093265437
0.409656106053777 0.504129157920812 0.356961544852625 0.484930501754652 0.304780782825309
0.336019526897073 0.38121865203825 0.405363012292995 0.428316805122837 0.427749726983765
0.319327322062604 0.471433638632553 0.896453188291644 0.420469652321067 0.373606442851676
0.363774936390095 0.367485918670139 0.484333401577558 0.48703198916434 0.321183137115099
0.627987052009877 0.335725581435477 0.486468300440168 0.539234115919819 0.368044108547736
0.458310944324904 0.438104012362817 0.41245357769622 0.450449041109077 0.408376591199429
0.581601927825139 0.416749271222563 0.565478635340447 0.47884838895442 0.487999863363622
0.331855787769089 0.384578009410132 0.416024666113241 0.381458775905794 0.766963485883327
0.34851740595239 0.738900205313656 0.288943225400887 0.422274089032112 0.435359899247485
0.442241236777054 0.331747243084744 0.370637025256794 0.456027851596183 0.380240194110252
0.373070080189035 0.418492138932087 0.371223836776742 0.402096492663639 0.364450722214863
0.396091120676616 0.409934942049877 0.334567010228809 0.499600358307763 0.359603593447475
0.453282119317498 0.43499185628545 0.369873829176263 0.414200404453667 0.586764111850496
0.537167951232409 0.604332076751462 0.510579705440495 0.461112808315842 0.482044612970801
0.372171165169269 0.348299426856204 0.35134976341961 0.414071363157612 0.409606744722754
0.348895060904648 0.63429184120997 0.429722306392314 0.409185990391156 0.482304345683769
0.396361187088996 0.375425360580833 0.371185119343619 0.382758354916894 0.370469097441528
0.370633133850109 1.1261531109189 0.467753972410511 0.474263458031814 0.340985291027036
0.401538743602467 0.567775223092924 0.405335448809396 0.370516318227552 0.415688115561266
0.408814281774891 0.366156789714535 0.37854265107278 0.482865137908812 0.322863899721186
0.453050512395488 0.44007725268952 0.367443863596675 0.465953046341605 0.357926546929126
0.427819203825503 0.454322594262472 0.426231778149588 0.383671864408925 0.359671329247504
0.46639787911987 0.560990673393846 0.335784292539367 0.667716259242805 0.402863340449769
0.360844566654948 0.424207268298842 0.641418572988595 0.472849952655183 0.319599819027218
0.352192232167228 0.46505799276392 0.33875123189822 0.386232677036474 0.343624923062155
0.388161322839289 0.448147433398364 0.334826680045241 0.656078122430404 0.477566129848553
0.352063304410258 0.412274151586246 0.367175352736281 0.36610621326381 0.361307015026358
0.404457240136241 0.415693207984149 0.420637117689381 0.486503845470762 0.427087793751894
0.332705270871046 0.407155546207044 0.519388332144566 0.503670849966745 0.374381638242479
0.372990304335771 0.364578547904788 0.43869575066744 0.342906834155774 1.03265384605103
0.332458510174444 0.381916951627432 0.378533193064273 0.458695581342788 0.44121900325758
0.704326486559245 0.445487665823586 0.370192151125935 0.373652925070152 0.536324965010737
0.353529432416668 0.374631839894671 0.381979814558641 0.497067588243952 0.34064163736686
0.364502681758529 0.494652036780199 0.452464371559514 0.360861052757937 0.429868511677775
0.339323607917153 0.438985392716418 0.344060352805296 0.547512360151525 0.332087425467672
0.443821896712016 0.349094164778312 0.362713810444249 0.44777344198706 0.51265218162672
0.348642768077964 0.30538436305997 0.406592688746833 0.431382478937793 0.622074577879038
0.384229909768787 0.489176483632947 0.388349329766941 0.411550338011309 0.510157127021443
0.33808184320077 1.51996326530659 0.457736864634941 0.414983840894354 0.441350638874001
0.396630039643876 0.361599412710151 0.469263396832549 0.464520545256139 0.45919435691856
0.399410140826517 0.494436852481282 0.315799069908969 0.473622100984138 0.595557536245083
0.800723502906684 0.677679220553661 0.478109681253895 0.387778686477509 0.306230183003355
0.360584423364209 0.506802359758529 0.330683690156313 0.870579134943195 0.371149846363127
0.479905392983148 0.418611577503816 0.323439502489334 0.677339821234305 0.368310709425173
0.331838959748444 0.331334130578441 0.39268356612247 0.322756391145523 0.674083478964569
0.361613121049243 0.41777137499971 0.523231022193282 0.331079244910563 0.366730707994557
0.336125377580409 0.36836282804588 0.623489656386968 0.447467661847157 0.373652320597819
0.349262698589647 0.368129475405654 0.857002860031326 0.359276567519937 0.303627973254582
0.402046785990111 0.711237576212659 0.436795196205665 0.470064989123735 0.479101453273024
0.438112840733975 0.403689076937027 0.530018208638942 0.455472519768906 0.57255494186331
0.537862855598452 0.39706594624271 0.333283706908011 0.403500988630638 0.335515955627317
0.517631777676815 0.380081074348893 0.345214459826734 0.376150864176371 0.370134953144515
0.365503853234278 0.394708776613005 0.397420015196558 0.335111062169432 0.416286609434785
0.322592924864461 0.355137546040422 0.398284356405707 0.447610119036473 0.39709426768531
0.36396921178863 0.439403666137703 0.425629551564431 0.46653181510814 0.376748462070634
0.426297168960811 0.361762037994409 0.390975708913816 0.419677563499797 0.301832876965051
0.392090039568454 0.37284333001731 0.409207102379054 0.38315727792345 0.442402799072564
0.378461070054105 0.443575790393876 0.497815212937858 0.549826520667895 0.356373365787292
0.362960321574913 0.3930170467283 0.654554877153868 1.02931138821333 0.364797747963173
0.652662470884896 0.464265411625043 0.32187959434755 0.384973398154293 0.362925092283695
0.340216126950622 0.380630026187737 0.470926766547776 0.379524572975301 0.450773146019173
0.442254474370546 0.403707663306864 0.401568672266235 0.373523885940351 0.417800009631773
0.341183245702021 0.391850432849642 0.441373613533077 0.396374527234867 0.435925439308527
0.308946911636438 0.363346233700624 0.398461639278301 0.356493804716014 0.716470289826084
0.414822338199918 0.497211152852412 0.486659126066353 0.381191769951181 0.457356371619483
0.408567090053524 0.488781430628379 0.439030384257005 0.589015172271447 0.361278660782806
0.464302195410828 0.400963000079478 0.695989504244685 0.45143970522016 0.407323310239331
0.497515181839653 0.424460950272148 0.392107122876708 0.5462623468508 0.373053783460253
0.721743117343629 0.419957952248963 0.373886936297089 0.381662786306101 0.352219379738894
0.350898003593024 0.512591324689708 0.424635465846046 0.347720655304009 0.413738903063443
0.610545756390515 0.422481686592778 0.364094196073031 0.379617098095287 0.339538687344156
0.377403278771378 0.583640980027596 0.475311017192215 0.398152237316564 0.402172796647969
0.542645634325161 0.532025403091486 0.341347599275503 0.363279608392114 0.424717805096426
0.322851545824461 0.365655147501096 0.391597059608342 0.374803169433022 0.421234064631834
0.512029188805282 0.402136115722424 0.374566259944199 0.391472775110635 0.516582351148404
0.443937859499762 0.37120764941936 0.336044014988795 0.340355130182975 0.45625526646492
0.527538394117878 0.392083105828959 0.370279168207658 0.352787056618536 0.389721076194414
0.370199351670624 0.452010757103661 0.366403182289961 0.380081600600209 0.646712953416658
0.498554717257448 0.487197335968186 0.446352218909401 1.21421009582271 0.42157287370284
0.368443817833533 0.434870312849341 0.444833584007555 0.365625844974721 0.372829854022077
0.472564494081731 0.416208220009674 0.363242426186808 0.697941093795516 0.299286568283813
0.39893102886929 0.45831123822552 0.369583431481258 0.367464475701069 0.407693819555342
0.358577819143901 0.461586256317194 0.437873202377985 0.430317901323529 0.486907985498841
0.312411659861022 0.381204745701713 0.401710999348468 0.459725136061142 0.423093006401926
0.337247421606057 0.370233968051735 0.402064478137431 0.393486284562636 0.356786296747769
0.388441596489629 0.665364233215216 0.396053323633676 0.452267636354499 0.391926831607207
0.33999686575186 0.363329522411855 0.47187261210269 0.613456831963124 0.392896020565333
0.349863512679811 0.360329560399357 0.373179342548768 0.394373640515564 0.69110010757731
0.353858346422984 0.41325218112506 0.477136920755182 0.33671816958623 0.432358950194962
0.655518401434342 0.406439597060007 0.425793039620431 0.385253883620873 0.764297868306351
0.488262316046198 0.362300125791499 0.540361373332198 0.505393951922406 0.387812977110537
0.341163181802873 0.448413831279735 0.548100862418817 0.434349205926143 0.317237723312818
0.33462647876207 0.462769912443272 0.372248608280527 0.723328100796466 0.433467910590558
0.450099404950847 0.508557231196647 0.493776636755275 0.418718704358082 0.41420032896345
0.64957835911213 0.45880052862901 0.442451722754008 0.399445692866976 0.394432153985343
0.307873266060379 0.359065535971353 0.447012332419887 1.0589080035939 0.348250459079911
0.359838436512409 0.398098155507095 0.401409292407875 0.52515171154975 0.487537582511151
0.388363150060023 0.468305780577641 0.564963789289376 0.436868008193214 0.359749301945324
0.485513541338338 0.494383422749337 0.370205924105816 0.430519857826802 0.506191568753452
0.363946752482118 0.464853799698824 0.318674661103493 0.48882227943935 0.451441523957945
0.381858962816537 0.41584604085868 0.383495246893104 0.355960153917846 0.600714638676218
1.09790635637862 0.494807668410342 0.397384349707952 0.354553778543009 0.398884741556466
0.344078303933037 0.428425345378907 0.331901125899596 0.345394842903286 0.342116071905739
0.351869584808333 0.65089116854768 0.506348741686021 0.378049990437195 0.364907319938883
0.340494462469706 0.844779567274709 0.426966192132265 0.319321040502654 0.478875049511102
0.459847148209773 0.32822433957687 0.455692521384297 0.345103124162913 0.341451861062566
0.37951182609938 0.469185473010017 0.363654523983693 0.589915474282936 0.487491531263612
0.416051195973775 0.666854807253625 0.372946684651137 0.492442197281365 0.360622075980077
0.392023128159557 0.411961098629572 0.39115317760117 0.428627900114461 0.344186521959752
0.483861380897899 0.417228105885011 0.377412310957948 0.426758955320447 0.366268821682565
0.421584614494417 0.338028542457586 0.358807519059985 0.378406685277593 0.338233354072102
0.504565247737961 0.574661061159229 0.350443570757195 0.736702243748029 0.407603604055746
0.396851810028742 0.375629426136246 0.619200621716172 0.41489512238984 0.388987357558272
0.331076684423558 0.393451183453242 0.444473305354663 0.389118019635333 0.896259635812757
0.54835205323157 0.426603040519322 0.411286443104009 0.419414448507721 0.376377538014826
0.435879972730433 0.435684109235511 0.559392421928612 0.436216869347479 0.378983451396192
0.370658334122073 0.369184341267695 0.408838149478356 0.364079558448106 0.529841950068927
0.538506404489056 0.452324746628114 0.483972880604484 0.355104900966781 0.340878022013641
0.535296719989997 0.559849703397673 0.40262658986088 0.444231546739227 0.405280155809575
0.396435971228236 0.641678980606562 0.442305991877817 0.374945848352382 0.394981876537908
0.407624982528978 0.428057606952329 0.334633252907163 0.389992960765816 0.301777720124614
0.399726520512552 0.342369992131243 0.500023522385704 0.326599284086856 0.802073137492194
0.400792532202009 0.360704012136123 0.347896621787038 0.421883569207531 0.341827802550988
0.381091164932371 0.514457540128114 0.345966769917423 0.510127627991687 0.472540283622142
0.530351934496151 0.416540573602807 0.519630825433502 0.413492852722425 0.396783763205551
0.34254628654615 0.438051735209458 0.340796880934375 0.391284525279487 0.457261950893868
0.358249445616468 0.446471182964405 0.369728928101538 0.505780109707969 0.385842975420824
0.357264733589315 0.36470690123021 0.315036654967478 0.426512818429167 0.407932096986999
0.487154254962409 0.406735280362981 0.446715380488892 0.359308181652822 0.397594830369112
0.454650251828728 0.384227125835859 0.369084782254164 0.388385557494469 0.381643323043216
0.38323227125094 0.386347890001899 0.439005471862674 0.445565594233507 0.519795623050648
0.476382245262194 0.327302619667015 0.383194679133608 0.36978988407273 0.346648557592848
0.67855558795279 0.577559772360038 0.332034028599399 0.4012194561147 0.395815548134756
0.437146878354599 0.468993296981818 0.473279021827869 0.377064381167811 0.73312932906197
0.528761755577321 0.352064615462766 0.339709804286134 0.43745085399864 0.36084001646817
0.320294671083832 0.418819851136982 0.387432316804456 0.39252440121243 0.458405746881101
0.396707472392402 0.441314457312181 0.329861396084599 0.364401508615943 0.397421449444955
0.348269203263327 0.363537799651035 0.500222342663609 0.682987912416028 0.360937643316861
0.324112709578998 0.333861648536042 0.368147875571288 0.433978677101646 0.326531180017542
0.394979138678344 0.389592654343411 0.367211105437911 0.544039136174073 0.480674092039842
0.36955271367609 0.371075799709142 0.527150005179173 0.538413060084323 0.397939501931122
0.549396390507255 0.598735340771921 0.449295489789227 0.420672008550765 0.395931590642645
0.506857822370673 0.410599357039739 0.513116786721992 0.67583981343209 0.445416378947903
0.488986570397518 0.503209576903501 0.404301537203307 0.412216162776184 0.410203130727952
0.553589849353389 0.375856961019346 0.390029510082477 0.782780967939377 0.339151020805482
0.346150505443534 0.428158450925518 0.491466537729504 0.454317101907655 0.429848377563772
0.498900744098154 0.408658291866847 0.402744776128157 0.420151654728492 0.800585577684701
0.376707349232512 0.353187980436717 0.3990403421031 0.384351474017413 0.419722306156944
0.336221930306725 0.426759665088628 0.322010660412517 0.40440148025928 0.856101828264033
0.377220266907544 0.37992232718341 0.499737157682187 0.479549798495247 0.391987318178962
0.3608761854469 0.73352373101414 0.496089154162913 0.537694228627368 0.363276854911729
0.426550530012923 0.371160468983875 0.350927630400733 0.530724764154044 0.648278261703929
0.358586316794092 0.429495601786463 0.345019685757848 0.390936688066165 0.397626225009527
0.365269649420841 0.397279369405128 0.317202340138714 0.382189690247728 0.338497980853517
0.394823826173327 0.553212614605387 0.472273442789929 0.474589989394061 0.385994674446651
0.401591625493012 0.394387265358929 0.383213165842405 0.430353020549917 0.378811711613266
0.386064595547731 0.49820901999522 0.473242706569386 0.446941181132121 0.461058682154881
0.409763002899823 0.353667361822248 0.366983791923567 0.355084700663027 0.38200599771408
0.375677769921459 0.703487072247762 0.345609150149439 0.501920811712491 0.501793566617639
0.350141824631425 0.425192997229452 0.473930268059138 0.387475271926429 0.492833081032299
0.456009608817607 0.565650852057863 0.423898706704619 0.489172962673598 0.488345934360075
0.379427008194439 0.441896028975354 0.371252532490471 0.374688293446172 0.360108100447392
0.346372422025045 0.39912595961029 0.40784948280132 0.371065728404333 0.375404572540669
0.681944859298198 0.479646283673777 0.315483169830205 0.354705514683178 0.369417302471443
0.441427636542098 0.606379963404543 0.453459733759686 0.370880257421953 0.401722316225065
0.361348695148588 0.362703007662087 0.596436098668926 0.381835244893251 0.339154786041669
0.492498873767613 0.332320071982192 0.324724123027915 0.592692167395901 0.43094531810533
0.414513218798436 0.371154528455463 0.405551288977811 0.332224762258537 0.314770233769359
0.314741713363714 0.365619188056591 0.358865814999643 0.434328720448806 0.392351908417002
0.329400292308246 0.429812431141085 0.442297242441545 0.390042442357888 0.329755711643086
0.407864079510838 0.381683902220108 0.393379960126733 0.446980642143974 0.393040774935002
0.428815158872461 0.359616179899802 0.55035327556966 0.435858238321881 0.293520973782689
0.33064499948188 0.408014855108369 0.383383826894716 0.424595984791595 0.367899480470474
0.338534402776026 0.363360729554202 0.390827951378613 0.414112579561274 0.437217177903343
0.413606453573301 0.467401992968906 0.37234448243182 0.473946010954758 0.449558638782066
0.353510841617555 0.359044197827109 0.415048144665303 0.317850167352791 0.393498535863848
0.368594629091458 0.45829571632115 0.54420561100602 0.614760330565118 0.397843147905362
0.341203871258399 0.476460898249967 0.56401534978486 0.442964554826619 0.430112087631187
0.344750500773696 0.603563970674323 0.328231244218613 0.365527606051222 0.344610053078597
0.427265845447565 0.517675578455053 0.387703600187435 0.333813639369548 0.340740066982403
0.406444159464519 0.415624549289183 0.395781109955472 0.399272030362488 0.381424919853339
0.31751787145477 0.391327565490388 0.376272888578437 0.343335167709463 0.337934479580109
0.459971785499852 0.370842154246269 0.373473209258713 0.520219130129878 0.346195080087104
0.570434895147683 0.421313430760394 0.37219047335042 0.883132405444451 0.451767169996071
0.390331701688085 0.411785452513595 0.479026075753574 0.436456621159749 0.497912522576912
0.335582403178898 0.390533945627185 0.488831605445188 0.345997691255756 0.460340652742614
0.416578453075609 0.548278053156295 0.322218197036883 0.501197670310617 0.563928241951519
0.744925092904401 0.429763010836208 0.464168241281928 0.336128912812246 0.64195840317796
0.335742382227556 0.507712481262888 0.479514188975526 0.339184520385956 0.329643756772772
0.614864499345362 0.322662826597878 0.436785910849527 0.359189531534177 0.360543637028494
0.496868152840171 0.452487914932153 0.432494684117316 0.400412390798004 0.868579612299139
0.701536650091734 0.511300884414737 0.464186209597556 0.599411537181009 0.561316817389319
0.593328587696103 0.362089927635826 0.628662479475563 0.431476926203429 0.481511995955191
0.828892926128363 0.48767442298997 0.508848441001719 0.375688616780051 0.426198899228601
0.314676892670381 0.31694987686476 0.540101242653692 0.399095411370673 0.527985111243398
0.463439169835819 0.298549094379489 0.378384178996741 0.48236732557113 0.375469775849414
0.360378600924289 0.43007894379912 0.915803342931542 0.437334710410908 0.373913691199381
0.333109490640932 0.376265738370025 0.7643650493061 0.42273867077179 0.359007154984251
0.38982977165323 0.637856436805485 0.381556031397112 0.657643978775663 0.417015070826122
0.361634890761385 0.499278820021455 0.37522566555249 0.397161413475527 0.434310472472074
0.44890992314448 0.44758970099074 0.369750218170613 0.429443643339884 0.345841461548858
0.363946138493448 0.43800967416597 0.545092009784652 0.395622450046443 0.413724636737239
0.402621786367243 0.387057016903885 0.439058546094673 0.450813403082763 0.507899485716736
0.475000750744954 0.443391252300263 0.558736313607054 0.427011811545855 0.571602594370362
0.384398873492215 0.378852822611915 0.360724632487434 0.501966949881341 0.353988162258571
0.474226319605428 0.338767927970699 0.549715610929731 0.451856353235666 0.345622446485033
0.365493068948037 0.344467800224837 0.518700444891185 0.503267657984839 0.397422427467547
0.350185212649745 0.405018785655693 0.399218176860575 0.583926688870935 0.43550089156578
0.303864023910865 0.450901514792067 0.381666578000994 0.476558726854713 0.445914178549399
0.330958266650111 0.420731908804426 0.396860991264601 0.41532403624436 0.813111380985481
0.341979706721654 0.353141357336783 0.48876055687917 0.459369021271219 0.349838248854463
0.442591153736264 0.540658173762027 0.551981236830316 0.353954525482302 0.340261584269556
0.319804509650591 0.468920840312319 0.679246322968859 0.44817608224886 0.430400469547632
0.424730080136844 0.364223059455546 0.411661613663649 0.437663254955831 1.25897133910869
0.409002754388844 0.606065279876642 0.472846988113192 0.761338990255548 0.400372811048124
0.340381881922082 0.389405872659031 0.34302305811848 0.71207107031168 0.414917887613465
0.353785199239104 0.434080149843073 0.487114856620924 0.43149982212498 0.343626065394516
0.357129451195541 0.385322789066425 0.422652144349098 0.514009538199007 0.425345458573134
0.30279748403794 0.491800224656663 0.802772144912017 0.442159432065336 0.369395527654253
0.396657304242002 0.372104052292233 0.555444231358531 0.459287585340981 0.360370045328932
0.329439308656141 0.340737589527665 0.367509780837245 0.334478570928838 0.54723131577718
0.820170184118335 0.442014935211088 0.361526002926348 0.822106175960477 0.312904456243011
0.42542792079149 0.338621086449557 0.469818762119096 0.357749446453056 0.468501661830744
0.65784626287204 0.328563145054459 0.495483366269003 0.395229180780807 0.600005273253466
0.363457658623645 0.356278302551737 0.300488443728105 0.563538230839036 0.32726455648771
0.359762483863772 0.50125544633979 0.392001816190685 0.570600972996628 0.513948066041836
0.366976820761941 0.422122878294194 0.462385186962958 0.482837160803657 0.396958451020222
0.359063104082854 0.322863887216385 0.662964674775889 0.360332144093141 0.388238632195461
0.364507979896515 0.410770956326481 0.317710662039123 0.73305453633528 0.396388972735853
0.322892072904338 0.463934573611704 0.334239151518567 0.858341910722068 0.389619198104274
0.447707059256658 0.44284711267467 0.545817731600053 0.54649793886508 0.58723816705365
0.392668805471532 0.472669280004786 0.450480952825142 0.515978816040925 0.324754751454183
0.401852458017345 0.489380173138133 0.484445807851068 0.444558711825278 0.376397485134949
0.411045745435936 0.572079022809373 0.81266371294477 0.486243375807958 0.409124739570549
0.331159780403556 0.35509957306144 0.440045881957155 0.522484836087591 0.371875655510836
0.432033445995744 0.464765844644064 0.500963274326255 0.422620978042414 0.328409647379327
0.336693261503998 0.387604591216189 0.521081360425905 0.454838362810917 0.361167898310966
0.393951144448374 0.471667738632418 0.951805497485307 0.366280583737942 0.352424726009868
0.407591452660056 0.490530288811018 0.550551846617273 0.391414316571133 0.513630763657463
0.486228516516633 0.356959548798707 0.390380335748839 0.414735852894749 0.479191575125186
0.671860105172564 0.514242291975782 0.439311546738063 0.463312522889666 0.494327055168182
0.445596828176754 0.438940503829576 0.395706371856898 0.377354656556251 0.350309810501713
0.397308440289934 0.58953385609006 0.426741555659997 0.429077239259987 0.490830195244723
0.405809715454565 0.37577530204295 0.337235133491148 0.391642539664273 0.399774829891314
0.384354963458704 0.391351598500808 0.322444245749864 0.636694676375497 0.410454510612067
0.372290608133406 0.402179793149096 0.353898646504845 0.479544814978001 0.418062586663404
0.62552900101441 0.475191354853742 0.442651886439094 0.517589081051775 0.590147561575654
0.34780945576041 0.529560985288849 0.427482344085478 0.338058172486561 0.511309023372341
0.370794693665241 0.64796796822479 0.381410180074955 0.501178163027814 0.374235370372403
0.367386346537495 0.312153186657255 0.340377832094979 0.471439988227017 0.411636513160784
0.386429388381925 0.452896855204423 0.443915469497659 0.425754034357172 0.402338551863815
0.364154065121639 0.413432618706884 0.441847547506531 0.353710381590171 0.536414951664412
0.375907777204427 0.373987773402666 0.615683248643445 0.324358348937743 0.329787699451305
0.64461410391989 0.440366788261897 0.374218764082373 0.414791344319515 0.510701642346169
0.53888419990133 0.376826830213994 0.387146427250579 0.566369625754499 0.606530908554462
0.348592203436637 0.352752015332647 0.334953492298307 0.418039460231944 0.342756859720965
0.437466829856518 0.420985135779943 0.373363986641987 0.554744195194938 0.398996315042038
0.488154365453113 0.361538648972644 0.340655871319624 0.412096097048146 0.439869599231824
0.493209928489403 0.464567886561654 0.385648113348922 0.410408874704314 0.580303691631551
0.341894709497199 0.550071467871347 0.414614734392443 0.424887576388393 0.531106590877399
0.498286088559433 0.42956173980444 0.483821851215756 0.392066495931246 0.345815040825176
0.424903988385681 0.532702723192873 0.341315332919272 0.465644894249856 0.369093537982854
0.373187704975769 0.348442993611154 0.621910641347973 0.542307599044726 0.444431944978058
0.428612550102419 0.484638238279734 0.535169662139122 0.533878901136522 0.32777489975996
0.461459616906481 0.37937927514213 0.477034794211005 0.364001396527543 0.445670871982442
0.397000937192721 0.330412596738996 0.495863463774312 0.432963354597508 0.433319962616327
0.375998168668746 0.448850871975714 0.393025667694605 0.427801551804582 0.483156618114506
0.414720414379497 0.334589870107275 0.340212373823134 0.569084131348102 0.416832671782304
0.432879622818345 0.465542780367329 0.362813451914665 0.450234412921292 0.378454974814075
0.445157148333718 0.395836766488754 0.417671290735579 0.692805029539268 0.461798701065782
0.456067867590754 0.517495823183131 0.371744347173291 0.47948726839015 0.409464486690945
0.410738697695729 0.485231226725017 0.38278300210195 0.455207115834988 0.461015445344354
0.456104286072271 0.304164667914226 0.413132512583079 0.44158347807972 0.362472590090788
0.314126954091214 0.392444772469773 0.449756532277763 0.40366015827776 0.487845181722858
0.517718888515617 0.366799749112317 0.427125803560029 0.462612095245879 0.3624992539389
0.386353889903247 0.651747561215175 0.497002424999234 0.3934918902319 0.390499354857424
0.498197926714958 0.4139957930657 0.87246904682773 0.407808695095136 0.388209976952211
0.32576353531496 0.443580834121614 0.335150006394449 0.414666537661003 0.421550929021116
0.471744325712572 0.586061674733874 0.417324068608783 0.330545228822723 0.349321570354064
0.367398861133159 0.347243647168081 0.502546759431083 0.685785609742891 0.428953742415121
0.431618995517855 0.366046402086429 0.554686771359816 0.452096437955784 0.34361368120517
0.284166533263881 0.39101535138171 0.359732075289568 0.407566740785576 0.334855361504732
0.435556558958285 0.374162110944161 0.453000239905233 0.398859004454472 0.48210754922437
0.388212517321142 0.633633914616069 0.581418854537268 0.32918077168163 0.343324195849407
0.532357213274245 0.338469165361488 0.376348338064172 0.50267895458519 0.417938803563215
0.322610042278847 0.379223929025441 0.41221405858704 0.534862871461537 0.49635941461621
0.488111004418468 0.556517394813227 0.394256938641725 0.399981143828921 0.579251403724634
0.324540168047288 0.796607419947955 0.39162058668255 0.619382130328058 0.355858210914216
0.318719328182279 0.484663031296477 0.376391846935016 0.353192203207739 0.357993383701401
0.372105936394607 0.346447111687824 0.427379281833859 0.346986231462292 0.403476648357909
0.458189189465076 0.350778267265812 1.0920106447947 0.42328991783151 0.423922945192316
0.390228355955541 0.735347978381824 0.415128667857384 0.556048147385781 0.452833642479757
0.543730763349639 0.414457486007361 0.423995848094822 0.45937666475345 0.522894020709845
0.39188536787198 0.41157892956697 0.396614899598929 0.375908794014818 0.472652718705153
0.409644384594676 0.368406031013839 0.330543901766221 0.367592396268231 0.477323268252502
0.334867248083697 0.402397348145843 0.476836081356202 0.329135172465031 0.379812631690306
0.569802797586978 0.347211909578105 0.310749485414246 0.352917275678403 0.441499720453502
0.526938597965791 0.449490584467831 0.416674899259741 0.377366172788226 0.34663687160621
0.36566748290358 0.359508409019996 0.368295469001153 0.618290017314706 0.415515663924022
0.387713817133784 0.423283462850728 0.360484109943851 0.367249764885129 0.409266711148597
0.353900957831613 0.342345913029553 0.357843508795872 0.492312286375759 0.449486436565845
0.469483247149915 0.433241090034921 0.457499334979729 0.537433883655132 0.469306846425203
0.605172187363017 0.310733087664596 0.465218782065394 0.387094372451006 0.438392979631166
0.555822983555788 0.400177371398276 0.463997393090407 0.435474053796249 0.381522299601078
0.351235980739243 0.621602266400599 0.56728516810928 0.418546968125132 0.349790085749934
0.410424462793531 0.501095605220875 0.317378363949576 0.392426199569181 0.402721183658799
0.358104347906238 0.388337973261394 0.679363381377234 0.583905227325061 0.467980434024491
0.505425258038762 0.471387554517208 0.301374542073095 0.415224424856309 0.356144947086915
0.375614565368413 0.334433692207297 0.308464833051694 0.375832708978446 0.387290471054858
0.321808784536378 0.460898166432645 0.431540319503509 0.396869371257083 0.335544206409564
0.461674765427355 0.337885448230316 0.36828474111567 0.413570599329155 0.378890252475915
0.426548797490545 0.838356224729823 0.401131047219089 0.389256888137508 0.395135962140331
0.396340976438199 0.421854159681788 0.429033872635223 0.362433416511385 0.400309798633622
0.359390756018909 0.341984349823143 0.423572891077255 0.385474986997015 0.371791975474737
0.364745313921806 0.329067806219547 0.526180671978794 0.428436728265671 0.408348467143352
0.344666300723129 0.427186552861708 0.460746792618076 0.484426187106393 0.314997768988578
0.338392227212647 0.418542053059663 0.547385557880278 0.338620084918006 0.405785155050507
0.475027861425787 0.487492154898673 0.461677234209498 0.988853944674136 0.427575764790624
0.373846239105227 0.414192557291475 0.439768432512079 0.55711871603148 0.378553980405439
0.472017830616063 0.458323865038842 0.522073993937626 0.444680064226801 0.480647772011222
0.375852226637747 0.32184774721723 0.903334409987921 0.49292528968073 0.451951494805519
0.48545430536177 0.671427988676281 0.372028624860377 0.36637009148219 0.34989066532334
0.434993793773443 0.487706112894116 0.45237547649585 0.475443911440285 0.753387641925866
0.424974648121653 0.323448368839709 0.318308603125373 0.572718448207509 0.309985522836964
0.499455640404897 0.397164189164389 0.542617912144975 0.328358318313035 0.405398468473337
0.465340316170231 0.362207104473177 0.435636550188547 0.39931045334537 0.394960987891137
0.402735414843429 0.575700074469445 0.332655070797276 0.44071509664463 0.471128831161826
0.397715238667498 0.343418205225295 0.450525869890442 0.580725372753845 0.403904171215826
0.451282633416459 0.366107129285491 0.373700103296506 0.327006840012128 0.457139929190025
0.386258407526148 0.464506561936605 0.37632968038339 0.437750491610597 0.481625835101034
0.549025660692047 0.374384952410333 0.332730550179788 0.377025212876907 0.344350296396001
0.346115414566731 0.530978333572827 0.417853198435632 0.340606099066671 0.426665754600772
0.373692432221092 0.683246545791323 0.412608546259575 0.431674686231195 0.376141305637667
0.365050403689429 0.610565355253798 0.471587064216543 0.350075752052284 0.360571213112452
0.365631488084909 0.355523316568632 0.40319872687742 0.333556252576926 0.428722597950208
0.455341896177765 0.353432392896129 0.428740935749735 0.440519474033773 0.391291844487801
0.46000636137426 0.540300006758771 0.49372191640075 0.45567160395585 0.430654300080681
0.50367114140467 0.331876212454317 0.353892245364157 0.394919370163235 0.448167898896638
0.413923426088204 0.371721901210211 0.39085903558312 0.566257092016224 0.354285977563015
0.38259576313553 0.596804661105264 0.325560025781224 0.387723730114649 0.463564845655359
0.469292014874189 0.431627209310706 0.387411482981868 0.458870997084273 0.37159172142198
0.430703840685194 0.370986079724596 0.490596885638003 0.355323730360858 0.438290013423929
0.384769516570508 0.416026074093089 0.576426154219602 0.362381368319348 0.337025948874693
0.344762651618806 0.30969955662699 0.298948159412553 0.517997686765958 0.354319316038427
0.340747414725329 0.329868731926598 0.313923193103874 0.445111377422425 0.438452948488761
0.435593114200938 0.321815925875473 0.507384899836674 0.381428617659488 0.369965426842897
0.381271604396555 0.412854076975616 0.359304343430798 0.486871958911103 0.538573906993332
0.533075741053238 0.411688932117319 0.336420994421761 0.639512323619511 0.347419105834235
0.383897081130196 0.679837327269854 0.391120211558183 0.528160618884561 0.36260353325967
0.466522976428966 0.396560538899758 0.440118214094378 0.38287538854844 0.363124676215223
0.409499697255944 0.503054638693873 0.510529892423123 0.458401357254725 0.311381303182634
0.464385148897153 0.405317983245239 0.360017118413692 0.417898616149289 0.353720373107029
0.325736513047254 0.299966951782402 0.462743889800603 0.428362925170979 0.377754269564884
0.357181085517016 1.30599478657 0.337541670470926 0.499549878142002 0.504315544878133
0.32826574588743 0.467466875180628 0.443031768019986 0.431342939642367 0.528976737830781
0.478999631816189 0.499577810901463 0.343433165873395 0.380487130992507 0.451400344972444
0.35077104876439 0.508004040166558 0.666212797015739 0.429465921255308 0.505480524152815
0.359153140348157 0.651302073712694 0.39857737411903 0.366285309529528 0.468681408835477
0.391223201621273 0.422698163547478 0.343160175012883 0.429690568283368 0.467538068115695
0.405229600285004 0.344959090917156 0.436332742745807 0.34359452125873 0.48283220824668
0.559393388762251 0.398934477817062 0.404343443051896 0.365495034162082 0.871712849944023
0.312941156804297 0.398700180543031 0.393079477367103 0.579177539370347 0.38687459102458
0.392309347837928 0.339603486731458 0.343705204178145 0.403310947221313 0.365551130795962
0.381699900597945 0.384807749500771 0.362675325234117 0.394168320155735 0.332207147448986
0.294727334751473 0.35606546891256 0.335593172610131 0.357431377433304 0.36901627139884
0.381130402237706 0.520416691192508 0.456960001783496 0.509183965595284 0.41631659747624
0.352773230291413 0.345413157595824 0.406349411289062 0.321799050341272 0.362323424279908
0.38365227427093 0.411118279737752 0.336940929256979 0.865980679455144 0.441562693950877
0.376617419890516 0.431027689852556 0.375574284973702 0.516530320718532 0.37767334764598
0.445095830040838 0.362071274302786 0.383258590337602 0.520203308307492 0.575026085125419
0.807424173282842 0.453481739154962 0.395723213664595 0.517518338409754 0.385903610399623
0.329229981042055 0.366788532009182 0.403641636254109 0.524902082265816 0.431362867466776
0.40970445957797 0.388770662908286 0.376092482116933 0.453386897407457 0.42142309585937
0.470888324640255 0.325728238913664 0.325883656395572 0.341868405850865 0.420626821958814
0.638516754293503 0.397084420438499 0.357841267298104 0.323057932439106 0.385559977777806
0.368018359685578 0.380499703342051 0.497163789913129 0.378983275920447 0.340614968487904
0.364632605824844 0.366365736954221 0.454240404817356 0.491226954698314 0.429314902385336
0.366994683497744 0.349217703530956 0.407898156719308 0.372127236231281 0.436433705450228
0.393523961297802 0.571350768662737 0.316653673877027 0.407535588839102 0.390261708339138
0.434612982054454 0.384318073646061 0.438378705869131 0.440100045708207 0.488282412027287
0.453548675297281 0.382807661494756 0.363300942219723 0.331584104496771 0.398054268455602
0.427082220849977 0.355832621580953 0.346180235963586 0.34654250478438 0.509056628326825
0.468901965014403 0.390751794046388 0.412192934325041 0.47163677267221 0.418121546086474
0.365113791190977 0.415296646360967 0.413543699403485 0.475263721631757 0.46799295828655
0.394143643279418 0.520224645580241 0.440837274977684 0.391153087780341 0.320225477529399
0.407056747524642 0.521951729231601 0.360764579832373 0.467282918854815 0.382000645798779
0.339118661606892 0.486820300407892 0.341777087940812 0.776155383859199 0.350625764416186
0.342603814318708 0.397735093695818 0.392308858669165 0.482775654504406 0.344309524370354
0.321626115861124 0.403063299107892 0.34879346318008 0.365606003870757 0.358489010990063
0.332466167481825 0.36376942982103 0.44330341279444 0.370334693343844 0.997497480673272
0.293428711178766 0.323639239475751 0.336817153164944 0.53502623686302 0.328139595433888
0.497755325063111 0.492520325797976 0.321380561950458 0.641325597059576 0.311402347466239
0.358373188064023 0.3764858296334 0.490136068461098 0.623601520015202 0.384141834226884
0.38481512328281 0.357446950337258 0.45533005245615 0.338161211134029 0.698211338142121
0.53148115137966 0.355972561225125 0.45384702041064 0.4597339758982 0.443583288506494
0.374342194899752 0.350334564700281 0.408731037447022 0.414984838652396 1.23557956969623
0.323554744347895 0.402009085010412 0.371034862527831 0.390372676124222 0.354863201652234
0.42125887002993 0.419997731628842 0.467819289070757 0.39431990931784 0.430476882346413
0.423807997941267 0.637145564469686 0.464830611189202 0.359963322501414 0.576617824615897
0.537077755403947 0.394516673994932 0.383544599153868 0.572524822675904 0.399914855858557
1.00627631517826 0.42907717470955 0.39707446955927 0.422347714923812 0.382919665397337
0.365112819347027 0.384234490218824 0.454743145625693 0.36508391468857 0.393228162338813
0.501289994290457 0.569202192227661 0.35830479862076 0.387698811152278 0.380674791226713
0.423178006799504 0.355607774979668 0.374057112272297 0.424611849226325 0.36071505508416
0.439565216493093 0.53197824341804 0.382682009012513 0.401290626617273 0.470540684644713
0.405734823983762 0.359305923146511 0.381545115384336 0.401511063316935 0.543798009295686
0.350901183088277 0.44086775305711 0.518144521377393 0.69876053260951 0.307841159845415
0.542944916070444 0.380618145651972 0.402231255758109 0.454573487573327 0.463672252002402
0.478370074498753 0.36192791351845 0.318400264130483 0.347405242426743 0.393431450430358
0.482484474159878 0.405746899471382 0.39711365420203 0.44168452823932 0.331383843709205
0.399843110978342 0.464237279549182 0.441760052988473 0.467802732515087 0.525638995921469
0.36820371515211 0.344211471945767 1.03700963600586 0.346610835951334 0.349656099349028
0.597514336362136 0.717662188881071 0.495575696636617 0.482497629262354 0.51632693773634
0.342785185174737 0.404381339554075 0.333447158487782 1.21855489304596 0.33234800723889
0.412044421267725 0.4623632351046 0.476956598702827 0.54919973457303 0.356204883439143
0.398798566681443 0.333141468712143 0.384514883141852 0.601070543165462 0.422331272926471
0.376368551402309 0.414231788013854 0.478964402019463 0.340266373176202 0.356775965631661
0.401382582484697 0.418859064658829 0.70650604478953 0.418770273088238 0.382450414449549
0.412456369029145 0.398585322788812 0.343042158749533 0.464253880635311 0.332579211489975
0.366973793260434 0.442470782551052 0.695136533383239 0.760579346677012 0.317463654412356
0.521022416462832 0.477388323425747 0.40389582397143 0.337648271952359 0.338392648248563
0.389107418943912 0.415879897946245 0.494844075732568 0.40842504134425 1.15041111815934
0.514465641082443 0.366638930718534 0.331242757395459 0.358389072305403 0.47162351745563
0.384432630852945 0.402412157334497 0.412270678600645 0.958608327555984 0.381030564711708
0.42028756710897 0.465973200164045 0.375937804501186 0.379212071853955 0.387279410892549
0.769688029574649 0.444190488071799 0.426139570432684 0.395275337650465 0.372156912988387
0.572150302291989 0.435954201353799 0.426050935418113 0.417392494382511 0.341558030039507
0.42566487852093 0.337856977272654 0.446438425614563 0.337407514862534 0.313542430796541
0.386093714084419 0.407407981279276 0.371145500601872 0.609752767795376 0.360586523805389
0.347096627455276 0.487625819344191 0.705232538789253 0.390859222577852 0.40036794859431
0.460150554954093 0.57423066235184 0.528335605230467 0.412969170916065 0.441646225192645
0.379882012970648 0.539366127517272 0.313970416690384 0.434033126889739 0.336394105206331
0.408829490098301 1.15279528099929 0.382228832383672 0.370025720786544 0.345100151201849
0.441735097832558 0.337379791173968 0.379191822483954 0.386517144015513 0.440649820690985
0.413974070820423 0.543826930669603 0.41569642623827 0.472535677168456 0.599305572020153
0.381428426034591 0.332540085727369 0.440149330769844 0.39679022048918 0.398901687950403
0.682291474701483 0.432844537300805 0.358397776340853 0.414000488194278 0.372260592073132
0.381528841758015 0.366913793459036 0.455620620344358 0.351736861145027 0.45797554082748
0.412107202954235 0.669892643865017 0.475267065778868 0.359948072477071 0.335879861607567
0.416933311614878 0.323966330276164 0.39702558769121 0.543815860601249 0.456964767165448
0.795343963693684 0.411084748318012 0.403702855056953 0.482903031885291 0.348821198877096
0.497426824027204 0.388122248921607 0.474672755233342 0.377408924895346 0.426372816962814
0.330792874175104 0.415721841199144 0.373765011046751 0.402682580407411 0.655406058389435
0.433811650812662 0.345723229056101 0.543395134681863 0.353126388394832 0.445020395693916
0.413942731006584 0.34781659929485 0.387419470134844 0.546016672363299 0.33042629956119
0.424554644009094 0.57310792118925 0.438549906980293 0.401850157213205 0.441695444481765
0.497177006641736 0.538448600884089 0.507530997710655 0.444185931529254 0.463413890413444
0.457847698303879 0.420077764199332 0.551770895482011 0.387250750278991 1.04659714359313
0.406513229849402 0.353899522701383 0.408856986423196 0.513677780515355 0.361516359006298
0.327384780732673 0.443531115988352 0.662883751876328 0.474060026969239 0.441778640662291
0.342761519976022 0.364357191006384 0.453087274658409 0.622825477938195 0.616103947207104
1.32582079790797 0.400699383920676 0.532680249511585 0.375476086031155 0.423679539154809
0.749226634994868 0.450666458664083 0.542522302762301 0.492390665630769 0.477032611937136
0.393910812358094 0.455505861795993 0.314941743841996 0.34826807363524 0.350380589234212
0.380156152554675 0.487083393920559 0.415168254830831 0.474439710205766 0.331681136106521
0.29643213155009 0.366761842714821 0.315404277493122 0.379107749187412 0.455148925863152
0.403264087886372 0.542378788390762 0.44702373032439 0.407951971527898 0.841562768760206
0.648775051971801 0.511876473764938 0.451540206377397 0.387886078955378 0.376330391211415
0.564595626951778 0.390266024027994 0.475362341648184 0.390424136829712 0.377462818224524
0.552058478156994 0.418277955395613 0.342873334484257 0.418382143645999 0.705711293502668
0.553939063969134 0.567594124193755 0.383080922075626 0.513210077299527 0.448916718635042
0.369896058014092 0.346208077433589 0.502397603808968 0.445957589452372 0.508575842650975
0.409779395532219 0.343933422363412 0.557334680569596 0.360400107221459 0.40158074239554
0.361379806747545 0.621984745336697 0.399259734203684 0.383713742948569 0.32900422941297
0.387486885715611 0.562144037276276 0.405249785431734 0.448849012713545 0.525822146236036
0.511627105353435 0.350798187076851 0.454973073517176 0.485544430394192 0.523581208332541
0.370879898481283 0.375778171074145 0.436649060613358 0.736340079833893 0.46668180405996
0.411088784884549 0.313270244633586 0.369734795605549 0.359169797056622 0.378411466508225
0.410284939830777 0.429465335380522 0.588004615541388 0.457233738943731 1.01307842609628
0.437447203580007 0.543578307573835 0.469835177801015 0.399036671354674 0.42724682831967
0.369504903363917 0.423709859731358 0.455506563153797 0.371254035831784 0.385557168377717
0.504645686737506 0.421045515587339 0.384929185308477 0.665558580107563 0.350791388855274
0.412993302121119 0.403809023739259 0.843408817637023 0.399486476680859 0.330343492931587
0.490007324832345 0.335274995081411 0.366412772452227 0.373821645428338 0.393668744833744
0.356655175025422 0.334712072156806 0.327408753580583 0.356225734124179 0.613821471301815
0.399965613349448 0.459312087299548 0.383790429851096 0.349160515474867 0.436990536321836
0.373397798372295 0.389076902782378 0.455456273345098 0.621745150289048 0.382192790978333
0.457317424179227 0.429737635744281 0.493204595880486 0.325692592568855 0.376964923737992
0.371714525383078 0.332332212508053 0.338133660015458 0.520415359330638 0.354287676827925
0.3187804370089 0.406882599230055 0.471059516103962 0.48028411570768 0.374474402873372
0.40475992889745 0.302016116162223 0.408504725318313 0.379132757502507 0.459607253427818
0.516360274519459 0.363788939312601 0.538754415546523 0.552900237178515 0.382748493428249
0.333229581808037 0.459841418008198 0.312318175168444 0.388674229733186 0.309274574554315
0.347350187579077 0.370015563889543 0.37539449315083 0.361539354426035 0.486824734784158
0.405523975551205 0.32789699957838 0.336832462307882 1.20394840983241 0.336793572406295
0.421649212855548 0.70810848203881 0.504372733620875 0.510921651034781 0.47396764972114
0.588945975540947 0.610945503419084 0.468094262924896 0.334731272426562 0.4111589605133
0.691882537339347 0.360710360294433 0.364559510456963 0.395737212078336 0.415624153644388
0.38863413344478 0.413532151091975 0.47461144631178 0.465596669815761 0.391803687529928
0.37104537997832 0.496449690647043 0.401056158135695 0.760340789595291 0.348491157725882
0.392419456453257 0.434469594215219 0.340668952103658 0.649380994003965 0.319946051777307
0.493050010606922 0.436830374473547 0.485555564115387 0.491059344548322 0.401219218841516
0.323584811643969 0.456809802412975 0.367568500029827 0.335915493292071 0.381996376446936
0.366275844825696 0.379480778085597 0.321682884318024 0.321975770448432 0.417660694477968
0.364041247284124 0.347056616959975 0.395238561542799 0.544102687044293 0.421675428524044
0.369942223001145 0.387633761264186 0.386305365500467 0.475971956483217 0.501486195173222
0.387041506547673 0.338081426875854 0.329364284893819 0.417464886575054 0.363121577747092
0.348328697995358 0.509895776493453 0.448211892275266 0.525270309692307 0.344358140091324
0.367962135760167 0.388251630359362 0.459311248794739 0.673325510852191 0.457369855931297
0.483925732417046 0.462977277085375 0.431681794991574 0.412372122516388 0.414776834113647
0.366705908051249 0.517593971132978 0.371566720698557 0.339062531355884 0.588770672074444
0.426367613368628 0.341939746269393 0.477811171883415 0.422843192314753 0.613736347748072
0.369882800579422 0.434157750274282 0.328112681090268 0.490963403793471 0.640200904289669
0.346644188670837 0.322801237923224 0.404061492567675 0.462557136907614 0.533594523041166
0.302115928561553 0.48516974795253 0.481827439260361 0.453618203093292 0.377511664987609
0.332324385103378 1.85718082749024 0.356685967539154 0.40485018685315 0.392504665653786
0.385069643626509 0.440354658974919 0.505194909896362 0.346600182445099 1.21136414126817
0.358270555742456 0.364810742399954 0.466160592390681 0.346116879574279 0.346569339252124
0.467923268640071 0.347289189244133 0.352258488467215 0.368591603158156 0.447322817785914
0.351999181242583 0.572603788154622 0.396296172276306 0.301087072561332 0.361551361067596
0.330028950398399 0.384298869082166 0.316527094967343 0.37382200389715 0.338083120866872
0.395966663629119 0.519197529201173 0.318349029178374 0.9036670596146 0.384978033597666
0.531405137355923 0.390060199856152 0.413541422305767 0.437986276455605 0.411192077183364
0.544676959486769 0.344459910101951 0.498290701410349 0.386647770208809 0.322825887129813
0.467102497311383 0.462139838467279 0.4490663654764 0.34079588827388 0.434721821660942
0.409196955693028 0.400179966512415 0.336982680359697 0.490152186611098 0.330532628202919
0.317109337525499 0.45865144275654 0.755216025860587 0.34198635917386 0.40597783458562
0.399711631522839 0.35945150413297 0.359189869085738 0.519770882385483 0.505915591207538
0.435979687663298 0.439093453603649 0.329564471729216 0.417796038949703 0.420729497263979
0.375730067423519 0.564224339414857 0.34624514743762 0.35252983438883 0.352897189170645
0.500759180980105 0.378065413134591 0.407146110024427 0.340163168833312 0.466407825535858
0.430705719065521 0.390842029298923 0.395509321877914 0.526101344598261 0.423565206277546
0.463778922032374 0.543796364915019 0.483877270514575 0.44339255569025 0.362186191173892
0.341927107367111 0.504777795701891 0.355733063033822 0.609516799823996 0.48077342571295
0.353603347700105 0.465450372779225 0.590262554183425 0.379233570139405 0.431014904707403
0.398905795809671 0.35360556268644 0.450413628323126 0.447836166509381 0.583886971668325
0.352192791061248 0.612540740173235 0.375194497122867 0.470187573938286 0.309442773264874
0.7071338269043 0.402797247359669 0.731741942531884 0.342943328084291 0.435773520258307
0.388550918592136 0.319820665163681 0.397363832917215 0.512954566662085 0.325145292136193
0.519043013637259 0.559174234265904 0.385983638624152 0.463826573130231 0.474706538450364
0.934704531038766 0.708912872807829 0.439629214772887 0.357397514126003 0.435380253666087
0.380011164638229 0.455335781773472 0.444114727986249 0.354179593822903 0.451301532498548
0.499000643354134 0.548969845350063 0.494356852472321 0.416546524295036 0.415146700224777
0.800925599856427 0.360159318425115 0.319718516948273 0.393089272493641 0.287074384319472
0.428800398882584 0.486890197926345 0.421243781451132 1.00419119690947 0.348473238513145
0.324313806109688 0.473827540625028 0.541591848768381 0.432460605706965 0.335212937083091
0.470598421814948 0.657762449567077 0.383425480487989 0.434810081376773 0.46445451320396
0.353035851604411 0.550500941866193 0.475092558330216 0.414591596308306 0.35439953974132
0.39650085272705 0.402116476131647 0.962325527294309 0.408679529992895 0.510962450624313
0.38533180003847 0.332187059034374 0.57239719786083 0.36827748975561 0.426216486401989
0.406898689849821 0.338925307531248 0.407748720041794 0.432626262395293 0.399030902327437
0.32683405863815 0.813367489113976 0.488365926019329 0.361219309839225 0.412306837168702
0.434228033998743 0.331110323633789 0.465215170875462 0.38724833015838 0.43567086026499
0.381026816819371 0.519790369745714 0.829698556698234 0.338571675263181 0.409931002443531
0.43975959403112 0.465972450730442 0.417069022583861 0.405621068089512 0.378534660452856
0.385930051049379 0.3555244770603 0.332757952714491 0.682620872013842 0.356891893838126
