0.598447656618738 0.365136809833278 0.368703200169029 0.545342749299887 0.637340357051718
0.352987022424524 0.442063258574583 0.441811868319624 0.40501993483029 0.512359743907635
0.571791439233406 0.396146241618167 0.333097655730539 0.497273480302776 0.506353145873582
0.388390882587346 0.471189018887268 0.336041042045628 0.406794473680781 0.442983495459434
0.426757457469306 0.445852328294587 0.4218396523277 0.464121526044304 0.347836524408515
0.436214022593786 0.313702680201514 0.35668345556331 0.41040882892215 0.383335441964692
0.376492264030104 0.429773449316901 0.503296763156789 0.427661424813417 0.473739605140102
0.328431198778352 0.347503932690887 0.371953684218577 0.342188510167276 0.51291818740692
0.349641538332339 0.399824841900726 0.453713532498704 0.379087141020057 0.540959170064458
0.313653069796639 0.645387021310906 0.378373358844647 0.560345211455181 0.323168610584645
0.387910095997086 0.662516490889035 0.447450252437316 0.38112571829747 0.36846024124921
0.472933156599909 0.427799156412373 0.488250131029388 0.374067136375369 0.473448880216361
0.429682282445887 0.372826642573152 0.325561711357679 0.61376106339241 0.443534523591173
0.398674994513568 0.630357458537088 0.451596642018109 0.385358713569099 0.595709706535114
0.359071963649963 0.342922715647156 0.430317421470925 0.385063751370692 0.338479775937077
0.562530438422584 0.373003632678982 0.371112996820543 0.456483293709192 0.43802795427834
0.691719338548868 0.347083258809682 0.363716472206659 0.359472819227007 0.400224681509732
0.463832421965947 0.476645365783261 0.340347523829536 0.393691555838201 0.358347521628284
0.331343763756429 0.376115493790484 0.402493905602201 0.449078650043622 0.313074357648224
0.354394997646818 0.364737094132955 0.350178184387374 0.36499564942035 0.38336679442744
0.419090756600237 0.425224172300641 0.443100230474042 0.377395078038775 0.98086057009066
0.462542874889854 0.446271009003723 0.377096091259322 0.62268150181072 0.391712668420571
0.478521626191623 0.517812311479734 0.462655435367177 0.49102130299263 0.421764253888387
0.363409970077575 0.436557112815256 0.340342463783859 1.01065764013441 0.348441410252607
0.411091447383275 0.348067932969064 0.408082707884629 0.360403228120533 0.497552208796267
0.390296065176154 0.380807371281234 0.441415464127912 0.879545391192126 0.696555496454316
0.419949021989586 0.384804808600007 0.403646246431497 1.17488133473873 0.413835374801615
0.348996185722394 0.337390290809369 0.334728445170837 0.39623326962942 0.367518715883246
0.342829139938683 0.373896227734811 0.374366884250473 0.427501808710083 0.375692613540463
0.430283129260029 0.352055510998991 0.356303104498542 0.312867980656669 0.367932230029716
0.338501888264259 0.46757479204598 0.470335273563053 0.361678459427381 0.375076249152126
0.583137604905757 0.33305804679804 0.575777862519366 0.411874695855233 0.404694571410459
0.403619547591891 0.336814970187473 0.319714137995997 0.374740762029583 0.601188495837985
0.319188845556353 0.376757859068572 0.536922405149002 0.426095606219836 0.401794972206121
0.400973965852724 0.380921276800473 0.346042354105283 0.666861215841508 0.600926464166143
0.378136444929544 0.327283960180042 0.427862871738304 0.676549365180185 0.694952182905068
0.576587891311043 0.593470715694718 0.511355653103409 0.76883488081048 0.454935311615914
0.404822594387912 0.381702251523384 0.592814811788392 0.424005723569754 0.563318942901027
0.37619050241996 0.371071401997781 0.347349374859527 0.661503574251401 0.380100713137344
0.340101968296817 1.12033642502976 0.348259363922365 0.423540120700101 0.360942295902897
0.386442856647999 0.465423581182098 0.345618811943507 0.87625835436004 0.35610213252196
0.517075996756618 0.720961461303176 0.554010560912362 0.3781742049348 0.669884113489881
0.561576324698047 0.34358370553328 0.336458091362191 0.424295717175864 0.364796694032051
0.395379695382975 0.424838726696402 0.316227163927898 0.357369623854739 0.398525305647674
0.319588020994842 0.392103109666202 0.509183139202005 0.503649226904765 0.345133584046799
0.362385309548851 0.438333584488136 0.463003917260516 0.547046636932501 0.415131643771243
0.559937639966816 0.367354634354036 0.343984642800572 0.328978774807752 0.428984966319311
0.32428209498528 0.351442373635553 0.339738573943463 0.55509774321426 0.369659720051609
0.368044327174518 0.364982494560414 0.323862889412697 0.460255804039645 0.34998306555161
0.376621798892484 0.675345722337719 0.452577669045968 0.455319387897942 0.467193227027808
0.415966172831498 0.47901149420667 0.378147387601534 0.337171072959368 0.374161515234802
0.379477887845164 0.491355931961672 0.39993250772833 0.443826749449003 0.415524126493166
0.409966457523276 0.488930095436601 0.410201975391875 1.00623047410265 0.440327793323581
0.982808150670775 0.344054660372416 0.470946266792247 0.442860305061919 0.387736645274557
0.31489083375912 0.387797745251269 0.469002649549926 0.397440594681712 0.497116936669145
0.353801333714907 0.345894042532618 0.366182377412315 0.577694911328857 0.348918102836329
0.364625953687326 0.50037321490239 0.271959379927119 0.347388747652408 0.572579368107601
0.347256296055311 0.380792415582592 0.324708286196673 0.470479997462766 0.473148571778312
0.352047772805726 0.359987257377938 0.371835230243591 0.715551339487947 0.430424555271959
0.393718696378205 0.405058181161698 0.290056193691546 0.358569936009836 0.355391103991663
0.343953587829715 0.458744374193277 0.614675692379476 0.357394862419069 0.473286973788541
0.323134354972444 0.541895989189494 0.54395555399511 0.363045525330049 0.617483935306535
0.320828000059056 0.343176612098658 0.368505053684786 0.334394498530196 0.412527683010294
0.520831775306732 0.387816526879631 0.412019105177619 0.32515085412666 0.622549160164903
0.396897975457681 0.36620385405059 0.395603540643493 0.523760208262036 0.385333061466225
0.442009771365492 0.451761876550484 0.867047207565297 0.344845914505026 0.334937529688501
0.401567507645534 0.43007368128425 0.675032437108297 0.49650836004518 0.422755691233433
0.57215306812831 0.371474242383815 0.411167607002185 0.565617722967668 0.386952595813959
0.577724875343185 0.445157722433896 0.59604050605912 0.484193442925971 0.322519563130477
0.787064148118966 0.419571805697875 0.387434500726522 0.411569975415747 0.386585328888458
0.50395948468354 0.322064377400897 0.467306895602594 0.352800963638543 0.356440780688377
0.393601155317434 0.352025218447983 0.342596899216573 1.1081224510939 0.34531460400681
0.382490924938419 0.445927670147352 0.434803954818694 0.342553614849976 0.395548215009371
0.49899316825174 0.560064432797652 0.403639567390804 0.477424551665101 0.395023763234804
0.409682707684065 0.350858424702625 0.380250444106583 0.420178347439724 0.390909282084027
0.320271417750891 0.632223833447551 0.36018190847403 0.397505140365773 0.354903350223223
0.363933015747309 0.435012899058851 0.417094963294081 0.537482348722285 0.420188761494854
0.340957089473017 0.398563033321201 0.351696595731338 0.43617194869223 0.427993647488368
0.410276866412246 0.357138313433053 0.409915170412496 0.414137397786597 0.364954670922613
0.346913894235492 0.634744439033334 0.342856347173153 0.4281493095938 0.45604400566913
0.347722306638261 0.427930604111788 0.488770299921307 0.621258735136735 0.368848362629062
0.492262939819144 0.39161360569691 0.316661583934227 0.393307451679866 0.443041495431359
0.588802809647734 0.900975976842423 0.37715756694226 0.387522005626976 0.43550263710398
0.363548390268244 0.477919879251385 0.365451762376207 0.367772941175057 0.409616102585027
0.498903868628723 0.365998640551083 0.368693926313624 0.407885609153433 0.36748388897864
0.388949378731137 0.403829563630645 0.359677424509064 0.417420643618503 0.377841371740084
0.526765787886871 0.575149675078497 0.33862319065966 0.373985536574027 0.347959223088065
0.501528794868965 0.457049106837377 0.390347144382497 0.374403960867193 0.407854723278194
0.34538420622114 0.467395205155334 0.341963077384495 0.609821547321542 0.46439898664944
0.450807895050026 0.851208799569957 0.409411665163466 0.401832790585666 0.403165689248286
0.487147102746174 0.616344299684599 0.924386689577543 0.423725379834311 0.427097314652796
0.461782698709417 0.418048069938399 0.406976187357414 0.529939436352689 0.433122261698075
0.359385221133384 0.426883311317433 0.348146851870638 0.41482893032317 0.338081735094149
0.3601859993762 0.586486949847222 0.382442128311127 0.480585124318458 0.422114139391853
0.297691937968288 0.412052175290375 0.363730118321635 0.474228685927918 0.472181235565085
0.36714874851147 0.494460542479555 0.365991973279279 0.407450747096697 0.43579588705092
0.357382085422208 0.311975014517791 0.416359454533527 0.420787600601284 0.322725943898514
0.472840777716128 0.467114959919333 0.473132762776711 0.873054072604525 0.349762283263125
0.668151323631356 0.430084807244569 0.356249998563211 0.54101660662349 0.433831621326095
0.806317006336724 0.380406852885285 0.399086539089608 0.438240613872068 0.368937249424223
0.336260034790376 0.371236754458096 0.408096175458419 0.478500763721788 0.391803396803477
0.460791386964282 0.374486291489295 0.377431949835251 0.527543619350641 0.396560559104726
0.392963497511566 0.35423477943643 0.517074134042628 0.43648629372368 0.447202353290006
0.333903842179038 0.372785836385482 0.549705565850205 0.540140262762629 0.344074850718073
0.465121794149623 0.488378170809439 0.396907517790747 0.377168707670923 0.408381534749984
0.351366521944513 0.674649691195315 0.51717122944296 0.414673761376529 0.786073403306965
0.379267525540007 0.338898724882788 0.398922159996971 0.4083078460794 0.463656837410598
0.351917025928236 0.343871556133483 0.350532424272598 0.366456491741823 0.608598381451435
0.372764758513499 0.410102087058169 0.584835556688124 0.374909257817705 0.406945777421516
0.46575418066312 0.391403618745941 0.498600915074821 0.413574529448006 0.474077377650053
0.34811507916656 0.382516058987178 0.34398212516322 0.373048421065319 0.356729076860724
0.915633176468064 0.443428575789508 0.357241958785491 0.446177521678663 0.399392820733721
0.370744668580426 0.375520049226123 0.702138419063869 0.351674379190476 0.428160935720342
0.558071867785283 0.398516824393531 0.406650516022493 0.654304914647071 0.329801527738801
0.35750839303327 0.508548096232447 0.364543565680937 0.436711869791133 0.438592323489255
0.359373327851881 0.388009211159963 0.395200871093412 0.341760740616729 0.359910470606279
0.403251790258494 0.317260674706217 0.474604016147665 0.511681556598246 0.349880704606814
0.370466179951704 0.392689676444531 0.417539925465628 0.403092500396114 0.332372257715734
0.375141745089623 0.344046309231721 0.388858931189841 0.412753512236413 0.361496153350061
0.428814559341796 0.488663652590306 0.36035887707155 0.455305450431691 0.478451687999142
0.370240627472533 0.351614054358021 0.340479981458708 0.395288088987815 0.341534758336056
0.698982163990738 0.452501646829922 0.417834903896378 0.364617603516522 0.360434687797889
0.284975770621177 0.418444139592459 0.766800180471045 0.417851233488852 0.330478712011138
0.301951317384883 0.384688186219623 0.406644770547597 0.579534804789753 0.445016484910396
0.358423973241009 0.378445561464423 0.40612344375061 0.371542819948872 0.382642781917374
0.425976117885103 1.42862555812121 0.330385766643984 0.426434914984316 0.314307586355046
0.333117950777792 0.446220504575918 0.382101658406332 0.366108288982878 0.484321996339188
0.403332817472104 0.875627880959753 0.465404152147225 0.488632771971682 0.422053460760335
0.332465781968742 0.352180833151282 0.485792624908077 0.547741858912378 0.348732272504383
0.372766315549235 0.387555465043212 0.46257432792367 0.490100939902658 0.559667922750711
0.382045627725578 0.798955729568606 0.398411653267986 0.393562014308264 0.507887469184638
0.291249064393758 0.395033831936867 0.452188162924961 0.362276186821879 0.432376850220154
0.533313043332544 0.428620704956302 0.451119441771173 0.323253525948459 0.470511150908713
0.352258508773911 0.358623678396113 0.466212913072097 0.389041902092462 0.357336116141508
0.3676534539248 0.350788407909992 0.49417465739638 0.61504192739158 0.425180908714978
0.473468592891095 0.470991238423627 0.513917652187835 0.443391946011311 0.435088791666414
0.379120209433938 0.466479758952695 0.492826979607129 0.411372231709712 0.34818050843779
0.379275915487884 0.47850003571017 0.337024279967299 0.389401172904187 0.439573191509166
0.384086215079403 0.578552894037241 0.444934223320196 0.489979195113913 0.390884291148161
0.395037452765504 0.431802276628059 0.427133458034163 0.440281721136949 0.627678347604536
0.516792113867094 0.472135369652906 0.38514985072111 0.493135499534408 0.441484482941299
0.463810035042832 0.442636311210523 0.501185825277966 0.418411000455069 0.521149338069583
0.359250161833718 0.644367187868985 0.442404032296856 0.494421539799784 0.309785673325679
0.52125192462474 0.490937171186535 0.411815804070267 0.402916405881669 0.353421570518724
0.377468885382041 0.375648437076372 0.48204502486733 0.542318716876016 0.421094793395422
0.35614048063687 0.325964767315886 0.347184042150738 0.439977419386737 0.388445068574324
0.440754493450124 0.688604560038181 0.663721048720715 0.358869537799892 0.349109596961559
1.33388481672235 0.438861826194768 0.483333166318662 0.419424903293222 0.3475031876212
0.364155214477902 0.335367374629171 0.479428672246852 0.375243822560988 0.371069453907307
0.337746129445599 0.42542225716178 0.502986800007022 0.462315377358783 0.425128150876812
0.484278744389378 0.424010684889698 0.51840799390254 0.398119961781664 0.417170169138547
0.324458560914544 0.680470546085924 0.389968420837978 0.414305607784371 0.439879941660113
0.444856051681975 0.410040514424643 0.434390515578904 0.325694799467549 0.549347042266811
0.385865378292521 0.385019906653108 0.641847553489286 0.566977742032941 0.437060817957132
0.329180903194347 0.430365939714629 0.38761601684871 0.503485064083482 0.323740142968438
0.492410016398141 0.508087757921951 0.360998191642296 0.329734162680547 0.366684901961698
0.348544978791625 0.377203153190217 0.325590228283526 0.391110105472828 0.479155704852982
0.386434532427053 0.378389983489698 0.326777712865455 0.432639458122507 0.638808087025474
0.693204983046133 0.373960719262819 0.317986721114437 0.466803082852473 0.330540490761006
0.472046685077239 0.567009817689302 0.388413550555835 0.519586473201442 0.44454601662505
0.353140506292537 0.418151482422856 0.312716705307007 0.403263637935431 0.375314737430151
1.10540918091891 0.650879160847651 0.414934338763987 0.409471207637092 0.332265425034355
0.321824507569568 0.342805007933329 0.455007059370301 0.819890002873553 0.405462785581011
0.335631603292319 0.407779606780184 0.406444742691354 0.524504688586848 0.468611505605148
0.390842412236468 0.570380770111324 0.420916659579275 0.313490378541277 0.513138388131835
0.597373665506597 0.408319291557198 0.381203826745717 0.361134317618676 0.442744609913658
0.338640512608834 0.454375765957857 0.371710162887631 0.386923886828149 0.343363875432178
0.382076672071853 0.360159566613697 0.408325061464114 0.386998114588345 0.853362647828137
0.333592529984891 0.715641172469712 0.481110735661111 0.374344100818816 0.3235530968186
0.482513038425581 0.398433042855211 0.432999087998559 0.364554770711515 0.414955692843307
0.388124633675796 0.500986424150688 0.449077107106383 0.32475578376498 0.348137976582568
0.385149947690666 0.333402876688446 0.365288580878312 0.338678798836509 0.36752224395283
0.345896246179972 0.551612658740472 0.48723375189642 0.569702602051818 0.374081904860291
0.386177230201579 0.391117412806342 0.379154578702801 0.387588043444337 0.516819073480355
0.373903687216617 0.487920966632821 0.369946362474356 0.349534403809854 0.441875998698663
0.338999125486138 0.316935901010972 0.521910674294012 0.378622434047741 0.416283412858105
1.29890896164229 0.43163162353091 0.473057634948908 0.375138442038118 0.437084809164498
0.417896299318679 0.654206216475963 0.49390597799633 0.441180574498647 0.691119944700461
0.40907083975838 0.427888704011701 0.333652226884039 0.471782893332141 0.314702538633146
0.350676352808138 0.330988592523439 0.361584107072616 0.384368081667356 0.346375459444494
0.331843817622773 0.549490353267859 0.375549536487284 0.3037867536341 0.416795631877678
0.391290782204499 0.405515919085301 0.350724717875382 0.379793405261047 0.402305038253506
0.57870322885603 0.52477713345432 0.406368348494917 0.531814374844852 0.492597964684252
0.442733792345586 0.592786797981024 0.471470273459907 0.51527487496284 0.393432052059262
0.598640538172241 0.343238920798399 0.329610455672502 0.447002611357636 0.429942581787046
0.383124281510809 0.970058271306739 0.382534413750984 0.406257296059645 0.726283353988505
0.359699563487181 0.364201156198826 0.443228652897821 0.358627382857935 0.854817469177017
0.43218895673124 0.382338546201631 0.354052242862999 0.429131154139771 0.334456491156131
0.68617575016779 0.403715251943761 0.354214663926904 0.488919542197969 0.578638804604201
0.450153832627133 0.335370432467019 0.323987189582133 0.390760911426952 0.617461928420013
0.368555460194615 0.38960610755521 0.396558988284493 0.355051453365914 0.417532882935399
0.425289209006478 0.370883605833108 0.432664295130034 0.492120449093984 0.392296319692363
0.383600873178431 0.388863104620804 0.335938491894314 0.384896589899522 0.432221091053205
0.371752168829845 0.498488690284168 0.426767922206291 0.601325459433073 0.36686720533444
0.339739818710746 0.500962739725747 0.439771821432276 0.40206965450094 0.451198946208033
0.487570254344929 0.420228071273012 0.511685068050815 0.406861004847032 0.29372609022967
0.522405679767453 0.439803557239577 0.698400933269737 0.357402973997275 0.39844429121579
0.477712634160343 0.449419793145482 1.00391246225378 0.417703438155312 0.400944953232862
0.443794004737423 0.389542727085479 0.456385007470976 0.407656502083558 0.335128097734029
0.400595312305378 0.379363273575903 0.492236517256337 0.343529933044261 0.382417071553402
0.426567096926957 0.732715049099888 0.350504084059428 0.381261219239337 0.283887505000287
0.566600772384184 0.384971232613554 0.354592246171053 0.400519068651088 0.43216121109434
0.459524584598487 0.444600022400042 0.572065061753896 0.496450360918535 0.424400004939522
0.345513639812273 0.661032047395548 0.353690336236605 0.444114642357136 0.484149476275812
0.371437830278367 0.380871589130528 0.431373055037073 0.58370209472311 0.35184618648695
0.411779892681712 0.504534906322367 0.310126280585818 0.370255872866413 0.467458023625822
0.348523315345233 0.400570558162116 0.520609343399874 0.377127906891541 0.416764251894482
0.351420854764853 0.458605677295025 0.647937656754575 0.405973337857259 0.652212218292113
0.390084573308352 0.327136039846138 0.423460155171187 0.380134442933397 0.602292840035479
0.343409955639266 0.436962958103232 0.648289586390978 0.433585252808348 0.353476123553181
0.32803085151018 0.403021083029894 1.01365887551259 0.428237856074069 0.36461552305413
0.528440575956152 0.489899277684253 0.317944028029111 0.369039245490101 0.345878198335505
0.330495585803109 0.370703049208428 0.912256066579979 0.524838473376184 0.317955141829776
0.403769723820475 0.391361885000594 0.434831357137495 0.398972649268506 0.336072743552152
0.359901805086786 0.349444757564874 0.427642456935322 0.347446117734514 0.566617360304775
0.384285757021617 0.470770899396189 0.511364530957873 0.457597279528244 0.422503858825887
0.586643461991266 0.64018478939367 0.623059890621992 0.427073588121176 0.380142297164486
0.491829000689127 0.37637431023811 0.548661245756671 0.314322495482179 0.322397835307832
0.310659598556835 0.287152358097651 0.431987720047205 0.416564812875197 0.323409015889928
0.379722285132296 0.470357416561947 0.512678056491029 0.429404367521589 0.399041685628881
0.356817703039814 0.319043267958609 0.403301684398991 0.620075582978241 0.347091971126481
0.490343469085616 0.45022059133427 0.404414336017449 0.70382245277686 0.339899430243634
0.321958889862934 0.411543555328903 0.377962492103769 0.408184039619912 0.733370319686413
0.293518868525232 0.377164352663436 0.406649138336787 0.410380898010303 0.364702648296909
0.360782362193859 0.378383827967057 0.478475625794889 0.466669771582752 0.417748420137211
0.457045310509535 0.44204361091907 0.544931809925108 0.402033191702002 0.678291689333695
0.624732810208297 0.459723306663237 0.540837872936437 0.604847259259153 0.434035746557635
0.533008964195266 0.341356595524745 0.353954952955589 0.315068542282285 0.432905033729185
0.628695195107416 0.358193186315068 0.337507736432723 0.619294161640173 0.398213054026813
0.34260434079503 0.438728718383487 0.442230789122538 0.422411902406621 0.381946592837284
0.346302954816179 0.386178943470848 0.37361773148591 0.456969363157217 0.531450199728728
0.665686201858649 0.365484009316784 0.602736389681171 0.51309668708116 0.532557025855173
0.379808462352951 0.304531069872548 0.41669414882706 0.472471494430344 0.357119728739889
0.526754375614211 0.403934122966589 0.423797683412027 0.406270217682378 0.470561662393166
0.307397764050501 0.398041013014291 0.354754516043157 0.501404852588528 0.382121372820082
0.404235886692103 0.40214202243284 0.450968107283221 0.546098298764866 0.484230565852742
0.613307504688033 0.359849440385851 0.420003152573253 0.712346765163492 0.368459186926788
0.509767665943414 0.38876705866825 0.435125584733264 0.415717935439251 0.374222562166293
0.348744041979454 0.380622683239297 0.352022627839161 0.426469067868025 0.508592801920145
0.45432458497089 0.367618669365626 0.334980306682149 0.477418012149505 0.396170490973913
0.353000005691316 0.381532019215431 0.505677228120504 0.497597136520331 0.476237909245356
0.340886715971252 0.319158458508908 0.322572075215398 0.535187538089223 0.391092080778191
0.442442288203576 0.62811977647686 0.638871967020866 0.753092755373275 0.354678661765204
0.373017094055697 0.383066552701239 0.456337866754735 0.497094731043434 0.415970595102442
0.402836529908591 0.384222636805985 0.359910560808663 0.586893470734162 0.375948596603707
0.33964251352552 0.435989110471902 0.52982615394212 0.419451874675035 0.959035617405751
0.32819150894319 0.388465064979817 0.473272968571781 0.393639371405631 0.422348556181401
0.514012929021558 0.371149140915674 0.465829281599628 0.39607554599969 0.447219769659674
0.586206084540454 0.35388854141333 0.407522284152266 0.435433026508243 0.330746888873937
0.400469291323017 0.479239447680475 1.09645098199001 0.423555670293628 0.608592879245859
0.327610975368332 0.580896832231949 0.553184590422376 0.375677153919423 0.3969626659892
0.387356389540574 0.413329283701027 0.49051670655278 0.331737765936856 0.483870418159295
0.392128324044109 0.390050079020204 0.338759898736824 0.458771346704227 0.540557606703352
0.376159663880949 0.450164975219094 0.420651758721611 0.439762641687447 0.336559302858691
0.326450090518678 0.472031290529366 0.349823340052064 0.477772162939946 0.609515228822299
1.08026331785901 0.337747154811501 0.394903589922797 0.315840199883686 0.362190563198098
0.96831683393691 0.460741052694867 0.41643697881006 0.383016387900618 0.399849601732414
0.386244245511923 0.393680357990168 0.419565424387883 0.475361503389428 0.334401965443704
0.372739398159152 0.397870889235654 0.579589023480749 0.375498023006777 0.370570198839637
0.39980233366139 0.383850851527184 0.316764704669036 0.395572280543673 0.324187976664295
0.440505719575495 0.482105169234924 0.383690413722085 0.430781283344164 0.558015780450247
0.4962353985248 0.323842846999251 0.350835236048463 0.36584975856059 0.406379550423088
0.326864510415355 0.335312419818756 0.543854879252369 0.906905648631944 0.37991928251296
0.670318414696481 0.371497410518146 0.368912812340442 0.379881195302037 0.31965669766126
0.749322674103813 0.469432406096796 0.47831736593094 0.49310864319678 0.36073336076597
0.457005536673388 0.440015506185432 0.399829711230488 0.386717095311347 0.671454732383536
0.367075887493683 0.39046827776902 0.469628135387345 0.460199981228684 0.330759706537157
0.30815420534356 0.441400981807999 0.48566418392091 0.355330231169766 0.588939418965925
0.397109132363401 0.391509371226733 0.390616794218683 0.388520156756751 0.375467016345731
0.409522974475472 0.338196123240703 0.365322704622707 0.500753705853224 0.39110418138829
0.340440101214678 0.361190306992821 0.333496861019578 0.347628233436215 0.375222688686745
0.367129053973938 0.668081248334937 0.330065135271059 0.405226446271046 0.430180831011394
0.341196331054642 0.484093415483998 0.387481355348403 0.416769772401773 0.340428439209268
0.405963088887666 0.525225880910121 0.41898120974306 0.512043130783502 0.398141870075548
0.39134972472041 0.439270226983631 0.533664021509379 0.512208354145269 0.496993455047173
0.371038493329554 0.453915325170935 0.50818030078444 0.372191522106775 1.31049614916248
0.38773917175051 0.428445104392444 0.446137305715541 0.375895382915368 0.909379058551875
0.447590565864124 0.344977625498237 0.522218213562647 0.405455391698518 0.313393503779183
0.434643671848327 0.381408900160798 0.51501518115203 0.317897441583796 0.36949171343687
0.461582578010101 0.420268756473542 0.382419081089289 0.558131190838248 0.558506045624854
0.567838177989584 0.494863783376461 0.478342862425254 0.378983603334811 0.436402102484162
0.297711813898463 0.465574498109382 0.658218904302394 0.400357943056523 0.409355308757096
0.645446605004534 0.335313399101446 0.507489316627999 0.456861248476316 0.390452005368188
0.4212871283799 0.344254672658964 0.335086969006398 0.4124503567476 0.39524623397446
0.411698925735591 0.367361553444803 0.366695799498586 0.405153202216029 0.38257460719207
0.40182929033248 0.431161955977454 0.389167132360353 0.592637680106896 0.355944117326827
0.365008397834746 0.359783540539433 0.498969661100473 0.387714634628572 0.352101029660256
0.369070890403974 0.355075652527912 0.31384766657482 0.317727086999584 0.823224249679034
0.318353158820415 0.404362545480492 0.436665243993868 0.404334661962446 0.39014397480578
0.581611762127801 0.353240055417988 0.322611671898128 0.358400714941186 0.395264149187511
0.490893526841271 0.361640553441394 0.321727302524017 0.573038208419409 0.337209765534362
1.12007570094821 0.389915655018989 0.404889412126157 0.456568601447985 0.424696059669503
0.440935690106304 0.608313008541024 0.768422255889968 0.369272995802118 0.631677892285945
0.438950902231261 0.369430763174637 0.327403296780705 0.369098503647617 0.464457754002012
0.477113819748857 0.451385518159997 0.429139827696191 0.338571489137077 0.339412550842341
0.500239729580911 0.476779351732068 0.401385333688032 0.433932321653957 0.49498044627654
0.42740903881543 0.445287975209062 0.451718787362614 0.491072951182198 0.36803676627558
0.36242759952224 0.402257748700173 0.343156517944781 0.598917169201819 1.42053303407939
0.826649112235443 0.406856862844365 0.469460672365721 0.501033998034709 0.471761784663108
0.383813108864589 0.369846963942991 0.351201822492099 0.514545905485851 0.323843434916632
0.417538670302023 0.412181480044895 0.404721800868479 0.548808812756853 0.36744450113848
0.377796854595975 0.4412923648462 0.358282215490543 0.47068628533548 0.295358460732665
0.560721993735219 0.476409730562505 0.421464111063702 0.33212331559954 0.372955279578145
0.929457451704149 0.367813297445031 0.877851813743774 0.419894551283537 0.431113369394505
0.365530558359463 0.478278293149172 0.67937145144451 0.453264836998555 0.386539812998199
0.316740773577824 0.504482203585675 0.366272654581179 0.669077072038661 0.398655287720463
0.758711518227779 0.483625317791881 0.376038389191046 0.383877610576386 0.368881032149606
0.456370879975622 0.445319513656662 0.390688661340257 0.36223188755129 0.541159044395122
0.671994976721813 0.460576778329213 0.56647317808669 0.402388253239561 0.377470816415369
0.525496682509355 0.387893317051152 0.370896985408547 0.482491370946181 0.387605049255701
0.351553211679455 0.354123886462375 0.335266298558995 0.766663013945134 0.472839996829513
0.502935988314118 0.620235875330765 0.363300361172891 0.704105154030128 0.46085988280455
0.331252808948754 0.384023918986235 0.383262671451549 0.398597444216855 0.367566877987176
0.37235210050765 0.468853371116954 0.437895994482804 0.364210539410049 0.367783717299738
0.378342151257579 0.339224567248969 0.42730072040213 0.562746533644866 0.363584137327744
0.421911740074825 0.41576953234235 0.346527132430647 0.334962391093952 0.381400752014182
0.464993338085777 0.610832928691133 0.407500988096885 0.398348674036576 0.388736730512743
0.368546865527734 0.389127088285519 0.369363439526638 0.378144355769156 0.546388802961022
0.402240750253096 0.455700026109176 0.349827599741421 0.552864092444484 0.499283528630405
0.339055590825351 0.422343143611905 0.398273668656236 0.47370009862234 0.367831773017512
0.362976655669207 0.439469961001606 0.316548886288938 0.436178500499777 0.651822404743414
0.412780072735019 0.364526049735686 0.401523622417031 0.472349767011543 0.540311851327679
0.488950891224232 0.429391958090166 0.489332469020031 0.574548675906383 0.308836054299061
0.753039588385953 0.439560827327601 0.414697230081446 0.64618772691728 0.448818329351645
0.432414237094046 0.523252311269653 0.44589808824183 0.364525211850527 0.485922640683938
0.405676048283085 0.61169573635813 0.383404323711528 0.404517215462766 0.323402979221326
0.385311992350004 0.525542542085452 0.395182210350367 0.423393457701846 0.39832647473642
0.483578142873406 0.399604312827691 0.341251533576785 0.460747769734412 0.375827260404433
0.876653295576454 0.534159153049895 0.405530041131827 0.527416974349811 0.408202839448205
0.406671113162515 0.50475533370425 0.345573626475 0.373647656950647 0.47945009642473
0.344344664861582 0.375485451091439 0.635981981792611 0.457319872031136 0.400688540784797
0.334686202408432 0.387191477777814 0.343593494591878 0.396653906546064 0.578817063360373
0.470436393600483 0.415598514562777 0.353410072234695 0.410898401362027 0.374871008897485
0.440889591304533 0.391053338460436 0.42639046694962 0.365280226339391 0.522394210068092
0.384713170122412 0.402495646416354 0.376266249104062 0.438795443237262 1.29998820923884
0.323669093030999 0.370839728433894 0.320888069444888 0.479331295116078 0.373220445121919
0.38634875868689 0.349243870240369 0.488486719312771 0.642165061505285 0.456896159883353
0.550699955288871 0.365451845530611 0.366735811896231 0.381087038996914 0.410447603473925
0.51629174420903 0.349034993457689 0.362075495408879 0.622173855819169 0.457101825100907
0.558591898967114 0.461891595899976 0.488719483723439 0.490793805401358 0.350716571549533
0.423788813239508 0.423905583614268 0.422658216329856 0.590429618929975 1.20982868400054
0.458793203458886 0.473656073727046 0.40654772086685 0.337164927455527 0.418565386511787
0.34172782703398 0.472800578247943 0.382448396990562 0.45522742154947 0.368221231189182
0.358753057191755 0.905906481816742 0.385197192940712 0.344589595648362 0.500227489194657
0.355362347922885 0.485813196424827 0.448244875547544 0.447683257516946 0.473569980943484
0.433928615614809 0.551204401616281 0.380737319306108 0.410753732528724 0.414768670646495
0.461333799923062 0.597630570744004 0.429916048775425 0.545528405729116 0.441770066195379
0.332359655030795 0.348134584201853 0.470667202745738 0.386274460739071 0.467051734724985
0.383233103686761 0.335230029906616 0.443218965899709 0.407323912537037 0.391912490443987
0.452080616498726 0.410191838337722 0.388672457865278 0.452179059448463 0.678873295232451
0.38330268275472 0.392137983877184 0.318942203477819 0.731166397850416 0.652297919974867
0.382423059511372 0.630956964645377 0.420470836298816 0.455432396742899 0.324840982625631
0.387330553132841 0.416863205008055 0.468879262249362 0.746122944235595 0.432348672994867
0.366734261029062 0.331469534643572 0.382091391605531 0.505221939059091 0.364345447402819
0.508850426910968 0.412194015118726 0.4500278933955 0.383097328769234 0.298570501954266
0.370132677924716 0.448510342977909 0.349649261194376 0.381576677861009 0.322272831793273
0.342606305769597 0.361367779212866 1.10118428908214 0.407117237375208 0.349840519010667
0.406570754765496 0.476570648306849 0.308158100707439 0.473838943303315 0.358807631257252
0.331728035358126 0.425852703749969 0.338968760491197 0.683571652981002 0.439805500337104
0.357811412886305 0.44321229678915 0.325934535117345 0.38233480522 0.418600403574597
0.352156141938858 0.372520899843047 0.351628710500161 0.458965972996335 0.355119929211861
0.340393084149671 0.530154921416691 0.388434347226604 0.402364116708629 0.409196856168807
1.20469857628305 0.397157811289247 0.338883142879305 0.383643551201705 0.337067699540967
0.411544403124104 0.30080956776424 0.488848763001711 0.373448836249156 0.3898141223386
0.32773883555277 0.44818462872117 0.425788260550146 0.426078794373009 0.504378677577199
0.422372696731439 0.48279022595027 0.439197530258061 0.363252734551892 0.515790735679742
0.444512324534815 0.5653508301336 0.756326770221765 0.457015214829196 0.310080804422817
0.334266397664616 0.31545916219792 0.337912376077137 0.439224936165765 0.449822629545508
0.36679325417761 0.367959642885694 0.330251883769322 0.430318893177685 0.469066014226123
0.665906725435951 0.312398811385199 0.370395411328878 0.353849641323176 0.420317553455209
0.373843479422717 0.548907451035543 0.426412837381256 0.373439744759158 0.424663061719073
0.379556867763543 0.468913390770303 0.44135693721728 0.352950259684702 0.392707939026213
0.3905135253933 0.375158726497558 0.380394927116577 0.38090930869582 0.386243564614396
0.591516129272554 0.429889606683329 0.428819708708386 0.655870465035723 0.362853448259029
0.388346281122848 0.413166166191574 0.297020464763463 1.05630003671944 0.392344238509232
0.379153308130324 0.415399171709324 0.505972963272392 0.853419569682683 0.3350631175608
0.409715236395258 0.366186358412087 0.406561347179313 0.430631988949894 0.343320124709337
0.492539096341041 0.409704610076469 0.444374543394354 0.406080223281184 0.41105823159589
0.385708792239098 0.35951491958861 0.391655261514752 0.352304958762952 0.414013543511635
0.362927630934356 0.37634157393573 0.424415788248469 0.498312922911689 0.365281821643499
0.501126499724291 0.506843408382402 0.40113036643962 0.432119055272242 0.512835545666632
0.468362745895375 0.393924441246665 0.439205107241021 0.505956793932074 0.438646131677374
1.37874589241747 0.436615897752176 0.436371838267301 0.441477706362401 0.659222969356291
0.413528255221057 0.418736175237647 0.81333412555975 0.406168821194371 0.326218629805144
0.340808817076942 0.354486248252252 0.369943936972254 0.379147481948495 0.547417150715263
0.444931307805951 0.578599496139406 0.49257779860385 0.442605195989293 0.372216427262639
0.340413858544303 0.389253466157604 0.333537595466089 0.493866118376245 0.400938608129015
0.373202961423054 0.351519713315024 0.350962807880981 0.314716687385551 0.370798131500725
0.450350442088522 0.455172363353284 0.366863876472881 0.45708311412883 0.399959396486809
0.431109176986388 0.468209338706861 0.678948601325928 0.491436900603899 0.603514363705238
0.460508181082823 1.29716779422234 0.601791723375737 0.399906102512901 0.656035648499046
0.457723830318986 0.680229211196076 0.407452776191706 0.328152169609258 0.321693647576064
0.48087002260906 0.573415177089337 0.586590452090143 0.5400312268138 0.347883487311467
0.392537855264547 0.398230618577062 0.308961578316936 0.394282746200827 0.373692125125498
0.360128356761258 0.504959549657645 0.405128818031654 0.336978626176089 0.327014438989361
0.592998993998811 0.443471217336902 0.460629718385863 0.366307949394649 0.406018951279845
0.435338924927505 0.314863727765768 0.3651447551313 0.363033120950909 0.328027101176513
0.303043388655019 0.377047568780549 0.422497043383149 0.414455249205082 0.595858723721578
0.575204115364131 0.782242416803079 0.425312879518716 0.594942492451592 0.438811027143578
0.409689398746186 0.405745912179471 0.420453539534491 0.490404538654279 0.414916347112487
0.586386198094108 0.42758035533847 0.475502236203504 0.39693573426569 0.42672503405828
0.375768141403969 0.419937581296467 0.404478768542679 0.643115420291943 0.378649311385894
0.6001879784722 0.435885559552286 0.617449296526345 0.445672642329869 0.564466207298184
0.394986470862028 0.379324663443785 0.583307703286215 0.382854803501268 0.625325431096218
0.383433924345386 0.325707140050701 0.340866540633766 0.360043429608672 0.460198315190934
0.378857460206971 0.479776712383836 0.712633925664763 0.326789134089368 0.403614017426942
0.384388855747753 0.494001048032345 0.465222850384619 0.395660023378466 0.36825417035307
0.474253876873715 0.73445192701682 0.481454342438531 0.331489832649222 0.36182214421091
0.35714492682644 0.496424824013374 0.497540943143748 0.532089368434871 0.449699412515678
0.365826984177105 0.343590474278111 0.467799396300328 0.424708613819272 0.43495777401208
0.375506537434072 0.453770577838461 0.305513283723036 0.440098175748536 0.409159234687716
0.441189190751579 0.444920457654379 0.36170550674257 0.495391187502904 0.574992379500994
0.36879147148963 0.329328775822991 0.450448819913537 0.65857371972693 0.395816957961298
0.457316790447805 0.438016519062136 0.639925005974197 0.38669477339142 0.40727915089239
0.658293967500689 0.59555129402612 0.569512427481515 0.421422344053367 0.386890692052214
0.37027219339204 0.491365975245021 0.384462525541386 0.53949438260229 0.345166353375157
0.357291256111086 0.35022964922592 0.363220595667357 0.75737934137727 0.317212893150877
0.371383346777573 0.408459804666154 0.659125726367041 0.495418407317287 0.510398160143591
0.351083343985687 0.353361020214182 0.359982039249839 0.583593102401176 0.437718178553056
0.364207289488027 0.31976190310052 0.366138443782546 0.616304321024479 1.30669565918272
0.366445183644714 0.38021303499252 0.746166782460374 0.462207144494506 0.663307311606001
0.426868953651612 0.439596449444538 0.379595720576829 0.401429346259891 0.334930235443051
0.32394303453213 0.341215365660102 0.408633757225462 0.432627961409754 0.405178706541591
0.423693896153056 0.453251720444839 0.408049735042049 0.551275553725739 0.370872772436384
0.385123875808771 0.428597719318684 0.349461015660332 0.324518172571051 0.33187424018964
0.377875381296129 0.416491775208251 0.521433988187049 0.443293233812942 0.47646670239155
0.35808024715856 0.35783052715162 0.343345785464704 0.334913784052759 0.383819251323891
0.372930322782619 0.345519117637039 0.601178894876954 0.426565806954918 0.373602013223795
0.309087558062655 0.747304771188978 0.418015870282193 0.39887740813674 0.526979873229141
0.518359755953221 0.408102191890812 0.861561950882519 0.358503972012035 0.603928653063847
0.488265515654932 0.419414786583985 0.346623122518019 0.398817490019053 0.379346329379414
0.49968280881789 0.384163173582637 0.655265444912709 0.540326829215848 0.437741475247913
0.35364995205432 0.399448555072938 0.49200823745696 0.436801500376113 0.356143145737017
0.430165512882866 0.418751781904654 0.413468491694146 0.42863085871306 0.40633524227574
0.451978426340432 0.477913157282146 0.365150194070266 0.333462164893446 0.396157062528912
0.388638248150193 0.341346698640644 0.444655473263672 0.363562918551282 0.991813072908818
0.575516779106589 0.48918094302467 0.459065720578006 0.358255817649658 0.554010051329084
0.363083326052356 0.39431548943178 0.345030180735149 0.754629838788058 0.331898930370183
0.332803208490094 0.340497646176778 0.330734247867255 0.60935389639151 0.376116263958585
0.41770191744187 0.478613657261002 0.389233638600042 0.782087512722464 0.41615076833468
0.421037246000607 0.397224304591028 0.353262492865873 0.377279747625161 0.451398470045614
0.344651875176386 0.634518560220394 0.587221277188644 0.458204316837701 0.487105890891174
0.403655022216129 0.498869716587935 0.414430092002857 0.430896248373963 0.547509135165475
0.702225574655349 0.411405896725204 0.398862519864604 0.521768042453495 0.412919447762995
0.545212444549801 0.353044794627008 0.837720868501839 0.454623933407423 1.33108390740526
0.447594386040301 0.360785207088457 0.379152618544834 0.461011584257607 0.538726008437097
0.35789879462434 0.381812007413798 0.325114835763586 0.334539631738368 0.406867853839318
0.369897061081592 0.415538375473026 0.563618785784663 0.369389619051262 0.316594577022867
0.588417668104196 0.409796150686178 0.404531507129536 0.446233441362227 0.458983331119372
0.73103358256017 0.354894998500073 0.497079647122776 0.427407417108431 0.378712231615548
0.412499186433587 0.426842679891151 0.402096359214826 0.387205567483994 0.404978618323694
0.336010788232456 0.485045851254776 0.327316492361501 0.362676263943098 0.400688244050513
0.332543995454422 0.37467724921047 0.477076612246356 0.467350435491834 0.474464392863827
0.444065547044905 0.375659786156419 0.384040903013483 0.392012332166568 0.41678110796892
0.409130358292312 0.374927653992432 0.591692316579279 0.380816995671288 0.373714767818927
0.400142365985059 0.374573478226944 0.704070764962065 0.366249750474361 0.856389271945572
0.774842829480457 0.337285275484206 0.435092394667283 0.354033819003726 0.352371186334644
0.387641570381209 0.472069824652939 0.3488404799579 0.384652321363931 0.502194563050965
0.5093554218702 0.357218080686811 0.526414179487615 0.393612437189995 0.44152928114957
0.399986659306136 0.438258571962202 0.34626661953836 0.354044954771609 0.432717902531503
0.380410032508712 0.372363440213633 0.501576752811822 0.564781416546519 0.36841761936523
0.390099912477811 0.395234318528571 0.41178954397964 0.375595875263027 0.458861317027918
0.455776146781541 0.365125017485237 0.520673149746652 0.392825663456813 0.417524195917648
0.354410952673278 0.414523575342362 0.600679405727318 0.359093585842131 0.409624764973942
0.317452043825561 0.642323153399763 0.374485542445243 0.446198910683988 0.412554977654739
0.363837865210215 0.460888637323575 0.380498042295212 0.752730124293905 0.369685089778855
0.398549098641507 0.373231865386627 0.388324523929522 0.732278476352824 0.40447258036713
0.396674804507609 0.559283942604449 0.464633727077938 0.464727387777311 0.559731507164874
0.450053236721651 0.454999910763506 0.400556963457423 0.481666666640798 0.45177672456053
0.403140199297241 0.473705437793732 0.391826217080181 0.413687122850766 0.374703732162405
0.504341091525626 0.390783992758247 0.345438667134336 0.394003704990818 0.518907827032373
0.404600874899159 0.324660894460616 0.383724006587372 0.390187475746159 0.330638617481323
0.363672647032758 0.528074123393857 0.562265813468986 0.515431833751324 0.37907033491077
0.377920916676418 0.38047225507498 0.377813589022725 0.568545261394728 0.288741131005754
0.33601308495514 0.383595678529188 0.641397605960189 0.316783743730465 0.339630337039025
0.337440418220932 0.34938419492202 0.340045651636524 0.33491718408229 0.372664113568441
0.357818865102201 0.428081834920537 0.426163358159835 0.390695162930198 0.40257448004359
0.425334437043581 0.415046758104551 0.348465445465749 0.553294654241505 0.401300228905059
0.393037178070681 0.516747565836325 0.302422062281853 0.339005260004155 0.426532105349576
0.335329669152505 0.376956549482455 0.491040389103185 0.342687313520197 0.394846935172243
0.379916245101243 0.490830599253574 0.364002996772452 0.460993335069659 0.429052268885169
0.357286456050964 0.408888387724429 0.337692147240664 0.386957600804953 0.36384725660314
0.305757351388071 0.425156247780561 0.332429580255074 0.438888700194238 0.44094939422099
0.373032602594942 0.500237559650967 0.409403499910253 0.341280301747315 0.362679819258819
0.395758153229717 0.391723118170628 0.554274276831346 0.388810644166161 0.393573271188208
0.349397574377963 0.360602360785544 0.38232123696219 0.461714771997192 0.447886105397119
0.430634267536588 0.677243613640617 0.452580674277248 0.507009648600537 0.441469694307311
0.435442914842882 0.603708185443304 0.353261446201236 0.472071998676864 0.391437836835092
0.535131016121477 0.478048931288454 0.45804894169259 0.461080931702925 0.48966085840577
0.500003157835729 0.372709417545632 0.330124787331747 0.553392732910786 0.449614032398765
0.373480945815408 0.408027602757093 0.454516453384126 0.450232368751119 0.375738696463064
0.479606052416283 0.396691561437511 0.335812060105843 0.351319771817496 0.375308464025162
0.418689811706914 0.373171817255094 0.509476533911432 0.426195619630979 0.79570763297073
0.334773474725671 0.474497910266351 0.343230495738876 0.810233180738479 0.366976842856487
0.333830870946034 0.51337523468881 0.436302204245273 0.322438630098245 0.455652270215246
0.455536464518785 0.543065787413704 0.367781636445586 0.436183142506622 0.42271040471362
0.394812457603845 0.345620667542618 0.365901913161152 0.418664752830639 0.36406411108391
0.513156622359949 0.508220735816696 0.43220256392835 0.485749211756207 0.485773291911149
0.552456078748254 0.406021952037254 0.442351438370238 0.464108711495946 0.457528961349891
0.584990978279224 0.48638833373445 0.35956471665833 0.416105388102819 0.412140206593453
0.56048886201664 0.502125538217398 0.596609831506618 0.429815354596525 0.441749072990294
0.366709688647357 0.369137944242444 0.394764624899816 0.424873272879959 0.519785651880353
0.331800377145595 0.351644505005838 0.531077400317486 0.76696305039874 0.455615270803106
0.429931369804327 0.421502943867797 0.356540987701105 0.543977511941794 0.36810943201424
0.513582147101325 0.439266818692719 0.410486493609058 0.456556580207864 0.322114726912767
0.385090140950646 0.509349763449653 0.661281493866617 0.40892128148728 0.312018842434201
0.591654780129955 0.405631872124454 0.360669376388883 0.56303936059443 0.381459421087898
0.326206339065745 0.494936320070396 0.657142238232638 0.478342040217661 0.341390440323068
0.365697500005961 0.403334014965686 0.540325740165892 0.50269192898396 0.365991943786233
0.468982827861166 0.425090073212373 0.56679592105084 0.508715042113689 0.42794312884842
0.549933941276144 0.437852722819184 0.437851173910031 0.326566112750138 0.388028247464216
0.396019991306255 0.444298089860846 0.338661882571813 0.389057696306675 0.403167064617906
0.353865991973924 0.538834878590182 0.439246214110851 0.424727754036835 0.368955009719009
0.626241800438376 0.373608695920191 0.377206553712855 0.529676290543201 0.409175035824773
0.821492489712324 0.417365700965415 0.551578909357886 0.384387656227869 0.38687449126126
0.373623106720925 0.364390097868882 0.363239587306777 0.444542502269707 0.405930946909904
0.376026976655391 0.466124372780935 0.469903879334938 0.486020154296719 0.350176217902272
0.352979408333758 0.362133779153555 0.358545335320741 0.418166915113581 0.38222599854068
0.364925474703897 0.453085202784777 0.379476039350943 0.469519248827355 0.318841397238383
0.412814701316368 0.467599686070437 0.415407799374864 0.367695759647173 0.85799215951503
0.316908711351104 0.333846435966738 0.335761199881749 0.46285068020162 0.383563670267839
0.397101410923594 0.35765739029165 1.09905608810185 0.321866310893088 0.332588518782574
0.354841327387834 0.379783936549752 0.403295045394524 0.396132315454874 0.508224152194263
0.514019448608779 0.41902532862628 0.331454242159646 0.511153511047347 0.45456681419471
0.414766531866196 0.412801880686978 0.368471582327607 0.604546739860896 0.392897049823911
0.406504426131929 0.364369718464537 0.418702777311955 0.704426014447399 0.450581521796739
0.385770498563101 0.402431974795486 0.482107634081777 0.352134744881734 0.411539744449433
0.454756855113236 0.646192310176317 0.39366818400869 0.476542148724675 0.411338969203451
0.613016834559119 0.457771604581382 0.363238330576264 0.562979303910366 0.392989495729977
0.383750094499365 0.401977751482089 0.569865618352907 0.373202292914965 0.428129611601219
0.415540058369042 0.363685219040038 0.592188537706885 0.469186010539933 0.381452304637251
0.330037870296656 0.413900621458755 0.535261684311456 0.420293320757984 0.303964091599236
0.374915077788314 0.472197338151931 1.17497021265609 0.38346392656517 0.458154613541344
0.864320589049623 0.351116187866209 0.40520101462947 0.442231418972867 0.369664281684393
0.521236387728648 0.822883501499089 0.322099625910258 0.515858008734743 0.489210529513357
0.568423595740652 0.667085712640364 0.395407146342806 0.361784126054901 0.460699017142412
0.385181776859242 0.336645865562976 0.389597239638935 0.41730725703453 0.385196686952914
0.36234551259234 0.411968452586393 0.341438972791858 0.397850914963255 0.377976086595689
0.32969187387777 0.727129107666489 0.299860322491797 0.405371438026004 0.385298724949549
0.376337578296544 0.491158131552406 0.400784416922646 0.371558815280381 0.41792562950645
0.653373055680748 0.34246415473932 0.375085458730685 0.377611550217768 0.323544499281847
0.373615162509566 0.313860626076777 0.383300200883928 0.381236608606152 0.377234445960499
0.368318237693204 0.583780645841312 0.333203072150518 0.342511791606471 0.469843978655487
0.344642597337645 0.345688352886772 0.357193588506733 0.375785591024064 0.367277680455086
0.341443517054286 0.337978422891596 0.389713732046639 0.372723092733034 0.458546648948851
0.303033474732154 0.597466998739297 0.438755898621874 0.371196607029235 0.380401693285646
0.429898544047103 0.563406081717794 0.362947918002474 0.499781430071545 0.368216748503357
0.317587596694295 0.449024987240054 0.374115369512166 0.450608014191301 0.41148065414818
0.415475703316017 0.414255800957145 0.400105816463624 0.46312339082766 0.37012945789244
0.48178856537232 0.34843235946104 0.356625991173267 0.416978594414163 0.378648768848148
0.323107603250264 0.444875617274687 0.384073049240174 0.343383310240731 0.359877849183478
0.402641580596752 0.63478601755796 0.374149685363973 0.413831892894594 0.413071393427705
0.37597584556311 0.403335729520542 0.504442580684502 0.331534997316078 0.436899431404461
0.376400263120791 0.343986062599967 0.35025283596732 0.314997248734668 0.60128037997052
0.343360112626491 0.376691844449303 0.61434773110055 0.357519920763392 0.400592944154179
0.642563474272208 0.516320974671691 0.420965238473891 0.547036607793796 0.449088985991536
0.339779279690895 0.377143275510789 0.456692769236201 0.361102032125007 0.371668410976436
0.915283984763744 0.352509689812018 0.331813976930445 0.365194216435502 0.427288895141243
0.60112953196158 0.518901992252331 0.649622904382223 0.448789521363044 0.391291212129656
0.380026604882554 0.403712999246887 0.401142809046591 0.481928515666323 0.36685852070935
0.644438342202838 0.419632015541264 0.339453105566127 0.540848454670013 0.328495826380432
0.308509873109133 0.430616848272481 0.416716768063864 0.413821130822189 0.826602858260546
0.377194108934629 0.465843644967243 0.518345853795418 0.605335418774593 0.454185044055764
0.416551195127836 0.463767095177007 0.630605952549095 0.416027343396495 0.320032668055654
0.358203531643169 0.398699097650699 0.528657081921855 0.382716570473737 0.382576163721211
0.391078094115311 0.366477565647505 0.397156578976891 0.425368907568801 0.43415750570047
0.388794639077587 0.403791978992491 0.381212198990107 0.367153448943882 0.334949016265204
0.528161302491708 0.842068108261166 0.458720357931215 0.360344301039114 0.427441052601606
0.291102630697024 0.387052520882099 0.302584273346843 0.356372400398572 0.508028180388178
0.299619668264371 0.46581755194419 0.40170767614457 0.826735364211607 0.384527333094935
0.320980179332372 0.402254060901013 0.40544911583419 0.365610339072102 0.439719521228256
0.496033603694448 0.453413702322773 0.888846830225019 0.408322209356341 0.450198955657798
0.516424835009901 0.55141487337191 0.386164292144643 0.348882549594218 0.372234550765438
0.396898914631045 0.449535452038351 0.339421264761673 0.355519751419168 0.427592987252083
0.611246302097785 0.42407507504662 0.430638051256926 0.540119482747571 0.426688178029458
0.405162939870574 0.514214632441651 0.467670092376329 0.690428547152935 0.41285849127478
0.397205444021439 0.319366568873832 0.379631467584973 0.355535605952943 0.439430534735547
0.512190494130672 0.443167911136733 0.463462434595576 0.570585423741645 0.43106209605532
0.359314371244086 0.360179632301767 0.614289522624394 0.378308989444627 0.51547004699326
0.63194998898334 0.52310899245253 0.432153765735124 0.632936892383323 0.492696149784229
0.421045114378256 0.330357817782404 0.376805480885711 0.444994073208517 0.36956647074601
0.347203292322494 0.460724743192852 0.374413075662974 0.555864692949383 0.375952675329079
0.341585128061047 0.299298022984752 0.327593339758815 0.515556337118769 0.355484078398512
0.329235257677426 0.439323271235918 1.0246464283855 0.365495625088882 0.428527563001817
0.412704467164008 0.354917069323899 0.426195905266774 0.52034770019272 0.49396914286034
0.373914983798528 0.419196302447651 0.658433053764015 0.389995174293186 0.386274620493748
0.365989757506657 0.490697384482527 0.321329642960904 0.342334094994721 0.499221636929459
0.458846249163392 0.465539664809221 0.365073045894116 0.441194555808395 0.329754685032767
0.418014572964613 0.320763695142834 0.432533933846535 0.384782306750863 0.45153011299719
0.414160007847642 0.454715158615223 0.352767631213932 0.463633980116976 0.553860487678124
0.305727185990222 0.371308200587706 0.411965295961201 0.337699000219899 0.506723012252027
0.344379833392215 0.462569390038407 0.413426552414043 0.396582739128934 0.339272489156508
0.490778009656043 0.466451756426727 0.361673775488692 0.524141962459839 0.37639791256501
0.390846486275054 0.787686742585444 0.386914491455844 0.388127154301865 0.396274133649149
0.403555314629775 0.493198441382455 0.402111556207366 0.736225243535995 0.371218153508608
0.524688019554088 0.351216823580183 0.414356259453703 0.333447095204882 1.04542161972321
0.439310724276016 0.366473362623158 0.403359950674871 0.646463438707694 0.353575018714219
0.410599254318428 0.386599388810282 0.448873527769715 0.473929856094468 0.509010289521683
0.658274103932989 0.379101226381587 0.342033577744179 0.5306708596972 0.433346439881673
0.396730911480777 0.442056037025189 0.373627976883938 0.387760168223277 0.503590261207996
0.306760505130051 0.345053051763223 0.352476106251791 0.386586213051353 0.621187103095142
0.328115443658076 0.540975985482412 0.37270208480384 0.500093347190429 0.347095497755268
0.499005203534616 0.385461450492385 0.58416964981099 0.442900667227415 0.435075273621468
0.367731330502509 0.449832216418853 0.398560128934672 0.409916431466354 0.439628705277273
0.370625890028824 0.411869555282366 0.419371443142911 0.400590737649891 0.403864156933422
0.366936092939819 0.593514623198355 0.326011415518504 0.891745228762225 0.374221477510697
0.711090378407243 0.389999391748886 0.410711873832124 0.398525418003845 0.361498354169133
0.325028736307842 0.33396131681226 0.522069517400233 0.498421167808311 0.4082425907831
0.440291333185479 0.664011741918209 0.346831122436334 0.372967071728884 0.405710827892689
0.512748064044133 0.492033552937371 0.356355751118582 0.462366730977868 0.580425076785471
0.468044119390677 0.494063637743196 0.341501574617758 0.381761843056717 0.414895250944184
0.439051866073087 0.465328420494685 0.465379717663042 0.616087940416415 0.41972395886252
0.430381685702521 0.338625877845175 0.385803209057632 0.478230556315222 0.345016237242612
0.375203891572459 0.537994281002756 0.475225116156734 0.357998147239093 0.34387418989795
0.48541783466148 0.462195446418585 0.402714228953931 0.410980304139658 0.486692268307273
0.442647138759452 0.45012709999529 0.429891812349646 0.468618307985453 0.707628051757847
0.389993076060057 0.325355947418265 0.349901812771444 0.404974928280544 0.356988668004098
0.411741055016182 0.401216124169063 0.373448703436657 0.333295802553928 0.626569718077031
0.372542842026803 0.386851990079876 0.34126927217664 0.456872787184033 0.358417494095413
0.327029285370577 0.398486426566545 0.356319261491005 0.349737820236906 0.548875146373612
0.378552147398872 0.380262209958966 0.363941155134759 0.342043327622213 0.41540037173051
0.516117545239444 0.329721404283491 0.377546873337692 0.34245445094128 0.455178904428973
0.391739309626892 1.07375060195436 0.332486725614424 0.36461769547172 0.444530208322966
0.39459087862751 0.346085614782889 0.502178620519455 0.424755839316066 0.387804124354073
0.569564449400673 0.505396203087264 0.412268421070596 0.570171499213439 0.358326183459049
0.35372126194063 0.37653107682726 0.52473124177686 0.398311666921245 0.337139214618887
0.380484917445276 0.383583033474234 0.357276686182273 0.42062864596001 0.9889455228985
0.319596184667075 0.954765801034406 0.395872346860202 0.513474626674505 0.345164955305981
0.349575600508488 0.444540947778665 0.41749107572412 0.404342919493985 0.355063996732959
0.402676458823675 0.473980136516583 0.367682017566006 0.825701103580004 0.592456341717287
0.386611376355257 0.343838930831729 0.383436392124273 0.366032559979154 0.435052369466887
0.310032296895003 0.61064981066548 0.287015536794365 0.916074608957516 0.360165995089759
0.471032864399747 0.374951303569537 0.429230830074203 0.331425350935002 0.344845973081859
0.338938622288476 0.317203288189933 0.415288849620064 0.403803350516698 0.355803616433737
0.412805399018928 0.446793255426007 0.406211274436686 0.355687298051088 0.434975770072565
0.491935458285172 0.423291833283982 0.533809170889444 0.449098490708826 0.401235093759765
0.36489914153078 0.441573187060886 0.425077262566029 0.559524426435889 0.321334075210261
0.306753926815682 0.388765720651847 0.46915382070157 0.38656316743862 0.415386276373121
0.420869352014035 0.403903910899424 0.3612094502302 0.341170940758953 0.390202788048374
0.423184182090495 0.405224954402433 0.512992124982042 0.633893865072351 0.473971598069338
0.386491190910382 0.399564939403267 0.604081320506131 0.338083218421091 0.614898909883912
0.423123970953534 0.393808228999893 0.340089747229927 0.419898053854256 0.374922142031405
0.322017065478287 0.359345638266806 0.38144678236876 0.375283870611772 0.413028793344409
0.745889219102086 0.404395322552585 0.495734362947317 0.492454025467454 0.510549960789135
0.373903790777884 0.43191093743511 0.351347605850797 0.472786588335906 0.441045088831948
0.404614321858392 0.470580082262514 0.377403103941405 0.446145702599333 0.43277584388917
0.794355179479123 0.335430681977268 0.518026334967701 0.337941351708171 0.445892478588377
0.523133195344275 0.343451404601523 0.302463296810674 0.496862758752821 0.468955566648942
0.385915479297728 0.745282067945994 0.459635441268327 0.379825267483059 0.41902781137923
0.316362080614831 0.607241165016804 0.322715271175674 0.57252663762149 0.411483803036386
0.365233176644342 0.482927652100479 0.742941172051518 0.37531450707562 0.464821542360465
0.331871938982397 0.354703808075623 0.345601388665897 0.505269650604321 0.40974367278903
0.344122023628137 0.361118990227313 0.482849483752667 0.450849606276603 0.450576637765812
0.356150152416524 0.419882824387092 0.444838853868228 0.477329620750142 0.524826364485319
0.456245812896265 0.367903422865663 0.397277486679762 0.372157432559706 0.503376823396317
0.361542499126305 0.343607266282773 0.429110678124027 0.40827940240618 0.441533589714236
0.444819409346551 1.1465265691674 0.329973260992965 0.409510401164508 0.338386380969086
0.423588104431631 0.421391716341968 0.761072799218823 0.438081614249157 0.335234902781144
0.788749637157233 0.332289688827344 0.436817269072505 0.365837874715282 0.558002526539705
0.4256763920232 0.519770675222183 0.335446084102723 0.415937211065501 0.351320143171889
0.34898384982339 0.349511112821587 0.351958601292779 0.413143694310356 0.455538015218436
0.553772753968916 0.488073902884499 0.404291966264802 0.456888147608743 0.395126505372037
0.496919842210383 0.341645929254707 0.312475820417279 0.538936003923785 0.423051586674213
0.365813293402427 0.525819154119377 0.433904833722116 0.479123006269282 0.375376085302258
0.536825007332357 0.94863587901504 0.558223582249488 0.530725467881317 0.321601359261626
0.442878769615338 0.536214653660018 0.51535752273202 0.443713516112297 0.643298459913076
0.365965141264564 0.442793648725029 0.423879538682377 0.35360546824595 0.51932382586064
0.365712046273922 0.429500757323202 0.431198543231325 0.527605857344435 0.423848147012552
0.472633642153379 0.421525917747836 0.365340435522618 0.39431518474422 0.380338924747779
0.842085663267861 0.471109572155591 0.469215480444522 1.15751494781301 0.395876179090646
0.753004213168665 0.31555146965824 0.443758274502998 0.480356514370911 0.3798268034275
0.349525411457198 0.36833717207905 0.368746123482647 0.552217673394619 0.561240430433317
0.354983216761751 0.454646932289935 0.339543626299143 0.448844300050335 0.350441825720061
0.340130063899634 0.415251558635535 0.409136600389167 0.367169632650877 0.3391905350717
0.527892164628196 0.390967189944228 0.535265259108357 0.364177583984639 0.312904980226382
0.336739154659637 0.445183845571248 0.332924068001252 0.436172240999554 0.348755912283745
0.318011421554432 0.437803358212002 0.403548746543259 0.350431856621331 0.520755676651301
0.647199722415249 0.509275374355476 0.463513144318771 0.362699855473359 1.00752327070021
0.609976007711525 0.389719762548349 0.499316284630199 0.399830792620533 0.439096923917231
0.375776957178654 0.395894167489088 0.329383484977641 0.426945839904095 0.568765274971864
0.461662041663362 0.517717154949232 0.413162760592849 0.491658299172695 0.543287955520022
0.376833340954928 0.616287238004467 0.504918371243309 0.452067166038786 0.430708702278855
0.561869535514269 0.370924462436131 0.399373187512297 0.553502815785079 0.405475113346289
0.472175670829998 0.376430027779742 0.375073031320118 0.60967302317683 0.437601782110407
0.421069300599904 0.389333200592474 0.45843742856407 0.366230252549105 0.343043545276039
0.356585169456522 0.3973255345124 0.475783308224985 0.41088571091321 0.484000825857307
0.438530846419194 0.436130397135458 0.590161769131165 0.496077252663678 0.4676624675592
0.485222351241953 0.532497884094233 0.395208433278235 0.410942761649073 0.385022821457686
0.356123366088952 0.410948060173111 0.336445717438148 0.559316530329219 0.359966525193068
0.51915810522526 0.357908598856035 0.346149135859344 0.45341179568875 0.382656588525378
0.399446861298866 0.397949479118993 0.666063548446505 0.362232136520486 0.4828158440096
0.334665876870537 0.602072347332305 0.365806644512376 0.348753077589207 0.332519579922292
0.401075627650057 0.604652475872616 0.420103003281031 0.493323404943261 0.500813901410167
0.368428407892047 0.863393974713991 0.362910233686016 0.431393888257195 0.423388472390564
0.401170919345554 0.456807849565311 0.350416553570575 0.39890369152426 0.366407114572464
0.360936684815106 0.443392236639691 0.376456014484862 0.427591577028611 0.424187840675771
0.49450297477908 0.658088234567476 0.444300883134636 0.397380088399637 0.380060300277957
0.342773208279564 0.362672182336801 0.446256123038117 0.454417267095327 0.488779391133457
0.377534431579398 0.511158092968516 0.393086256576601 0.347115023046403 0.371819993131728
0.477770296843279 0.329907895565476 0.340761911907058 0.346425068418408 0.33795969447062
0.392749975347323 0.377910040133319 0.483274334065895 0.696135326801026 0.333796839438725
0.437040751171308 0.408427198032116 0.460287225461759 0.52764883921732 0.364656717628802
0.369043148597369 0.50318960557707 0.373201541856561 1.28022420396226 0.349524249200513
0.553980018412571 0.358350006930148 0.386230533307942 0.426831273893993 0.622927331938752
0.394158617548244 0.364047467303805 0.365104536495258 0.714861512880588 0.389330538389121
0.497040348968656 0.35623639461035 0.709755326859769 0.408929232002663 0.413080193796771
0.424068588157119 0.379550249405215 0.395395003560925 0.349748422297497 0.359474784781331
0.416169838923662 0.40688857939793 0.685123290846693 0.383626609911249 0.418583671839458
0.501886920317508 0.578237295515946 0.315325326659069 0.45398284200941 0.341422863953636
0.356865692252105 0.71442293956576 0.415872426483254 0.384787573540988 0.367981949209632
0.441541156751256 0.440388114104533 0.419377975288122 0.336912282926031 0.349425824070696
0.388349735116346 0.435577173566715 0.475314861223116 0.662400140309452 0.355363457140558
0.332391664979177 0.406521005483834 0.509913833765638 0.655860110237863 0.394338537398697
0.838243085434275 0.368651866128098 0.432423423726942 0.396396119847987 0.36562415847869
0.689527481265924 0.419164597750719 0.42846089206665 0.36062578014873 0.464262277851792
0.374548453691557 0.449694319703786 0.478576366790244 0.488773097251089 0.374734681089568
0.590320621826909 0.404419420672773 0.584763368607513 0.487521741445887 0.81494602807722
0.299054203075915 0.411919101772397 0.366386385145381 0.401828445311401 0.339870117866084
0.340990932303287 0.352329500708937 0.454034456665599 0.461072098822278 0.413638073682056
0.458194392610193 0.37023664265192 0.515034436730972 0.399297111484493 0.837083863868757
0.430517119072168 0.296196724831879 0.34829279305836 0.343268973276802 0.599253606380173
0.384825951800037 0.446353871644438 0.353281679696383 0.397493704398492 0.356776648988263
0.534345593463842 0.698665857437623 0.399940200259337 0.479229719927554 0.454882270044711
0.320136303832353 0.37249968210995 0.484999493614735 0.357280632332943 0.378801399684619
0.324108841389968 0.34279626935492 0.387168912979674 0.372948860548486 0.332252797499532
0.499194170794028 0.43587240534593 0.445350106250365 0.397031863785314 0.375168250723817
0.341173945194069 0.391556421446757 0.386025149203512 0.353538292980712 0.393465351314794
0.481628516024254 0.473617160195215 0.379833066709065 0.554679265389214 0.333155543993595
0.360192354693656 0.381405900675595 0.327365077528057 0.383668766011249 0.493727379397504
0.44195465582823 0.506762329640752 0.356445792620293 0.379554736115079 0.679261109216436
0.319986710192388 0.384995282057751 0.48847093020667 0.446643673202263 0.35252455645697
0.42405817559517 0.354275792612748 0.460619061811022 0.640097689675434 0.40006724729927
0.3733718216781 0.524127671848944 0.427621301409073 0.510480754742962 0.519624933576839
0.345954510304216 0.432697698498735 0.410246864590123 0.50791412424036 0.469273098787362
0.460385681145211 0.539945828446461 0.421421484377954 0.454213787353855 0.367243556054608
0.378968311974506 0.485402270428883 0.894598501060265 0.37321591015709 0.538182409316737
0.407629217490863 0.395509858100169 0.33466566065165 0.409393208443457 0.403097138402929
0.369686555496686 0.373781206659772 1.41407549405964 0.423706488849927 0.345670316943337
0.401958350182461 0.419722222878636 0.358170483725367 0.500165780691054 0.352304121797846
0.365287578273201 1.15667826733111 0.396923724546955 0.439303513216796 0.400726186349193
0.400426103038256 0.767277211266906 0.459419061952797 0.471249325787508 0.5135216269609
0.630550348368221 0.482112607512084 0.379665778851835 0.444231542965408 0.373016068037725
0.537694446341867 0.554996431224115 0.447370510709103 0.336721314737571 0.363006095114069
0.441238050119739 0.432813081418991 0.492668824005184 0.372002170050203 0.630796941639984
0.572702863683086 0.634841699886561 0.454466232248352 0.401114125268415 0.404054038777276
0.372369483793981 0.462621735477407 0.401442513920992 1.25055787802642 0.37893541219913
0.461361795329525 0.401452150416474 0.371455766672076 0.396218659329477 0.364878252782767
0.411996217087328 0.319045335857658 0.495293196469039 0.452359797696143 0.41182049027327
0.426780488917506 0.326241497744248 0.322046503989038 0.454903258087526 0.409611041245335
0.336175456554255 0.47697325818679 0.324963258161124 0.3663550606646 0.373690615267812
0.372799154701197 0.379483722544998 0.371372522032781 0.317776870926639 0.383976663669276
0.424574290513302 0.41685346205901 0.381154543539523 0.482770646625913 0.388772051701818
0.490572853841061 0.413077647750855 0.456441248798416 0.403502153113908 0.326166457861126
0.382617092093857 0.357124806358897 0.375556274374625 0.444990885715545 0.347616610714461
0.793483916041255 0.352973993097557 0.402704388848444 0.397158307828513 0.395124124063061
0.385014637274861 0.434700684580082 0.408284273367624 0.444600139190561 0.447783221733013
0.54650846849104 0.398420677272677 0.593616776523256 0.408017776401989 0.322938194980649
0.545493003990857 0.580972800641653 0.534977367223254 0.438993537440314 0.421923753248432
0.381372537149676 0.37564877715537 0.357201018164005 0.52919613366845 0.426312834483542
0.611263895537281 0.51179567373638 0.344093912942997 0.46754721227455 0.429255949376308
0.384383815722439 0.471787142998787 0.371239123139873 0.374843648404417 0.427429221966607
0.460711094146814 0.40001923352128 0.524289325956246 0.36524071495436 0.428376151943641
0.647421531796067 0.343989108514151 0.374672085834224 0.391362678336327 0.574133265744955
0.402046742279106 0.529781473623308 0.3964642869149 0.44768090493969 0.305186616921085
0.76595517608121 0.341473977605782 0.451072255388125 0.379359552061132 0.359526826037941
0.430298878433067 0.345857445245677 0.477718430821852 0.374052048885629 0.395116603055106
0.408230303960788 0.334490014774326 0.339841870909148 0.471361227935788 0.407801296776089
0.523932423562084 0.375065053934401 0.372644431255257 0.330637171331452 0.382582554265415
0.364804463431341 0.58931722576238 0.361689896648203 0.421595131125925 0.370173032254975
0.384201232096636 0.400700948781803 0.51375010341005 0.374911617264111 0.62276766496038
0.563072796129052 0.404738805223372 0.399095735859093 0.439989831391572 0.47561390371742
0.407872400244428 0.351638175461358 0.367917824347932 0.394055627474872 0.437180050583126
0.369426028765422 0.405275193922546 0.651474760278166 0.454031426402143 0.381046635035536
0.315531771433095 0.461855854587372 0.420126332638048 0.384043630375813 0.381217230190894
0.328784699310294 0.568951513670988 0.405521126601591 0.389281522255942 0.417495506297733
0.38338939386007 0.383311526754947 0.436052545558851 0.390419390213189 0.574833499285965
0.614824530755296 0.639204219968907 0.372677839690773 0.372619500841343 0.444591123146956
0.383544965962191 0.408767232338076 0.36308806676528 0.342054323189644 0.322313004848516
0.489640507639551 0.409706433757683 0.363212463122252 0.395413335581001 0.421285045230282
0.368592985649557 0.374337406519087 0.43226714639958 0.430792605828912 0.337713058093529
0.327422701579771 0.369571553438947 0.445463131100311 0.340821849333288 0.380201774261116
0.457639264779353 0.332384692664378 0.486839895918967 0.450383912146715 0.401078733365472
0.491384251868381 0.377083425430966 0.645123122765102 0.439098009486634 0.464043566260954
0.413385504433106 0.305789156857391 0.348453834935009 0.475960165335412 0.356557345429962
0.442940722429587 0.501665626663928 0.431301065783044 0.365240039193773 0.385443304158802
0.378670393560071 0.431735067903259 0.418621572283124 0.421562696547597 0.496059463221069
0.339332486854175 0.372256011842403 0.453663962006612 0.381631475502586 0.861772382358608
0.372276665610802 0.385594790443865 0.61574453038685 0.373305625571783 0.336018121642345
0.315101205072953 0.622765504158137 0.407325986094006 0.341522942235493 0.340333775715292
0.392855370214636 0.45274361957114 0.3379350782125 0.427186183611692 0.898710779711447
0.293380569767696 0.484589086191462 0.403706789659353 0.47811699528677 0.320024067794596
0.359702237581588 0.389153955138818 0.37875978810684 0.37890757870682 0.399916813579192
0.33758838484766 0.61887188182773 0.394835233032741 0.459699203367802 0.444889003032836
0.416984598678997 0.380663511756477 0.891489820433108 0.440279166678753 0.460156317735148
0.639168537396207 0.500229447684625 0.436381583695325 0.471305473685282 0.511291244174501
0.37288219123528 0.312627054895071 0.35603490239507 0.68680875296658 0.395554280935664
0.404380690672212 0.340540868304441 0.385279050156918 0.337666767968633 0.449476785915583
0.423449655760944 0.455696524470987 0.417118267039265 0.313306206606662 0.406679525977763
0.384750810420533 0.412713549398855 0.448148505774035 0.581408771968553 0.39642464583138
0.338822389266684 0.450658664407585 0.375959696027629 0.422500809461382 0.361523010123506
0.340086586705617 0.396984313263765 0.349678308502353 0.372405674505764 0.395538986928017
0.521751510855591 0.360941537058207 0.376719730262911 0.377952889334593 0.453957565816283
0.363950522957828 0.362738674955085 0.393367614526693 0.4805158101016 0.385865188772425
0.38113330029447 0.325868832807007 0.320854875588748 0.311821578077173 0.495378420123039
0.370519014904891 0.395885879714294 0.392776863572329 0.367743380282098 0.489761269156331
0.425302476575837 0.561637594715837 0.344725158817088 0.432668545661704 0.351078715497668
0.396830654047941 0.46207377543127 0.288653394765576 0.332442664271426 0.424314198042463
0.532735126258509 0.41121888685704 0.370197763462396 0.322538682267872 0.316388206092455
0.323629575372521 0.420970559441434 0.449626437409855 0.418178073377682 0.380443344956748
0.495959336737168 0.341829331016086 0.457799016073173 0.575678920189863 0.344327895817337
0.613791606052164 0.385448390409781 0.334896116799085 0.358519153481161 0.337072813329436
0.376387514318834 0.409575525539503 0.604473067999181 0.421743173061822 0.379863328409479
0.423644862398098 0.377704633927298 0.50879247686942 0.433840944728797 0.432478981730108
0.352706237306612 0.412843786809695 0.491587958533996 0.626791373468065 0.388125690928324
0.337356531121146 0.369308204424518 0.381123070011699 0.377581570110044 0.514507550851804
0.545072111320524 0.454508651842253 0.456602467666266 0.646417281360691 0.509580333013432
0.379826784196615 0.354497929622522 0.389787519087266 1.17556399923653 0.532708314158214
0.517352901790099 0.504980723499268 0.357489219665279 0.42525720426597 0.482405136249749
0.391429960825705 0.47197012601183 0.401380924100591 0.701271070091914 0.367682547444378
0.435773957662021 0.339848773600148 0.52428486128095 0.445580904243023 0.412563772686239
0.43612855274202 0.329688190955796 0.335482544005411 0.415022412981182 0.385864131093178
0.450278850466351 0.572726340696577 0.421804559671456 0.661069557159682 0.348741549142795
0.385091723720478 0.371421984594223 0.355753919263519 0.386927400670354 0.347986162425794
0.39090570381667 0.378134892856893 0.486363776047629 0.331546367400218 0.443089651031948
0.383622188177889 0.391036278103499 0.509862221905065 0.40585744313117 0.375269742501784
0.334868358970637 0.572816633186144 0.438051855084436 0.372370400232341 0.428010893054361
0.385674279679167 0.362187739160716 0.489525728317142 0.414299630808442 0.376183198906811
0.446626129504219 0.4542394786146 0.433263792436623 0.506287360535025 0.374093685031319
0.385143735954474 0.460927276215734 0.453594894893307 0.542225244540122 0.42502379147608
0.362748209394303 0.348632029223293 0.340852639079165 0.445253232991071 0.399014763968746
0.367984681884256 0.397657280713387 0.390115078852321 0.454784770255682 0.362122627801988
0.439658322388036 0.4626096197594 0.554962155065535 0.364244703389345 0.327901624897687
0.33116700310455 0.385955436316152 0.40718114756102 0.381680861170341 0.389366075998284
0.401322689616846 0.398741919555877 0.385145686609762 0.396125021681287 0.38997264895916
0.350003269623213 0.415704887570258 0.414607330017548 0.444453964191825 0.422497457854679
0.340786809782396 0.367262170548202 0.435511835459174 0.420769596951615 0.433830146954037
0.324521359215962 0.423260534702722 0.35065893953667 0.352908899000621 0.374329379386963
0.384863201143088 0.594942774966165 0.567277845924351 0.43392017812271 0.423060195705002
0.373452146076135 0.362769712233095 0.402046211974801 0.350543284179845 0.365686492822279
0.337649878496254 0.440813242690907 0.364717505675724 0.456531172616898 0.402645669218034
0.491924752274685 0.319969679730927 0.456231566173494 0.448050288598717 1.19559557964755
0.34461800929527 0.344676314623151 0.436252060767299 0.63071082082128 0.359986816843591
0.45765732085388 0.42966744251903 0.370883689106095 0.769726483969813 0.421951374443916
0.388019667767196 0.559542598708245 0.541967192526986 0.513065332535108 0.500844923121594
0.579666685890688 0.477445658617604 0.386418061643326 0.714802062040261 0.396393907753174
0.386327899577353 0.517773909570807 0.348323443017051 0.35956449629089 0.382806021254379
0.432156094168599 0.3277419195371 0.39778941809335 0.380678723585925 0.831324772545794
0.407809695905146 0.468408290480785 0.344561055695003 0.353142580668001 0.390562868793515
0.483727623486477 0.408147869897065 0.420961857448728 0.530863649669287 0.411678759616603
0.388995772166334 0.376268093867311 0.409760750205691 0.355126074760991 0.370809658285897
0.359300013883046 0.449840546078557 0.625600620683969 0.329626052588141 0.325341144989834
0.349495017930123 0.354208320084534 0.403915902437852 0.32704860659138 0.530556541982451
0.362343723321044 0.457004961269273 0.365207371270512 0.433644583485429 0.363700348362426
0.467673240368415 0.388485748589679 0.364526203770498 0.393521581563324 0.376717407549498
0.635038314514238 0.436200186987812 0.431733631639742 0.362219135355928 0.34894789492219
0.420340662716863 0.445668780815087 0.496735307334833 0.391146560278481 0.429508912768782
0.390849605714664 0.392534765214331 0.442431384156081 0.345421367109628 0.418256665868474
0.489343037734565 0.385522367298822 0.523429408522848 0.472898776034799 0.43800344167406
0.408121380454406 0.546960843360802 0.357339908964334 0.390672025902071 0.353324861944058
0.415587385983244 0.42769226074416 0.422613986833528 0.495090621198465 0.427767814498562
0.359115281438873 0.498193150363633 0.577183980895262 0.475007430210753 0.355902083590884
0.737118014197904 0.651114040619003 0.435098232102912 0.557974421682602 0.637253189712703
0.477255855204779 0.432307166406816 0.408658371303627 0.638940374798592 0.494828734095852
0.396787396786202 0.500359649367896 0.478004726662818 0.374346962708979 0.392503077653097
0.360919924466432 0.48784631098301 0.426176458563883 0.47279002259755 0.339131169591109
0.805990233994453 0.431036808424581 0.415977717678123 0.41712825210353 0.394363203970866
0.413668064164727 0.375799986380532 0.760285039305343 0.663742621349408 0.471040857585075
0.388972634897247 0.354704692679196 0.457465135787492 0.58317972003874 0.331264373119013
0.333922484619705 0.450962454481354 0.375043851281777 0.419271226239092 0.368845543977216
0.39436724726172 0.339815042356042 0.480147669537307 0.499559051505948 0.435830828977193
0.385335170250349 0.440094672338077 0.308093785020675 0.359889847796873 0.40589340830211
0.407891353018405 0.343583099551528 0.372704577810776 0.367249233260456 0.451898308948273
0.320635454435794 0.464808315497339 0.696484250190691 0.41549021633492 0.470075231705909
0.393142552733535 0.463499398263284 0.422879564609395 0.438027866788909 0.457627775388643
0.333805282483958 0.440849043755446 0.456347420807406 0.32995267559074 0.309526588153821
0.360867131324002 0.454410327292894 0.727778566904814 0.439394319264149 0.477288231109398
0.417783002767283 0.39970906260555 0.336895861210254 0.342129588274858 0.391832404687552
0.345182155515553 0.665849820427389 0.394952395092477 0.505044136016463 0.384038120609909
0.433811669539724 0.552958471714439 0.479750248227682 0.457938487386102 0.404895563331775
0.390999780515396 0.413083550419703 0.332589033492924 0.37100609185422 0.439785388697848
0.493361349290543 0.669997359238433 0.437097852860208 0.37423156589596 0.41103365288452
0.381467492371562 0.391208229438917 0.423743596361953 0.523946394724013 0.426358939927539
0.419778395409733 0.3881663347613 0.475958545954258 0.492261876157542 0.518485611476804
0.492234081301875 0.356047701723307 0.369035516992314 0.457870860486944 0.340758830445987
0.452334303150342 0.379479166767123 0.362320191260812 0.496906104176169 0.372596783652882
0.470878891776248 0.374390833747361 0.356743539451626 0.467954120970859 0.381036347153124
0.662352403073683 0.346600864609445 0.319019505352714 0.588708570223831 0.412347962425939
0.318586090245632 0.464846680486955 0.561206728238401 0.392371500608063 0.37749850455124
0.428934886218164 0.325506301988753 0.392937048955344 0.506558278313197 0.440473271158937
0.335723212842828 0.566250692984791 0.36772104192549 0.400422180938738 0.454488123072063
0.374456865681437 0.353994889618819 0.340966664998053 0.740253645790348 0.497121391343931
0.32233991792946 0.458798511004252 0.312900673909882 0.488767429850157 0.330648016962604
0.463007356520194 0.41965129872248 0.361036699362914 0.36029650303188 0.290394483752815
0.397003099420723 0.447044767026014 0.35435510380183 0.34146571661207 0.460552454149607
0.509959945199018 0.468299615364964 0.465132864328176 0.362395550356 0.372343512231577
0.352988332273662 0.339294031455657 0.621306302332365 0.635044205350575 0.541821664067228
0.383869858827884 0.388415899841589 0.363814647464372 0.459233143894768 0.371739437364121
0.386172190956263 0.378838685538895 0.318683194888584 0.512720070697554 0.370887813633954
0.335707775178348 0.513420526451318 0.36020120125446 0.381408540420386 0.378288258735149
0.379946789727288 0.590438417160336 0.34764787475552 0.476727702176725 0.401445713113558
0.54439069580936 0.397821181395162 0.398124611870232 0.364430622544157 0.46154526248307
0.460089437011496 0.338148237616162 0.473328755503332 0.468208241507899 0.393942295622015
0.537441558451426 0.408174069741991 0.410489185427276 0.403834853381541 0.402403478341804
0.628586554915444 0.416058005609058 0.359180505388344 0.330469865466102 0.470412667410827
0.407696788485778 0.406372176762594 0.859071701890956 0.549419467203364 0.323220550931529
0.41596047069856 0.418452815902008 0.318072079572083 0.374098137204523 0.422837882598344
0.41964353197572 0.469780317467671 0.477242530025069 0.417343491757258 0.397608256201113
0.367662478319785 0.572401731353708 0.432017420688523 0.348119508495041 0.333542716230504
0.367644656476884 0.509508544827238 0.499477860591765 0.492282752767429 0.354508407104607
0.665274877369047 0.358909797637661 0.412712863372605 0.372126224233688 0.359430978173416
0.322034955387143 0.396260223562243 0.327353577137859 0.521696261379617 0.393549070452475
0.337731794071946 0.733435259154902 0.514038507891238 0.406755996829431 0.438882347947306
0.45129407117181 0.59508062858417 0.389972782692928 0.454732675958111 0.407419799273221
0.371139021542616 0.37657634858384 0.344499825232189 0.50971486856851 0.373474832855549
0.527176487429468 0.405026867951483 0.435940887773313 0.520035507865895 0.459039200079411
0.340152956889535 0.342103905061625 0.486222154130559 0.422845476751493 0.681326485658724
0.622985234934202 0.480556992991591 0.333896240171245 0.377259536221622 0.475686408765077
0.576394432739221 0.370357884986626 0.384164084094689 0.384416853309194 0.380666184735448
0.535523914622103 0.558888183095751 0.419152703249348 0.395234966508059 0.39114710695557
0.336528979992902 0.397090599497739 0.668575009827059 0.367342300011228 0.393371876550592
0.429749382376702 0.334337756753013 0.36615841949274 0.588098217878056 0.382967614740669
0.318196783525605 0.353744411897982 0.335809299370382 0.431080089158357 0.357970459961564
0.415939050806897 0.39436410762756 0.622137008480594 0.376016388555436 0.371321187435972
0.594927656450931 0.536008937190454 0.515761348281363 0.406372431496072 0.331632817795848
0.793148249660266 0.435515829211477 0.428725349406825 0.372972294458397 0.446513400327618
0.464987574971672 0.632896744895131 0.354251644084092 0.356389059987245 0.344092422964078
0.330746556539474 0.358062656254509 0.435736922339985 0.35958251017392 0.710514628381002
0.349506966312856 0.397895265970607 0.340461404890069 0.394445165016662 0.427247174226853
0.484759899227521 0.476917112853624 0.470533612753191 0.403063949561086 0.360568640948539
0.424597422215813 0.386921624749614 0.316842754428978 0.458609907807999 0.44444055021607
0.359397629306231 0.4045518618374 0.395577285816328 0.413302583671872 0.451753021035662
0.339306269004288 0.358142904404718 0.38532776080158 0.337070679679581 0.388103928563271
0.322086861824753 0.341947714439133 0.384182041994382 1.00521296028546 0.370894847317175
0.48549884296685 0.551451092346449 0.377796520819252 0.439256868989221 0.490367372248392
0.34164604489329 0.431378025850995 0.40366466314864 0.447052714284113 0.336975225223046
0.511765895021861 0.437263306526637 0.517072200032254 0.436911600493786 0.453093261858682
0.420529130131646 0.564931507674387 0.384636421906297 0.351053036470582 0.343670806740217
0.316956310339872 0.585186727458316 0.550788077939613 0.388372754962889 0.307325504109197
0.547718638138742 0.35902272557486 0.374276362177269 0.445961049295837 0.458023343902399
0.361603468057514 0.375583784922234 0.600220485999552 0.438275270888355 0.399571845284304
0.654182942006075 0.631695338133624 0.398299444440419 0.347174334517145 0.404576003459721
0.442299556943152 0.493250276560673 0.423284961154364 0.368223718405487 0.465236689263999
0.442610390910087 0.425355578366554 0.407100925715832 0.36500708509466 0.429756031655133
0.397794672531167 0.633687799468458 0.481490832077865 0.421414913976585 0.42438953029574
0.764632119286253 0.396769401883964 0.414965547612682 0.340171253885617 0.340617099928835
0.516527025570578 0.413032055328017 0.581278120608919 0.519122458388341 0.576253931561869
0.42347493873906 0.379944945527005 0.374115921919186 0.435007174124344 0.575680852123016
0.366159512773285 0.928356319625957 0.387872518096489 0.394608677382841 0.368266236819259
0.898025228395721 0.365575282586749 0.434822299376069 0.341448381775787 0.331166021684128
0.37444060340723 0.35716534770294 0.380285609630083 0.556764067920427 0.376330689985565
0.325521279496323 0.576963542206336 0.337089436881254 0.342791678914986 0.546698294727048
0.287721155299304 0.353042531936768 0.463334545835533 0.330904754737223 0.340807612397713
0.297388658967825 0.458120078261981 0.405911445545583 0.433834222427066 0.469161205451369
0.443422696616285 0.795339008269132 0.558168046205071 0.448837469541269 0.48282665656807
0.374722623832962 0.504706094116672 0.510728412458219 0.650217887933349 0.308906493503649
0.632868386699689 0.560765057561928 0.390469203665068 0.356481018173874 0.445441181056781
0.467531496185812 0.329813366676798 0.378368036346372 0.708508846066565 0.536609016661262
0.401914315729647 0.573068288886596 0.380416294084895 0.524676931919369 0.397580274637102
0.384356137262331 0.49737615749092 0.529656560762463 0.391828041375514 0.520612150252828
0.394910298851491 0.368644162256134 0.369541016404932 0.618364640690545 0.414362501011719
0.364283939996207 0.315566506556949 0.474827473258215 0.318604380551407 0.389592837789049
0.342744733380381 0.469055075871975 1.46518907063288 0.458877759094714 0.373758755375799
0.35338151678068 0.45312285795236 0.385476606652946 0.475556515677975 0.392382067414213
0.32504813773597 0.485777416779355 0.371600492014246 0.367952840388517 0.607862150623307
0.821540899968959 0.394148274770865 0.578801893451429 0.453033992813568 0.357997148721393
0.375416798056957 0.633934638339672 0.368022253690721 0.500975529878374 0.387993956034165
0.318036639499025 0.415350348143286 0.537232307806338 0.46983485151142 0.38838045972065
0.335698854489899 0.535646291073263 0.31894600732489 0.381152116018123 0.488266257859035
0.594015318317046 0.503467953396223 0.391491231956059 0.428113769329508 0.375086047114699
0.443798902773284 0.463944040775126 0.758964330275475 0.517382592354653 0.412202341970019
0.410926520694883 0.479255870556704 0.40973017190272 0.493469001311595 0.394965358856172
0.495128230629906 0.445923516496351 0.61177263032803 0.449567274226888 0.332643952521197
0.334617494057856 0.462873562997393 0.421325732979019 0.410328867588205 0.332934474735264
0.316454501731251 0.397926848312399 0.361485575669087 0.418307794667572 0.417174245457576
0.361627740407188 0.570747740008905 0.431659788102457 0.384191823749771 0.447703343491519
0.388391831283615 0.410997826817156 0.420574952612895 0.322882059438448 0.32856710823099
0.349636092529027 0.355297435007114 0.388177713400142 0.337541232326929 0.483128345749027
0.42146283985555 0.711420198947543 0.349177014677638 0.397979744604465 0.590231695031944
0.341916468090314 0.40737051230194 0.478945786800864 0.371625114610592 0.390638049599766
0.374868624597686 0.377754222922242 0.398259762691279 0.378208425843136 0.449982567761378
0.474581774135355 0.45802376550616 0.394243563441285 0.577768792747177 0.352038967614819
0.358155346361313 0.326822841024603 0.341732375139024 0.400152756470977 0.403371757933065
0.576483591866403 0.407885345419326 0.407523761003401 0.410284387792828 0.506962810517719
0.462872900141379 0.403264880212181 0.401547039037612 0.566720573985356 0.407087428278177
0.363298439315864 0.37059413436456 0.326637204619071 0.393328996970391 0.404123183322837
0.60863040456209 0.297799853193395 0.43090069569445 0.315982785501616 0.365065843053071
0.36506114237647 0.618538368495666 0.383321454980096 0.398560369593963 0.385728128589462
0.417239647078242 0.431461937647632 0.394413430516232 0.491697663493885 0.345173598306761
0.558460566406124 0.346894029210975 0.384794338945969 0.370875852851323 0.534281547044176
0.498899218047707 0.413442490233714 0.347826362503551 0.344527211078207 0.34524925330859
0.479146462355393 0.440688025201595 0.447502289045132 0.379140734708534 0.420153044477171
0.443389281867081 0.422149099490648 0.442060628572167 0.637460394693682 0.417001432213798
0.450274930664998 0.424600646752658 0.62376287840197 0.396137541643387 0.427491003253849
0.342253556935205 0.364727734515049 0.465627237633474 0.327993870887218 0.384990444634387
0.52230011496364 1.749221421796 0.324827014943767 0.394581492123816 0.44339404110946
0.291329681823207 0.321778423372896 0.616662199959826 0.624673112415229 0.434773978636399
0.378444720689499 0.636482214084019 0.55374468030661 0.430548544029317 0.563702611672384
0.539817302654528 0.340577736004074 0.331969901002622 0.464120167396739 0.348473155275828
0.31384865398595 0.437969369144176 0.372151608071586 0.412507362043903 0.404673889999345
0.460560591113279 0.467314709932395 0.438205721996653 0.518745604489252 0.640612563564711
