0.449391152197657 0.452210822152875 0.405737970762483 0.446098016227127 0.526035340485147
0.416497785353662 0.3268107388303 0.383855127520171 0.538180860416996 0.515609796176978
0.454765246221299 0.56121072712155 0.485078681981763 0.486237555904197 0.376333256767727
0.305661998508394 0.381452136433988 0.373088458350475 0.443021088746852 0.456351163572626
1.04124832505141 0.392778030203876 0.362144788393142 0.436226677543245 0.356066892427139
0.302750166556434 0.449241379131256 0.329294995382977 0.433086255343655 0.341354788104734
0.421806045136879 0.457162492974652 0.461534549969661 0.418386994293785 0.37375521841033
0.634239902776213 0.34425262220009 0.343422114606185 0.35944090258674 0.354393120649586
0.377128172095902 0.371259155163081 0.385362570618115 0.677473511016526 0.323348528651333
0.363991951271445 0.313068453325739 0.347853157376712 0.472836143633962 0.38962002200514
0.365933436684568 0.367237552397433 0.49789967411262 0.404877551585304 0.406200634410328
0.413413321487161 0.479389040002754 0.674485311286889 0.385323884792952 0.392407351229343
0.429019700050757 0.379655406962197 0.356174490001103 0.37990903690668 0.494112421955745
0.43384229974687 0.903097774562812 0.655829942911243 0.350066543857275 0.433191923694702
0.351849417285085 0.400479868344261 0.360078907816251 0.497502950017254 0.328653760584154
0.375111110715584 0.454841262319159 0.52430232987632 0.427172418983708 0.384924594209891
0.333178405820746 0.355659623227907 0.330163372134124 0.412074103966954 0.49323474172284
0.598179372145722 0.553884508486306 0.593476563193437 0.343516325800313 0.345773246135597
0.422576834054358 0.375544248544889 0.354906273497501 0.580567649468674 0.527044903866485
0.417908311025067 0.378672267591533 0.359378623930199 0.445894526155764 0.384120859640141
0.536658864165659 0.422534154965608 0.391124014179885 0.54079591921789 0.411355989238205
0.348421106399686 0.479821613580144 0.391725211209737 0.326177369078821 0.379696835673596
0.552621666179956 0.363439529000905 0.590659644635847 0.606950160850784 0.388578047962084
0.347618496397571 0.358137687638258 0.598625021120108 0.460534806201693 0.385930371388152
0.364856646596337 0.486098577566566 0.375017282696729 0.690919217582016 0.34970025188229
0.350772370781813 0.379200838132389 0.319254762979632 0.451936509328138 0.335315587406687
0.35624265447438 0.320982774718226 0.444390743004691 0.35945586064717 0.346519987735832
0.353030833704474 0.427263971934306 0.502645054638649 0.372623468975584 0.373287991759341
0.307658569859093 0.468080971735316 0.346622251010189 0.382495314574753 0.484400699015435
0.392349746201712 0.446067465448078 0.392864482850119 0.565647482778947 0.571200743508951
0.524057394296386 0.52112131417645 0.343735568505477 0.384390714952725 0.461786330693942
0.401516298022761 0.356505188322591 0.406930563748631 0.425921541594108 0.37356968883279
0.345476810256545 0.315255274328311 0.341138508939785 0.377065938860996 0.421429553335756
0.420615600123588 0.557805907355871 0.464679441682841 0.443674730571711 0.397200993497629
0.496448750398397 0.334921329801813 0.387914325896284 0.453754167302617 0.361251121223307
0.385614609881643 0.470765244149018 0.383263335372305 0.334518899436744 0.460309414020199
0.341067917708934 0.520659160279858 0.366756882867904 0.347487987036151 0.374146263553542
0.433748755794429 0.469331298137747 0.458679325145494 0.369559389597929 0.320008371019641
0.367433479725223 0.469758723759319 0.419740444703992 0.383860652434969 0.435834292214936
0.440567732717849 0.402444315902973 0.34466506528285 0.425957846429419 0.313560094295983
0.454709525187047 0.399024390497596 0.437944203163229 0.372305766916667 0.384196451709972
0.351749650923122 0.40781128458608 0.650726945965735 0.333453550836457 0.470058075966111
0.401663109629797 0.359996259121452 0.350793590920711 0.390546864928736 0.482836413819477
0.342726146232204 0.395311942663938 0.403299677743535 0.554809899196934 0.371737446888577
0.380698380780879 0.640712834193669 0.408157686720598 0.452553817731094 0.486319410055468
0.389282497577063 0.392941398495998 0.40723721127773 0.51380176562141 0.526236444271254
0.349783573858592 0.385959600065013 0.369089014684623 0.365060217404679 0.437424942125959
0.366504732610148 0.521208712446556 0.409991776906116 0.436982805281077 0.369561414653665
0.368719331302923 0.501845947756983 0.367559974620866 0.380483150939204 0.802236517007377
0.476380400638117 0.386702123132242 0.483539064636638 0.352238585779351 0.35559907532378
0.379503405052138 0.434452163349371 0.361130044064582 0.452577275194514 0.337414736504389
0.386604940283431 0.330574944043218 0.454636932574116 0.611731792892219 0.344721774385774
0.309613654519518 0.380606176645658 0.336802233997307 0.367442817244337 0.635622912833661
0.753787713662735 0.377805678915766 0.417990739695208 0.462391079216956 0.468351454966768
0.331097947370424 0.523613408700704 0.333956995327656 0.479470952505707 0.349870602771576
0.456460267961397 0.416397857457216 0.604125145477317 0.407886527216077 0.551470142932732
0.477126168626884 0.38481161045005 0.384505631263213 0.392212127951859 0.572355559294763
0.320321474014622 0.366073514735417 0.570773796486049 0.442958080641018 0.387256341128461
0.374599139437895 0.405875314296267 0.412288784317221 0.805869957545402 0.569519934530658
0.316654703179873 0.356416899896639 0.328704760383078 0.522337282473434 0.364119770101812
0.415504170612681 0.48002242592805 0.354486306077751 0.39181747384648 0.505757663767362
0.434435510805196 0.388465450683981 0.520084286007386 0.63625225670999 0.428131641614679
0.345770723855887 0.512640527912419 0.358733770338941 0.31572566222489 0.397303620062897
0.620317715158135 0.384342344636199 0.502359736079968 0.317526956219323 0.386276680595242
0.4550128560257 0.392793864389807 0.629992359309537 0.392736460323849 0.39092500525034
0.553481771334378 0.418149204720287 0.394255641563364 0.585978290764205 0.418648921213569
0.490790582306032 0.69572581365579 0.509645781703801 0.426717894274331 0.434678314463449
0.354448248780363 0.459501932422399 0.359042574929934 0.384646046792889 0.342051086971334
0.361300564940497 0.346572818149397 0.357771756155635 0.368327205957471 0.347498048150727
0.368462731394376 0.433247786128718 0.376436816509599 0.407851252838357 0.351086885268279
0.373163942680551 0.358049357026989 0.389217127418775 0.570323925992647 0.363497339351032
0.474822349455614 0.593576774280508 0.536940031181367 0.458643362423129 0.349985522068249
0.443614121613297 0.318123267646492 0.37130960281371 0.564041997431322 0.323833415916667
0.500533246783544 0.4170510377176 0.362938270633708 0.415304482951749 0.396473587276887
0.342367642377148 0.432714374132383 0.329316832724586 0.582828453592762 0.359275541416689
0.416305502137182 0.501785391990287 0.374648201677351 0.693010589577254 0.417269587457087
0.651333041181961 0.469980026258932 0.397491339416889 0.498261159791923 0.316884411587745
0.40023754662833 0.444519233953729 0.426380895109807 0.49919273109599 0.47881264385499
0.352946710632901 0.427640325904524 0.351049481170468 0.517474806678962 0.414254927061114
0.353304534852882 0.449451100601441 0.422036264858834 0.437035243757043 0.518968333959178
0.420743838437774 0.359356799171878 0.45402600765712 0.416409976212476 0.425867825256545
0.443093696746179 0.504872290661224 0.37939351187721 0.40211589497177 0.405152048653119
0.429963219238871 0.957742711912644 0.379865400216445 0.407096427663161 0.485789511164444
0.335666765780549 0.365641270200598 0.544958813250824 0.415391446189265 0.384031589808654
0.735726354696724 0.446943414880948 0.494753288052711 0.468616402104355 0.764953489620564
0.400531335388106 0.453359923515486 0.364721080380772 0.40352918638638 0.360827316885273
0.33546527990527 0.376065593290792 0.510120944904 0.434547776296924 0.366433765161435
0.491034594058531 0.326842716649009 0.644244882118263 0.319373348037826 0.492887545281054
0.420082535918094 0.452537918427587 0.408839997578703 0.610952101121584 0.394111644053512
0.367185545072756 0.35292582122023 0.556932050753408 0.373846256725544 0.451878248645936
0.409785041863623 0.38791556236564 0.382214695819668 0.752142500497764 0.417672122209863
0.407272408763834 0.386481100344891 0.345696585674806 1.49072198069011 0.354489344583978
0.451233611643616 0.456032549704049 0.363036457491829 0.31691911597532 0.428971287995954
0.503740784482139 0.456403792917859 0.442802608197451 0.524469729253711 0.435188766999977
0.419114711864587 0.307162900237051 0.373093556477607 0.528692357391488 0.651288017673798
0.393214552099496 0.300750383596569 0.350659501705839 0.601196903947799 0.389428618669577
0.471950222589307 0.345270149603995 0.303199038577961 0.414607584509571 0.623153611295805
0.348885404594219 0.417907776449209 0.379418055789838 0.370531419039546 0.345789847455901
0.480789355194362 0.511003999075416 0.499397264491389 0.386377227907304 0.438114874404202
0.515016930223717 1.03049827075678 0.463182287332538 0.428027963730267 0.361114464475095
0.36831310497802 0.463769762391392 0.707716858686774 0.375768888983141 0.352132793110169
0.503317718625308 0.330278910762328 0.333370419602354 0.366492604889609 0.375552263713494
0.336036103892732 0.665328431944416 0.321987798212369 0.440176310047998 0.412970281924165
0.346599789560643 0.515715694549249 0.450095542631007 0.481408001137835 0.339832202574046
0.380544401179056 0.475415299393656 0.419387182960852 0.472899378169111 0.348037345570695
0.488884208931169 0.661224749634242 0.407850226107566 0.424956843798648 0.408608285524457
0.505755395589179 0.441384947329195 0.404952110086196 0.541137793536579 0.438846844819867
0.333749036941596 0.429444615995478 0.337196049449512 0.517258272089713 0.389740515558253
0.326770265590603 0.835933253962594 0.331915500967373 0.349543313293843 0.440121396764585
0.375126305524819 0.381586141024986 0.454662750559253 0.408246560393281 0.420834363724916
0.335230074157154 0.368114720972084 0.366379585828349 0.396291010077963 0.608286157173694
0.420248708461745 0.406163948151435 0.33114721367781 0.46343776071883 0.417330039022142
0.587990798015563 0.375696503990484 0.471051234407808 0.471900322296422 0.372643257988477
0.391375744888643 0.377609575136099 0.520147401595783 0.517725934821229 0.440298915204688
0.395777312814405 0.419560761810005 0.405646968520868 0.933595985932366 0.369497791029209
0.700466710054083 0.347897406562435 0.372650699356885 0.348822042557221 0.379120084643359
0.477166642366858 0.567795951959286 0.423492203406997 0.697602725016316 0.438774809509227
0.346362973032583 0.376294060776971 0.376637556569338 0.380816375901266 0.774919266634718
0.326056640709537 0.428979518092572 0.346740965897823 0.404532599104075 0.427190611793258
0.528187538784784 0.351626513959017 0.390835277249312 0.396376639360431 0.538314722204772
0.332049402003271 0.644756011515223 0.380052572189785 0.425086447502996 0.39604707086438
0.502569160463089 0.460374867170599 0.426163567022188 0.431264475369536 0.360714389787106
0.47323135807966 0.359739155371729 0.535555603667477 0.423423010379644 0.414793977754837
0.410063185925321 0.334447664376976 0.406775792739035 0.39724616253026 0.43411764892307
0.334312066935907 0.384370811535728 0.405317433039285 0.991148749026212 0.508504023211308
0.38973382835913 0.817978872616543 0.456314050958451 0.601055792245402 0.441055557803515
0.704704242265242 0.495114297400471 0.357165253108851 0.416450096574173 0.39367712915157
0.430712902832571 0.457981482641328 0.396443201757986 0.373491291058076 0.461415035350989
0.326779108691453 0.516240185964626 0.330734186246932 0.418603771136906 0.540577837574489
0.40859740585547 0.603729121748107 0.430962915523367 0.614098468557721 0.449533730145324
0.346118588626989 0.36950824322603 0.679424540252055 0.476284175525246 0.404811179817666
0.403108834132217 0.432697074842229 0.328177283951013 0.392215692523188 0.395924650053894
0.389033050394506 0.363658558298962 0.359492340193961 0.494829697257789 0.469467978810006
0.61631507408789 0.50882893804845 0.373646455236395 0.357528218938984 0.357430610198551
0.304002326754472 0.314922081954412 0.396774395668298 0.475186919997297 0.569521846826136
0.415123440892584 0.426129024826493 0.570157387200462 0.5217450092573 0.478267665849925
0.333506883455018 0.373702180311641 0.347549958339916 0.442245904286068 0.915197295673499
0.312751706034195 0.328221866373453 0.341162804806016 0.487108864514653 0.352048898099825
0.394790811789979 0.562653634163595 0.361836369848524 0.497680749163732 0.413520851491503
0.388510264296968 0.402537621439962 0.424283101995386 0.373420583432766 0.416891573262985
0.398896226834616 0.338020386223901 0.360674902444293 0.448800557602686 0.494491102645745
0.966192519406862 0.336440707600828 0.374783948596876 0.39518578334551 0.355533425623225
0.567146671714053 0.357434031326191 0.328118496039242 0.52004135352366 0.475368487967942
0.57141082913604 0.512692767675614 0.324362385778956 0.362636494918167 0.546880687142823
0.345103345067274 0.33746839760767 0.332264120060584 0.452064975269992 0.424215662312958
0.474865472911152 0.325970533073656 0.298006769446876 0.34620405241059 0.463776096818877
0.397522886554703 0.542174726570315 0.382027714813879 0.363142897771621 0.391824276987608
0.503578098696357 0.50070401184571 0.495353814948392 0.499332434476019 0.452507975128834
0.585026465026439 0.3904923250464 0.321392885787058 0.364678198797722 0.353569883584147
0.420699511586166 0.382010181621934 0.579536784964443 0.495713369920673 0.512005650869798
0.411732801886366 0.385242283891313 0.352252295354243 0.385711190089285 0.333334352393492
0.397444763494622 0.749181434323407 0.549787226027871 0.470798878582366 0.340640143962666
0.473440413726185 0.390207669483836 0.419782332121624 0.741501275264959 0.450810959268074
0.607825352390776 0.893942081081335 0.4696145796633 0.404170779277855 0.329482782469336
0.498844266474711 0.487464347540266 0.326135519939675 0.34678339794525 0.345757665712444
1.03830525572383 0.383998812398827 0.40712304992566 0.339325121785275 0.375817524427576
0.347425839244985 0.361494131615633 0.337510928647664 0.447840634123129 0.508942420890046
0.404373848826291 0.454843011371427 0.366755734092668 0.384430410361865 0.36960523774419
0.387324410299203 0.374821065988082 0.312993453611573 0.377049810215247 0.368596325538117
0.834643041406902 0.629769400698303 0.488864335541792 0.396774267545395 0.352237178079264
0.308903726745921 0.394139760467261 0.355849939813406 0.410016733141933 0.423331734277868
0.440232732723196 0.418764047719401 0.36431869846843 0.375766555478309 0.42871069260552
0.442082380389289 0.381955123629687 0.354843632305552 0.377668382089247 1.10220300646742
0.359232182395998 0.367336639109638 0.606770222453589 0.396266254097816 0.337644010582165
0.444196617282193 0.368757034895373 0.327152664159108 0.429462694367138 0.344382618314102
1.26513949919816 0.410711132610702 0.441433170894334 0.396813855192674 0.421451637594289
0.305709326413028 0.334490250508656 0.379981535324101 0.367366336456834 0.64573303875333
0.389793748239376 0.377101501455541 0.37976937587035 0.473146947729597 0.467963713560553
0.439980465007079 0.436591301607583 0.473270422707334 0.334413359626443 0.872656088988551
0.43406417647322 0.449804563304877 0.436668744486815 0.552634547269149 0.459829585458524
0.711656064826249 0.481488399163175 0.401901697242651 0.410081691265225 0.456148322953593
0.456550349802453 0.532130732934221 0.388021651445772 0.585213006816514 0.369565445649141
0.455204932649888 0.46703263215885 0.415498995788421 0.451597418589526 0.335934262061431
0.390477508040315 0.429839525630064 0.411238486944291 0.48467506188895 0.385450996097258
0.532448568347843 0.369278505262671 0.326614556966274 0.411734658346826 0.463370939618631
0.394565599120693 0.441666120273331 0.614818038057347 0.375858738742187 0.430789410641027
0.422892360379119 0.432932335055174 0.538677424414229 0.390620736793358 0.445596231058124
0.557186428537518 0.371100633359447 0.372394368622063 0.663331999942296 0.370887584305116
0.44458363079712 0.476319763400897 0.371032872281668 0.450397975341607 0.515359294064998
0.425900705876815 0.426717543958229 0.524296213329298 0.546276491200077 0.425770658625134
0.408295880718262 0.553494514968969 0.523855836779831 0.404736941017532 0.364072392305831
0.52614746668106 0.430473011943623 0.41319582438065 0.3544863753994 0.398224537534478
0.417988091268635 0.441424443145262 0.434395981038438 0.345719721589549 0.410778405857716
0.557788125554116 0.361263639667223 0.842421842757995 0.425050595667282 0.399283617589757
0.359901307810403 0.64899220238142 0.476630147840631 0.326780527648903 0.380769532773404
0.420110217224551 0.373269277581447 0.658151102651624 0.341953470121968 0.376433527518996
0.462780172499787 0.46553565597271 0.313223511327952 0.389933616958465 0.339235796507945
0.381655277100229 0.341029125796058 0.35223918388661 0.40846787027622 0.351555228712086
0.616321869813095 0.339535108648578 0.431379874004567 0.343208504388461 0.431788055963869
0.417271035490045 0.343517751604222 0.301067864303152 0.424112505774347 0.397698587902996
0.486831065065391 0.415771274661081 0.516708545690467 0.473137264966086 0.484067834016517
0.507951257235383 0.360086345472722 0.375615732810985 0.358952999172899 0.343662803546735
0.320370771708132 0.380182776510248 0.388338698331794 0.327342285717083 0.358459947762229
0.330687039530223 0.370382945237188 0.466597180490302 0.418454453880915 0.342997070233036
0.392404595732432 0.681031435448865 0.382945390749829 0.383635975903417 0.51649215122099
0.720746291342447 0.451061539132827 0.377664977423678 0.345337475535052 0.39307119204691
0.384295778869008 0.481770752391082 0.355997770368353 0.458417542823347 0.362428055302985
0.415375302517021 0.497671882522984 0.382476747307599 0.416014210654725 0.596470377898832
0.486448912819198 0.365657986274758 0.419603341247634 0.577079316706861 0.561467903187622
0.314777399769737 0.633016837095375 0.322916658748043 0.389239919905033 0.432718129118988
0.494035683496542 0.390876487486189 0.506824375922128 0.550807284437141 0.570674400217021
0.407144601185888 0.450587476948917 0.383574237631864 0.641558711233496 0.344055639213675
0.430193753692844 0.375222216877302 0.391030422426635 0.394985618412643 0.364696653067011
0.433601392812376 0.464572442565787 0.34378534233828 0.443056912005311 0.420157192803403
0.421812642795831 0.451655625407632 0.40683150034612 0.737066983063867 0.378955096178783
0.376976970874795 0.431258726375632 0.476458713257707 0.488757053895975 0.38283586218868
0.39983934798313 0.409563877730266 0.633381373948339 0.441623029995822 0.470222037386853
0.383802316038373 0.484172867796596 0.330524682297294 0.438683233474365 0.305512449591377
0.363063282334133 0.366269971452344 0.328384772542198 0.52076583262916 0.69033706404123
0.328667731621339 0.497546835391224 0.486492803934546 0.365048350448593 0.363831456624264
0.35186734762322 0.471142734635688 0.454039005448874 0.492507795207062 0.504298552045095
0.378183175119006 0.558054736927641 0.623513242723161 0.455670864231284 0.379580258058577
0.372497986720711 0.442002517822479 0.306463212490589 0.474308711971986 0.325748169832722
0.424995907843113 0.425768857979086 0.332735747607742 0.386141057445427 0.466616642051884
0.397856406418162 0.428996047810162 0.433708929928915 0.405582024315361 0.496440792627714
0.329318654000084 0.3961539426431 0.52965596688111 0.403746154409063 0.317328758656639
0.385232214574269 0.531372941172447 0.322700541643787 0.424907704212616 0.46008429576594
0.390920987238506 0.413350434748968 0.385192766551511 0.336532646660883 0.496849357989654
0.431830930310829 0.3688669483825 0.347379011157173 0.490271614433977 0.5498775124286
0.307567842074008 0.429887080205525 0.373477549805433 0.40111139738611 0.809991844969133
0.545260862153086 0.441520838907712 0.444871131673882 0.383867245989423 0.498480931525887
0.426245339333671 0.371650961290513 0.471770823904304 0.373144943508308 0.44570017767427
0.400976975011703 0.384326988916056 0.445725525984402 0.597258758701259 0.441884272216454
0.455068893349392 0.420101855287546 0.364339303794421 0.543632787393906 0.417907903999641
0.352975332878827 0.358725310040356 0.410284890677325 0.349542501239118 0.511200960501316
0.357139893617502 0.448574242589851 0.950966055402402 0.560376761800584 0.314282481161353
0.355604301655237 0.531515389173399 0.325061877815557 0.706899916658888 0.337843838510061
0.343865307957741 0.404743119944478 0.355216478129419 0.560960492244006 0.353235036335997
0.457396896811808 0.364805728626832 0.777649892746617 0.412239334533053 0.384779512490154
0.567073436818534 0.510875296237718 0.40721474474855 0.324804689715056 0.370445954404369
0.470755976795324 0.37395231463295 0.334774168119763 0.542221102355797 0.413765299863528
0.659831223221735 0.356730930433153 0.476422605380634 0.566739828434772 0.399750927082798
0.785029052095466 0.372655158219747 0.470832202332225 0.372484465844798 0.344480153864667
0.640187151311048 0.421935897118667 0.342931074641657 0.42011883961017 0.494539054751022
0.470201226604795 0.390889996202789 0.368953070264338 0.361382333832274 0.476562486124606
0.330867435875849 0.596088103007707 0.393509104071105 0.491210961117414 0.299870202480355
0.317164052840889 1.03329642620827 0.379255247692746 0.382787099824817 0.416713316383738
0.436619606211523 0.321230542521826 0.410968241286276 0.429262336413822 0.43316027128715
0.381559870054902 0.405107067130944 0.444515801424962 0.325609795680956 0.512891546792037
0.442529106827885 0.433257318708281 0.400422388095605 0.402676482117592 0.440098900522778
0.372519440912121 0.359945671101225 0.319001303187556 0.505647493066219 0.462032883049056
0.360357680905953 0.338466060208092 0.476286525596644 0.481454962856196 0.373327615367705
0.604645696624636 0.492553898381134 0.385308196815348 0.35915688241135 0.611382421182787
0.397084228014923 0.347074144679786 0.513987500627869 0.685774898952979 0.399088864983355
0.32754215717239 0.442855562050647 0.374352076796944 0.448549889924333 0.343346266585638
0.355333496809672 0.369393408078486 0.492616209154188 0.43362534250106 0.389272987088014
0.335990407824961 0.325779899125599 0.350097333656113 0.534764322633232 0.543164071637534
0.42190208301239 0.357624211147723 0.367081243472958 0.387491365112982 0.345305274706945
0.432676859295227 0.391536042831294 0.33124174989437 0.516198708150171 0.398884013402545
0.366567465487354 0.441659236298324 0.360971572224561 0.471148349317419 0.697312179069264
0.393179940810972 0.410591080768148 0.548617751619556 0.375336145488516 0.339933016361488
0.451809035856582 0.385898176520326 0.354451702062204 0.554003675549191 0.459643328119782
0.696935439612757 0.342572020429572 0.386800875870845 0.387619961638141 0.36725160751261
0.326862834265259 0.322888587638977 0.381581880913872 0.36227602122098 0.534034708541629
0.439636170287798 0.497187601502462 0.378853165007082 0.391997280970885 0.464249021521131
0.304687725285492 0.386343877880393 0.577605309025699 0.520514782960304 0.36780321163678
0.354861399349579 0.413513648147719 0.389922798865573 0.667442590971499 0.365535689441714
0.365735912232843 0.381343760424266 0.335323923209509 0.519708880215053 0.349818576101704
0.430996262226695 0.360114803603217 0.339854420576612 0.515838625763343 0.512305758338427
0.512584178080023 0.445835600802071 0.403562485252052 0.402068420520626 0.43313046502243
0.344373702730836 0.416249277762667 0.533750392884185 0.54142610443304 0.432881925237451
0.335937059217061 0.965250667307392 0.397811493829846 0.533821979715421 0.343355280230121
0.296008763157378 0.369705677385657 0.581892479436424 0.447971923092284 0.325099423618
0.483296443504063 0.489585489287605 0.481646876872632 0.455306200459175 0.404914874029962
0.469203117398737 0.434565604959552 0.363416989108961 0.481430183714002 0.430680063188637
0.363520374115781 0.417620133360585 0.330404460715437 0.35228149793519 0.363864486970403
0.325170323431809 0.448590903993436 0.321138589513835 0.384667566320124 0.33787815329
0.364241821197084 0.745429586616884 0.346074029203975 0.4099652353445 0.422560309595863
0.512551657550465 0.530756701415809 0.351927615923079 0.369168777189438 0.372924647624365
0.4565275475458 0.380175565595718 0.352103415887017 0.411668343518142 0.329904020775542
0.422643617556956 0.311527596131746 0.394834094182319 0.403259366204497 0.44617875330151
0.355461903100052 0.463005279400497 0.351669646072847 0.386881749778538 0.368752533437112
0.550802526885616 0.325837538447288 0.39342552850018 0.364452100275064 0.365593687733623
0.521113995211195 0.431314971783577 0.428790570157925 0.456853602509285 0.354767540963285
0.374729525933481 0.363101691210734 0.391407135067421 0.41104925992857 0.417357571591014
0.389757651937153 0.399145501075379 0.489323593243764 0.66680960115798 0.462170728464262
0.311935796005774 0.321549406183719 0.35862672139931 0.379836028608462 0.436082688708974
0.314242744966437 0.406568321179633 0.431237341667246 0.448201552950867 0.480872759697424
0.353496259040045 0.382463756680033 0.431709508571699 0.62768811524658 0.456373862708587
0.400817566748813 0.81388618746383 0.368848272277256 0.463316704041827 0.433945153151057
0.3330745534145 0.387688422830359 0.503221933827213 0.369713003706524 0.395680739627551
0.517451347173302 0.350372249324856 0.383511651632553 0.485245337811427 0.37050343202888
0.442158161965554 0.364984605238231 0.334596043684738 0.564967564901532 0.379170325742216
0.314436095827839 0.364734316554892 0.318604880797389 0.515256641071773 0.368014102011638
0.550421209188545 0.38509835232402 0.392576191613971 0.483630215746378 0.641647039373366
0.362935210807189 0.383516833830593 0.462852803794812 0.316801207872413 0.439755968924288
0.332290626657567 0.350089245850259 0.358770086448494 0.58231842993934 0.38336589304674
0.341561503588336 0.463017904084722 0.71509459291745 0.451628719839372 0.393352778804599
0.393074343833231 0.379912358641067 0.388307542923206 0.464242599179589 0.301505813973312
0.326591831468892 0.426295670850523 0.676134219397631 0.516945721722387 0.315808049051273
0.560161449142936 0.372002721288491 0.444841496730285 0.588064517121708 0.433145869620137
0.46953208690375 0.391663398191941 0.48962074294887 0.48384672213898 0.486533811206002
0.388832949016186 0.329156687940796 0.33850087033705 0.39718675070244 0.714070674195413
0.36162261864067 0.558419911239041 0.34316759169495 0.477355536463621 0.544349162172127
0.295057336007702 0.377471777172394 0.469469766732204 0.444927477618684 0.390494523439469
0.57839265773879 0.416953192549489 0.337081701381132 0.364796940929688 0.360266884757638
0.838921443872053 0.355971711995774 0.407228102463995 0.427079757407714 0.459727019772132
0.391312713625137 0.459652391284066 0.351728178955323 0.357898471478364 0.404139854756619
0.424085533875342 0.370231882920691 0.546316806374742 0.427418449306274 0.426513873900083
0.430992249687849 0.453604413060465 0.347370203929183 0.332935619884437 0.592588520825483
0.380378554438229 0.456663936473368 0.620648189873101 0.383847966432644 0.351792384245213
0.453394077482494 0.394711101911002 0.384379474139238 0.384254768611923 0.378598296539096
0.47370562638712 0.374484514982834 0.393656248290451 0.456033300999359 0.33474706080098
0.34959324275051 0.463012098144521 0.495628622064186 0.370350319834452 0.441589675371735
0.34594866805861 0.442812068378142 0.422755132541643 0.44406141949131 0.370462478387723
0.451829882731351 0.460152025840494 0.551258772326689 0.416714155757759 0.404010950790615
0.438204583608526 0.363551556668105 0.614319570735486 0.533402987555354 0.35910297988548
0.37853526988474 0.436618350777333 0.612500565555175 0.410872934313728 0.483005682136728
0.411648444001682 0.457649625379864 0.352393043500581 0.40008618816585 0.435654116379726
0.329531286836737 0.432566974258416 0.325228989565576 0.457430132674843 0.443397828582604
0.366802486444606 0.368397047224734 0.594966264236556 0.642389212602126 0.324064342792914
0.486572615422111 0.465460593475507 0.363708475730829 0.985463597291487 0.452570314659169
0.348679429746038 0.569253855105925 0.303862880605775 0.479578191751517 0.39121891257668
0.389859551786596 0.443926030735611 0.446319369321192 0.632262461571892 0.407423228336455
0.584941968994417 0.31708640057863 0.460764538516125 0.404149604723156 0.443469372590708
0.463909216915932 0.350778830612879 0.565199267677948 0.397199052230893 0.438565134148713
0.397774727633085 0.340437798775796 0.382387387715368 0.368818493231898 0.495240673949705
0.606027164415131 0.373248925518303 0.381807060829797 0.483290985733648 0.363632394644982
0.420177020800968 0.339369601144501 0.378725196507717 0.401105745949848 0.413588752647216
0.395095659542279 0.443435149781659 0.39107383782631 0.381320182230663 0.761088912002208
0.378450380560365 0.375370414263555 0.391144178703901 0.366395035632919 0.536201039771507
0.508117936964849 0.423776897806667 0.506654897608782 0.392285252467701 0.330000522795298
0.402665803812627 0.361462048720696 0.359042519307282 0.386781941702636 0.358647727602123
0.561312029982264 0.358647985742427 0.353833671484886 0.417201409507083 0.358095430611769
0.341462890337197 0.352195203929955 0.666868806472524 0.457316310952994 0.359790293526073
0.440447412941647 0.550428507679697 0.392742446678075 0.360997086953811 0.409334169870893
0.379771994980098 0.395344286508607 0.714741916277964 0.367217922605996 0.44809720838082
0.428493593521194 0.609191601714925 0.382910131596598 0.497753758552399 0.495738176889383
0.480810572308445 0.449249858944634 0.500925519612846 0.866405543109611 0.572736389769957
0.337116727793311 0.386966809914714 0.361466286801915 0.340826053877311 0.386303573281907
0.361025698341508 0.543471064188591 0.324613691933749 0.450979730950826 0.39211130459106
0.470431765629458 0.402388584076427 0.43241146791068 0.401948074247259 0.531708144606891
0.545094613255214 0.515232920228682 0.520015932964175 0.545469215524231 0.563007525266656
0.400160816636684 0.316086867633429 0.390695378879238 0.487194485061783 0.396313395031868
0.350873069936659 0.664213639578695 0.406434910667564 0.360463621698755 0.348981249226655
0.358542486930504 0.602527457732761 1.30878493849166 0.368196217157038 0.392821524944903
0.63691676009844 0.397453056996249 0.395877974246539 0.473454374295479 0.319452353862089
0.398614466777648 0.479028410743347 0.319007208352158 0.563743281365396 0.342361871238275
0.53834748865847 0.390868428616064 0.397606072462936 0.355216428210442 0.576360312817909
0.427267782346594 0.489022086912179 0.330860361469591 0.382469772732302 0.332514314401527
0.47552052336335 0.454090178222099 0.408861267675832 0.401840166898279 0.383101974494328
0.382096152112089 0.435827177605167 0.410239637058895 0.42337022550446 0.402266355449929
0.379025904929453 0.349005783502173 0.380914176233025 0.421306382471412 0.473586677867008
0.504965130220527 0.47806100839264 0.404381156123748 0.379521815752394 0.415260708850173
0.424791660717969 0.410698553989982 0.429036348952216 0.411646466469743 0.36762819206728
0.320390129353533 0.42035092552627 0.36268285623693 0.439830397242735 0.499769876137707
0.424561529890302 0.391325206087336 0.432134302708011 0.418260762874478 0.380062400321136
0.782630310459205 0.3508021414966 0.350768250066818 0.444397279187485 0.347123079361489
0.358654304167723 0.384680635694663 0.457569378115503 0.328486297433205 0.435565760259866
0.354371991493594 0.467867015788121 0.378333650016805 0.354641586400423 0.413408560701623
0.594132847041848 0.457342586741978 0.555730908812 0.416247805586957 0.40690612949895
0.384748640804131 0.410002068982195 0.646776933791872 0.397414250039743 0.433258560832247
0.335449381989784 0.454989907436207 0.412446497408927 0.347583087092632 0.341649447076507
0.416775987548378 0.412573167418812 0.399406684304094 0.472254795190075 0.626254202773766
0.408999780141823 0.48526208809193 0.402022920147646 0.501445581125926 0.43319789029708
0.381025879040716 0.464385081069711 0.429097271141933 0.388619691097709 0.395468407776595
0.349867111971283 0.551669981856568 0.382423286814143 0.502153475787833 0.432583051306329
0.429580969154132 0.387772814945627 0.595694245131832 0.381039430264919 0.420478906737788
0.425315600662473 0.385597704194714 0.361411602837894 0.433098004389124 0.725893504945227
0.523043894994487 0.45193316620119 0.380075193025077 0.580076227112 0.404674244456656
0.340400387726755 0.326499229393692 0.474831825740886 0.382501032157567 0.359956066982043
0.369168851234352 0.334370996017378 0.371668943714387 0.443596829294009 0.427077808230484
0.347405318008755 0.449789388130817 0.41518661862741 0.57351850753827 0.345761325493282
0.480585995430524 0.450150329583553 0.413517302324837 0.374435856509531 0.304325648352924
0.361582993022169 0.697973445192259 0.371234774361387 0.46409361706033 0.469731527413213
0.532075291197857 0.542833308038794 0.350123654556099 0.46036428940293 0.787053047721891
0.602234364983577 0.498197375399637 0.622395566432204 0.577608258923698 0.352878068479472
0.4381862192812 0.486231215297879 0.396075549609832 0.374289556736929 0.370237644870336
0.486357680955993 0.418828995374442 0.432797827947554 0.453165125105244 0.307380454513392
0.318905354105441 0.969955994721467 0.330112713427883 0.35700757256842 0.368725156445797
0.590214156481166 0.477611782803914 0.660327095683035 0.381520139309432 0.46792586487804
0.350788877230502 0.384428606523671 0.699353300005376 0.403944979008158 0.383321294575182
0.363300207197881 0.500845003872583 0.643674275450309 0.441058983561279 0.588135158892532
0.620432501570891 0.513547596090111 0.598600388929979 0.399448850364181 0.329318267650437
0.379637689613376 0.47599457400146 0.397433116919406 0.367418396411374 0.332698797312651
0.339038318857118 0.604859697444844 0.392033696784255 0.594582025338877 0.357184259100874
0.428104665541793 0.413558382551612 0.421182510353006 0.50442385313518 0.47821276909268
0.411317352298713 0.381555750480064 0.327158735723627 0.711759120052219 0.376462065716415
0.402368109852549 0.808265486075929 0.371041823718733 0.493650715014258 0.512374747603607
0.520594278413178 0.381860933726113 0.4833661129752 0.423301937281533 0.425523416986685
0.516443113696778 0.394848910544884 0.387474088252443 0.872074656179466 0.457318730239754
0.414208796461103 0.542591742583209 0.853265936948829 0.478858008594476 0.37680080980944
0.439676221777835 0.422050922618734 0.392316046446749 0.488524340139844 0.428155078271825
0.381761256960402 1.71928956463101 0.359072441387318 0.43277398989746 0.339176662501141
0.403342503084611 0.403330060484723 0.346910581602869 0.715176503597375 0.315541152282025
0.459687431456048 0.814808487499292 0.339408108459018 0.35216206600389 0.353549188736366
0.378990474765235 0.337765939965867 0.44368218523621 0.503840110871833 0.479029951731058
0.353839857790102 0.375713197704572 0.326711995511985 0.406210735723958 0.409347667609034
0.333499135494528 0.464700492961487 0.356409253767027 0.902402075535786 0.364635477794713
0.306721088992756 0.351006205160044 0.348180763657702 0.349863590430484 0.422597344070276
0.353377949199591 0.535230076203235 0.436544427232139 0.33113710174956 0.425411727360067
0.435055872012555 0.422731953447058 0.711359734232062 0.416963234734068 0.354210304123613
0.377803358675593 0.469159090625072 0.354868267936171 0.967620323899168 0.44841414286886
0.544282054545655 0.448093188732619 0.361981817027 0.39678250279998 0.400948465109235
0.479377185650426 0.488037513986209 0.349292567372115 0.482380195348641 0.385031063031805
0.38854844146075 0.350428559258389 0.407612521005957 0.507818948550492 1.20817663122258
0.31134056474852 0.618167007292933 0.330393427520788 0.422607257597063 0.370564576739384
0.358667193091983 0.375839985851925 0.337504307254513 0.364344591431918 0.395615217565412
0.495456126957367 0.362239900678088 0.373173982639543 0.371767850150553 0.414018764472329
0.433995893436015 0.618517257656995 0.337289615100454 0.416011949346922 0.43791741532002
0.414081689532142 0.368191568396943 0.608317582547186 0.416579978756924 0.336359542296845
0.460692319479961 0.894562050066199 0.307251454120416 0.371086153531327 0.350798885733274
0.444526706673348 0.525058820037046 0.450915531885867 0.41828292033933 0.434031529325815
0.28691461690816 0.399419878960831 0.461560722442747 0.42966018914218 0.356098466819701
0.698325478075059 0.391357177107575 0.408954759509928 0.424439708859669 0.342779186336661
0.446771552646441 0.637396884644886 0.357582651649947 0.518573260061456 0.40882051377848
0.380219749172588 0.358954084562141 0.363977204584601 0.758573806486049 0.682649974023685
0.375623773544566 0.421667983375579 0.671569484285295 0.358014530721412 0.404714171852773
0.393000543623278 0.362790177745269 0.403267358512054 0.388028597094549 0.312963706343172
0.329281312865716 0.664251228211106 0.434699504741238 0.444236453617421 0.357015117895617
0.314539593477456 0.343163790393015 0.592945045734595 0.41944392517003 0.372485531374164
0.352098149717499 0.392924935315171 0.370190957020513 0.448685550608669 0.364628341674489
0.435274792945684 0.418984125675813 0.436062960240644 0.34980620909387 0.818746799844993
0.429903338617603 0.345805651158179 0.320628600146087 0.365525419357214 0.61733508010312
0.355941909348593 0.497284802146301 0.408869561592193 0.404455413662978 0.353666671029743
0.420962601453277 0.425006381624187 0.383140318161586 0.474912992541794 0.87017493668804
0.327100186000601 0.309834942099193 0.736432751464374 0.462314418023653 0.472745179347801
0.336714492496717 0.399100754365824 0.354876665162268 0.619692659410411 0.377478081548097
0.355418799297079 0.450249819765067 0.386538956358857 0.353721439843926 0.311677850333276
0.503644014712401 0.378147672817674 0.367265711890013 0.314854902416934 0.348351047624012
0.61633750395187 0.381161017308635 0.461778062552216 0.328182864263193 0.466745549724404
0.33750433361625 0.413537849262609 0.562174612911465 0.360583080506609 0.368989200645809
0.454809638726967 0.351609226845871 0.381910464418783 0.455882406759276 0.489212994408587
1.08755694653616 0.342220552543653 0.513612565571814 0.335079032020711 0.332775274180569
0.490253577506433 0.448057837021954 0.59638423848541 0.399772902630862 0.398359418534855
0.364103805087428 0.333605978330388 0.319720103343588 0.357382130170596 0.397010399031427
0.418422279008738 0.336478979361853 0.587855706717091 0.553496661386164 0.47436937704684
0.399853676186039 0.414830369212562 0.417606496494771 0.37523376403374 0.527845460351032
0.359199107201868 0.413108697456587 0.336208972013157 0.384273959154913 0.456748570097108
0.379964286632077 0.360647393224224 0.379210837655688 0.445188647054786 0.371827507808971
0.305277089315495 0.488034095115225 0.313116378232843 0.58214005784285 0.476701983095593
0.431786490532766 0.356750864975145 0.525599686811584 0.365306533127405 0.321169858230669
0.288636439865775 0.579590524882622 0.636647426205575 0.435552459442545 0.413805709040476
0.338667789243577 0.46239466994015 0.393349098693508 0.419622746721276 0.477838181452364
0.412454088567286 0.325619197621301 0.549590659728643 0.427667730197189 0.36653247083718
0.394066816515026 0.573286717926797 0.411348408652741 0.347923953700117 0.363394400830318
0.374644970172441 0.36797050115553 0.417300769692504 0.334672359260596 0.577208929459667
0.35066606514495 0.322965528403342 0.363319196607132 0.547491913147682 0.472423757558969
0.468730727128823 0.386605038736486 0.491136704085353 0.415157569190678 0.458639228439158
0.379039436323239 0.563143138248683 0.379472294279589 0.482688327142652 0.351996961882257
0.527719061192148 0.411221661484588 0.421852949992283 0.452661506751475 0.359994885392225
0.548303195257858 0.363199746348076 0.432576329144043 0.406440472045064 0.358035750382548
0.405198006022097 0.44402030436974 0.406318139413968 0.39877160917337 0.439875966837778
0.351200395734651 0.392929799388648 0.382605132279512 0.498063163935302 0.401104433114114
0.476103862849913 0.438715635591547 0.551313826111398 0.507352712350325 0.45621485394969
0.392091370875522 0.559807926382453 1.19782976426921 0.405632323257679 0.390528420880159
0.366580109934436 0.382581763550557 0.364432443588407 0.407433683578037 0.452237388929257
0.424846948281668 0.442485433817311 0.378350919406365 0.57992984149476 0.387000179205004
0.412168560281926 0.314760205208048 0.392053272707425 0.396629540200586 0.375272961764704
0.369429693072693 0.453839142358998 0.368928455919103 1.26493196579939 0.362412989372105
0.432518821122745 0.355219284296897 0.84106352926032 0.431795375392483 0.369857674638379
0.454989308767095 0.398231867731736 0.505059500859107 0.459609548658493 0.586910930202409
0.362266307540734 0.43979526294293 0.315887398263283 0.565909388359109 0.504908404762889
0.353719004072701 0.391230445489563 0.40363189004992 0.477211892637542 0.373643908747896
0.507949515454793 0.342411954213994 0.412005938057497 0.473878066313996 0.50144828544155
0.911582562104987 0.384556926931647 0.356917570514651 0.339113681477434 0.360967269494058
1.84938411277867 0.34502943184038 0.371308503586324 0.408546604236014 0.367965297647274
0.381228010085497 0.411878478431352 0.344080383669267 0.424280673929006 0.422658067467143
0.453413637606985 0.555504836043378 0.360182097583741 0.351052556713725 0.382612197800835
0.392536124709047 0.778710859640682 0.459538163960466 0.346248782760874 0.45800714833603
0.819435722787911 0.348925624671446 0.351932912673814 0.329811069811712 0.322938136068671
0.348096258487387 0.336028300517794 0.38693570705502 0.373204564826938 0.461048568327128
0.454462006804911 0.45399437466357 0.344084868098119 0.496786900747257 0.37385748241409
0.376284019637475 0.353758260806337 0.373681310763539 0.538794278068531 0.372774357229705
0.404203724453359 0.328739738638441 0.398448548936039 0.505898968553408 0.455395067511845
0.3197761509521 0.359676507535139 0.444591235963699 0.814429343710377 0.704795231244707
0.363245270880085 0.363143413451241 0.416134284790448 0.387752855463675 0.29475136168436
0.593632558239207 0.392293417594088 0.392952609169485 0.561797766831732 0.424692094165871
0.432205733657327 0.511964244773286 0.395252383751002 0.358545055545435 0.38869506365322
0.389805099840293 0.478077270111534 0.449314117728271 0.402924379927371 0.366169781736051
0.36299245172513 0.550470553447476 0.361021919493256 0.347247409399014 0.474348606797655
0.380070748719238 0.547016119655887 0.341611248044902 0.338523450140975 1.43783785409652
0.518942652993939 0.429037597972606 0.639908541843805 0.435060677578165 0.387807593594947
0.390238263004599 0.413668368580268 0.371756743230658 0.409884754148539 0.382923275170261
0.347547415230072 0.337729961899697 0.365407906086856 0.434672517487676 0.422427884659627
0.404188672003237 0.35169707269419 0.318784145196897 0.385368369532555 0.446411438238952
1.02445029152391 0.399790704333214 0.348908225087138 0.431268965940783 0.468206432947312
0.632847162897015 0.345679703663116 0.548316539305331 0.496053081636022 0.380723333968351
0.500847171311406 0.461168173291251 0.519718303074103 0.392026453775954 0.587692633729715
0.417886163611402 0.363040047705458 0.324237736369947 0.368230571164263 1.01942414923885
0.323131973876484 0.373462533096198 0.434589023169557 0.432969095441348 0.322633695553865
0.348957047066948 0.398318274983141 0.494837667370485 0.824720970930842 0.396425180691958
0.368873269089197 0.801607983898561 0.351186330760455 0.493587467084008 0.368886254600644
0.524826287008512 0.457195662906729 0.421275334435184 1.009962456939 0.446551298141783
0.430823716034851 0.482040668517443 0.560620969335191 0.479145360346812 0.41483433615132
0.416434005311808 0.329776307480956 0.345261016441202 0.518589259548654 0.44206918683845
0.373881141234229 1.0735143004242 0.400013669979706 0.352827775763395 0.476508242779256
0.361139211675822 0.416841085905568 0.328394357571351 0.465112102209314 0.348941117992606
0.385791830920707 0.337430266267778 0.603197866233257 0.343765208028613 0.310730760895335
0.318252343162467 0.459473047018908 0.353140620009163 0.401559656948071 0.354015941555987
0.496268703791196 0.336893184330767 0.365055901654183 0.457421813777522 0.335105939188879
0.35250663796178 0.352277517317793 0.391881713153628 0.50217056557969 0.321433839443631
0.36607982761819 0.523460334406096 0.423348934166421 0.435985322934589 0.519441335643197
0.394098259442129 0.460026012156012 0.339630888725306 0.361663444014559 0.335903727512141
0.4219630930449 0.443649756996599 0.416096186474692 0.47079268466542 0.383346486510596
0.420405944607817 0.40005892547262 0.338068222432245 0.38028040445523 0.389549112888443
0.414108396525449 0.391315069678866 0.329108254458505 0.437109861779166 0.381395208729322
0.380050951856262 0.381861154214221 0.421967125017808 0.536485492815883 0.383293552564636
0.325313214614275 0.445807914076974 0.767712880045672 0.3689212776525 0.425524695130642
0.476563205186935 1.65347041530276 0.42339740730319 0.431671101333012 0.393296419316835
0.551884753752816 0.439802945008862 0.456784849966682 0.465593497944671 0.454010381890951
0.423631373502248 0.399238147517132 0.388434839024994 0.382002144316937 0.54687394048385
0.400990350559096 0.340395410477828 0.341334732859546 0.378661059540058 1.69346644185832
0.456204478166926 0.354666588443758 0.395830457959124 0.515364270388752 0.370072884080328
0.398425579795205 0.47876984861228 0.374180699951413 0.370765847237845 0.43505520287397
0.468493440634437 0.39618215403786 0.33935317696151 0.382613168789184 0.346133806045796
0.388492286437113 0.470580988455506 0.389027494670946 0.358570958057414 0.534079561728088
0.341981488032035 0.334948065830113 0.29042085024516 0.360533910454294 0.441527000123367
0.302281911510535 0.365650713353023 0.472814493823103 0.356974451995707 0.773390494094542
0.321724068719856 0.758930131758237 0.441369834866026 0.39916981938039 0.424761613544985
0.363526868325586 0.446575553508052 0.391906947262582 0.362039682915217 0.510266086672018
0.342997186398147 0.315747013815369 0.424518002700128 1.23627040231632 0.328753886280123
0.515559288392859 0.317334553725949 0.467507401606938 0.371455586124798 0.352020117353668
0.426989110629481 0.351988327396579 0.434489282947091 0.522971688559776 0.49974252697952
0.374790619803303 0.588133491625164 0.564990931577397 0.325159835238597 0.338479437078641
0.442953595202176 0.395352750333322 0.44331626539532 0.307762464671258 0.471532003431764
0.459095858797012 0.530576007556459 0.428747169876331 0.405614512645146 0.446550848830609
0.36840664614907 0.470215920792396 0.49187144153713 0.424807127967811 0.798023317951264
0.47282927186504 0.443078606251529 0.545277323389476 0.397984389319075 0.377252190377981
0.384767148183742 0.3638500050554 0.352857186474077 0.347754914533888 0.367260725876282
0.340276943144019 0.440700843592632 0.600088998823115 0.383844789982445 0.370645500893306
1.35289331811657 0.453017260689586 0.405226909109997 0.517958947862254 0.437086695236501
0.374725326422648 0.342644556047062 0.336508657026225 0.415177807441412 0.805441645371099
0.386797924367264 0.507903834926899 0.415174542716349 0.562452190464268 0.566270392228647
0.489998930131721 0.472514328771621 0.367943836528762 0.500944655997324 0.488585678002302
0.367704717372238 0.489748892106943 0.363447864152109 0.521091484836704 0.327947855399906
0.582981031164196 0.416250827074911 0.31999418372478 0.529058867451563 0.32670833302041
1.09065268734878 0.332625523009176 0.442856919670307 0.501770166433082 0.344919119217533
0.359218459293757 0.364820542159979 0.431621373629649 0.440932586708813 0.400546241057907
0.355767337659008 0.551125609762032 0.334018901679504 0.342489825722297 0.368477373523269
0.355129304102074 0.527959526600742 0.568527897569058 0.366296120128618 0.363165240054216
0.500452370924522 0.366023624873769 0.484484783850834 0.454009160031459 0.446080978410649
0.36078697191418 0.37933181995783 0.458560200082492 0.323892390902808 0.33692017752188
0.423269921069667 0.423570788651962 0.640678484364249 0.407709359465195 0.350466084843668
0.32931593714983 0.661171753222804 0.414164151704859 0.321374745527389 0.348793833125886
0.398753239867579 0.472232199595267 0.554916017900834 0.583832207434398 0.442952205278377
0.389774762599391 0.42953837348139 0.36918035265436 0.540220250051842 0.501330201482513
0.541053339976146 0.678387243438142 0.370975953571642 0.33765604081751 0.340418619109477
0.420638479042587 0.421698133309019 0.41857196978975 0.390492159164903 0.545991901382184
0.462827247744033 0.491010742610111 0.512176612771562 0.344550805005162 1.29874078102882
0.404193116519534 0.509514389962806 0.358137633837874 0.374256175119847 0.349013928942481
0.453752494226246 0.464043104558093 0.448269617227041 0.372583014700659 0.400037142793048
0.517967952236774 0.449198212624122 0.345346202534993 0.414021278057984 0.397827186722038
0.335085699239308 0.455362941498288 0.439941714690836 0.453543654038474 0.411859046106762
0.505997874435457 0.959993134335908 0.488659191946805 0.432346660287555 0.368501040371711
0.376101986548611 0.353924202837199 0.451986316850607 0.521408383716321 0.400567568374816
0.402929995095855 0.664806809402361 0.445258833426527 0.349779688974344 0.490152814295943
0.396945430405071 0.53436252170133 0.401964767154652 1.21601651600799 0.38385026622676
0.369412151300955 0.529527421626564 0.340229323171833 0.455753247215172 0.317818136014882
0.460759993733146 0.336985555326831 0.402821524628634 0.357602743895196 0.328094883310693
0.416598854289127 0.541015864626053 0.39709880649797 0.323177618052167 0.435515002958194
0.436205145238279 0.41620267010243 0.542616984140089 0.425321219237133 0.464174012988166
0.432122242473835 0.479955499444875 0.330182874628388 0.462810030507109 0.384702732649178
0.464037117600099 0.419614210486961 0.348516306631529 0.433096433411137 0.405351069116152
0.443131609780554 0.319342290475832 0.582649623010751 0.361513071179315 0.336572864713282
0.433521835666249 0.385388488010381 0.417342153824532 0.5765425736183 0.492477615594494
0.364957247975025 0.590503503659665 0.816167344164552 0.382195120861007 0.349416750052086
0.501648107800625 0.480160888236444 0.414844206989233 0.704413346326801 0.460895376022865
0.573669302083221 0.431955749941829 0.339416482989915 0.536635548840447 0.331699792382669
0.343087448205567 0.347584904653155 0.384802076197088 0.488145306033488 0.331153593149737
0.379801618899033 0.365186300150199 0.409897703462715 0.55695103105365 0.445459856049952
0.628745009443896 0.392776830360479 0.333202378184467 0.320524567911075 0.397131489415666
0.336327888227511 0.480193175233763 0.366288184401046 0.371337701811922 0.362476293866666
0.361695703123752 0.383357226966131 0.556760424594138 0.350230966804812 0.35544848460723
0.397896200014072 0.322479029079528 0.351270757685717 0.418542483798105 0.392020720464342
0.491861795590777 0.336937729272172 0.49402427891797 0.415781191864521 0.410585365963925
0.41689002569644 0.433675603017093 0.495032433583189 0.404508072295072 0.373995588893052
0.316769073442543 0.42617898169772 0.372841739056865 0.523396138448014 0.351587284612645
0.463281138056026 0.440650490088468 0.326867459697474 0.334619563426911 0.345721161642724
0.339548411337279 0.410932864600123 0.374766909261297 0.373459047940167 0.377507056810282
0.432990982462114 0.391356411770163 0.943729203191212 0.447341352096351 0.378692881290878
0.360826206517365 0.358351561844107 0.470189512289769 0.410325357471295 0.377370779985147
0.295294285815435 0.36393813471707 0.945326428482791 0.373800938650674 0.328169536766312
0.458906551171604 0.416509025043826 0.385048220370192 0.5047847840886 0.46654076813066
0.375584901119304 0.372189829766053 0.402555296991069 0.934220566721345 0.466086900203838
0.446099287226377 0.388415670710539 0.373083488038932 0.375975323591518 0.413834074463412
0.434112195962301 0.649480806685482 0.401278505164661 0.441766819677457 0.366841480540562
0.334856427791044 0.322030266328177 0.361813296944841 0.300763088529852 0.429764059510959
0.467063033057494 0.34927428869433 0.356730022995781 0.349929254608873 0.50315519121148
0.418814701349693 0.436242168752763 0.439734270402056 0.558563563837364 0.389482132798012
0.350631569844313 0.549553022564349 0.415022655271075 0.437655565220264 0.431755059002313
0.413233028550163 0.387388657476736 0.45996902933143 0.494225285451232 0.837888958158136
0.432994635350137 0.508143498391431 0.383982399935356 0.444675574666034 0.598748717677511
0.299060699069723 0.344859101653809 0.420571670078499 0.510179392185163 0.483434865535941
0.399256561898417 0.393677087479235 0.377895664868088 0.382403589602484 0.363381119435746
0.620222821239545 0.538692127598128 0.446482802110107 0.406000808771394 0.467419775538592
0.361653460925416 0.373984865811743 0.357290238521851 0.36727301216383 0.644480201581663
0.333344020006021 0.573452115764834 0.356404106200307 0.630683817404905 0.381120652032287
0.351336412980329 0.424982624326158 0.363065563319169 0.358653284019704 0.317420848688677
0.44194778109759 0.446954114894453 0.467093657890526 0.443477298325053 0.54036426847969
0.364489567295249 0.529822703792585 0.33628277982613 0.700002815450026 0.376901441807408
0.332114235198735 0.318337400665782 0.437005296628616 0.342280374173936 0.526134826520762
0.351945361488234 0.326858344134139 0.322985714749893 0.45419965885727 0.369964750006255
0.30144304220039 0.494683233198495 0.502650694717167 0.400550923740349 0.390824905461089
0.314542998323121 0.375521041250992 0.515451455776038 0.392928185485196 0.442843158408027
0.318743119137853 0.434825556717707 0.455366195255945 0.411127206762553 0.341506196683607
0.786813851814297 0.371873466750913 0.349110799672701 0.427099794013763 0.564010062487047
0.457342193362228 0.487040382726234 0.612541376276336 0.386738161201208 0.403789172133122
0.351796248951264 0.355979657808438 0.424055624394088 0.455286749368476 0.408009534739603
0.524720435085451 0.340521798792953 0.914778296247824 0.364882587848731 0.38458762366261
0.416310807327448 0.479345155965848 0.466662174622744 0.641702369075042 0.438638626764473
0.310394665851757 0.552571775142366 0.555502017157255 0.463286108646448 0.383784415208614
0.472681867915794 0.813152130992031 0.756220307766844 0.479572462513898 0.408476409818481
0.39051955712657 0.383963891233086 0.83114615154325 0.415041656954621 0.354889288320217
0.532666937732351 0.450801070277551 0.367448180025511 0.416114000309081 0.430138608712815
0.401626673467263 0.48141224311902 0.338105254883146 0.411921786405175 0.660214118103908
0.626789810298672 0.54643701706834 0.327841353973593 0.37899422918051 0.325623289491544
0.573636455761312 0.538717010262395 0.532676513727956 0.482658519037081 0.551910973466377
1.53448736087825 0.375237294879551 0.377093757443066 0.339514132073824 0.399859965628472
0.467079365260249 0.459917680470029 0.370044193188199 0.635415876450527 0.382988573019401
0.493107636549284 0.50003970275593 0.420625424813576 0.54799248544656 0.341674168270041
0.429536704784572 0.476334219176796 0.312271914463861 0.516290631097876 0.434870426988362
0.383955339329322 0.335931840008035 0.447450941315683 0.567163350998883 0.316020998301604
0.561451814015635 0.422359564024827 0.48382417411891 0.443027084644024 0.558711133916112
1.0574850753512 0.31235324089827 0.356367126085575 0.493034610881616 0.429232613683797
0.433397665387143 0.347150142111768 0.879947601084426 0.387239269073011 0.355027488936144
0.355578422081097 0.358061687562874 0.490600181673164 0.477497937397822 0.609036764245336
0.543547457741629 0.436850869476361 0.323422252433402 0.45909859668949 0.349900787384392
0.35546319139857 0.338371280297815 0.390081020101963 0.376316782352114 0.556557272825817
0.354784166539891 0.366887431099676 0.426267258740244 0.407462755589376 0.369976452578053
0.420070324571757 0.429932664085936 0.391304066577947 0.392008253174654 0.356283349800745
0.343343550033734 0.339907007905103 0.340195290426696 0.521035817064376 0.47442130117759
0.573651896065595 0.375396647590406 0.366446493897087 0.3384116862217 0.499268102584684
0.747771660779457 0.624103472714259 0.356357409046636 0.383676762664444 0.337840500847722
0.350896777124087 0.473534750545193 0.527774756090484 0.610944435299524 0.626955020533732
0.4530635889208 0.888358677260259 0.444720618966815 0.382339569526966 0.39231871179954
0.339186620049206 0.480401520434238 0.406352358778407 0.479897457646919 0.391124263522386
0.34230899331475 0.416392497015909 0.45477816428883 0.468537709586536 0.429615007855167
0.509929530523731 0.395484344183349 0.312225327282766 0.484372814141545 0.440501841239625
0.307023008454023 0.580110555110936 0.427216519041114 0.36385775387838 0.476101785674644
0.481317926412477 0.492765079727241 0.313552373388265 1.07028740533254 0.410932062900282
0.46468613062945 0.410400261112534 0.413817229000854 0.513617677321223 0.459996291245904
0.495419844595634 0.338259756806651 0.393772433045748 0.809870185565336 0.376342962822447
0.508278990444982 0.365571169008738 0.461588579853329 0.385908585979968 0.383361750379989
0.383647547365763 0.375045749846333 0.335993222807524 0.51027225352183 0.362609368711792
1.05768737714545 0.332933911628413 0.376244703097502 0.402044191469796 0.326032564562657
0.425328731734773 0.445824748192895 0.450233576941857 0.438247975646312 0.462174340182352
0.379512593394826 0.392116156739762 0.430257475888962 0.459731192889499 0.403084748881927
0.433440684570978 0.333099654267938 0.569536794561043 0.441924359341243 0.585944559669693
0.331039696957493 0.396197527909384 0.669252639160553 0.334969083076465 0.354771425452126
0.497468060030118 0.406421546538307 0.427956792675425 0.437423029009804 0.351749064323988
0.363055723056088 0.602533803184839 0.443595622109744 0.457988005493277 0.365753160024193
0.471665589345349 0.394376732985697 0.46453519582422 0.442988660352103 0.404730382692995
0.370720051168831 0.409427558752583 0.34863933450291 0.409864123730312 0.359950173465403
0.332563652324056 0.447828583743288 0.383066290785314 0.380444245174134 0.354716261768318
0.463477409070961 0.344389086112521 0.533746940672737 0.377576820912843 0.381805351466392
0.366302083444317 0.466229111211471 0.422646977396508 0.389418451028984 0.433767148958524
0.406448805207169 0.382770625393091 0.521732820693193 0.349626564351766 0.38178150152028
0.359476338149114 0.374989464608826 0.339901404769788 0.441300969796187 0.474579358415084
0.368768619757598 0.555558139757135 0.402137273319014 0.437081099657553 0.304935623951348
0.405619745407542 0.366223459077672 0.327059548926069 0.373321246940212 0.476242622070916
0.349891101312326 0.53067444171512 0.330107567765422 0.356376090993699 0.405706102247851
0.39699420795664 0.405757481638943 0.385201877687599 0.391689886656293 0.425027519307835
0.34483091908617 0.468137878716748 0.321713203100663 0.549170332754948 0.464463578969316
0.392413540447537 0.342848968583562 0.414742614719258 0.461610511506182 0.53801669549818
0.364761614356517 0.438929454716445 0.332457634264022 0.416694105823123 0.382527401064626
0.363373388313694 0.932270659292258 0.419838771184415 0.394239643592612 0.389626662513362
0.459866779301775 0.381779889299293 0.352416055761789 0.438781389742162 0.388633324042163
0.334006825343288 0.413012210788177 0.478022951266973 0.443945010715497 0.406327160609047
0.324916745916996 0.768758818816017 0.42395396734874 0.490123044513417 0.416520667443747
0.353965981535069 0.397200918393326 0.433834216098218 0.340353334739348 0.521868739520324
0.43069923951364 0.539563804370749 0.396933191948624 0.555624290127148 0.374697479883757
0.566866463575673 0.469945022027245 0.673328018389983 0.479379884382711 0.380855018452562
0.373908550555045 0.42737127163041 0.393989162976233 0.442467356705764 0.480962997791556
0.435056568354678 0.55920188161973 0.356988900379623 0.392262003322967 0.917625570461495
0.363070273414545 0.472264000131744 0.46119203810647 0.379991415671501 0.36041773829913
0.324314296069271 0.411896782232888 0.671640878170767 0.365190130532838 0.360307191132952
0.343130544980076 0.430920557119198 0.551052570966789 0.400457186477733 0.56893183920641
0.429599369460388 0.348956837238722 0.320336180372275 0.343973488452724 0.313985042813171
0.335248313249014 0.324926059639268 0.343859254634818 0.369786091786139 0.383627537945627
0.551107023300418 0.429520910943592 0.335580330608813 0.456019783810049 0.366515081420267
0.403515763822498 0.416261857260578 0.361118149441848 0.487209813790736 0.464814256157954
0.957981513630064 0.395531053700418 0.31787924564138 0.416454578898358 0.42984261661581
0.398363953769032 0.346840907428826 0.516401670146276 0.359617416712299 0.36771092382151
0.337134418633301 0.325696148508443 0.787856211305566 0.496307598695995 0.347289934415771
0.655444396489757 0.444946113719556 0.463002056745604 0.398013391551745 0.582045104098631
0.478820505876479 0.759939868170779 0.388973882116242 0.425972278225631 0.397697830737487
0.494516437439311 0.55137843657566 0.380062537890034 0.466936340392119 0.361749677665473
0.523421383301046 0.341117943346579 0.341411657644331 0.364403986193435 0.356922644229463
0.474435581234008 0.42885221319334 0.318318718788412 0.465693421082248 0.418609219311681
0.364940367219313 0.475916492565531 0.458653303270052 0.354781445074526 0.298285784157712
0.510124458235408 0.510482796675971 0.391990147404091 0.341142729148836 0.395488964523276
0.403248981608915 0.336708334505963 0.394966754689817 0.35023567292788 0.411662603845387
0.32612509091162 0.335558685221088 0.446192284991784 0.478487730723811 0.356486232802302
0.35999823969493 0.304989297929599 0.385177840347319 0.443890461812008 0.412516625602731
0.515942939838963 0.411232734571668 0.393487078211351 0.33626439085319 0.433755625415019
0.533651453185051 0.359394604381398 0.378236411594559 0.434228519269947 0.388547935115026
0.417023395738841 0.37689749706294 0.411175963876475 0.417374072153079 0.411843801251694
0.308161484624958 0.797669141569376 0.37590112693493 0.365732678779529 0.511002497273412
0.329931360397226 0.421633745125365 0.347404679798055 0.351355220579594 0.685979784456552
0.361982295756321 0.332997772052545 0.33816518403003 0.376328509054705 0.628312869579211
0.507703291194949 0.340738721786684 0.886275780130854 0.337761374409592 0.381808622578806
0.356540991502539 0.606356927982117 0.35793986534292 0.447209643823329 0.544721985128799
0.607540388547183 0.382411079823976 0.422354362445032 0.361823942940138 0.345587201220215
0.501132224567892 0.332617516262993 0.361285128673674 0.346629118461362 0.404976361215342
0.570323702217806 0.552819348165885 0.335654493972251 0.347599457248071 0.477359300266784
0.547791474938617 0.420663645551189 0.412891504305461 0.41569125122846 0.36385532829098
0.395159624030207 0.410438227832654 0.390292838141057 0.402066859185812 0.554203534917357
0.486335152940468 0.422102880734068 0.403811016481685 0.550930715649448 0.316513323164671
0.444962664122379 0.449640767102047 0.341211024356303 0.355634047891766 0.390535604299217
0.351836963748438 0.333419691760972 0.424233244401987 0.55539858678432 0.470045355583913
0.322300826859056 0.559281082600534 0.37313729091959 0.448596133964665 0.403194801689133
0.311436231602262 0.316227750711399 0.395423089258105 0.340966063588194 0.527069395555966
0.483215435945968 0.380243803845582 0.496545104475269 0.400054424515185 0.510339787929473
0.369175323416681 0.5358151596311 0.491640570033289 0.42208746490744 0.342549337389348
0.411650284750417 0.564994915029588 0.37768157364798 0.411378617325303 0.399897578078071
0.427565456536636 0.39878158568685 0.453811688153063 0.376618147763643 0.407391257711987
0.352743367316431 0.408310481479622 0.575559503707859 0.388180970819467 0.463312518910327
0.411480783764212 0.436708501043435 0.361295053183639 0.693577298991844 0.385568935211335
0.394017129002561 0.65654752010046 0.37381557749215 0.412107259054596 0.376993492719254
0.573507244855836 0.402745192717185 0.373676725255998 0.44173556224177 0.383178799103745
0.502788730967948 0.647439881672623 0.63095402640035 0.427868207505476 0.401035012113434
0.370569026161674 0.339214196450179 0.338895593663326 0.393266622363118 0.414539847561538
0.403184757655702 0.57758451112794 0.70639080432615 0.333454151061907 0.389421330557466
0.399649480288332 0.337655571973611 0.476101611255727 0.414231486990823 0.376638626076517
0.360674707511391 0.338377816486094 0.401636297690414 0.376810221439329 0.367466937514943
0.378587024969285 0.44575363822894 0.460412897404931 0.706942544185178 0.401886269558523
0.385766209839742 0.438144706329581 0.331123684101675 0.442553834028748 0.574843566743664
0.386273832492167 0.486235047473922 0.534578292170875 0.441761906903977 0.365299045784153
0.524687990473074 0.560559579393563 0.362734718536022 0.382989428912215 0.488195148253994
0.37085766740376 0.426793211324394 0.534200177953054 0.391004081208803 0.348522983182937
0.335617407787363 0.469713525479714 0.469829834754618 0.401493638829411 0.330929725027334
0.509926925833249 0.314472189414661 0.362568577992918 0.454523979769304 0.346406522107632
0.348596455494724 0.385790876945586 0.536763168608975 0.400451639832137 0.344721622500719
0.46160473951497 0.39510493901076 0.436502888509322 0.952879805787702 0.743356303156696
0.360743696120789 0.358974500135856 0.381349868644713 0.50215989394147 0.396387695605553
0.320070189541525 0.331502559566236 0.365921047332899 0.528956437750603 0.433885468779471
0.516993244709388 0.385972798697268 0.369888274988437 0.377895071850819 0.327025968029059
0.631222433742437 0.60795220233337 0.46191913222561 0.514636770259684 0.372556081528592
0.390855821491477 0.392600963114424 0.342814404940615 0.490853173094084 0.374139610582866
0.501833626073962 0.356263653625087 0.451194400973827 0.35389632463653 0.414989898449432
0.335854871972193 0.35829402419536 0.404452718452486 0.37515496417749 0.373084418948301
0.418231106818953 0.509970539689533 0.326745045286084 0.384377998052433 0.565036476325822
0.356575504627146 0.383134859211557 0.402506654649608 1.64113804643777 0.37747666771127
0.404797965384728 0.345608107711538 0.583212087670099 0.662626757819591 0.454356163367954
0.467442754329963 0.452016031950156 0.384303932651444 0.391035243576927 0.318316920601352
0.397584632872256 0.397329700366314 0.346345909159534 0.412339887611229 0.475818552799733
0.362032933350281 0.431728225525453 0.343601059832872 0.447527954166087 0.440794156244166
0.415947713595435 0.348147112145177 0.364156129893337 0.494389769267347 0.631863657913189
0.364074219097175 0.336158870132809 0.366878664111347 0.538552907880793 0.479718107407389
0.543260954887383 0.637117225494483 0.770323589137571 0.502840492890505 0.427649100930233
0.463035728478344 0.679717102682207 0.383641066556376 0.384654361734995 0.423727738071514
0.503366638379394 0.542526133212293 0.503887597246734 0.467153186745929 0.576714668028741
1.1277728228825 0.445496130968899 0.373168262631902 0.503083056414356 0.414541417092268
0.511537022147246 0.354572242105601 0.334456421816432 0.393103126619755 0.40248343321405
0.409536891073865 0.534205974478991 0.479204583741365 0.423822212477355 0.434773678337307
0.361103069982695 0.464856315734062 0.362109412231048 0.428466593286391 0.469097720054027
0.535192360124501 0.405440820358974 0.422767810754101 0.370700878431645 0.490312132581728
0.383857364998279 0.573849093058884 0.33736769033032 1.28630571113357 0.42497776812381
0.588739836018126 0.350497649595024 0.375349026200809 0.640959352257768 0.550009884774829
0.320118472709165 0.339808741516563 0.337640303588331 0.481685797020257 0.46697819685564
0.319120159859009 0.574147960766077 0.342389484993627 0.356319363518521 0.860178649131694
0.478279100607953 0.34401848078294 0.355962214771417 0.470725471076785 0.328637933950793
0.395215440255244 0.546443851405949 0.428242064685828 0.41686653787996 0.436077644086742
0.366357693708343 0.374649565065267 0.410094429444857 0.39566794325845 0.757448136926356
0.400754637634307 0.371751396772053 0.382653594920666 0.30062796851052 0.477043656447715
0.4501163079428 0.331041250250493 0.349599035870683 0.464289157457353 0.389181737163913
0.392037508376016 0.357264530702568 0.329217240863083 0.531596162176124 0.375392335261668
0.513756272671075 0.602041834692571 0.60147454263827 0.465483625715642 0.381317706593654
0.324160036323132 0.385113761860053 0.454438597192027 0.574433597231479 0.45908180417191
0.800906738377067 0.369094966763353 0.369334085788548 0.408553037971628 0.33647257143233
0.520831077140776 0.448213591957048 0.871837551349473 0.47825876007282 0.463959449485891
0.380673984437347 0.371674388281301 0.617518286573491 0.374186625344242 0.340165797736392
0.549435319351735 0.456643400269085 0.544353679064323 0.49810233071072 0.49486291658136
0.386343938994992 0.35031974019465 0.384387318687649 0.368052490875475 0.368567592407385
0.330256765713331 0.358634839432423 0.762532784399948 0.31874217619376 0.456055275548266
0.29016843266316 0.364620069507605 0.409797027923901 0.756326390551745 0.458137125484733
0.701015999606833 0.36363676243752 0.343387319457269 0.401107259072674 0.381088916437673
0.487430028426554 0.486350872417752 0.491193744148455 0.441898614491564 0.525960523255139
0.342027452023856 0.383977707857047 0.34079886550481 0.403375405601306 0.432606768905975
0.426879090980842 0.578327120969208 0.469911996648161 0.373867340890143 0.38955702564635
0.398605682908002 0.369514703826425 0.34078995605982 0.365139279714433 0.456419312021006
0.59180720127891 0.494692915624011 0.795252541206446 0.341310570450134 0.583314360245865
0.365234300584681 0.386718216541535 0.570369422520924 0.531689815447194 0.350126373105238
0.375163854573963 0.717219515029836 0.525363683050979 0.377409163110345 0.433698841179505
0.370019077769427 0.452947421773664 0.600319136679688 0.522699923261017 0.342147598248904
0.358389496643782 0.508910586159994 0.442791001693457 0.620909750793042 0.343682050292261
0.414972660362 0.399070059698174 0.379689901623327 0.574227927761805 0.452215007512541
0.408002575361174 0.468152268179472 0.393510504373653 0.39868552124716 0.494595767904055
0.330546592559253 0.480681819240645 0.430660160670688 0.424543353030581 1.08768033030524
0.394006372005442 0.39406962754022 0.352604806226206 0.45166877791132 0.384073007400152
0.410729852448224 0.429513023926812 0.370249144724184 0.391326372261938 0.382430669857715
0.405755783404853 0.386968987604339 0.538669918838299 0.481117633424913 0.366366732335266
0.831160169559939 0.383222254525491 0.45121920405209 0.395529952647838 0.341891374795903
0.384867710004937 0.656022537552908 0.39010446541425 0.53403334315727 0.380598043572216
0.411303640861368 0.565422433900356 0.443290354985764 0.380900830501277 0.391346654046301
0.363151230359054 0.480135078053722 0.44395429085858 0.509783964162594 0.289347961371362
0.370901310039692 0.402209149905012 0.326979012031037 0.653765521043816 0.38128606541942
0.518265202264174 0.367038650092871 0.507676968706146 0.608745239472134 0.532528665623602
0.306527086737255 0.343561755709332 0.326457910065899 0.415339324550291 0.328633278400498
0.337005495815171 0.352344060121536 0.537103350802234 0.400835061605841 0.542204369203495
0.679046633236158 0.355816783495622 0.422670522835444 0.381895021598138 0.391074454256352
0.368271103597417 0.489636884822156 0.319886282462167 0.464586069852345 0.338373512096624
0.367981833714664 0.549302133629586 0.369536953833971 0.372954510733293 0.404825968465238
0.355626163501282 0.320463441487052 0.371149332464925 0.368722545175824 0.441386306104351
0.481183945170225 0.456253795063636 0.80491164197635 0.362430284921042 0.421659981320382
0.363974970212424 0.380697767182843 0.542755433256274 0.40400608273183 0.420629388955842
0.513782731265952 0.409371182210452 0.370608189552366 0.382857978724022 0.803061854846337
0.391000371177944 0.404338952884922 0.421343958711011 0.545791846593656 0.523572073360487
0.568377663980983 0.500225669233989 0.405388757251611 0.543600329900217 0.382071101775812
0.331150521786024 0.390925521974675 0.698087638088486 0.366899612607593 0.434306724474051
0.354889054431696 0.567037372081675 0.323605583343729 0.397518663767361 0.40490827554271
0.538367257937352 0.375306510754362 0.385592382061693 0.379959744824347 0.412706107015715
0.437516992083745 0.382600484558227 0.729171305672602 0.425967346811352 0.393514045381824
0.371981053202837 0.414038115293297 0.333773054441558 0.449953707799003 0.399843310873551
0.460814568600782 0.815380644460554 0.335970306485322 0.396527676520208 0.360692117565748
0.603454263992073 0.371062607601873 0.470739808501027 0.395433481754415 0.392112740658404
0.385277206195992 0.435357175685122 0.434723820240337 0.399653590398355 0.356986168647786
0.302468503544114 0.639716090763473 0.319749699376272 0.437195273730686 0.502018769362764
0.458337385935904 0.346062794503567 0.303943989528777 0.369942443128481 0.389055096015144
0.396664362250756 0.600379222372255 0.402749682685016 0.357475060438193 0.608211137643415
0.375638359163163 0.405926107033716 0.340514521479906 0.373109788664854 0.326174012303986
0.404085988384882 0.369125507643059 0.388256334618526 0.370430270096059 0.550636370835528
0.391224906652199 0.505781923935972 0.453727758343416 0.443289521756572 0.443217138485155
0.352598378676159 0.34610249387365 0.331546070359622 0.346331708233537 0.47689283905454
0.408858133626658 0.474910621402204 0.368084596107169 0.567751661143557 0.35116616487016
0.426622104352223 0.364090336107551 0.347393594859307 0.581759449514164 0.417003543394343
0.332606376653413 0.462208106586319 0.788339890801745 0.296639436931208 0.362529350369788
0.343306164040578 0.436737858117234 0.322034269660019 0.402375807933638 0.400444441443331
0.695261275983226 0.459557390151997 0.330874279985571 0.344821230588032 0.408733948130683
0.485500195661901 0.364362009982945 0.738763024085049 0.374980657687846 0.66234454671565
0.359545476473723 0.760025412315575 0.492850036220812 0.4693317177241 0.432675687375191
0.461704225535258 0.57916276845399 0.518700126414109 0.421040411185332 0.432365442038492
0.864884440717579 0.402888803073969 0.487938832569757 0.505904041864934 0.716879983877536
0.499570301587833 0.416104663228733 0.336015371872782 0.464801689600371 0.366874463346348
0.400432008413705 0.458918595588326 0.335185090775655 0.455716568639708 0.43817222119191
0.533750754845377 0.329592901792604 0.369383616570385 0.421229409307365 0.392658293312262
0.343235271548411 0.362983930306018 0.309328833114454 0.472972284874884 0.403038683904268
0.600525960995125 0.460706919036044 0.441073800818782 0.462095053429863 0.382267891146095
0.560517651209472 0.403197135922036 0.432034352121152 0.534895627134046 0.738060483437196
0.393911352605209 0.427105195471485 0.506787667362363 1.04124373708751 0.50278862944832
0.332249103548965 0.618143021897029 0.431935961849304 0.414739970164147 0.331368734494605
0.357169949528642 0.374066791230831 0.373591491616125 0.387540458050688 0.441108264490629
0.533601246992026 0.53556071908667 0.482029419392491 0.353493716897625 0.447881266898553
0.462118246134211 0.413373741439624 0.452816706627476 0.460957270771736 0.356523757261644
0.359799784124219 0.492580584714296 0.499289497436198 0.341721461301864 0.512923590918535
0.312228279774185 0.405597938444421 0.368511543096211 0.354245868735366 0.399373930980759
0.367088970046212 0.449938068126386 0.315642112496118 0.380734307556667 0.369900754481169
0.468949175462929 0.367814600429799 0.563518302272674 0.502631162124646 0.391368114595331
0.312784934386266 0.34699155039926 0.578950409832759 1.36007906152474 0.67678210252861
0.391547827706611 0.381164782270956 0.372059528632513 0.54825797649209 0.383572548122412
0.455845637883559 0.846510023077598 0.49382706978065 0.431802058284229 0.50988820545881
0.35170041836001 0.426088979441228 0.473020166643745 0.418351383330676 0.416322151843654
0.411364321343956 0.34618701643371 0.464666658684709 0.322713927599467 0.447198173914909
0.508229047385906 0.371931371529857 1.04526405496672 0.358780781421975 0.475835382205443
0.363077939735894 0.38991816963747 0.402541169260634 0.35618128057752 0.366846464035614
0.397197344575453 0.58109019728301 0.351683378473205 0.427661191525615 0.322515110337101
0.339678108398146 0.536911112871403 0.341886579737642 0.470643428509237 0.6891903387682
0.329286643043929 0.374561432074779 0.340504153843346 0.454384195715609 0.428630363260015
0.390970497700538 0.408523105928229 0.51846903997491 0.642905026909608 0.606911313631276
0.320975897186497 0.441599427461571 0.37974875150495 0.418608903970559 0.468048910281281
0.337330741946131 0.471245311318093 0.414246874465326 0.482721189389507 0.767761501867965
0.341321724016165 0.408482854226571 0.41270578107336 0.467931944987159 0.373606581122179
0.380375992691136 0.327542476623438 0.406564433302809 0.99677763879869 0.352237684224963
0.536719327504609 0.440468661413136 0.390542424346104 0.656175814301104 0.369790439786487
0.349370094070628 0.37479033389769 0.392172716819005 0.468271437852563 0.332710369315069
0.308873098849175 0.48952340106947 0.544270733517737 0.42615741708807 0.2962889418918
0.698882922833558 0.471101984286845 0.432991969978303 0.415469937273054 0.445310839124262
0.399899324862952 0.441300826647803 0.635995311773301 0.342530838644232 0.343485062558652
0.322132076865664 0.543888740841414 0.323223828560673 0.345839091778537 0.511829260603898
0.495515483032191 0.385376792991267 0.322221258970217 0.389788388993778 0.438717280992122
0.439086078170043 0.635969594714909 0.49125530613612 0.517787841763134 0.354925702811884
0.322292565286094 0.372069431372869 0.77782311265917 0.475780483778004 0.448921127122423
1.57156832396959 0.511255204225939 0.364930085591666 0.371535624043063 0.498837351945154
0.347978007642486 0.54998827334661 0.38666933192741 0.337903099560658 0.422063474724859
0.407572568520822 0.385104466989249 0.46863647813809 0.444654443012466 0.499586723138403
0.364328307527947 0.374259731617521 0.526596007100838 0.911507112041669 0.492170711233405
0.385580976596081 0.551616050285574 0.337772606197672 0.358764949438608 0.503606119980497
0.359144295382693 0.390511273373568 0.314416975239102 0.383071289914321 0.508127643368844
0.650132630447701 0.478304564472081 0.311448398616666 0.468075031004667 0.373969540193503
0.40698647090029 0.39886318524608 0.384860021112737 0.430017665118475 0.529023246007247
0.394756590536416 0.458651209890818 0.433490369310685 0.344367383540427 0.913451097213051
0.525532054203668 0.597426135235035 0.369151092701853 0.426297202545934 0.480034108069519
0.441844532131279 0.414662343726453 0.417827135322207 0.40229560433521 0.343028037763434
0.588821832195365 0.427884542385674 0.553484303110339 0.390471509058045 0.353961080343608
0.354201354632895 0.669774736333751 0.360972390651046 0.413365382452116 0.363006377518633
0.306485379577286 0.423368342237844 0.377272645128541 0.471710052783529 0.409094652092253
0.405403840821125 0.347474621948055 0.349731537442755 0.324605561013793 0.459611611497153
0.396756424871989 0.570029642877943 0.412437488933299 0.435278098472637 0.443294280729864
0.413403109346712 0.378378467730918 0.418413320910527 0.511349553523994 0.384339384077417
0.409723958252169 0.448956383626682 0.328779258868358 0.395868034293212 0.360054303619399
0.498750179019713 0.359244830058245 0.415699506627044 0.378054627882658 0.61455671381058
0.446182172312753 0.441295891849479 0.437640117798559 0.452225467361753 0.389045882252626
1.2817404256368 0.398223912042642 0.400649217468306 0.47802078808884 0.487970859921462
0.41777995671087 0.410060301095004 0.404710610758942 0.60218492620443 0.455470805052184
0.480024710437518 0.389751119047939 0.474388735849137 0.322408140053016 0.506498053923417
0.444418497389584 0.397798973353889 0.36182511259221 0.47985786248174 0.430771958945244
0.59751850330846 0.478276668369218 0.346213123995613 0.35600482406318 0.530797068908406
0.47014412946386 0.44212322252775 0.700138576978808 0.420820822010203 0.513025055212739
0.421284758292772 0.42551057357309 0.371135481926674 0.392559525401136 0.358952855344586
0.673841069919538 0.385172117116257 0.408082398437001 0.37068723220023 0.447943205303265
0.394426111295441 1.03082091172118 0.35380653945055 0.354307218667846 0.355867621606881
0.456885931564494 0.368296513835501 0.371891346521157 0.798359896648982 0.379326421660932
0.335292585875556 0.452122123387722 0.377341027749108 0.673542641259945 0.404985144119592
0.458302726910788 0.329905373836329 0.34008082140994 0.388907817849072 0.387225965696348
0.355977457767024 0.573807381965588 0.39107516230964 0.362964992032422 0.310040203430641
0.430400347087367 0.402190284873502 0.372937159513889 0.403768914870438 0.350323299308079
0.46124304493309 0.481160177985721 0.371202516159768 0.55436350167666 0.342439349957974
0.30787471059907 0.482986242542706 0.59677145333061 0.363265317490096 0.488249176683464
0.44548321173209 0.463398164927568 0.343212252819768 0.393069193024866 0.335305372346211
0.382594926344742 0.499061920624706 0.417090443935332 0.463722231097862 0.407320577401787
0.376334078182445 0.388864842593726 0.486431846674758 0.360464750985701 0.814094404865885
0.513065806798055 0.34978299504127 0.382177422013505 0.334819412042728 0.342810372248026
0.439655173270442 0.620038218610447 0.419386615917173 0.43810134239685 0.391713007706564
0.331228325411916 0.373991407910225 0.367150012308223 0.598840704193775 0.328472442734687
0.366033617179647 0.37881614684422 0.557836637893444 0.405118351478456 0.335687201577835
0.389678633568344 0.353095421413963 0.392015069562706 0.335203916262994 0.452356218125652
0.394404497917969 0.377334878182254 0.33922399685206 0.335898851876959 0.370389965042567
0.378311372379086 0.731868248614136 0.334895105635126 0.661971622230087 0.375168162596227
0.329372896149471 0.460625157883431 0.374521197182857 0.76280325528093 0.31652322177789
0.345122748675236 0.393028640557652 0.398304717117869 0.359146275252431 0.500305772068062
0.42788651103681 0.412217776638377 0.46005041471642 0.446291007387064 0.402753316479571
0.358808383366114 0.500648934062044 0.408073894304281 0.479751880364342 0.414568902293465
0.41309410551451 0.463432993725715 0.431858737555138 0.413021200738787 0.356087914321497
0.312005388546253 0.390698917703764 0.902540861767357 0.369668112346055 0.322890529244809
0.607092888813313 0.440698204711934 0.342431146999437 0.443413793987918 0.368355418830076
0.44974770080978 0.368521413501929 0.48827422349297 0.416302689669634 0.323395967184992
0.399843698073599 0.446904551714622 0.474660884174964 0.538833129984927 0.451131668963122
0.391217465665635 0.454563136787418 0.63913656378693 0.420683893710452 0.324316199059679
0.396941205326312 0.333430070992666 0.67781878113814 0.395894475329747 0.356521072627775
0.320408891253452 0.583010086621262 0.381193127953861 0.321107993152483 0.336778601924718
0.721687240789121 0.35958914085971 0.368539952786294 0.637124201022328 0.628850367731901
0.393859146060796 0.490196554019811 0.417997644325759 0.859991692593527 0.416941154002975
0.330414264677073 0.885067346193083 0.362635142863788 0.334940738267947 0.43095264981309
0.410881773320599 0.771279957239086 0.37538738519103 0.452903341173185 0.372021468658479
0.425765259305509 0.394942943084414 0.362409023495137 0.441666511113742 0.604990245045229
0.355039494259174 0.42254662452642 0.58109007952885 0.37873919423858 0.389199677352354
0.348690887160267 0.401316058534271 0.444783943811797 0.424268965798706 0.449959710788736
0.348082324520064 0.548844280044965 0.500583663414674 0.325588750949334 0.364138265158525
0.349601277170863 0.345898600663169 0.35601507535189 0.390763021345064 0.361256676341305
0.414687966432337 0.425148934622967 0.339280454329158 0.38059954568579 0.800830074420841
0.626541108428031 0.502602227005176 0.366231925971493 0.479405094678172 0.493802149548044
0.365810304201162 0.351303101348053 0.507572702026677 0.600291797671598 0.343412337529496
0.438312170424506 0.389410248866603 0.692408107920929 0.350375232685451 0.591479999750215
0.491272221999143 0.370692520040116 0.430364325173277 0.467839690831672 0.456182113423557
0.308154163157915 0.387079420156828 0.585282699673549 0.366013192145246 0.318164009940935
0.504358739948314 0.635010294000376 0.446160598773072 0.45781024936226 0.427933664336354
0.439915419687315 0.510491189752618 0.601571197128118 0.374397610300997 0.357469522573878
0.346383488920084 0.387543366231561 0.371901698641319 0.802736468454555 0.383969604565267
0.554468449650415 1.29757085106214 0.43861450785475 0.335850277932415 0.433120091508966
0.473154314395549 0.435212319854281 0.361364128079982 0.454005720612454 0.385519572759797
0.4619703081703 0.458999855582298 0.752632259032489 0.529822125809862 0.350486537157115
0.392933753961637 0.42639575542053 0.420269555699193 0.332956250969717 0.370380163878011
0.420912376443136 0.376770752433812 0.367395949936815 0.396284670904652 0.395953799071032
0.373209518516499 0.630432125726428 0.421950847685773 0.414638450709598 0.477936081402193
0.36052797344134 0.411817029754013 0.360518704372122 0.338796347527035 0.42684074692681
0.474149738705356 0.568083429853791 0.361837469322732 0.467849690936275 0.391951721967946
0.379142785308991 0.428889068057907 0.400957789951905 0.504557562895329 0.342754808317507
0.451742653110186 0.343972648317501 0.381493172080662 0.385274362637538 0.341558728810892
0.845042572845443 0.41392544276585 0.35003471370596 0.394645560536464 0.378088035496276
0.975703453923873 0.422296516990402 0.381326067204028 0.341385587824216 0.506376160482776
0.385673943062417 0.373808102626389 0.463039835290981 0.367358382101098 0.461742552186368
0.51380612258789 0.373053823058098 0.343292823151585 0.369711718548084 0.409012270853501
0.344373892975068 0.55236785670924 0.65798454072198 0.371418444617826 0.457448573882989
0.416834601707102 0.340364964257597 0.390371789044006 0.445496023883062 0.364149489286691
0.353096925339056 0.457593123389411 0.47768993553471 0.41720410562508 0.294213238757783
0.565134031052317 0.412518376003156 0.315764660230117 0.40133377401444 0.61737616784367
0.371110844582568 0.479066966783268 0.474923435444179 0.396636149406458 0.903572609699327
0.449171989856158 0.433410681768717 0.321268686177959 0.406075689197761 0.357647341524186
0.521605345505525 0.632909719951394 0.458671288315843 0.426721244058639 0.624743711408558
0.678342783796528 0.295672754753561 0.33167272779802 0.551671699735141 0.426638842334311
0.455935968071346 0.366799272712068 0.363975703647525 0.366011838771216 0.533750527698849
0.642780671973725 0.434603063989814 0.483896143850587 0.406591562408812 0.401697081209583
0.380812983528404 0.603514981629514 0.386263937114693 0.498319875533171 0.354554424352093
0.46637547059804 0.373895376417387 0.361793648064022 0.416209733704048 0.375803397101856
0.355383745521153 0.452523337139472 0.546220593499027 0.524838151381823 0.521705971924732
0.345305104053527 0.384706659405109 0.384679552191636 0.398433517651252 0.396567522750559
0.471811010912212 0.414101325795366 0.426278247418549 0.337203741750576 0.36058630741087
0.35094145772886 0.332506466581577 0.391444588463799 0.62848221970205 0.480213322022972
0.418560543691274 0.43040653443646 0.405710498468709 0.679779866405416 0.353025443710919
0.440811628427394 0.440173961791351 0.456480006159555 0.675591203671321 0.328599593183011
0.442517787026451 0.501766456898167 0.371266474724087 0.442745252320921 0.465681770331492
0.383560212306996 0.485414496830597 0.379337764652562 0.339494892600779 0.30966703227982
0.377391654897905 0.413301937882095 0.38435654552689 0.431404856028612 0.35981096237726
0.380392242684136 0.346915957064456 1.48390923414704 0.386774373440502 0.442318566728888
0.394783156095889 0.744973366327413 0.383732746414414 0.464881751276738 0.406686488691678
0.410554956679326 0.421635655900116 0.487420846209197 0.365217428200236 0.842082491763446
0.553987747135169 0.388423892480161 0.318769473326198 0.319957701374619 0.375568786161919
0.340842576122117 0.614432548322208 0.351173428394244 0.368193873477006 0.311290406460224
0.442949270428665 0.343082348488442 0.344345604096108 0.650242526005835 0.345534794710896
0.366998145915811 0.577390578377193 0.371060931504448 0.551459017422187 0.355822695811178
0.394229430392551 1.0405903121159 0.3767844031005 0.679277890970219 0.340507715065657
0.424505422551493 0.481408691465781 0.337290236504939 0.356140131901378 0.393221505526125
0.437338371014788 0.481122876867995 0.553391957473963 0.465721220846996 0.43599323986218
0.4023033805619 1.02852171355843 0.331101382540949 0.421249994944125 0.557326202291532
0.333750499885011 0.420312246287482 0.469460102604423 0.396918210769439 0.421474260264755
0.79425118964516 0.456115683811286 0.505709831689848 1.12057237908574 0.421272567923561
0.330058816868986 0.33924009447339 0.405368483309007 0.423691579417356 0.391879247978819
0.474920943161286 0.419704714162298 0.426870728765567 0.380998223745683 0.418074763598143
0.31677884223495 0.713968636766445 0.315835587238186 0.485851391009664 0.348926116615499
0.394624095484699 0.375863385541116 0.327772706178984 0.395916626889096 0.405763825769944
0.406224291208397 0.456634360200179 0.464677721180316 0.408851957256292 0.484045563541121
0.401906475182743 0.900902997685156 0.395584361227575 0.395374122614666 0.400316383251347
0.489766977259894 0.393337906752681 0.496639896980177 0.348519275205676 0.464633839448892
0.399248477228574 0.340884721619905 0.410721130655965 0.351013502584832 0.390810193827561
0.349221970819396 0.402721161131872 0.354898392914332 0.346606906093672 0.416411086566509
0.354133749955468 0.787338764333951 0.362595156107159 0.342717447644406 0.599305173382819
0.358493060402144 0.522351242316634 0.421488212036779 0.602851072935723 0.353584383348622
0.428262451659222 0.41227453897904 0.402264147154083 0.399233725150374 0.422634375161734
0.35812979540531 0.534618061349018 0.302891459169382 0.446914658830248 0.380298839564643
