0.342234432408214 0.486136570413318 0.349684464070222 0.371629660349462 0.526919026465033
0.316074889715174 0.385814841681726 0.39071494747783 0.618730076686678 0.341357873115868
0.3787434147637 0.471286176849364 0.408957096425005 0.372005694535676 0.323694871608092
0.367324568945816 0.357383157602345 0.37963715509316 0.577959830600488 0.332540598676562
0.346805122838391 0.439946048085543 0.405005218240481 0.397876248941824 0.637545314804613
0.686039966063479 0.499685820450035 0.401337594061499 0.503007301100591 0.343276901962604
0.37119186360886 0.377515036192259 0.323729547229044 0.43563336084193 0.547544326381365
0.576874741059835 0.301223540079912 0.39262152824804 0.41649868654398 0.445590568193616
0.334972797068652 0.603227643793346 0.475207996345777 0.540473878119319 0.392355500641196
0.405163728345008 0.46117756036907 0.492672561772788 0.288619471485838 0.446074164922823
0.375557940579832 0.38621372417153 0.488626601419671 0.404263996637655 0.419922711078938
0.669397316518495 0.386181166274911 0.510287282971814 0.43963448037631 0.46990442090437
0.428618779769661 0.442230936328903 0.369969034396148 0.37420228404377 0.345915466315909
0.510137865176522 0.404097597633235 0.394363957318404 0.486277729003912 0.394237328040383
0.389746773311351 0.490587997451344 0.582614350754554 0.371786026702466 0.401014107737254
1.11293093499595 0.377719855110406 0.359158645186688 0.431233682541001 0.401426421929209
0.442305096088098 0.379199932955435 0.379161674765355 0.40672966749919 0.389393365795789
0.380831348271047 0.49849298311785 0.563118137561421 0.398034925463336 0.532001587869567
0.330334449440189 0.366166806060051 0.537155285962762 0.53703982023697 0.397709361279988
0.388485903506688 0.463616631669934 0.31844470376861 0.505795822782166 0.35091877326756
0.367124425241962 0.419617562325917 0.377403599329066 0.449711265166357 0.502857854757474
0.366828794236502 0.517365820409428 0.354366527541013 0.35819580130382 0.559815383263802
0.434615622851319 0.487111484761715 0.335204734941764 0.38461689553957 0.315069179504244
0.423129465787121 0.344943348915771 0.382019005823705 0.353801897766288 0.352611921560751
0.374136048889168 0.32260755902292 0.371850433708614 0.550277841463994 0.375963381068446
0.500589378687323 0.403400192548675 0.493108606810549 0.351631742730814 0.348888719488198
0.413017311160506 0.429044000027004 0.746371148492398 0.371141189123045 0.323285884605442
0.364601329913227 0.446939236089999 0.529707210873453 0.370236606359314 0.412179675270672
0.313964130146727 0.331924082473612 0.393815965033918 0.391920202922571 0.414974813386476
0.355473390617541 1.08099863319814 0.413254427928101 0.517506142082126 0.322438169276171
0.487084534060609 0.35456811295624 0.39228331045444 0.541492946482282 0.444159725835708
0.425233794861956 0.81599823268551 0.415327891261623 0.42080395114891 0.558347293634415
0.598775136435887 0.436546461953312 0.365322733437349 0.377622726077243 0.338454819265741
0.349343482350731 0.547475347494153 0.480818496657487 0.377493834309251 0.403525263075271
0.386819810991615 0.349191973487258 0.391565502539663 0.333112118805375 0.491024999130497
0.397992987667795 0.408991315830935 0.353101437659327 0.37029003703287 0.466590703321848
0.358022689174775 0.350331240735948 0.325925108164385 0.477513068420782 0.362483656592133
0.764037987384639 0.307326930426615 0.552231402621244 0.511969829745001 0.924111200997048
0.40117351694913 0.388588768199405 0.380020072671769 0.701723623242639 0.364810161568929
0.320040172261132 0.403028748315676 0.3743438346809 0.844404591136291 0.3235009321335
1.21631153910049 0.415081634459379 0.445611622068941 0.368428462991014 0.493628706996926
0.395656087156033 0.336060276000414 0.387560910348946 0.546008608703742 0.367337542936954
0.357593328424831 0.349598732682972 0.3367159510398 0.687258087461496 0.656270756618991
0.445573727482556 0.643526995229507 0.367340036586341 0.412172260642991 0.428415047919166
0.769241459436853 0.409605343254722 0.424773268573706 0.483665362305454 0.414816249429842
0.405817522263506 0.394532806054708 0.383932152304045 0.35847629475783 0.437488768260797
0.468826166192983 0.333391868692923 0.376373370334381 0.54257908272121 0.41867999882012
0.323229815231257 0.576270667864349 0.36663826847519 0.436824451927348 0.33186405308308
0.433582639201664 0.445784335440279 0.44556554688611 0.421185227984147 0.417070385402571
0.492108136208614 0.352320394916856 0.346503967813067 0.413613615866716 0.439635438748886
0.36700095200738 0.393380779617915 0.418877967214179 0.706537455013563 0.347263830013894
0.344895165250304 0.554642516118416 0.446145239067647 0.355357747332736 0.64223995585829
0.546300930900384 0.375895949417151 0.338103237216967 0.491688821187272 0.366598419207574
0.341244093563055 0.317167490027016 0.481578274965327 0.397631824367794 0.376952342286891
0.380452934368472 0.807169690965331 0.510279855144207 0.417365294630081 0.365222371107618
0.496729746011992 0.494500932178561 0.311174964690889 0.49509287131562 0.469151763646633
0.472494775001691 0.397222201063219 0.391638970331303 0.533956372913067 0.895284718820724
0.828670388908944 0.433139856328907 0.424968841524997 0.332995395445931 0.485354700178421
0.324715445817568 0.491254621429667 0.565135238823579 0.395055651348127 0.514681679053593
0.322126332714943 0.456538911550652 0.366483557621273 0.362440988427067 0.580237418504505
0.399059519466518 0.353226289104619 0.339593666592837 0.348813364513049 0.504532431319674
0.505124104463433 0.522009880156952 0.34473577114701 0.338814533266893 0.479628541961628
0.343194100759467 0.321794966823052 0.454440577099705 0.388815303302059 0.322340901805241
0.382670009091319 0.43822720014958 0.816574019381069 0.367259056758753 0.404575863170496
0.401822519365967 0.350811407541561 0.431287809769721 0.467254011872273 0.347693628221884
0.373261115615469 0.348233541654362 0.617108335253784 0.383939266396024 0.394814430695673
0.436754649664862 0.359162873041779 0.381992535003928 0.375310643837192 0.442699619180783
0.388239370732483 0.446216355024335 0.453020036540126 0.450800377624815 0.507831623883722
0.465229385052824 0.468322784616812 0.924985059707925 0.358299543205075 0.420007506152136
1.21634014351729 0.355966843525901 0.411563065466112 0.356045092671016 0.464713597052217
0.383070060418327 0.351994761239841 0.518145989010253 0.440255963962898 0.32323014578009
0.327675609650466 0.421419895059549 0.443220345044052 0.345022592861264 0.849522987936059
0.474421414771894 0.355957669055789 0.384974035925027 0.414827252626959 0.375956848165547
0.358203924271217 0.358229576885669 0.4268042734252 0.370790866115059 0.356528279994048
0.375374347997928 0.303839021197737 0.391839304821617 0.348445318982333 0.363090430443926
0.419448431184114 0.419727213995841 0.36740202447241 0.373492397584531 0.413430155414175
0.341131475490143 0.320038926778597 0.421590034262989 0.358748389350881 0.323312388476631
0.370782848442539 0.562794810239686 0.390834816793067 0.377437028975104 0.531769596482987
0.288560084019451 0.381257730225581 0.421828997746946 0.348945268695432 0.48743480317657
0.46985405452892 0.404498454896338 0.562461079481469 0.355138539275115 0.358606999928262
0.336497213570647 0.368670798072987 0.356772265394472 0.416242405201512 0.623086050777812
0.337725200843848 0.373444352111284 0.323012605321999 0.33252574854181 0.36251962984499
0.366801687486907 0.461126066363552 0.643954321799183 0.434761686957361 0.537952914670984
0.338650755766918 0.410390972304797 0.367975329410444 0.461456550330451 0.368628945311074
0.340669152959716 0.398604889000546 0.366042016472438 0.34725014171799 0.580154457744498
0.456605944692955 0.452921382006659 0.496012275523424 0.410428750762771 0.757554592881364
0.423057720315661 0.421251752868104 0.426290854244322 0.423448389220609 0.364524125780074
0.376361531557732 0.731381178519571 0.328284327101687 0.370696605173773 0.5546781383594
0.489701652847052 0.369258724025601 0.41244927752246 0.423169740421115 0.381191138847456
0.508951377546097 0.371157697547982 0.443118562419835 0.348635937165627 0.337219601667601
0.405368146037544 0.324433113129605 0.370891287906179 0.516713261445728 0.349110173753504
0.453362981973825 0.37741921554291 0.354445520918664 0.391450788823151 0.358398998401315
0.459189217888301 0.466406237471136 0.351954825915504 0.478847736991225 0.452464161037408
0.475428889287713 0.520948531659742 0.396577899065449 0.449691584931339 0.519999319647307
0.345319780940581 0.435277386114272 0.360291114859838 0.342443503651668 0.435057720912172
0.417178074743489 0.452014312913395 0.371749708051323 0.331819820186407 0.388272901940683
0.467470392684816 0.558766229781627 0.431143661270252 0.878447232080131 0.335338942620454
0.515913128060248 0.413110653515794 0.344285111105264 0.498704547663853 0.3574036947187
0.43856898850721 0.680346355516384 0.331924186551061 0.486056525205146 0.394654345732307
0.514868915395277 0.474927577941695 0.494346900585687 0.442775771249691 0.468542051682701
0.324668527292106 0.441736223292505 0.419549728195458 0.445776306997792 0.381645381779016
0.426604684747824 0.330898445412603 0.521679701352396 0.355466493938449 0.374201983997688
0.554356106904912 0.392487639802761 0.383167489553086 0.331973190339871 0.399133193004748
0.395881578316443 0.359005177865836 0.61198489293781 0.346756145007477 0.389763595874938
0.376681240563135 0.448377123214584 0.319583790544139 0.54866709855026 0.387685660053903
0.348646773990021 0.500776762236886 0.387187362487522 0.381675964600593 0.393739100984905
0.365313332166209 0.367021409918785 0.389049757046624 0.393119482498309 0.429761258921467
0.50380772333026 0.457899287978644 0.369946591192864 0.649204655203277 0.481632293209646
0.378456942534937 0.41022916315207 0.303979702147781 0.644259015564295 0.349593558576657
0.55722326810365 0.486079751118919 0.363001769292993 0.474003124649075 0.334959199790019
0.325909968608653 0.591291995305663 0.407013589477276 0.399974092176066 0.306783332817743
0.391016046904818 0.654563318017307 0.459441145663816 0.33476028890298 0.593590607379536
0.469133831728495 0.423126882566409 0.398850498448827 0.422738394388704 0.401083221154093
0.404733132559505 0.319221622006533 0.347338924627374 0.449870312225108 0.487184250305147
0.401485483513062 0.471376233670915 0.333132834470354 0.577014662635906 0.704448529496063
0.355607097617112 0.390401335640691 0.338237960637673 0.3832426077575 0.448958412605824
0.480875905757491 0.461658172601103 0.528763908008955 0.422481265067872 0.412132571667686
0.480689631836477 0.474569511707694 0.354267615826627 0.480767307487598 0.395976079423442
0.343396022310487 0.425314265401156 0.404359969364065 0.353182184108446 0.344398709251377
0.474356118112834 0.945502652682082 0.477465917181374 0.421525216799281 0.403776015359674
0.411781757838701 0.379975866363741 0.363740539208819 0.436221370488448 0.346962163604645
0.340529487764033 0.658955062686188 0.340558143341663 0.412636066819222 0.333001862608538
0.424956151883997 0.367834264132429 0.380186969091654 0.359884399604309 0.504105662689441
0.423050687846041 0.391809291437289 0.459024909792851 0.475504292130885 0.732679714653728
0.381907169577617 0.369432668375565 0.450217715494994 0.452774640725208 0.419137135481711
0.362165377398051 0.72011219017609 0.458890700601649 0.386853991067611 0.367626492272016
0.481850222266779 0.962592662854252 0.357346270559011 0.39971503577348 0.348036142211024
0.37639205432817 0.601694219703503 0.486655857626673 0.338648352083864 0.414250603272453
0.362999362218629 0.352676465014553 0.379118174377537 0.674728060433237 0.378217782512258
0.444832163002184 0.596747171696193 0.326465181136243 0.417990020328028 0.401815506175722
0.418076665230213 0.378767018064897 0.380542950527607 0.667335390407315 0.350320023108128
0.780796946459757 0.394815898597277 0.426591762115706 0.454621767806632 0.333859920261951
0.522224912257055 0.74931725613281 0.340890135213251 0.405294798494556 0.397698333584824
0.433954539564208 0.340023977604138 0.492176134859716 0.654717972513121 0.42373318585712
0.49576664223861 0.41451262836273 0.384478281932815 0.893517476671266 0.387983875916357
0.473022826116201 0.396378722533917 0.525187731689758 0.403186498797953 0.467933845657522
0.382120820642196 0.364804507581609 0.454360903859258 0.526971200125875 0.45412640265272
0.348278930371411 0.390397418704005 0.451939956460783 0.455482372728769 0.812899992185991
0.436829418654326 0.411973220393995 0.400678759153123 0.374746750969512 0.408011955176389
0.443161969261738 0.449136737037129 0.672994248380516 0.448800852679621 0.374757228202615
0.472972840491534 0.345293127502939 0.367005793701793 0.376590065100689 0.359302089587873
0.355523583889773 0.508540554581269 0.351383250051548 0.371563653171298 0.642258719910273
0.539296759655135 0.571787540055274 0.390615429317035 0.400693038431538 0.386550653291551
0.42712945443644 0.418904275615552 0.392901326048366 0.55777561919388 0.39376246812748
0.535203624483907 0.352644524460609 0.361336719336973 0.428159419972849 0.480811935316185
0.376463024620436 0.441294447584557 0.45957175358097 0.42671739225815 0.532410862837482
0.354376601241713 0.340763650866625 0.350673429622259 1.45159867459153 0.389677415186191
0.356430050926915 0.509490255541013 0.422311616206755 0.34720571332895 0.590201237325255
0.401295321397095 0.417259621620957 0.40537768908675 0.352021362617072 0.347526101473085
0.367817720917256 0.393157158432561 0.316278693834598 0.449546535201599 0.369727722260733
0.345947851951823 0.361421780096314 0.44594913550202 0.387827903561276 0.373526321037295
0.385954268717559 0.40800579266038 0.653636804734024 0.410196514403697 0.340841724559632
0.426175758546008 0.412513356373845 0.539317022083556 0.408951244496097 0.479211106190239
0.41413542230292 0.408402746311559 0.569665333756887 0.373239740286325 0.365671486451523
0.540091558626329 0.624436318728829 0.433119558972375 0.495645255118406 0.48464809521921
0.352585688844195 0.335110428952353 0.445216701614088 0.39722920645952 0.338237877258763
0.351548260489643 0.449540656522511 0.414311940232219 0.33894143873612 0.503318205320383
0.377767949959454 0.361975741379086 0.461211637160303 0.434230074477248 0.626464051376556
0.466025199693169 0.492843193150116 0.407530877912262 0.48303777264661 0.521677701548548
0.341827775311999 0.502088083832987 0.390534670056137 0.431777113488189 0.438251667493615
0.425911757621901 0.735285517523139 0.494232834270109 0.37879197486259 0.654310810092433
0.32870450859836 0.380199983320619 0.549010876198702 0.467599846090698 0.411957580529547
0.507301173656974 0.621213017553766 0.380894928530631 0.433303879601609 0.916254830673329
0.505151638059124 0.447499502833867 0.459533505892343 0.392960667278677 0.394597865564275
0.580189192088227 0.358268764624255 0.401764285740401 0.508277784863882 0.521883070601227
0.429280851118009 0.52745299069277 0.4308884949297 0.343086150724192 0.389451391065483
0.501831515930276 0.516141619619002 0.429115887354297 0.821617232235049 0.375482919501176
0.451922974601225 0.52569128584643 0.433160358876964 0.396616736066383 0.473858722657363
0.408852436914182 0.537759354991754 0.378418328149108 0.338953311317323 0.396570768154097
0.429098328351612 0.390584212911975 0.337553539487999 0.373828300266098 0.449961989960522
0.354182113824241 0.463486771348753 0.527495145241239 0.326256915085033 0.402806068519743
0.446322218900062 0.35329062349645 0.451232327923531 0.584544659028391 0.456472664534091
0.611136163412902 0.355728203115204 0.423009780264653 0.438837145527423 0.372386597914039
0.36851174878751 0.388345128539739 0.531739179733389 0.360975958198118 0.516178787933845
0.339486079279526 0.431749893422199 0.338267365205372 0.34165331495639 0.326908594423038
0.572170328825325 0.50835436927045 0.553156826743035 0.493237046765684 0.663651929808839
0.345452878476547 0.328496353969466 0.512902241841384 0.357354421090054 0.373950189837846
0.519273580831449 0.396635235432907 0.369923236592392 0.490676140145126 0.408485751720367
0.404923128706108 0.420212877920339 0.543822525310174 0.321137480235441 0.407769227040148
0.308445379791575 0.362972074411104 0.336326175908903 1.38175744416306 0.342095114028477
0.299265762757466 0.404627006505536 0.424779399458289 0.394058120166033 0.4130289589748
0.43864779225486 0.388423678917527 0.371241229917218 0.376266116726684 0.362518092486429
0.444393674886047 0.356303129042062 0.428808494996558 0.602087952047708 0.562676994814134
0.645863456595748 0.325662341421806 0.343144334014626 0.369313941776824 0.36513317290238
0.460420743891341 0.58974909587279 0.41430766058347 0.378401461094685 0.51592035344919
0.427562533662698 0.487033719312086 0.349283686758659 0.387061235747403 0.59072963732122
0.355184215686218 0.428060565763389 0.411989349827324 0.527120976962664 0.370062220767129
0.326251391931096 0.338572676966743 0.351686668396797 0.603379619615295 0.439053825701457
0.433983855489806 0.349674420586994 0.765284367326706 0.37549748457698 0.39388125391004
0.379149453405552 0.389851172533767 0.377568474554115 0.66553709842865 0.340753980391376
0.40491076417 0.357113984155447 0.377030976177563 0.432967899736867 0.362434565928232
0.369709763089935 0.472252333590336 0.529656710204404 0.398589891235041 0.490343507715756
0.430522405754124 0.492089360930741 0.336166095234253 0.402827929828639 0.360788428674216
0.431262786280711 0.655833483068653 0.43028862536465 0.528086391539085 0.457561456490346
0.512201653628437 0.478797978695935 0.517311782842368 0.420648482757411 0.415924032280793
0.401144477868749 0.359403671975969 0.517812680237535 0.320648340479159 0.490994426647889
0.457522301032263 0.381327901135357 0.768431489648643 0.317630842134119 0.465574205378449
0.375366451620775 0.53961123464692 0.494819515370526 0.415113524349562 0.437582787533527
0.343161438129195 0.370142193284491 0.414563788044576 0.389484580795548 0.60604225583266
0.40474308530783 0.410152854194765 0.40586301576026 0.640937367488291 0.53477928457702
0.409211531989493 0.517308768795638 0.442607416896864 0.469757077490725 0.365633529657999
0.439423601940878 0.367663687996332 0.468165321240613 0.474118976842472 0.413351574122843
0.460968480621355 0.494573037898365 0.348391757181126 0.417410551597803 0.648523634557754
0.364487664722156 0.402086614537279 0.402421209240205 0.372000873231437 0.422058426360132
0.538849914833577 0.386016777862313 0.483281087207513 0.358209063745 0.463605389946102
0.352121192150297 0.330618487502932 0.476379003232387 0.36279517322497 0.526889784385171
0.404235224471125 0.421358388084556 0.485362805395761 0.337280932955996 0.568965064919029
0.567386183165623 0.359943532219542 0.497976430672785 0.532705260776095 0.382377986318259
0.412125445492684 0.523118896396674 0.419679753804911 0.403067410366284 0.528638279396439
0.492726425537125 0.533855675949721 0.364757111282245 0.453129666422645 0.402041546718485
0.39522124617102 0.514324547288547 0.366271803162535 0.428336483084763 0.603224703979626
0.367329087080568 0.383082041348303 0.529602941919849 0.33428722722643 0.361767003088466
0.398122816585097 0.47111206478362 0.323700807338446 0.373976868194717 0.539192142155415
0.432706821175974 0.480943292448225 0.368975132086219 0.360388133211165 0.424209324812697
0.362898501843468 0.341339706634032 0.374991543096162 0.453412467001122 0.40637319823493
0.507931189113962 0.342587641386082 0.366043453941771 0.502678885939472 0.305156195770879
0.330341793232332 0.4003105963717 0.420423375660711 0.315884340796631 0.552251710127908
0.395269507819889 0.493768428219828 0.504811423304957 0.396106552860401 0.382975515497575
0.466633659176207 0.401261203506438 0.320358804764046 0.403727929868948 0.333844338856982
0.439446609909522 0.370309240120015 0.430473731449396 0.469942721715136 0.406441917263235
0.313961263125985 0.452689085549423 0.359732986484392 0.429230260907453 0.605850537714451
0.373814977862123 0.35472795642555 0.416486905951872 0.530447240395015 0.519954698087981
0.380300170481416 0.391667916054992 0.531714240922382 0.895566757750744 0.400489826435737
0.688152796743596 0.380073952368932 0.510815578410155 0.507493327397673 0.501857221911553
0.473801889164942 0.350516940190516 0.424716424021623 0.439473267240343 0.380119047217282
0.369975249600388 0.625668013711297 0.313357483438938 0.417299171903803 0.429753267416672
0.461710260284927 0.348216009641663 0.512959423334934 0.486009487741957 0.337351975731449
0.488355009654119 0.532767368531242 0.433600454761439 0.383800554697459 0.355058324325368
0.438022070577205 0.36495162914148 0.379399269227561 0.402168934900223 0.875608343859999
0.415406421834467 0.351175783107153 0.444413842805845 0.628220517368845 0.407918847416129
0.315959630567804 0.294414851300664 0.37381633722964 0.576722729645348 0.427228455279664
0.403256927737505 0.393045982868892 0.325208484437643 0.390051978593046 0.381452297365981
0.444300389595744 0.355485574516253 0.445531767360248 0.412336477583856 0.395173258392851
0.562801801875685 0.718116576685554 0.468715996453105 0.569373270897122 0.47159774454859
0.446054323207885 0.338314060379538 0.496192861577119 0.49076359885851 0.364709199894863
0.462763353928922 0.453866116844105 0.29824875314831 0.45390625671138 0.500066442641146
0.378700949190911 0.362268615371839 0.368851174042485 0.462652530742312 0.445579283846987
0.35802556813393 0.406314484382709 0.384172800223396 0.538365584057042 0.341594729756657
0.433739948009174 0.451036138604495 0.383657523993258 0.421992324689342 0.664890114063407
0.484580840604263 0.387715514463746 0.457515246760455 0.400719496894236 0.41228124249277
0.375192061748108 0.606718128173512 0.333652025853721 0.450420150118854 0.41602053736621
0.383407298350823 0.478329347712543 0.477737050071763 0.360719906413311 0.383198484603211
0.340255357661078 0.534186816985781 0.408409750534559 0.393986540876548 0.408246863583181
0.404432330617575 0.345848124486421 0.477614847727011 0.371522632739635 0.30535970985622
0.82043637712274 0.454431399783812 0.5902123089161 0.423425501232278 0.347392766157143
0.337057362158435 0.385621150042425 0.415045222411546 0.690707871354994 0.393312391064099
0.355085520433557 0.382339458607258 0.513707495810889 0.364487524378305 0.342400367023634
0.358181507409085 0.411861622676104 0.339036763947397 0.600294311258041 0.541331290011214
0.44070668787863 0.48738895568613 0.61144957287472 0.479154544655912 0.489336075575637
0.51960519777996 0.343690653068425 0.36919505036276 0.479599668003514 0.330391110782104
0.393423067556637 0.602505482619582 0.370812622771544 0.450813642371632 0.402456912085269
0.329247942065747 0.725078609341311 0.442291291577199 0.399296776513205 0.387528809485622
0.468695466852564 0.731267218637412 0.413605081501113 0.52312002202867 0.483966613640252
0.346962391166241 0.403804614996117 0.324075647124708 0.468619301959954 0.484127147883982
0.419159623210768 0.350777338737506 0.370690644220589 0.360705377186205 0.492567385796755
0.561565642917649 0.442961472584468 0.320494364642713 0.426902154456118 0.414789787127793
0.493240630102772 0.370289249569916 0.439138026156312 0.565726353032226 0.604362223658765
0.347454799315873 0.351806510931239 0.513898208118749 0.418847381569896 0.39721114441896
0.384009698447422 0.4084685008849 0.400901922282834 0.551390593803658 0.391290107596568
0.597995851799212 0.483518801563512 0.393750401621319 0.36461347566281 0.365971939200252
0.417694763991171 0.398825490156538 0.372252484083366 0.402475162492424 0.45384727666122
0.436662987147436 0.467808107771837 0.600397249591395 0.464848546656845 0.38500823594078
0.398899981438112 0.338801913699768 0.436347144470152 0.388350104405673 0.396401856536815
0.471169921865307 0.34457757788224 0.4562529458768 0.350997304276461 0.321753749484041
0.520007147309947 0.402494724386688 0.389454581416825 0.494168311419447 0.371522014030665
0.342031051476056 0.344991953868398 0.437841711778473 0.383779290917068 0.519445538770694
0.521728955494339 0.349925961675107 0.379778850913604 0.436290339607145 0.683320276851574
0.318459642650665 0.340825581331282 0.516038322541784 0.350262147980749 0.427461937206873
0.344337086546568 0.490848067903783 0.330418412954886 0.548337597556912 0.355991783227578
0.512096563949608 0.380136769770388 0.474785617974176 0.529473279610527 0.517482093281559
0.421047380071839 0.418398411914206 0.443222581086876 0.373832193357865 0.361816919925912
0.39935035907405 0.50307826168648 0.342829574342244 0.482877507868509 0.376092435106932
0.387753185286091 0.591471135823804 0.434101880807265 0.473968612503679 0.350600459618203
0.410078796265169 0.42401994407102 0.491241750371696 0.358158983296741 0.329873306016613
0.434769612688662 0.559385322265573 0.691485691105654 0.360757940902945 0.330432746046871
0.454108456004365 0.383083249014703 0.320188391255573 0.526585315834967 0.302200516102524
0.422200399611018 0.413807386931746 0.50125659342023 0.429623339702731 0.426843864196938
0.411878053649987 0.424608414771903 0.378153377022015 0.599169550949211 0.39609848355703
0.944952234538048 0.531158550824899 0.455421109432125 0.360018987776608 0.354115149294279
0.305910567056698 0.45030448762563 0.371676314166059 0.616754762396091 0.379978153314191
0.391870198098949 0.372319323594147 0.387234816846381 0.910038904419737 0.406310925442257
0.325702503616336 0.435374576536855 0.327432829558394 0.404420839923716 0.438049734998558
0.35510672755278 0.38975758326177 0.356808110985324 0.665163377533783 0.388304354963934
0.401658020899198 0.602356352461751 0.475019663673542 0.372855345047937 0.531198600773344
0.510922995428465 0.469880851939694 0.615938456669964 0.463648564408963 0.407235857297251
0.343609935886696 0.315865389661807 0.546780235363437 0.385960964857242 0.450778841873684
0.404137174979962 0.504181712497532 0.470996551622392 0.367326400788342 0.305730959654946
0.500679322165715 0.396285395253783 0.417516889468558 0.387439323303884 0.485587913791202
0.596806420676436 0.395477445545467 0.375249034617228 0.337184718091222 0.380672779636235
0.36224106842848 0.437035448878204 0.58207274641767 0.427764421699617 0.537806796644025
0.373468733547304 0.431176708011507 0.55194801556086 0.449365963626763 0.401127954006482
0.545116381507933 0.419728467177608 0.30630276439666 0.603932100933474 0.440792745277434
0.385626869990092 0.36814673934294 0.5069196730759 0.435201117292311 0.33789081911358
0.366819167098426 0.354452785409811 0.376898032491598 0.365096157622163 0.436362836153342
0.343684711601117 0.472908429839906 0.528653787248541 0.368448531617768 0.309910653470983
0.365907311504939 0.341361219176433 0.356111872524871 0.338066385199156 0.395756292838808
0.466689768275384 0.383823576219434 0.571356540818715 0.42029553026218 0.400403048482712
0.449218307265919 0.375355824486472 0.380077940865015 0.325174092657506 0.383750456728558
0.358239402882876 0.613750557868227 0.435430835368 0.426092247057814 0.469931161927829
0.40409673542444 0.387705185895009 0.484519209654423 0.37019331609202 0.454275059950332
0.442984529788699 0.485747405301451 0.554250415699091 0.784546880452369 0.45885928004002
0.359564438030458 0.459123144602758 0.381039719784212 0.589390641845987 0.440021008494428
0.42057063943017 0.668024946665868 0.352152833985089 0.359408999661221 0.836068027855476
0.297198813720017 0.526403711811742 0.35447425140494 0.690267140840208 0.498733652812592
0.498088468301745 0.543256180857247 0.370486092939338 0.411486630958804 0.592578411673377
0.472885476880476 0.59552254973796 0.562461332178539 0.47697825142771 0.447477026750693
0.363280722146325 0.363703449192994 0.372543122154811 0.49279510705107 0.350731931060311
0.351442060406213 0.486394353630508 0.318570786647572 0.395804185633232 0.299893375937936
0.398732043974862 0.547276503266121 0.414001896526824 0.468964358439772 0.496386197445887
0.32552260526147 0.362557798344721 0.554419668176527 0.38342442880646 0.456712971974322
0.461531154089554 0.403554907732064 0.372977745804785 0.342617046200668 0.652108881694998
0.38175643631755 0.355679720996013 0.339515992003066 0.755240324810241 0.418238988976362
0.39858694562461 0.386576735552256 0.436378062950795 0.557676034298225 0.421909699994717
0.334421080893881 0.438354313013294 0.313786195190786 0.418294658014237 0.3692700270194
0.384630560709842 0.361714578105748 0.342740171251687 0.376777402427856 0.323338014012539
0.310817551620635 0.509261554175141 0.356331743453501 0.465432289986081 0.430608711530318
0.446438854009149 0.39622610862118 0.393672473717809 0.439370688743747 0.406543748397514
0.418764742927718 0.602362789250528 0.34492543826233 0.526868660271269 0.35074003059652
0.553964290232044 0.345815343892511 0.395574845963873 0.393484897868133 0.334272650485619
0.377491468513157 0.431350504378098 0.460250082644917 0.345975384853858 0.885508517691244
0.527223636653484 0.404863319508623 0.354120025877056 0.397794188093554 0.679279649419378
0.386068259302856 0.380917323691522 0.414540217424201 0.478616122589438 0.547779188679293
0.363547123876915 0.413943709998006 0.39050400625476 0.712216701418345 0.370657930469672
0.325668527831312 0.468875667125029 0.507239498136148 0.366460222922194 0.345904735395665
0.456003475583105 0.413160142254249 0.3421027523641 0.35685081310352 1.13463467448844
0.354899726455103 0.379104410840559 0.418785415457818 0.378900532697094 0.452954442466277
0.363082234006334 0.358168046710352 0.611790195107189 0.374999362617589 0.396075653766795
0.379807998398478 0.523791904793613 0.361451625698689 0.383701235963807 0.354056758726473
0.369256189743859 0.329652730652105 0.319459444499394 0.694077876022782 0.373270530983159
0.379248016361425 0.448024272082714 0.523770863328293 0.578772503175439 0.360899733182685
0.377257421904234 0.468263439914626 0.345918883724111 0.417285114810988 0.37919234600554
0.351055611395339 0.456579666193705 0.381595710240894 0.39105895202315 0.358868153826381
0.393006694674688 0.676880430706938 0.375885701803579 0.414237839055661 0.499630485032518
0.543758122792373 0.464093207165665 0.337285253878883 0.430199334776642 0.403915227388134
0.395260846550824 0.334133425861787 0.340443714085791 0.342977824088023 0.413475121152446
0.632898996551299 0.365259331943685 0.460387540916399 0.447015131873781 0.467856635827704
0.442374646874475 0.49662961192211 0.538076617879091 0.480161090964537 0.483009826482216
0.735815262979668 0.466540943038828 0.435257787893011 0.696165926049688 0.490308432081015
0.523856978596868 0.397266966501737 0.379730052609309 0.46365193323522 0.439581788422602
0.407750853184113 0.464696830443925 0.493340403520731 0.529097391824958 0.389701392694561
1.16902252848947 0.437540404220748 0.348352103324176 0.413472913110285 0.364770296036338
0.545267308311119 0.3868603516975 0.461653824705438 0.360098744720079 0.304474965334351
0.386818887002927 0.38957590515895 0.538872342957415 0.404467562965199 0.423954939885171
0.392580296147787 0.374452471550932 0.466477477348688 0.513208908674285 0.441738049094907
0.348152893708406 0.354214077273142 0.388373568202959 0.99823921546203 0.433242269542433
0.857960025211442 0.387657911325487 0.500386293070076 0.435428375698941 0.379246482767737
0.324499551773515 0.42735285109421 0.40605625220552 0.472197385199656 0.426791578546786
0.40079332875773 0.377435201493053 0.453967904793158 0.528410387010492 0.326382292622142
0.368360343395008 0.358828433566445 0.555100699564008 0.413458372721213 0.380524685054124
0.415303914419045 0.501943171038835 0.424369835692445 0.446349451667003 0.364284663688659
0.29193513482097 0.663575695137661 0.758085236746159 0.405326112275437 0.380971977616715
0.410950550951912 0.373160254706813 0.443609489616813 0.557852649150308 0.537902408638079
0.464895377808537 0.727680486350897 0.343688813702082 0.490122484134769 0.394974840500814
0.44556345683495 0.325334769606583 0.441375346477381 0.441267010255984 0.777873938942207
0.45203065352795 0.518777448487558 0.36512468114696 0.426189956830828 0.379580289624703
0.369594220838929 0.44119033924449 0.442544517512851 0.768440609698573 0.468144806268233
0.353419729189302 0.397785241598296 0.441741124609353 0.409102283493236 0.882827925610908
0.37489521188092 0.454960804751896 0.325366532639851 0.423585658555936 0.393000191045782
0.502115146935012 0.53844713291208 0.389244574111952 0.383646046513469 0.439820966765783
0.469933153376825 0.346891473157274 0.382575545542611 0.357196851525088 0.371717341369807
0.643040169659783 0.496543137521758 0.354873202884185 0.306427988092259 0.312140285626739
0.481488901766309 0.421175472596192 0.474895509418186 0.45162095683282 0.354655484689715
0.371261702910215 0.437458519416578 0.554794328896991 0.310207753301605 0.343679025824172
0.459386431859801 0.298010764373594 0.356596092184185 1.11345812331907 0.455581989135169
0.361275144736852 0.414422734360354 0.347340034975158 0.371848617444166 0.375432985697191
0.377981531824592 0.389561572217121 0.403465969769978 0.917796774494898 0.432698810414052
0.367695597881755 0.338461338388755 0.334731317451445 0.365599501102593 0.563400478782607
0.475081214110508 0.522178260298925 0.326577664027853 0.346062432410235 0.535024008102474
0.383563746600996 0.40020635214703 0.620502821194081 0.361050051945055 0.434118410397312
0.417417299151106 0.371315543006835 0.378433489378053 0.482357361851778 0.493666330586866
0.326346241489022 0.534844712893681 0.407064909418816 0.464652247115662 0.463159408067923
0.380598714535139 0.396241806918988 0.352571769039583 0.409034899455347 0.436961367417145
0.367685399948124 0.402164626616754 0.41785899479088 0.390696437854838 0.450745815899023
0.386126968922644 0.384178469830641 0.332430018032704 0.352688394660788 0.955335875733856
0.429074986332969 0.414188400775101 0.336870413916483 0.411795894524395 0.781742811134382
0.359617783097283 0.45700299437206 0.330591146119855 0.477700703204316 0.313645867080558
0.321024411311601 0.420945280760607 0.412851625879112 0.368953914220466 0.451618584549065
0.643866375659021 0.544045061650703 0.521732151609013 0.391815486213047 0.344270826765398
0.345159914483603 0.633753982483139 0.451486531251745 0.513184674900098 0.349155851071178
0.5189615910687 0.361608070958824 0.356351497496917 0.404871069279719 0.381591776768684
0.335713684781515 0.620803188735361 0.387537273968716 0.354034130404261 0.41043589703515
0.416826114581923 0.382616603059208 0.43739617359658 0.523610723261297 0.336824915333742
0.378606741301727 0.485790017195309 0.344796447005919 0.40437552263153 0.350075612312032
0.41102674173565 0.47041513072654 0.344613631759671 0.388794829743802 0.539358792318139
1.05518192369829 0.445183632683373 0.378287139550935 0.433783415987827 0.49288114845222
0.397800897699329 0.33472117907385 0.424305011065916 0.35952597037897 0.410465089586219
0.420083862590908 0.525443537528239 0.446594655453718 0.858914397195575 0.335110465789672
0.351158078238147 0.399858925537112 1.11758193353474 0.399269137472237 0.40044925149492
0.363761328195329 0.475082341582097 0.390773479952077 0.44358354755906 0.47568789638712
0.576366123752019 0.57431444750198 0.506462315526684 0.342770099733514 0.410819072318993
0.368604879782722 0.461044245825438 0.5161680677205 0.429558825149328 0.466149269509805
0.312741501950638 0.486366301404755 0.402222206964689 0.333220858817249 0.471028678340311
0.423980069889788 0.6454869218622 0.337975347494726 0.350227316560727 0.478559143324088
0.557781208485056 0.610630486590015 0.632588359499983 0.456976742676429 0.453005344652939
0.352180415230541 0.503088018895511 0.346366371761108 0.444982931471728 0.466574489606287
0.318642584815195 0.436080689997893 0.429575910790903 0.406255176103781 0.507548523642261
0.8022828066834 0.496313251407931 0.432640806691669 0.351705062297464 0.334053808895453
0.595633450602592 0.350549987202886 0.33845728399542 0.349019554537057 0.344670651448199
0.782188565406448 0.364363614991478 0.370211312331522 0.436909117094046 0.418944819579234
0.433089771826713 0.381361124451417 0.359196606677473 0.570902658681267 0.61474332638964
0.533675773704477 0.34776441085044 0.517866701192366 0.318953142666653 0.355227302540089
0.441487694613841 0.587668943847653 0.38436702819726 0.355299781255797 0.377900474703278
0.398139971883767 0.425532186264083 0.342373858218841 0.380776590148845 0.487645910959582
0.329431191479097 0.350563640908368 0.467100717482198 0.378651909687766 0.50346765919086
0.50305793719959 0.376062004000527 0.341097537019927 0.446935720639347 0.327454891837123
0.363554710319394 0.380428141032066 0.482617975494226 0.386230152964476 0.554122862495556
0.52804142562234 0.527939279037807 0.418611459301376 0.411921290281372 0.44053695641128
0.375131153162429 0.564384149842552 0.356632566671554 0.569626435747034 0.29863694636012
0.3778359561734 0.654834195268556 0.358128821670811 0.659376233656467 0.33506831705832
0.552513999552195 0.564785371807772 0.360568822312017 0.299969074245167 0.441187519014134
0.409205857797065 0.405674247792308 0.386342551306352 0.337874974527918 0.403259878229161
0.391929558940503 0.37022763547606 0.448865908491384 0.356911950202532 0.542573728935396
0.397748800019266 0.351586921567389 0.376204031442916 0.587757314105161 0.384947871668655
0.353967696795415 0.496776665541377 0.767563404525194 0.460359200054371 0.368236305611102
0.329019042709277 0.95740298353287 0.33717938093912 0.396072571899548 0.363232972849469
0.439540267378183 0.378542521376679 0.34710963628495 0.597348719062203 0.462693298768591
0.437451034217549 0.389964141037716 0.312892395627172 0.435005855183742 0.337923686300177
0.351649923002251 0.332378266669532 0.320823700281302 0.450521320766578 0.603111256698825
0.334834098853567 0.355069196029149 0.369510066604624 0.956775879324683 0.376389677163462
0.590212298866501 0.519167555334644 0.411313232882337 0.332545980412853 0.376353208585087
0.406688475409274 0.393537038726147 0.399244223270101 0.433058142545114 0.557759803340078
0.422176566482656 0.416920761377442 0.401003585882769 0.509747076690291 0.535531970083861
0.355061442632962 0.388426313254201 0.42323332685748 0.344845383521987 0.55716644183676
0.337318898276582 0.411793480359855 0.329935925669437 0.373242864922563 0.512337971849253
0.348074246677722 0.342186426629659 0.381962249725142 0.414809914403753 0.4465984956964
0.333259159193283 0.538646211682474 0.416758320303753 0.333708330658388 0.384004119797287
0.460712232654413 0.355788210752283 0.347204380023882 0.35886426681427 0.348309015582598
0.495676017968588 0.426756789060324 0.417966397416894 0.405666437002213 0.468560884807188
0.730326207958687 0.323644144050502 0.423310002130944 0.430063913011209 0.455437886516
0.388325035775313 0.447983081707354 0.364591357116386 0.381950357129199 0.39805127388553
0.417556148816999 0.55431540957992 0.727355585019831 0.399859370111796 0.329186497397455
0.343736504053674 0.426122849679147 0.365677624313829 0.32979194097308 0.418047594640289
0.502635498524943 0.414948050771656 0.373380672822572 1.00462625730547 0.401405360663984
0.888827695744264 0.389157445088112 0.320745139093331 0.431697058430118 0.300598506212141
0.382723426360904 0.465442069235969 0.343753653394874 0.383592994912004 0.438767859315432
0.474071886924563 0.383357569738746 0.391849192125119 0.409690550906817 0.387909661440863
0.480979985947807 0.364461848674504 0.422304269940977 0.370267878381611 0.481444736623458
0.381373413880516 0.6583839510172 0.606100109860017 0.462765360374042 0.370060143446446
0.767921693343858 0.629113871378605 0.408249438422537 0.459482348241344 0.386532247072481
0.434350017369941 0.482607304440084 0.331285889731414 0.441259090823595 0.394621108655947
0.479137897964717 0.48210122700105 0.372663709997306 0.429833832105193 0.436749735116982
0.511843440057341 0.419082518120176 0.376692716777551 0.426225621432747 0.432622577352511
0.453622468579786 0.372409842866029 0.570738104863259 0.425501330839668 0.646914544942668
0.402335291529305 0.379339342439941 0.486823290749775 0.405677655142771 0.493330836718406
0.432907795433778 0.373885510803976 0.522681749500151 0.487769564195919 0.343563045319523
0.495444926246112 0.559885978056557 0.374870153181098 0.340171480268682 0.373034331259451
0.340642904841002 0.399049439005726 0.559727187894472 0.364612004461008 0.408210846400946
0.385974004526067 0.379240032099038 0.38811557218042 0.476124591464463 0.701766876855409
0.342765697752042 0.420475387176982 0.533389959129151 0.470185725091902 0.471606288462315
0.457546774203086 0.376855956238778 0.738991642174841 0.46308215471627 0.381449771835742
0.5205511128842 0.412310752426091 0.335230129014212 0.323267607377073 0.329024657460963
0.481360513698413 0.388945640234508 0.403815706514944 0.414979041663735 0.478228643999924
0.485226335782676 0.63082943265686 0.336936753225145 0.450752782871331 0.488499194907498
0.390607236235469 0.798543144312927 0.437360327356028 0.463603947155724 0.405609127331445
0.389444007745686 0.448388347157005 0.464484237165767 0.373955816404666 0.355890077307355
0.347962023528881 0.552511904476208 0.565256041010892 0.362532258964815 0.354816348858322
0.460521253242108 0.524337455416843 0.374286097416741 0.508471295416866 0.31360936323178
0.971966884295277 0.494031379568922 0.297984628996783 0.385937973711382 0.471141850333347
0.481434997226532 0.581667873756282 0.432251898303293 0.494881752728768 0.378089220190166
0.40983595195623 0.809992084954324 0.388768696397325 0.430632250895121 0.454649099721075
0.387276573919177 0.471615375069756 0.648338971896561 0.606445310517315 0.295916597095913
0.406085007496929 0.397754338686779 0.357606267596083 0.411126525354011 0.375932230789104
0.466609773229916 0.501524607907832 0.506128412345324 0.447127268502413 0.441182002913127
0.371036090882826 1.33587269683552 0.46999068707329 0.350784978754149 0.522571948824826
0.470765279797263 0.414611688429484 0.374567306903526 0.597714709870822 0.400988667416763
0.367820273504056 0.466285092412437 0.34928581897973 0.359393751789247 0.379211160918449
0.528511327029668 0.344387586903453 0.357818923289189 0.421376998239709 0.36254354335095
0.352156083335567 0.520517097815867 0.430713246200651 0.374464060622524 0.512334509435212
0.345322100218164 1.31495008339864 0.317780763003674 0.504360352175652 0.533820191733682
0.327426973279583 0.356295820862802 0.404570412580607 0.389944217196853 0.431150321398357
0.412201315194905 0.407509545253138 0.381341338851068 1.14682842888587 0.443990418800154
0.360046137200587 0.434761915872925 0.4948486366995 0.439362350527932 0.35265631616845
0.378811188174837 0.48491047324702 0.398329082158661 0.532841827688425 0.723656581555676
0.456217303700475 0.368215204616887 0.347893157597644 0.417133661266666 0.505205576200671
0.362402298074955 0.370643185532899 0.32944224162343 0.435414823548046 0.469726253563313
0.40326211952073 0.424414698328643 0.425135210958776 0.570888437137586 0.409527862619708
0.348718955201575 0.4252045637183 0.421940215844491 0.332714443223713 0.530806400693374
0.422030523465475 0.360192607567321 0.406627579295715 0.849255940019806 0.334242005709518
0.555801491902453 0.45611062282197 0.349236023265989 0.362728168423462 0.345231683386402
0.425672424759377 0.458711743157293 0.432513025219058 0.517114415117484 0.337846982787863
0.432399139066186 0.331175486160922 0.333689987020333 0.969655679845915 0.330784458722855
0.456655867245519 0.307985362585405 0.326247660451537 0.529623824895441 0.396976017165246
0.499832489492991 0.419337949848065 0.485510315417661 0.317966710626248 0.328880910410021
0.46319878233067 0.49028595159042 0.479438514387211 0.449096780777399 0.551741044756342
0.369497190698217 0.366774528596889 0.447259838170859 0.531359801725381 0.377739234130871
0.33932489138526 0.383420842725289 0.343231855543515 0.380297289221782 0.365305377456507
0.376585754864439 0.363995322744478 0.408523303932959 0.640449807852378 0.338957687578706
0.368102806261717 0.358834778204945 0.421696498781046 0.519770776537312 0.380002341077045
0.407102328508907 0.457063692052775 0.472974490626362 0.398966084814633 0.311925235228905
0.430356857186496 0.538700964427999 0.515880305871785 0.487888639525432 0.476083634314213
0.323753588879743 0.357741071975298 0.336863693666955 0.417992662933438 0.839066068611572
0.463412252768381 0.420875771269978 0.438648975590105 0.366154227654149 0.32589956557247
0.453256934459432 0.391640176147826 0.363693793324947 0.429422343847573 0.42183828486618
0.34107251008979 0.830374547564249 0.385109251318769 0.484762036517149 0.493634089499662
0.406450105988214 0.346060735426593 0.509386677490505 0.442791793253618 0.389222220441778
0.398987233299716 0.426640167069276 0.661032710547582 0.375272317677422 0.353437301523273
0.418390073607029 0.356657177103119 0.304771115389536 0.375094261348417 0.455637653135029
0.531613737881892 0.489636186144248 0.507286237178361 0.818717546324969 0.609361346871037
0.334846945266057 0.491420786220673 0.51975338581583 0.550775200374958 0.354520959138839
0.423142895524429 0.40522091221995 0.317089727666509 0.623758100652227 0.439336905837518
0.719696508523867 0.457363019278654 0.367370608213796 0.578040692334252 0.325618398351855
0.604065399566488 0.556875943220114 0.371873849467055 0.532500768329474 0.539934504049978
0.428953839693748 0.490652578013789 0.388706360848891 0.390071421007199 0.372646286811642
0.432430787396643 0.459194799166656 0.346446522079495 0.396476663404771 0.381241105154549
0.382300274942536 0.605527623146269 0.459340865262387 0.365954658847911 0.438282245814824
0.411355340143158 0.358740933934069 0.339636961965931 0.591555623642581 0.465948291745088
0.347757120389774 0.461644013034248 0.448625767713435 0.358622821219358 0.509053130706624
1.40383799443823 0.46878448098055 0.451017945458927 0.388122148691408 0.344411990903198
0.364167614945342 0.419555612811192 0.381262425131491 0.380850319115607 0.372678391129146
0.369395551658495 0.433291699434722 0.288532985582552 0.35578604698435 0.386744086515507
0.598485882352162 0.444514785453456 0.459826183246731 0.526919122394697 0.415159260370639
0.389120415688792 0.42209414254725 0.460415015116552 0.378918051256095 0.468269352086936
0.520699518433781 0.389805581734186 0.686941961831699 0.45955720631598 0.383702069354467
0.337664014073109 0.393548559247913 0.667083349318509 0.35620740458699 0.303674071455766
0.346162803519108 0.383090209527797 0.383836472030337 0.503972463043032 0.404012026092142
0.584694654386663 0.36645771916251 0.344226578496311 0.487565287094275 0.548448248587028
0.397592007314285 0.365952769054911 0.335762247891406 0.413595634718556 0.759872577849539
0.384619994234596 0.433217346691415 0.364323714306204 0.418791690101744 0.419028628594601
0.368540790855417 0.430978703631836 0.338266241170667 0.468383749083014 0.379248429197243
0.351280933311221 0.551540336884001 0.349463138861696 0.337299948716296 0.372509115424342
0.653829265559531 0.30938859633354 0.525700542881679 0.319378228852244 0.323956485540503
0.316775578859002 0.385523912571709 0.367537884543383 0.492640754187876 0.372690308188184
0.347228153598039 0.357249710653371 0.409850291841371 0.660926275578036 0.363358497367668
0.403282788511465 0.526314525076605 0.361358309915772 0.631214807135113 0.646898855172794
0.373142827893462 0.368616732524054 0.525062527931229 0.772411225875798 0.369852729821751
0.438779374593378 0.824227506165107 0.39389344875476 0.445640264056891 0.362025279789371
0.380818042438585 0.630359214694512 0.540445289218483 0.387885872301102 0.398291096261782
0.365306676846505 0.374414873178047 0.650802959394005 0.369297374010531 0.32608452454652
0.44205663886203 0.442668935889742 0.375297590970636 0.404160556110241 0.331123846230955
0.506980515135128 0.56386883622361 0.555096162978824 0.701647576312732 0.568494970695733
0.591709980474213 0.367571860196676 0.414155240078336 0.411570579524325 0.372523806972274
0.456753948696373 0.366516138051522 0.502158386789789 0.453856494256777 0.661866256481908
0.352610717506018 0.582204017412712 0.381256916845515 0.399142017816379 0.37506056495264
0.460626704086488 0.398411889364005 0.339928638813642 0.418031275727255 0.589358435125002
0.502862997823152 0.579330008305829 0.365684124526252 0.553783882397133 0.456895342514753
0.361735513423802 0.435905434233876 0.434104362530801 0.423955331345529 0.438183587765242
0.389247683225774 0.369853908465495 0.384198192126795 0.398140225610195 0.516829795401325
0.398406883839097 0.447872766992133 0.487757404925838 0.510370566647048 0.532851884259796
0.307397714633039 0.358999716145938 0.346932146968474 0.389064161527857 0.328757450474709
0.522385614273393 0.452840155592671 0.365511790329579 0.535010960864364 0.394338141715964
0.437811605693828 0.379714708100765 0.511484507003526 0.526010071012228 0.442061755823385
0.296376146439556 0.572560932396186 0.500314889125011 0.410784004311884 0.367619615112586
0.353194136897287 0.360505312182655 0.489941640269344 0.445172008156771 0.325165880465028
0.36553480503584 0.517183995165775 0.398732184577806 0.409730637226621 0.42094549344685
0.300578893026464 0.390528521101527 0.379037759943037 0.344240188817624 0.537063058749813
0.44831566409455 0.569141123766307 0.33799691115779 0.430809837522893 0.323085992962798
0.473040763347948 0.47997192690362 0.704614661360614 0.361119132627016 0.473502375465291
0.365386045547276 0.370200854303285 0.349143596434931 0.471368275380005 0.399508380393671
0.874194430350201 0.505945588544496 0.55440103882661 0.494970142115982 0.405268207103511
0.315779484578984 0.382285176692048 0.328480074840521 0.478885666287984 0.332779038797753
0.35339145802403 0.439613081908111 0.437043945650966 0.503915803768584 0.390688329055604
0.395850338492712 0.463119133955526 0.401723763701821 0.584534968874164 0.452487354505041
0.339885384981262 0.432775470965623 0.470674061590351 0.441911367679837 0.423842236763308
0.355674006793512 0.397066655581771 0.435594611732027 0.338243592201095 0.391041795404258
0.330115951163823 0.624180417685823 0.296782269673398 0.333179982374543 0.588239253916634
0.369531502195384 0.361010308142047 0.737274204932699 0.40924536920968 0.501365557989072
0.799503279998821 0.419234117143647 0.361114674213147 0.368876570479906 0.355478712963114
1.51803333348069 0.348317942568671 0.418170630064507 0.397346866061113 0.353585575008216
0.367083008844395 0.350036988529118 0.368491647432419 0.393058089497278 0.49144632381017
0.808156349652587 0.443038487171327 0.442803405744791 0.435945288464661 0.418073898709005
0.427555815358453 0.582927057940842 0.397777205660364 0.371369312961629 0.403620966881877
0.458559025065798 0.377012331226587 0.404500352806009 0.407315842507139 0.388837300385351
0.385174494040719 0.617968207627723 0.358976721058643 0.56216663948125 0.604493191894774
0.314785821383922 0.377898850300407 0.336128165300318 0.451039726354686 0.394642035516575
0.334844357715632 0.4296957182937 0.37039933251985 0.462204017596831 0.624146521368655
0.439046401964453 0.330467629188923 0.463119899306879 0.407761897157726 0.313328174328522
0.391811746263711 0.407519513946262 0.498154276206529 0.516050051210779 0.331391905505033
0.422366914019919 0.318939810411588 0.347129679277519 0.324552255875612 0.499551441728387
0.340570009158933 0.439533992617628 0.552796733588695 0.432228109963909 0.406055244850086
0.301504803600778 0.476349522110748 0.505126221849556 0.547113856843965 0.358473881243074
0.640383694766057 0.531066318358507 0.504814520413423 0.644167856154198 0.536033168065982
0.381836930721489 0.496918063924332 0.45195357893786 0.428145384901598 0.397351848290848
0.342937734500816 0.358434084308874 0.371863537362999 0.42193187629068 0.424351122279444
0.341963199086255 0.490840487388222 0.359816205078258 0.441388315857199 0.339997721683689
0.653297913998578 0.42444922128842 0.375408872518145 0.508390198334284 0.413507256394115
0.388204428659129 0.576400221355042 0.50208519801588 0.641800675991007 0.369848292946262
0.352556048227193 0.422826918348641 0.688259759218614 0.44969834048961 0.336382730020783
0.391661937753079 0.401114092067729 0.423713573232081 0.428772986996065 0.449095103004651
0.397811798240271 0.404932114585107 0.905439554548034 0.451029975105501 0.468930389595325
0.390907682246381 0.391217705264605 0.417480385881686 0.358982384774353 0.445070867615855
0.46693631830813 0.399007478148605 0.310288352161429 0.328155480409029 0.579807934133299
0.388710027081644 0.379332980683964 0.448059943712274 0.412445119973153 0.373064193978064
0.48014001982876 0.47374002953457 0.425372971331339 0.400173010092805 0.53956936103969
0.461079221408217 0.334188798401596 0.358894229375485 0.515442044566685 0.354896021932948
0.643444792334608 0.381475164896149 0.350798897494555 0.465512379806435 0.387322972719243
0.389740284943338 0.414835584470315 0.623568835226324 0.676952508770644 0.36678505100475
0.386998223261416 0.318777848094617 0.32792766487257 0.352380133700423 1.22765922006959
0.487577406811154 0.392455602039055 0.522179439224828 0.487124001820474 0.518922369462046
0.329167187025404 0.428144167372501 0.334863165310815 0.399682412760108 0.389972322036415
0.551134794497819 0.465660921982426 0.446647048009805 0.359749296943557 0.427872082518787
0.438814002025037 0.388558235108619 0.502518855728569 0.472978601116875 0.375181071911719
0.309162426277088 0.591292160196609 0.371983325962175 0.381082034490025 0.469089037770415
0.447319431469814 0.360806325311786 0.291681997083101 0.377695318199493 0.384522895640019
0.340385515116516 0.387877081868087 0.424999229799044 0.381685135239973 0.90808061034668
0.353118436271974 0.639963121071725 0.339525843020673 0.391896699813726 0.389026532324285
0.36530612964374 0.410337717051202 0.563852781899409 0.489662758303733 0.53836162870821
0.337044620650009 0.43933837610456 0.458601089672717 0.484632016095595 0.429570992971838
0.499570550181753 0.442100016437279 0.444143453328555 0.388199482184921 0.314071426448789
0.367347893035403 0.357190028881001 0.359615673785273 0.393375238130294 0.444924726186462
0.679530562108618 0.405415481499954 0.30474998480711 0.42008526280073 0.392814608656623
0.492944158789297 0.352702528861563 0.354064545894777 0.561672963938873 0.31782940482006
0.382501294719942 0.362527503116384 0.401043747678276 0.387522505982038 0.441503269614001
0.46470079656327 0.487662378761662 0.491446745855398 0.418770005034097 0.573384865075964
0.453100727934481 0.410898303012184 0.380314854105737 0.370258350600911 0.346988291795491
0.694235366112338 0.387263266615219 0.460170991468507 0.458792664339797 0.619151324505538
0.418345613174468 0.447013371091786 0.414321814717374 0.423189721430797 0.459018346962971
0.403688377873885 0.368926585782788 0.355111554458072 0.395462438827784 0.372426443346043
0.421112891738616 0.337524359813878 0.588406477086213 0.491365744652467 0.375190927824062
0.425287784886541 0.397247196715795 0.578087101622257 0.47054642353456 0.350418953643425
0.350011741754783 0.328325438584448 0.531768467992909 0.336972591610451 0.48297756747229
0.500302007193076 0.367475631635292 0.471571558360603 0.337065002643066 0.376065877612384
0.330643110602882 0.36466109044464 0.482951990349975 0.487618271573777 0.346745035182278
0.383344600630792 0.386841722052732 0.363271811918641 0.37147237062994 0.435841510054024
0.483075896441977 0.394872419065268 0.525132838341035 0.53641312116346 0.442451052384753
0.440942721583333 0.384235295359841 0.432787291187921 0.441403999484802 0.396733721748049
0.359666383364147 0.407679297189207 0.309905909726941 0.342864552567101 0.392520530339279
0.366451917657753 0.613533126994608 1.73443125719567 0.352366650715325 0.365242139575264
0.384257825393018 0.461889918810718 0.410146135417113 0.3909364470064 0.387463518547239
0.46075213813146 0.539421653040787 0.462121265515657 0.770372085722735 0.499736730271826
0.544927669899599 0.3885378005475 0.380126647052298 0.426922713606896 0.527249460128445
0.432487965540257 0.435594837250736 0.503655773366083 0.43682044837567 0.503873404103332
0.361463780639892 0.399849803965562 0.395240979183394 0.420933425895689 0.942869366823747
0.46723521997423 0.364668617850138 0.387589861276172 0.337483865046893 0.391732045203214
0.430441785184579 0.423868951992891 0.407148863172207 0.445652827845664 0.34549859135503
0.294114565866156 0.520543161133334 0.347924447647993 0.405233156653343 0.359534300040374
0.367655596030012 0.595213968905847 0.396990239490451 0.403320787446292 0.4168760453286
0.401339681708214 0.385085751439861 0.386348088275246 1.11183582039207 0.373750635846976
0.524259778367214 0.4227656666116 0.331612841996607 0.397634941663002 0.443422591251442
0.357692252000133 0.391563669588832 0.528701988602573 0.352830251260247 0.381530316624176
0.44620285551165 0.52538207185619 0.502861616126157 0.658129788048369 0.540370126266684
0.448912340868771 0.416761831005909 0.440723370381254 0.406137011774105 0.345959741406839
0.398127000633141 0.928149371246396 0.333514147394464 0.433701505901516 0.373996247147858
0.406666135130788 0.431806989367356 0.389431310557269 0.402804638236314 0.40083699203967
0.351582597740459 0.485429438907632 0.408666046645643 0.339559171433504 0.368356048906286
0.360632059156821 1.04319519717067 0.387201732039941 0.435272343330462 0.345290600829907
0.364831708761266 0.327703851522087 0.423487141813158 0.396751732635279 0.416376922779744
0.390020434228749 0.404040950753571 0.398479299108953 0.375111980941741 0.361590990128285
0.545214124562831 0.332597639526258 0.318297519872322 0.445758486522832 0.331830628900302
0.344104799990508 0.601943786920856 0.411589944899145 0.429481382560625 0.440441020730222
0.451021232056771 0.510490670066342 0.409210401468916 0.435516712519834 0.377596842643575
0.434094781905396 0.531619957548583 0.493463260300816 0.403625714376557 0.370843451297497
0.368829238335306 0.714567709681825 0.376534488275011 0.369811817567832 0.484693754660448
0.414389754801869 0.331980655234711 0.307035420448313 0.467549729505649 0.343347470217531
0.436075854224105 0.358907279614405 0.624405496553347 0.586976069144937 0.434251784365505
0.346745860010501 0.302866911749648 0.438904328894549 0.363892871444396 0.331542077513656
0.334216904765661 0.500284472360993 0.351636416550117 0.405025020488588 0.45633405163818
0.417504546125223 0.351076556482641 0.414925129583828 0.455791082379876 0.365671457205207
0.427259862528556 0.430925890776315 0.870685587104094 0.326401288772046 0.439919255205175
0.384960738003589 0.454447660684017 0.495213497694309 0.547304531998017 0.521620270122419
0.383426489169466 0.376784826407083 0.559191912208967 0.402671282157811 0.383909385122538
0.447550273160242 0.357022998260986 0.381995384494525 0.350747121707115 0.386416754709409
0.346596555324472 0.427857399379232 0.421140740128713 0.467428662832861 0.503369611412469
0.423961785730936 0.536736767010905 0.353261438895875 0.62309292319908 0.429041619803744
0.483024047616856 0.450636057040779 0.412659825556955 0.376480703785243 0.43604760681795
0.380963010902544 0.359229490297361 0.331644572898913 0.448360949165469 0.375965719143841
0.447423642580113 0.439573346008793 0.571276380650982 0.353735122134404 0.425115884163023
0.500484711463391 0.448114538369416 0.396162562999442 0.362336083954712 0.5605887621984
0.391182275301014 0.463582654137356 0.350541151681341 0.563569344355412 0.42576648855837
0.433131619276491 0.580678389225382 0.307821307385826 0.343197925405481 0.326391484249937
0.627954541276192 0.449855327126738 0.384520497896236 0.386289516415804 0.347832371994459
0.396038531288752 0.378522601258394 0.472063073382722 0.391200942464209 0.345329481198622
0.366323146901059 0.397945553531471 0.3903068441927 0.430341768641504 0.3864408746334
0.549110631159703 0.476773835732814 0.311636085518606 0.364094296782768 0.347512419155298
0.565116423194576 0.575915447212675 0.445744092598237 0.462457733693213 0.456801851184777
0.343709641931735 0.411517308377292 0.423675580920595 0.399131287336259 0.446258925683759
0.359550366889926 0.396565846306624 0.357137904401077 0.705170719233339 0.361613489318932
0.403797328614058 0.407220335154431 0.321627094879847 0.408299689103292 0.411409719349187
0.435592147462706 0.377458756018331 0.382756549781551 0.346631498289583 0.41858143194292
0.568791645216374 0.339482340510873 0.411693787048989 1.05848033365625 0.322302022805785
0.450658059423672 0.507691292150753 0.481002537864338 0.638188601655634 0.353602116278015
0.34577344153279 0.362154984243496 0.320383571339306 0.74465602397047 0.372189682893645
0.516402947005213 0.474449831608935 0.473723637076009 0.406235224335678 0.494065422610152
0.42019699343558 0.365866398108842 0.556903896747295 0.409409819319146 0.362751958544223
0.554540305006358 0.479405432964792 0.571100122645415 0.408812514406686 0.444876186495251
0.333295279328864 0.557069576125644 0.326553717595556 0.463901181369083 0.37183250099082
0.317423742902465 0.349787989683032 0.370139413044992 0.426930498871771 0.481026273761956
0.71082731251964 0.377187723042027 0.460870765089084 0.314307745297223 0.474831735013873
0.342595130894973 0.45802529446634 0.48350350790307 0.700200156511853 0.41228967568273
0.471613112830662 0.3592647022848 0.418558188593999 0.515475770065067 0.365339676925231
0.335278552978022 0.414119045016286 0.36691359508853 0.384586089370344 0.40094497441616
0.405630181859904 0.457105054109221 0.451213087831158 0.479341007026926 0.401129066785213
0.388789372048301 0.638318996146285 0.456643518401545 0.546831838288295 0.358173172090678
0.331549631869653 0.437126558704195 0.348558367341464 0.380088883719505 1.1936169946228
0.332132076785347 0.531609149812623 0.347636253554213 0.357486325953386 0.444688457367225
0.490089784099975 0.417452892506162 0.425064475948793 0.535657160094171 0.462600558686141
0.635837833899938 0.475778567825615 0.468600975691933 0.391732611595498 0.42092284184968
0.299322555947244 0.741773711339124 0.380494341099588 0.546457428555742 0.336031061396567
0.343063481554793 0.590721934977682 0.489401460276125 0.418466665083784 0.338923071885915
0.540598397154793 0.366344416480029 0.408362823007351 0.36028521618142 0.448164748066137
0.36479013096511 0.406805602599615 0.461116868513409 0.399623951214129 0.409691499223085
0.429779242834284 0.385374464429328 0.666393952629896 0.457202600186979 0.449608693473278
0.440129576350419 0.498474136366269 0.373844209606549 0.38882631076303 0.374635473313913
0.492916028998103 0.349366327337158 0.405833888390766 0.42808003140555 1.02464948971788
0.446731645354363 0.415482546064701 0.354200454602751 0.441283600151653 0.442577440493616
0.957760441991141 0.394427423436782 0.421533079757362 0.363669756037302 0.39570119116697
0.404612956863581 0.355886054154903 0.454750961905035 0.438610446508331 0.36236802591193
0.363492827626422 0.354275397343478 0.428291289789201 0.588335055150375 0.501323607180987
0.514289834654136 0.427129478025055 0.340959936564445 0.450423013377181 0.404435709959133
0.387689468636434 0.402594539696394 0.418955214529567 0.5667145741907 0.379977236698156
0.381805020703915 0.660328612893169 0.352321663752611 0.553989772109541 0.772041045907852
0.99082752072613 0.648972024555454 0.530915973668588 0.441195168258404 0.390651719323971
0.420023761647817 0.368357529194353 0.811398409411012 0.466978347940323 0.517955605507309
0.309157913219639 0.501388419688862 0.366333805432402 0.428933573748079 0.730628729469255
0.422997335700236 0.39821219761962 0.441379011545782 0.367191412190256 0.361048615147316
0.548413985600523 0.373085796153617 0.404318352677411 0.384805052310753 0.432537327686362
0.356123562343327 0.382976654571465 0.484788898168392 0.352745893215798 0.423632971600274
0.357071741514403 0.429194509160284 0.574684470853415 0.355200057805282 0.365357760478604
0.411011505062358 0.437830293168034 0.458703860753543 0.594636176600213 0.340291153788463
0.347522283166183 0.648580996461122 0.396879254154194 0.406312242078224 0.409244033482024
0.38412881130419 0.347658383761081 0.428702445489689 0.614575424699051 0.381217588662257
0.428195450015315 0.403424278264409 0.491349889763415 0.381789852527265 0.35780172903718
0.333644187405964 0.371744001340455 0.504451730868636 0.362020099459684 0.345300102477407
0.347763759491763 0.612657480040724 0.335734778811206 0.40835771711754 0.438431491790436
0.462920196169575 0.420924691652709 0.359898831438637 0.370953831856685 0.518468485703874
0.464904578592268 0.335816783992615 0.540187471518947 0.361918577717726 0.362712311820149
0.38291884274906 0.458244492113104 0.692402479635699 0.431263979871149 0.345735869192557
0.445120051722141 0.636724223676435 0.352885031635593 0.543111214558762 0.371307005847038
0.393345508177369 0.460979721501636 0.44860268151932 0.695241390257075 0.343584868444217
0.393652927571261 0.653765533808046 0.395021972846965 0.484425863299468 0.465558105554408
0.350736279553602 0.527732170550782 0.343855118468338 0.816593693768853 0.373064740633557
0.452229689881023 0.377256664554736 0.289716690197518 0.475549036475628 0.351236423692664
0.481792804410183 0.541128706165828 0.373831555528802 0.358998604222397 0.364193487563249
0.372601426714168 0.736162988194319 0.420014838670698 0.419622266143349 0.429918185459761
0.392255524248917 0.624811960143322 0.385152830882035 0.409707539457636 0.491330341503256
0.326534279267547 0.440871178984562 0.362816560906861 0.388894291078991 0.699929742466963
0.336845989513746 0.37634602955261 0.397809333019294 0.43324217759458 0.538631993619552
0.667693768580435 0.383490269621738 0.522042938545121 0.506398411205172 0.596245923776914
0.661670142790148 0.429297308104279 0.441385354308308 0.451413783424394 0.68222076274794
0.347974908406201 0.35290957249217 0.906518507490244 0.44155567659804 0.370423855567883
0.324535220216495 0.619602981595989 0.394375721377182 0.33950795978773 0.437016486847301
0.332798232000802 0.416559870645314 0.406257020271852 0.634066312188314 0.359169927440636
0.408414109786833 0.412701819016274 0.320563880834458 0.560375744253128 0.352665177474226
0.3333767223769 0.412630534726559 0.397713386829613 0.91473552395273 0.375839709149412
0.431830217888694 0.429097719284547 0.407214800590429 0.37915867135142 0.741633306743825
0.298008070300327 0.354112673256077 0.38864006605975 0.73930623991845 0.480800561061807
0.453166744765013 0.41043077110959 0.586270375078805 0.613222798376023 0.381388624481357
0.447515194382145 0.425208233029171 0.425170267362635 0.444085016830927 0.406301970066704
0.385965023714244 0.474989732620743 0.444484045741577 0.430637521711763 0.355598536260362
0.91765157997884 0.44253694445156 0.412103575300742 0.373445452788532 0.43986203651899
0.342660341405972 0.335384442150861 0.374715849676497 0.386273928762661 0.358657741547869
0.535035783317754 0.425562811436175 0.400847034485307 0.385322378832142 0.413192964144571
0.377043609317976 0.488443053500836 0.393300176039795 0.332140696672496 0.419263624847046
0.432220703822159 0.470910782050175 0.532339767221007 0.371035027729894 0.414806988974313
0.345391918976109 0.335096591664368 0.33282353929936 1.02612155188759 0.51925810495386
0.359690573008879 0.399555975270614 0.387654058580771 0.460265706342939 0.36383229380524
0.397957064936753 0.469479285111144 0.338841972562948 0.46891459344272 0.416596657957502
0.431403733426934 0.393492332261552 0.458560044777683 0.423051243715739 0.378129386600963
0.417680268729855 0.365598665591248 0.378204797780311 0.549269250060388 0.389819125376668
0.34978155139513 0.380993340294871 0.373601102250749 0.319122588924456 0.341613421375753
0.446535108052871 0.768570702841668 0.328187903667239 0.367083884880272 0.448363653804704
0.441597578920732 0.377735366901564 0.332861431240296 0.353728098507183 0.474140538837202
0.373525101379123 0.382803638562358 0.541046456989983 0.487729627908471 0.3894838864952
0.421886558612641 0.403447306098235 0.324952830532333 0.42639727476028 0.44054240834733
0.352325321629874 0.91612729466555 0.393412610747357 0.365374368681908 0.394414434426618
0.367729490272398 0.322125675924541 0.864808625215018 0.375238069188645 0.505615543604936
0.333342099764484 0.320784309291999 0.41783327656986 0.401116196346302 0.416065392556587
0.331471776760288 0.369468513182847 0.412360032922871 0.379413070414498 0.361893880297953
0.334267271792297 0.382482572383789 0.364287901136881 0.357978620446229 0.827200130726847
0.889712451036987 0.385693118375281 0.62177671309569 0.443378170232359 0.418591282673085
0.332871562638956 0.485398272573633 0.314441120644484 0.344091011768651 0.401669498105072
0.495957313557933 0.432230793704277 0.414774250888888 0.388409433512573 0.497401372109915
0.367153897125907 0.419250559233236 0.424478023841088 1.33068901940043 0.424577606916157
0.400056060480232 0.435692803459118 0.386481432871214 0.377058330062811 0.514626290675611
0.382869034953831 0.485085759870798 0.387032849561977 0.356722940808153 0.401471139961492
0.802746392991492 0.373905014958165 0.387673680788428 0.527191004427154 0.376733880112849
0.526133891026689 0.403043839759939 0.398228021006388 0.390839903262502 0.411899598919439
0.366677795908262 0.483524929212625 0.389097546139608 0.372168577174816 0.388483133489981
0.344428836817855 0.43880220346831 0.356436909246851 0.440388352919768 0.417186519243498
0.45833358797248 0.423556787778412 0.597778996472791 0.491078249916357 0.478384029474422
0.435988719325678 0.355597824626827 0.732501552522575 0.375535060315507 0.353024236807799
0.515292004407365 0.484274605086336 0.517140187617278 0.371553542549379 0.442612183616117
0.382805398857024 0.464296639206683 0.472159545988904 0.387491046346123 0.422573928063581
0.465443969939239 0.459201541285789 0.449446592298334 0.472378333266717 0.481586523126888
0.461662504396708 0.457440085140298 0.45955370823935 0.416643335271929 0.324666255711269
0.35262178367211 0.432009963087794 0.460950242034935 0.51227581801652 0.441369355597576
0.38175279985507 0.413150294045615 0.557644587935251 0.373423741520528 0.634911416116599
0.371337022394789 0.374858020112991 0.372873397863174 0.349194227161859 0.440687816746322
0.517133372371849 0.484969103799161 0.326181689129382 0.360969344561443 0.330813446309998
0.314476198576022 0.392372116195914 0.540807371820289 0.344229286987129 0.37276344407544
0.50718468305202 0.359505438675038 0.397050405517406 0.465707835259815 0.421481232952989
0.351050649290869 0.361737958425076 0.432210101449918 0.390974089097167 0.509627689449237
0.399599933100952 0.387532673332697 0.401233143739592 0.512272143150942 0.757312604251262
0.346238468670379 0.373603010905818 0.389202392918564 0.90480276381386 0.465739726138203
0.534110661360753 0.460175764508673 0.400200388404833 0.409020659872823 0.551373288390814
0.434092708476774 0.437320706256122 0.600418387947067 0.37206445567075 0.531385329641009
0.39505358897069 0.395365295322103 0.507664244189702 0.415764834087681 0.415730863833044
0.464186388525706 0.571135133883691 0.383216943712467 0.317041289445312 0.357280031206459
0.400147774093944 0.393234961200646 0.514382535987331 0.635633079275437 0.496320884488706
0.448983880611761 0.413606178522519 0.705326586477927 0.411490056516516 0.358746729893688
0.516289255628874 0.660096426828724 0.369908092013658 0.376718705001708 0.332768887325175
0.374096587089088 0.385632056808437 0.437106373886322 0.444180040702657 0.546464383216367
0.480355002598008 0.805956963554765 0.444853104337372 0.384154437780181 0.424877889741388
0.350298551670534 0.381026508262664 0.458712662170562 0.392767455745601 0.337974824982015
0.394110064478164 0.385633357765027 0.436693903317485 1.29853649064495 0.454029156179864
0.436667387584014 0.383024301672325 0.482680251387266 0.360166578781515 0.382842156395713
0.406111443966126 0.361997582016192 0.312038090468651 0.469244610915728 0.467414929408788
0.446718302872752 0.478148995175311 0.50231481350336 0.747486360745461 0.603582949974916
0.447455180754162 0.497408189194699 0.376657936483099 0.390879232110129 0.497164081155664
0.366720909612526 0.480622258016384 0.390633430828571 0.377708800114582 0.462239846707724
0.440014107441059 0.415171622061988 0.502236353592655 0.413903638854312 0.499598402546361
0.333827614747658 0.354752695430243 0.328224507985471 0.487157969692272 0.349805430846306
0.409952494740017 0.367387790791366 0.411195609275132 0.420772430619924 0.876451625484578
0.489765664992529 0.439594365489887 0.51054513499838 0.511684193383633 0.431347703077608
0.30851846256554 0.405250320435488 0.374703505914531 0.426452160326373 0.371183962748095
0.736506505093027 0.365770454069037 0.360192257471619 0.402048071423388 0.309652886039725
0.457819998386365 0.39373603531181 0.347476677025217 0.502141966658722 0.527448239188947
0.323807314460698 0.49691985490418 0.373629130304884 0.381794748130873 0.568207480498432
0.562202237054774 0.372907370393074 0.346548661884418 0.33757956507704 0.413668283282274
0.414123128558225 0.451398987328491 0.379663497495558 0.358367954814812 0.402950377720418
0.464502455364615 0.359069112213349 0.37407752168413 0.349560917519884 0.344934447901526
0.43200513892327 1.20606838859873 0.475571740772387 0.383143199316208 0.326482340574183
0.412404737726317 0.387393917977689 0.780579459951321 0.359622305047124 0.377068453397906
0.332381711720847 0.349999408206083 0.35474228028218 0.641327073763676 0.826918569244942
0.569730703787506 0.42545632822992 0.404311714340226 0.49365059725109 0.409259841510593
0.454523906692306 0.327277825339506 0.394823286001829 0.381864299410852 0.419814007407807
0.552057814746405 0.355305641554817 0.449429567618024 0.361749956084246 0.352113281352277
0.468374797406432 0.377715005775153 0.519138279154897 0.540666089845832 0.323283741856738
0.414345746756469 0.375380224362738 0.445872323461633 0.485460204600658 0.441358557765694
0.46826072697457 0.388036830957851 0.950529946386031 0.380779070638277 0.434803312174679
0.450059391322535 0.365012332380672 0.34974487760946 0.407005352072121 0.383536176877949
0.421393360705959 0.509684174002205 0.454850371685489 0.370465336514406 0.530230634257756
0.515654203404798 0.456597924644776 0.557800966067556 0.523259963332724 0.50736877275525
0.530886783774641 0.337108491816687 0.602066887387886 0.427600560288426 0.342391591230375
0.394720043295629 0.455307023189874 0.354467632905014 0.555670950437614 0.380715490894274
0.404400663264373 0.35537640081124 0.38280131717543 0.388417120015124 1.27847365911463
0.407195468935494 0.42742381700373 0.433709563657031 0.384702499821264 0.383466260779107
0.34941171774941 0.413950627383661 0.384026795001996 0.361233603923493 0.394545445634211
0.363299230375757 0.389977177200888 0.396122113823711 0.368245426022074 0.443130262120869
0.553682148332076 0.378767617656106 0.326507345314087 0.454682696546007 0.35407505405986
0.356993163995794 0.477226737224564 0.413945692741838 0.398292469790686 0.753351561700467
0.489775592667942 0.328337721724803 0.390197296587399 0.433757646063798 0.325478144863226
0.371612586855278 0.475767193251268 0.334177032144227 0.613687447926708 0.489633082534723
0.541596474142201 0.724567242879073 0.34204501922264 0.345040281735678 0.455095108196893
0.375009163863473 0.363847846244196 0.405915559831834 0.324659496574227 0.483165392755553
0.364146527066419 0.545906505154213 0.505242653538968 0.423900167511718 0.473929738364184
0.424540528816895 0.378328915186844 0.40102964721998 0.44904055500448 0.321906957638442
0.441083195625587 0.360827519518656 0.328612794134007 0.501626305013422 0.384736057763552
0.35440045472185 0.340215960246013 0.40287594891235 0.344528388145049 0.351633137715619
0.467082184596615 0.528943518177843 0.448608200738966 0.363086880599645 0.473022312950477
0.327804451367246 0.352009137646351 0.624312740564813 0.411217374025048 0.464747996276582
0.320982207408993 0.377027642925506 0.383577193569829 0.450365219863485 0.471154298391876
0.319620327071404 0.507782873971969 0.420809133788305 0.373518731275684 0.723119920054249
0.370981978288302 0.40839611689154 0.371582300464504 0.379141812189753 0.366818861887376
0.493497133639928 0.42681877727698 0.415602820220338 0.64086733665271 0.478854250521198
0.35665966945754 0.751933424832919 0.556817640206056 0.426302161049993 0.452869916623736
0.64239490244259 0.524046799598236 0.489658502940133 0.448732437346816 0.484437154921568
0.379269821429045 0.399167595694744 0.604593374910836 0.358497989529558 0.426011206414508
0.388763288786395 0.46368775024363 0.371224244327335 0.350195242002225 0.429801388307656
0.79856878471994 0.435351863909132 0.325748725102653 0.476099798646256 0.567032495367953
0.394553975498975 0.462386867651069 0.324984994794587 0.409126168062505 0.358795670967504
0.371949219349244 0.559823120580539 0.393628244124001 0.401143909914833 0.354929348712802
0.386259280565731 0.428186646200485 0.390272200228692 0.373070750593334 0.999847451554091
0.318551581653881 0.427875007846569 0.347504405027908 0.321351799299286 0.451598300520172
0.383823878322324 0.439099220595988 0.56246565034304 0.449620797493566 0.512014253860314
0.335227951076565 0.411655499740383 0.42898853647083 0.344318278467942 0.461696388505636
0.352296144679971 0.417436783210215 0.309550701703001 0.633359260107234 0.410266911895252
0.30526348457981 0.404590952458068 0.397269411649076 0.499211432327044 0.465813818261491
0.353445833817364 0.313435500920279 0.316706044804526 0.942553403858545 0.460280970679284
0.354210376614253 0.362194473296916 0.398616686243604 0.536135970646972 0.425066311554376
0.447083387564311 0.576919859667501 0.503534852038297 0.358094014261768 0.455179372468443
0.366952822874017 0.393338901474823 0.448327380811065 0.42606185636394 0.638620112438225
0.387088319866154 0.321639629024785 0.337947680423848 0.498046695338137 0.353597490868865
0.321823630539715 0.393660295935181 0.399862989687426 0.368707726923424 0.609011038019486
1.0767522039569 0.384813289128287 0.504156309031779 0.611297911073245 0.615998593155722
0.640928802034364 0.37511030815683 0.404600987979657 0.348156375117654 0.481550280304213
0.416063580979328 0.540675436047953 0.35348906451923 0.791554484005528 0.392969122592268
0.57384388469439 0.439353277924813 0.481320174003669 0.414744935013604 0.521094846368428
0.499613512143226 0.446413887947407 0.472202685239686 0.495572503493503 0.371224706333091
1.13169998217204 0.365827244786025 0.429944947587647 0.513191226072009 0.387963867784386
0.773582298891185 0.592031446689748 0.431680219866735 0.361622693710296 0.470314771765026
0.33404000773735 0.343113004402304 0.440501783964397 0.337819118863574 0.614313355505925
0.374950021240106 0.443109344823589 0.39135103439448 0.43952152151714 0.5431640495562
0.546793349857186 0.391175332347707 0.429581427250466 0.542365606229824 0.979361363954108
0.393986628790413 0.39715794776177 0.443029377293349 0.446224643615112 0.392445940976818
0.401242670619983 0.384993830176049 0.586767533835559 0.346845462587701 0.447612748216077
0.334608780642055 0.343317734044298 0.350949208730658 0.341832388300004 0.436121333576738
0.385920367202486 0.460794474877976 0.347773777518075 0.517520278682639 0.7919468537191
0.304129977056503 0.338568104767175 0.616654114322973 0.405015757191134 0.53535522785548
0.363650522740927 0.469730063108889 0.346126447974261 0.496762899123885 0.333257917275381
0.428463301862465 0.348821255541105 0.374244028542874 0.551905321500372 0.412493835332645
0.389330183475685 0.362916734809202 0.479579196391869 0.412756574372932 0.562197917461692
0.319079523783756 0.374152261654447 0.388387794845944 0.374108787793268 0.7045790968992
0.336988656162121 0.581355725421198 0.546699017242168 0.359117079829034 0.358719061326645
0.408820017440851 0.377176275919238 0.496518629631259 0.343709024279915 0.398181711395867
0.377546133453849 0.598496646780716 0.431349459471293 0.420970193324613 0.378624515478898
0.336524099228372 0.370819449630138 0.384895765877986 0.445890655273689 0.428939304896837
0.547871667559211 0.599378181028353 0.502623093358205 0.3952276401485 0.473843638569449
0.424792346826622 0.456592048236548 0.725898068486842 0.408597215208578 0.416316837022626
0.586330190429197 0.382080481701162 0.320664892615107 0.389065969760195 0.392133402096186
0.340663250039202 0.533449490010788 0.351323867386561 0.447847244224538 0.325514633082048
0.456003275270307 0.354131585613541 0.374754224426253 0.387586577438155 0.365996719518526
0.376488736681038 0.38786852712955 0.426911448951782 0.376256309191938 0.441643405113342
0.384840386799321 0.423232707191277 0.379939650107638 0.494036474641414 0.410960482529678
0.452096345595773 0.364820284695596 0.345551179943102 0.54673393024024 0.370594309565551
0.456445273308001 0.4744961364539 0.399464078053287 0.40794314420904 0.700339414398011
0.470552996939864 0.32425287890386 0.463322563744462 0.425178374511648 0.338264865050941
0.405736692856199 0.387956179434566 0.391762045947703 0.517401573991658 0.383242320870354
0.42640533048138 0.516768194357638 0.576826377025796 0.374444303109348 0.406822816770723
0.412426717038874 0.373439875708015 0.375331908552928 0.53325220925982 0.33091841765801
0.426356108381954 0.404614199949598 0.401676940903381 0.446870464608439 0.499673837758063
0.387010168406275 0.427546670760513 0.296374349142603 0.543936387826883 0.387641755575921
0.421123232432798 0.458879035203928 0.483992264942328 0.439538131453001 0.390532063878038
0.335454140414555 0.352932314053005 0.408157261171206 0.420845545771962 0.34318360901824
0.460936960882456 0.318050049801635 0.359175801503025 0.390192681166831 0.327737393879154
0.402188833106454 0.544057284108714 0.374404110703693 0.474210943022412 0.403652551056331
0.358685520965425 0.410189682265892 0.391131083883125 0.329148022386987 0.572820243626825
0.475362632461363 0.382998225309565 0.344433255034605 0.663209454059216 0.404046452743841
0.362586492647954 0.457406654305257 0.3425859787361 0.42516959699627 0.431731968296828
0.419691479664559 0.438379121070459 0.333616091059332 0.414859767691983 0.372799017523262
0.333084818086883 0.433912638018675 0.443507160624864 0.385834460812065 0.343217857284409
0.370496074376433 0.358861478890395 0.482216400742222 0.414220777316572 0.390600295411438
0.308014246446979 0.406506124461572 0.409417892713569 0.386322174762694 0.539552657695404
0.33153831781929 0.463962782654596 0.419081034265432 0.342187535060042 0.478095548551187
0.36267575143517 0.384847056234188 0.486300857581653 0.380297818745454 0.319014128530008
0.396160929331185 0.330214150248945 0.350617941240318 0.424928182719844 0.463705746303885
0.445598725293717 0.382210722555647 0.455608794575568 0.586349342940529 0.566774347152953
0.364766103826831 0.497628953609698 0.414549508805258 0.684568648487366 0.858598298357291
0.367206244969227 0.399205676241925 0.37217469128202 0.508969253284272 0.441416213018408
0.377092375982055 0.478597065101957 0.332143875281633 0.382081692240983 0.467427980641067
0.532554178133371 0.365372779027934 0.339728038653922 0.56838453406367 0.516378330267392
0.325917115865911 0.447532528917029 0.354011115927824 0.459878315892842 0.43934660676941
0.361473345679388 0.379301302377452 0.45660372326603 0.346071250010085 0.476948664001317
0.317469888156733 0.438570832025637 0.382253552195163 0.503238925284757 0.38562893313808
0.431299873859851 0.377649352801802 0.413415317811798 0.412796069169525 0.343599912983253
0.334929753025891 0.477491994566214 0.547401010935719 0.391525655259709 0.517510661897137
0.338481150370007 0.621533239648726 0.358888767624567 0.503155936504915 0.320771885605105
0.529952961745656 0.371246681441233 0.42582064088463 0.480618903621647 0.451313098462319
0.380979806088591 0.433169197977019 0.598220946371955 0.461704316328026 0.357632593607766
0.428242885451888 0.356334432109804 0.410721614252185 0.374941539367627 0.370343257672433
0.364529736393208 0.44081781880971 0.385413061596483 0.450114735900674 0.377570149542796
0.362001603553855 0.519735493100296 0.322429677762932 0.447212345670511 0.394952438482597
0.361588869658068 0.421450151512416 0.447969220291059 0.420884356708478 0.424872947703864
0.404488777333568 0.35566476373892 0.44691547077704 0.346586223574968 0.450080654223246
0.428210653959761 0.380278915327276 0.412558602257561 0.388207335568007 0.365016928804572
0.431329574871564 0.320166514656319 0.357738283835892 0.462805920269449 0.399494318351048
0.459941369860377 0.514309498162794 0.403455671643913 0.429476858776144 0.399538417504995
0.350323907254785 0.503186066534126 0.388488085440296 0.33724346471038 0.29754032753429
0.377301557255237 0.884493908353245 0.396404424106921 0.360326310702449 0.380898158204805
0.378683516295764 0.57867754532719 0.378362963155031 0.390392450153271 0.4656006010459
0.449174398380949 0.375307463487931 0.403141563212981 0.373838337074771 0.359367886476184
0.400477145004713 0.394282911646367 0.498197320165131 0.41438895348486 0.36312213924062
0.313725361558366 0.354952525519078 0.32041659408477 0.447203367228191 0.455345147671321
0.299661634027408 0.378788788914484 0.400052205012105 0.351813139282979 0.574236927273153
0.369304173730859 0.343848927369554 0.386877277657088 0.39266201951952 0.363816272144428
0.395252621307513 0.385359024192748 0.443095964262746 0.380117291671239 0.457393122154044
0.539849736565892 0.359272132539525 0.534450402237016 0.414518906495367 0.442472544984242
0.40264091387966 0.661020042149947 0.608734358302559 0.41791401632065 0.441394444263058
0.820050176848403 0.394178022957333 0.413601730045461 0.437026754080463 0.36581122670704
0.329900269575481 0.386067267523141 0.417292380316057 0.538018570274815 0.387343236624121
0.415179828420002 0.391053807479331 0.417334885322258 0.322007101836567 0.417384346431547
0.32944247604652 0.352616580320017 0.363941408559833 0.408798336764953 0.407977848149159
0.366237106220965 0.420715664967239 0.435778656273838 0.444866479204354 0.38063991535362
0.893850786386773 0.355631986604227 0.34692563758573 0.341639932762758 0.417586668981863
0.538000294841632 0.76090825965164 0.373220252507159 0.426645384205343 0.378217301903675
0.473736961456204 0.349320278342614 0.554085799118451 0.414848013299696 0.443465880565685
0.36668140479821 0.496813858891841 0.383377812290994 0.547976754449969 0.451253276628723
0.463371803263335 0.426688137213693 0.304639600516838 0.686759726947752 0.343492701583389
0.344309941043635 0.349245711819304 0.801468111629413 0.389553739624859 0.417060837643397
0.316767819184821 0.453750751567128 0.305856455821482 0.391737699232761 0.438294193561282
0.365934142839037 0.398119921602128 0.463771648110183 0.349504170561144 0.384049526844037
0.387317956077962 0.403533109931002 0.324285794052053 0.349880261329357 0.407052923525817
0.348483026370868 0.338902429736654 0.389098627368407 0.362521949287938 0.458653374524967
0.735216239955691 0.327682217542752 0.323354523191011 0.361965301336176 0.395631947425236
0.474927707270814 0.389539151298884 0.34241377322489 0.314248339054201 0.404443884594396
0.569956253601804 0.356266415439375 0.358642873819223 0.314432748217234 0.341558048932665
0.537216243937354 0.337809592325575 0.3809905511011 0.351424356096748 0.318748062034859
0.352452410737191 0.390034471843849 0.359465344722845 0.430410058557238 0.396899330650515
0.443762227636859 0.414512326624713 0.359481802830037 0.396530510347023 0.418759598722485
0.391219053629852 0.405463477410858 0.4124165066804 0.405516698666011 0.390934247072638
0.30497263911707 0.398762384975333 0.430304158940705 0.503005873073486 0.646471122913422
0.469055194727871 0.730261850347492 0.411489777253314 0.432942522324063 0.410819527314744
0.473156200609941 0.437267699151306 0.431036283693086 0.598328233490108 0.624951354397311
0.35700572328508 0.619194724377938 0.33963802243766 0.342375297296279 0.354700061457339
0.3738203840779 0.394423755701999 0.390559438519763 0.712676074614709 0.415966294883021
0.345830761941283 0.432417874169624 0.529524493564049 0.546369250089061 0.368469059817815
0.302822989697675 0.541801571651633 0.425140088658841 0.442129422044411 0.920493152987776
0.360670162215727 0.44555517122085 0.763376471203532 0.573898650596913 0.421141157017816
0.335674799158466 0.478080871203685 0.363527628589635 0.576288787964082 0.429274617315771
0.355001216906161 0.378275406987279 0.635885051429315 0.42313752928653 0.346847735393875
0.39999399025418 0.438374103965677 0.403845330991778 0.354471301406178 0.331689695675131
0.410667093242064 0.449305849680411 0.512742959969605 0.381511830762706 0.461842624516726
0.313127270279254 0.363737289603219 0.348134672684925 0.359946079393455 0.769336774058207
0.380821800329724 0.363027620507799 0.51118907024863 0.385327056315028 0.603852257264863
0.735934136972526 0.487777256373888 0.339052899691604 0.365745589954555 0.381488119710413
0.369165096960605 0.439915754037577 0.532290615106262 0.413105085619106 0.359703762379603
0.296406887485747 0.41445111006664 0.47754633315073 0.498667236512234 0.491739254127481
0.456681295605203 0.412150159712008 0.452625861112385 0.484739592415431 0.369776323214747
0.349700276893614 0.628500451949394 0.349551260377435 0.779980896063223 0.482911405328885
0.299542568871459 0.787250294312842 0.367557261013794 1.52039274412775 0.339031691713999
0.379859666104221 0.486869110960033 0.379932199791381 0.426918577925901 0.39670570784222
0.440384754703471 0.355365325273871 0.400686759856831 0.565819800548603 0.387116765468202
0.425165662721442 0.411150315653896 0.477311120315246 0.420326615558164 0.354114208878395
0.553954865743136 0.358303498779942 0.368653019903064 0.418042241542578 0.361448163961396
0.398803796820656 0.44427993135032 0.565690238884642 0.32724847428123 0.399846089006025
0.394970388371831 0.435118744683423 0.397302840913665 0.414537471161004 0.331187737500922
0.415264232281469 0.445213982842718 0.919253740693067 0.376015181698077 0.297573510168277
0.476054290891443 0.4512801209388 0.387938731193084 0.441770626318287 0.433546693472699
0.481841594331044 0.465940560601251 0.413376056543854 0.424643038697652 0.35271885612895
0.329849773879258 0.407010968805117 0.448378269764307 0.46491884184672 0.41688782646397
0.356497335927775 0.420669617238297 0.365644433812348 0.459613342601475 0.361051367996699
