0.363736788876328 0.466388995039898 0.360266577440155 0.435116191296642 0.324852284741967
0.347575315816876 0.317813372114023 0.353432965061616 0.44569424592038 0.844529697396277
0.371172538584819 0.385460764996527 0.669075252339015 0.59715237736162 0.386623344359367
0.518921795685891 0.396158656852562 0.348991990992694 0.619260157436654 0.334511625139456
0.368993541485193 0.373583156744038 0.670557365859086 0.593976171544912 0.467150966515989
0.954900604496708 0.371355154005708 0.560616730130315 0.442679612452445 0.3875650999584
0.481809726111775 0.414864814524669 0.392921305426342 0.409604892897091 0.399721782984473
0.335717892655455 0.653963573418771 0.334831465781569 0.450139739972225 0.383843557563938
0.469722560431512 0.350946599523241 0.313409437005506 0.532808535120352 0.386777284487958
0.316127858088477 0.340716799834672 0.439447343562761 0.468150041422192 0.459162921419143
0.521121023761648 0.360429307528056 0.431242925712436 0.41138579828326 1.20609909337802
0.318475199640315 0.562254845397452 0.476874864192073 0.483875623344429 0.36462268146846
0.548501454932191 0.461130283662427 0.418016431746721 0.314312016160122 0.858569819487458
0.415615652210135 0.331503068544431 0.306653096895113 0.361539048105668 0.506441434947892
0.381393222283567 0.428106000459767 0.329336413783232 0.856812838489761 0.532736188163897
0.490910557917947 0.401204169437471 0.414932883798387 0.396415261380838 0.375591865316485
0.422260447991766 0.357844717140574 0.85671452955602 0.464901603348174 0.362892245448217
0.409923685905531 0.364421817689458 0.352524085092915 0.379710911515916 0.512284205318109
0.480410212287775 0.497908906357387 0.346388974803237 0.387314560236907 0.389901727305977
0.471083748822391 0.310617824945174 0.510216917707122 0.423875525386411 1.2833131550949
0.433329307021155 0.401233197907992 0.475468251828887 0.330830523425956 0.359217117101734
0.625662487424704 0.331158619865644 0.342387897778348 0.490442214970933 0.37293418596668
0.629463657279269 0.488185955238704 0.480474443007647 0.448953130901874 0.351258872671385
1.02538074933889 0.411988820509609 0.398435994809323 0.474313454035231 0.464836980882346
0.327466088264657 0.3797631211029 0.458085012713301 0.502533871710645 0.401641170672054
0.325091511407845 0.50669310005265 0.364626002396415 0.395270648996389 0.487803307653273
0.416805700133676 0.437503453655499 0.439469349296927 0.388768594685814 0.370189906668782
0.432997813282957 0.377441911425418 0.562610521852716 0.551202763416187 0.385660954462178
0.409885711236444 0.396871979934183 0.349705425314461 0.348197519947205 0.410860169789469
0.365223590711248 0.380449669511783 0.435323534655628 0.619660349612714 0.371784363157762
0.610569467822693 0.379441743378143 0.620379383435498 0.612341763138486 0.405801468647094
0.395254824326294 0.335915431787388 0.3400148370516 0.406465724305105 0.480853766471857
0.373737435746789 0.454470614062805 0.320812179170792 0.702419217788878 0.6093481013951
0.361333225008517 0.433727587900226 0.346995360240119 0.389437539760775 0.480207950239815
0.380078766544575 0.4511340446784 0.386810148037182 0.427278657008221 0.368566531111475
0.424118825533409 0.483461216826263 0.335040339614269 0.368453214313899 0.466315694297003
0.77097574139701 0.423024136955263 0.394590444845037 0.371899827659744 0.387270052504671
0.519815343955696 0.542877446938681 0.384040416909308 0.53245077956829 0.375593072150619
0.497027252386744 0.717173830514828 0.364776982921596 0.40400846077648 0.436123793626376
0.337825678552224 0.464636002518985 0.502719641151649 0.386706371734634 0.536395981164587
0.333066942494989 0.426314582359908 0.401891553801915 0.383408244775899 0.353370253275283
0.366056057978516 0.569649333102137 0.380855881329638 0.391527530092487 0.334650011681478
0.365006393627418 0.521653735854607 0.335888268430115 0.453612990623806 0.483503280486387
0.386887453842065 0.425858246895377 0.33466804214844 0.313741193917756 0.362113227631439
0.495990244287103 0.586729598347544 0.339621614406684 0.357685416554953 1.1055758219812
0.30687790179385 0.493258415148033 0.340318583406243 0.308559487273742 0.494357887628922
0.40322923232943 0.328231272483318 0.321684174688231 0.364494810351609 0.386935642977596
0.297101036175147 0.340084103950084 0.673159122428115 0.410246861627091 0.419484000294286
0.46142143718562 0.740736494132714 0.84484636844031 0.325574598473215 0.385322139380706
0.360777823979754 0.848581856068814 0.380028234426569 0.343513067397311 0.407353124861561
0.419596666219557 0.328426050379742 0.364521427486149 0.487639907053369 0.402593563600748
0.436636222344507 0.390707982540766 0.503444934780005 0.426328645610648 0.417679117344938
0.38484548432633 0.437433566668624 0.348217819630984 0.656026423562069 0.332536084787844
0.428829309006678 0.407874917487955 0.354093599477386 0.551941603687027 0.36247464113356
0.405003662560512 0.396870338573476 0.458618873382368 0.550637994659013 0.362648525102294
0.382292788570501 0.429456705370117 0.351965084604933 0.427811020074589 0.49085014962047
0.456951629882135 0.409466838948712 0.331254668783893 0.439583822560875 0.407584371901895
0.436708534835468 0.593378823830296 0.435167707621698 0.515397630847953 0.46512725545496
0.37365992001721 0.597051958693593 0.563677884974998 0.42385427040706 0.360395821659417
0.461338070469238 0.336729362952577 0.336522860627691 0.409406071856135 0.6349739852968
0.540005855196838 0.432085649493671 0.408131276042056 0.43057784096378 0.572688090765429
0.637273831758048 0.395829394443476 0.395461767668542 0.477138708657293 0.523674691067999
0.385775584939124 0.412999382475237 0.332491159593949 0.505768247908473 0.413753678303821
0.578360547547714 0.412103148981289 0.401720675379306 0.364720737146673 0.311119468002574
0.412214330641192 0.578276823487393 0.635053852459197 0.398564983928752 0.374851893736704
0.389660905512882 0.33959967807544 0.350253691490493 0.701742407749126 0.330547567740817
0.377160734526946 0.360468346891591 0.421276030874333 0.45690244899415 0.394653893548227
0.369702975320664 0.448955109659393 0.394780193299461 0.364927948743981 0.341937636300003
0.477029424446038 0.447364106820196 0.430176366748877 0.487354405213216 0.502839609059667
0.340760322125611 0.48868376511175 0.367843576728141 0.43381424628759 0.323290153969114
0.357002971604939 0.310616061436342 0.330118098577978 0.525016348500759 0.373038165140149
0.485894310783845 0.503051126396136 0.553558010603414 0.585109009424608 0.466189865704631
0.489753322878062 0.402795898342534 0.391583250660368 0.447066358781523 0.443190256525629
0.706950855508703 0.299624401003415 0.59526929374117 0.332645977096114 0.356681752099892
0.395607197283667 0.376476215488129 0.369044670502855 0.481842158867809 0.368444728173849
0.404164118920563 0.471953474319348 0.402856480412278 0.382680350256696 0.680844229716406
0.461287167160383 0.545812244424453 0.523126819220167 0.39929799621805 0.442835723223534
0.358460724651151 0.350314069140849 0.45906960041145 0.55763928301643 0.383303184073132
0.602606260272473 0.395477736463392 0.374100491319535 0.432712046827989 0.372230224628058
0.338086971777615 1.096680703156 0.36263031368243 0.378571430227567 0.415842397569198
0.37429676940723 0.49282084265156 0.43991448011 0.880430924337522 0.38510504258178
0.345951136230032 0.392560082995119 0.419049769622676 0.666675136833254 0.379513250878728
0.518944193054601 0.52073764131858 0.662425585582618 0.563627939015428 0.363161951119508
0.343947028035747 0.425271701637478 0.328526967965267 0.859291076484062 0.346187393520509
0.430332361617865 0.457613324669644 0.375606477644493 0.505223865965917 0.454076789973779
0.381514563890218 0.424116798373355 0.391533895015305 0.411989847243097 0.357740949403285
0.310398664411038 0.353464539247434 0.817360242655186 0.484417644753973 0.349954398653839
0.348163535402578 0.490877286661902 0.524517896302651 0.530969559719656 0.447436788111918
0.42664989086478 0.399635255660488 0.539778206728774 0.586433606713855 0.444039219581786
0.416746155391294 0.433559832134938 0.386888933209155 0.347794474316547 0.394640560205052
0.343351068786278 0.35526474739343 0.385477939626682 0.367831658472627 0.389925205258355
0.340736323623983 0.39745665849438 0.374976252835362 0.50302957599151 0.487210461793495
0.743383314010347 0.449879030389612 0.378814795498215 0.312339964811698 0.429075674968723
0.641285991480168 0.354992566597953 0.300210353130884 0.329044795449219 0.436038289531974
0.382285055837021 0.352439620536267 0.343214443457144 0.439429209109788 0.416426193325524
1.13810365983971 0.48076870974956 0.436768543428756 0.386092478741433 0.381301818893173
0.382416830562999 0.354358002344706 0.369587273389698 0.516389502420041 0.480133024914917
0.371899410233127 0.451638041063407 0.412430355031766 0.373249899938033 0.462363917468154
0.486650508053568 0.444486309707123 0.333934441143553 0.424017252641902 0.374335522141775
0.317214090748423 0.341088131613539 0.512997109990216 0.848839960011207 0.420620168624745
0.432977709313226 0.384641399659991 0.346059888890483 0.305838416259321 0.352086855920618
0.427740174250097 0.420007614370267 0.45846179883902 0.640580437955007 0.361610931468683
0.349322306232128 0.418717624237646 0.545918179890257 0.448444052177921 0.487084678030502
0.481593679837931 0.488007250636419 0.562288933889732 0.457616706736255 0.4305270399353
0.472036318753342 0.531014314946213 0.38511522231864 0.493186038659265 0.345802450978184
0.405270836401231 0.385127666203505 0.415087093969381 0.403036214587684 0.5183111160603
0.771049181399243 0.323137276460624 0.379297219161216 0.358757441735331 0.905456380477963
0.457479221864474 0.359647514929756 0.424026725076338 0.350104483106211 0.398980395141522
0.62744352734589 0.797912940321089 0.448431398388524 0.38901797897232 0.345628788879346
0.64555514050661 0.754296559799976 0.349123497504775 0.352214756733954 0.409741212814736
0.56127904826779 0.450109980280614 0.433314546036762 0.420275162842149 0.619903095628757
0.394103985962685 0.437313689878708 0.3911571410602 0.996677118504699 0.519968031100163
0.482159864047141 0.482360856973358 0.396954371707143 0.48571675308848 0.396901221517533
0.369560444379299 0.43265085616251 0.541453763359935 0.487844620490593 0.360011240866551
0.345337127131068 0.702374804419169 0.353884081607771 0.411529074625069 0.381600971690369
0.440150749433487 0.580899701533436 0.412627652123619 0.294522436641536 0.426879329219442
0.330871949814384 0.401918308540604 0.392642508107991 0.371116939943199 0.410184233602256
0.578008602264705 0.410713168407474 0.39809648242518 0.393209307893371 0.384130893437105
0.341596759691309 0.442241594632067 0.404137982643453 0.44362358462636 0.324172960569905
0.855011360056544 0.40746415650226 0.376747421557558 0.510830196557215 0.54592885493567
0.365416060069114 0.536395300601893 0.329501791322152 0.465402928245168 0.400569255785057
0.344786677406496 0.436163623226545 0.388822466954924 0.473045691806138 0.564771869349342
0.418339870481724 0.493283438106892 0.36831269636868 0.783832291244809 0.356721231685008
0.339047352170607 1.91428079472195 0.467551107183377 0.410127638188436 0.329875883498377
0.344323859012864 0.519263930105453 0.42030805557493 0.341985798718927 0.43776746211444
0.412046108800361 0.414859372079842 0.492464889043922 0.40508606153282 0.504849860666561
0.462884647974726 0.376281384149086 0.581025967207435 0.370320069923646 0.396424521897211
0.357685352508885 0.429891698320922 0.677212188141565 0.398493314752361 0.364448715102221
0.78000810835809 0.362386208629845 0.396109565481025 0.397453826384275 0.393110960701321
0.543684716540925 0.428788228081281 0.405210000938357 0.394273102450476 0.367316467436592
0.370169597101558 0.463641952727155 0.386776915526919 0.655897024615231 0.327143707941195
0.399774476019751 0.421775356916172 0.312344890824505 0.554831089087802 0.383672737923302
0.455579233954934 0.498325343649402 0.353437303517954 0.542565176579494 0.479959826906634
0.361346351603695 0.447198175121706 0.331205213443849 0.349572092224642 0.492877806862167
0.303745203227012 0.430383656525891 0.328406689919698 0.424115172800181 0.608134506681107
0.399314056080461 0.417911694160321 0.605301280275799 0.379370130193194 0.436885824606142
0.476774414663106 0.349297923122538 0.404530511320832 0.469642001821914 0.406421037538696
0.465611309938327 0.485020311925327 0.596361795565532 0.362670099476213 0.39803356320076
0.404632057528413 0.331546506674906 0.505633821699328 0.457551178073226 0.741464285067511
0.307501501634723 0.398159152237418 0.387576275190603 0.358395797382149 0.394286337161448
0.334417976880177 0.499328304473167 0.406911199522355 0.397524307926317 0.391743216291277
0.590269198686271 0.512224238768756 0.629038228741306 0.351431993801404 0.350479326801136
0.426931780591025 0.465868841823951 0.557789430666002 0.444854052794847 0.413529833857353
0.357774815611485 0.560392832257494 0.375913246823372 0.632732285541507 0.558188234015515
0.349725316436641 0.349244221980761 0.437084047911858 0.351904502398628 0.365451684519631
0.428164261233739 0.38164695150101 0.411787053153964 1.12515774134089 0.411839699196089
0.742927324816528 0.376027540621805 0.354541208022277 0.355989777387957 0.328995348163106
0.417980598447543 0.4368040412831 1.1461409167609 0.460557773110131 0.399943670625637
0.382671381598123 0.447090462962687 0.360955156984739 0.540191376269451 0.444025263798447
0.399717393269423 0.789859807063962 0.453910823632628 0.602250904379822 0.369067263150286
0.392625888188533 0.324823722792072 0.336037709860714 0.428252744770488 0.421643497178837
0.631231341223405 0.391807102409822 0.372773261166155 0.39235040399722 0.506840424668046
0.356636343821457 0.441235871014118 0.416722959322118 0.341808908511467 0.338976562827678
0.375375638495188 0.497453815721214 0.290259419601647 0.395452569010517 0.529094910581184
0.363055434279886 0.360756297445789 0.515932162605804 0.401889203030222 0.361986091676778
0.317573504941428 0.404022411647208 0.451971412621284 0.398136054810395 0.340721265464605
0.334231728454319 0.622521177525811 0.35250307671832 0.392191968609498 0.456918682131385
0.399999102822658 0.569570300380583 0.365706328764231 0.369981696074565 0.323815188534543
0.326690209170848 0.592546340849371 0.732891606551674 0.416776089577128 0.340561293823973
0.360230452672886 0.349300142022357 0.378076182316949 0.44845267935765 0.437044352834454
0.431481942145507 0.411838534410727 0.611298637698888 0.592229250018038 0.566813029248572
0.3645122679029 0.403809337005946 0.450395637275588 0.477195179648397 0.333052191810736
0.377824559372637 0.473927133832937 0.398599521993027 0.366590311252682 0.373704518317711
0.363855713838137 0.492147261876458 0.359943385360088 0.400243952009014 0.417506395943593
0.582650084127319 0.638716572721418 0.400172813341023 0.453691414628396 0.457333966402177
0.363295323652697 0.456086013733244 0.35861977955425 0.373626060785012 0.531449939627149
0.606508736413179 0.463466744404574 0.398437428040807 0.380196759351937 0.409376103546555
0.367941318782877 0.3991438014093 0.387542090064753 0.723429600656481 0.362435689904582
0.488703830824644 0.445253815139774 0.444349382812398 0.532752968427109 0.445162737601105
0.362726314970523 0.434957651700928 0.514716970363335 0.408097281405526 0.468611671914475
0.361238605545657 0.40850937152196 0.314716984853895 0.589596314580364 0.776720546277605
0.351894088084329 0.353115703256044 0.343957048257069 0.413542211269695 0.40118611252953
0.304035145477596 0.414177711581508 0.388528787326804 0.546153582720163 0.328472036573391
0.409658317856683 0.431257296338233 0.43349743072218 0.539921221574589 0.609726646336082
0.481930975607204 0.476248472309993 0.40488167977258 0.479420781002508 0.514827812855994
0.355255278890028 0.369153282730629 0.463496338905402 0.370487629906765 0.482019818285271
0.385034728337414 0.462215670115568 0.545905741154159 0.571864348339456 0.422886510058449
0.351451895082157 0.358266273474375 0.505286336884682 0.461279466728185 0.402959658480405
0.358259822030158 0.348842800538922 0.327567773120767 0.470236136749762 0.571526338864528
0.409379066028492 0.460510290530461 0.475126138684483 0.483335416293362 0.385336160325267
0.430169879892284 0.334067696677857 0.396821137552335 0.495224857618357 0.444764174049311
0.458975419471998 0.359744837658492 0.331562469311239 0.301948140031278 0.348419114234367
0.429304160737463 0.578096136900692 0.410141690910197 0.441329866543836 0.477501300523342
0.58641018123193 0.543922536224708 0.344520080604074 0.345493884364821 0.37334809667088
0.454781839450844 0.641232894861479 0.413724190945978 0.381284596732078 0.391683387365299
0.524467307942474 0.407180977139248 0.41740585181705 0.414838462698714 0.832931406434965
0.399361929582417 0.352951856122983 0.313545224699843 0.464746176577626 0.41744861007221
0.32612082483113 0.329626344963143 0.344106818435381 0.334466934534417 0.436772165729468
0.872000953482084 0.427804683583142 0.383273689840102 0.471183271126718 0.369499803260786
0.507267850501467 0.389461201434836 0.330509151758378 0.343676084967259 0.398317570405183
0.350894170650852 0.390191035746597 0.395190859739756 0.395544463598515 0.430100820292971
0.396148205750629 0.478550824949488 0.373462767534695 0.446989920791927 0.34271978100091
0.349885916237663 0.431800703459816 0.372112020467324 0.374255445559108 0.403706106184191
0.357874810403623 0.429205837348228 0.500075465939465 0.37065906345446 0.341938590710539
0.320359407415119 0.309954589393714 0.489554381433708 0.428978606969818 0.366797643537164
0.420705007355219 0.475378363607925 0.35977444095072 0.340885349640986 0.388193704830631
0.640507748305779 0.409593919039116 0.398981851935559 0.404874018229106 0.358288956781543
0.454687488420037 0.402512302340034 0.501602766467284 0.475748419419322 0.403354445637594
0.329278434036527 0.440145726114696 0.451097990989572 0.763551985714486 0.347267213543806
0.453639894751428 0.357132209720546 0.705502021072638 0.408391824289485 0.405508480636904
0.556633531151036 0.557098936568914 0.400471637329275 0.411602506950868 0.550704211365336
0.430300233125148 0.385362830425365 0.445597518572926 0.450641365925045 0.423105538694855
0.438624161396601 0.628999021038033 0.38530918407324 0.495080669519402 0.482377566662796
0.33510266075865 0.438660100933618 0.364630828692862 0.352914102552198 0.541827193861407
0.323068664260286 0.543948454234951 0.406439646694806 0.385428366003869 0.398830406896022
0.343362734897405 0.380461610369315 0.334487710571051 0.425926577449028 0.380069926785837
0.44402654618194 0.428353192901454 0.427300515399784 0.506820296419416 0.489813463863019
0.415800793680057 0.607758610556294 0.380474240494662 1.06847478627374 0.473422345632949
0.442596116359906 0.944933586543983 0.370650809231227 0.3556411303924 0.469859917542545
0.328087813847494 0.836434969565968 0.323710744822129 0.489675363212285 0.345613196788416
0.370896561850073 0.44997696528306 0.436787816655787 0.471558537122737 0.331657212741467
0.499923315694473 0.721056462142617 0.324327621376077 0.426453610376562 0.483182066326648
0.402511884334803 0.490097336509891 0.477982273102922 0.454766507713478 0.391393810462508
0.356231814924081 0.348838411722268 0.550824618446514 0.381305001058879 0.388603589680131
0.389446605591358 0.486791688356979 0.425542256817065 0.486688773331874 0.479322131279799
0.374170936380367 0.346331474229693 0.397529798725956 0.510635736024746 0.441825605791639
0.322100937222794 0.369923106232093 0.374433295425613 0.542982210881744 0.484485599351714
0.343762481493634 0.554880828197176 0.39271705349274 0.537135882418575 0.349645852183111
1.44679491543222 0.391207345060134 0.619824474687431 0.431836075734425 0.436817165800751
0.337242915655995 0.360666661372792 0.425441064263268 0.441928664826465 0.447423970463331
0.680728128412956 0.435084868143637 0.444321836941168 0.403561239244291 0.436500639401922
0.50502056778135 0.466547832335099 0.493972226600578 0.58443266596144 0.483787886069674
0.347487941301795 0.429874640351117 0.356386042252365 0.446698899207224 0.408335654764771
0.398887337926321 0.491496076990604 0.331754732202615 0.385968114232746 0.37620787162287
0.569347481460622 0.391131149794648 0.337095781585992 0.32009721122416 0.410054613200396
0.518057195486192 0.509690401339154 0.42288425769601 0.628980611906227 0.897123326947483
0.378928290689343 0.418124221337052 0.427328105967712 0.379381891781596 0.449771056859335
0.363779938514595 0.391619026820462 0.322746473965529 0.553644845044052 0.403607402574004
0.453927476366825 0.47419940756314 0.377672630688425 0.37624997600333 0.331749725745755
0.552952663610284 0.348335605262983 0.614830593007197 0.369277937328264 0.400254014835223
0.389544657369577 0.398791181736323 0.323438154790006 0.410441984105018 0.372447779207832
0.308388486930793 0.680578995161623 0.464065343549422 0.519908310270453 0.370381847101031
0.521022409357673 0.363807862210788 0.341895368458022 0.568294760114343 0.390688260382077
0.506736866859075 0.358956389733551 0.389951613464495 0.501250694158278 0.385409767255626
0.369055511737939 0.356967548111064 0.365870602471709 0.391075445449517 0.525393113033797
0.56609268865365 0.360206669291183 0.319235887382969 0.353274695567446 0.395587453894075
0.596784574837124 0.617734757197934 0.352842705525816 0.436457508120313 0.425717890915858
0.349293002909346 0.343834067616539 0.486213274566225 0.46597750725357 0.447598276384004
0.45416096027983 1.32684395719834 0.383363714219633 0.349739587345137 0.345555709483764
0.416151333258941 0.31120392680162 0.334363378276123 0.422763745202977 0.808470942793931
0.501557318281544 0.503690340291454 0.360171752512035 0.610240180088778 0.450056727417776
0.40812392283967 0.523353864701632 0.363249732495037 0.367694920638345 1.04920211266377
0.316536741828915 0.376752856324363 0.412225410039748 0.692152852665674 0.391454333871587
0.416930651292599 0.328901146110489 0.493359046717001 0.532859403470168 0.728886281499319
0.343806580574724 0.348138441275504 0.418789913267549 0.320570299892278 0.606357630750866
0.347669514685215 0.797509724754281 0.352746860033305 0.394838495345605 0.889364423485699
0.343864247773011 0.425918793443058 0.430383178462623 0.714507318582454 0.393796453807149
0.441142052372569 0.448777047642499 0.495299479117631 0.439732068085534 0.45510720465187
0.318095591595851 0.329561082652573 0.36112207310976 0.566814077833783 0.676030270982524
0.3525135723812 0.453416486020903 0.333752821690021 0.481814716543023 0.370454817598006
0.435553078930079 0.410355196860665 0.369577372510231 0.328615763950359 0.372278058109124
0.434929025233622 0.451546050271162 0.45909104210785 0.401138202120871 0.60184742640135
0.366325242492566 0.377969109509115 0.316786731855698 0.337336442978395 0.7534089132861
0.617334393891756 0.401203562227703 0.52527626490652 0.343411661684641 0.379816080422974
1.06343787597153 0.451039917343191 0.574729227061213 0.45466902004867 0.355513555285388
0.472597323211232 0.533494168906759 0.361278710463253 0.397675555059576 0.495591862621314
0.345078851298374 0.504647875012726 0.444395416591549 0.344991038417591 0.356588947819786
0.39694647659839 0.419149869373034 0.384281812637846 0.519256979947427 0.568668665585878
0.338290053385507 0.356121468070357 0.351480393479654 0.389232321034003 0.4983643815888
0.309925087523595 0.546114268517996 0.370816726110288 0.740234210384783 0.338764587465723
0.423098861790254 0.353705246338501 0.498825279508438 0.354012186783701 0.377825084250675
0.393598135546252 0.336841248285248 0.366722629870804 0.452916705458967 0.388227105463405
0.645860606429043 0.52762086004548 0.356489489371559 0.528405787811091 0.387508213126787
0.337239194662157 0.31075914649021 0.381742325346255 0.435209356442909 0.557268176505293
0.361376732749284 0.42869557429773 0.372179705221028 0.353710282221896 0.358300803867444
0.387559783437018 0.397607942918789 0.458025547196688 0.365287788806052 0.402585815974083
0.370470874821229 0.44288169089491 0.390586775137224 0.399244500625351 0.377698603407183
0.332495649922793 0.766283956595891 0.430588180434359 0.384931202326455 0.359807516565401
0.389597156641355 0.375956615499751 0.345202769110704 0.308189548621136 0.656361053943948
0.403911743402748 0.596641356425774 0.40467756842424 0.39470776830477 0.634615410637766
0.470631759829374 0.373362509675248 0.36227737003539 0.387670503066628 0.38774935836917
0.474893990422877 0.408657275856631 0.397035229272661 0.541782695729662 0.360514756367006
0.50173799369603 0.674597409343554 0.550271179778277 0.409317589884856 0.390419884769671
0.327935309011227 0.42658519535643 0.389814665153424 0.37954052883687 0.342555284459976
0.310635637441222 0.488799991090946 0.399246254371883 0.353264907354595 0.413181889575589
0.383927693828823 0.566369500343335 0.582960725927463 0.482115375846835 0.303131669905779
0.307363334940101 0.374318590014998 0.323606167996579 0.424329856222141 0.467074489818492
0.350236902750653 0.405909297841274 0.334839884615064 0.530125299368218 0.38145380040612
0.550033141099594 0.385435131546648 0.379129740641422 0.472889902544866 0.401513724687175
0.581786626724767 0.426728430629267 0.650796227042291 0.437594120806565 0.456877504162998
0.545445080047121 0.37081593482223 0.537843824186888 0.369496978758474 0.327165744574065
0.451570697660698 0.538229911601458 0.33112254202543 0.341996449775625 0.437958983837033
0.514340911895309 0.510607950190028 0.545473542829888 0.54741217657202 0.37975094988487
0.527565307852886 0.389002726707793 0.436233099320565 0.5539761129664 0.478127295062977
0.360610549590033 0.431635684984876 0.319424391309619 0.443872410230121 0.332670438441379
0.592385287782678 0.448167297469485 0.329703696685143 0.35099646090033 0.38009400237424
0.433460533117282 0.403457422773211 0.447740219115761 0.342766894565139 0.489088742578921
0.59171708369678 0.530493355901665 0.486927957236124 0.382142697467671 0.325159523267818
0.479491618067747 0.521090329213744 0.460731212297555 0.537985672401906 0.340161366009079
0.364120790980196 0.428646808971817 0.389075845003809 0.390659024969497 0.379852529686225
0.721071526189841 0.806091807372764 0.312929015340213 0.382013423112501 0.347158063360712
0.483508819819352 0.399347312400913 0.498008334871317 0.350907049185375 0.424837615125945
0.449573987307934 0.663372540191959 0.501711903314918 0.580010096549879 0.328710295517618
0.631431506578068 0.406297494855572 0.331758900893132 0.407074612992755 0.408767761584085
0.405542698347556 0.498089704123332 0.396437916485223 0.346975306456914 0.597473847416339
0.527068013879308 0.385681314041178 0.316797859738796 0.737858359626402 0.303689602765734
0.352100864567356 0.488906012645748 0.380012195229309 0.339628412615993 0.370308101003964
0.398627360366153 0.40739863836806 0.45817799287804 0.485120666711194 0.833278761136552
0.338679570988987 0.398700740934713 0.354892929632174 0.387582152631729 0.387169216034507
0.359907612863975 0.559829311788397 0.477993531769118 0.502071445300155 0.411601313044576
0.341707113968472 0.468778623010187 0.336388793135793 0.361934470785615 0.543227129960802
0.492803957661951 0.487617971409008 0.46425734205533 0.437906328973511 0.582478999568846
1.10862323611638 0.350437086115551 0.364269850368255 0.402035895573864 0.534616642298891
0.43767556096101 0.4475721674521 0.5461196608652 0.619997876342466 0.360281371360005
0.360638223140098 0.436263447093353 0.624050312311461 0.375015848734652 0.352071516483531
0.357158630332589 0.42580902701562 0.567034525586021 0.58732052512735 0.348241503191678
0.682349482616123 0.580350752382134 0.496876221112229 0.597935292153692 0.712284346804006
0.395876969648117 0.382243270655191 0.319290731724198 0.560487893657805 0.344699578044386
0.550119097720349 0.628146821153497 0.382623803122247 0.650098754308138 0.458592433796867
0.317667458427564 0.618317659813642 0.581960305211821 0.578381039633362 0.455956195938003
0.371295372237652 0.380731563361109 0.384210099425438 0.374994603595028 0.495815299329391
0.579403565081996 0.407498954428521 0.356531757620579 0.421651496390531 0.356430473736106
0.375171263370731 0.433472101896587 0.438182345760314 0.536002332064379 0.414222635217437
0.349257237980146 0.533186729366399 0.319412476391414 0.321291379093826 0.524308501016921
0.371929169997268 0.446470114556583 0.347586956577758 0.50889586627414 0.453947315111167
0.472209931810839 0.47301091430564 0.487546907503249 0.405270176009776 0.41291014854419
0.403714451901159 0.390427350450987 0.345902033098184 0.604772280985821 0.382755687766789
0.436936337295499 0.431830367236582 1.04003942278568 0.379177597423679 0.510387117357573
0.323960585814228 0.492003802953556 0.53606379208866 0.427567418739078 0.405083028061204
0.636409275539875 0.471508481321825 0.406410324321483 0.524876712201642 0.608564775925814
0.439419294013732 0.369115613679673 0.382002472220534 0.371626406557486 0.406617218060011
0.374989265275899 0.431965720619116 0.355931981568926 0.426581911764926 0.392143493505539
0.34196322601412 0.314884275300645 0.542830345359211 0.370269770372024 0.33739883482811
0.394791939536973 0.381054817618142 0.847303132635189 0.461999459137909 0.614373047659785
0.371868728513659 0.432531683710349 0.595666271887017 0.56197251480959 0.680169584514551
0.418961008481115 0.4808849039255 0.457499186031211 0.566900434666532 0.412953433242025
0.426591705450873 0.36018157719437 0.456763439761255 0.469480038546819 0.446389528290646
0.512997346207063 0.363162993913244 0.476132907178274 0.38542657431096 0.441429606890151
0.442545241125059 0.502565822757082 0.31877070988089 0.591563746375836 0.31594215499318
0.550131327323673 0.371623787496809 0.352386979423349 0.439720860981892 0.390352927273807
0.500952227905713 0.410137785082516 0.400162000456921 0.443234128876235 0.404423636686532
0.397847988480431 0.385421396396965 0.325079730671796 0.359433349106017 0.491202751516487
0.715902262223775 0.412945521453333 0.533623361245789 0.389890300209478 0.309353196665407
0.32415782733314 0.570932335213575 0.374430274410745 0.433118316182765 0.437688979650015
0.380925074010818 0.472722071861017 0.362167643904207 0.389747778006515 0.45993157438042
0.472197968326663 0.390631559306316 0.379539551287178 0.402917491189933 0.431845303924266
0.435183782899729 0.340974222583328 0.371662142484435 0.407345509696648 0.375736486802198
0.462571310538936 0.439551151751332 0.356429737889726 0.381819490314957 0.561781646760498
0.542406167573457 0.326384716114297 0.324945519462712 0.419782591526148 0.504915353841337
0.449141951429135 0.404288870463337 0.332563960975739 0.418015548931595 0.303763162038755
0.479312061500249 0.411209145451339 0.388012727820124 0.391627641176914 0.347171170007994
0.579803342844781 0.412915181694926 0.400135364801706 0.369752558317393 0.419133846564347
0.332395629885595 0.372410083118354 0.397915891457496 0.386139084825995 0.401845654177411
0.443156133583007 0.363929292462977 0.471425058198539 0.451668941411131 0.420190771078139
0.381430499076774 0.411850205338099 0.319372186169134 0.918713917785174 0.347919338482488
0.352552915993642 0.417083292978612 0.372949108026934 0.509027091224175 0.378240006906634
0.347318784869163 0.397929854340385 0.338628013719672 0.336816707771199 0.464758775313693
0.380646506715622 0.36380190916846 0.334469477681819 0.47635730210422 0.673826694180384
0.439584187771506 0.504387636506879 0.441808314792333 0.474198488370573 0.424421735594751
0.42131006249441 0.406647033381794 0.38042127100388 0.485371220139709 0.542396066760693
0.475341760605337 0.450259393367134 0.40287587670085 0.460000323252172 0.367897113328282
0.324142141828656 0.661402493902104 0.380893843732612 0.288167520115728 0.316980586412798
0.366675753106998 0.408646419976832 0.409046621794207 0.532075871497038 0.344344927687709
0.653754324017756 0.415620054885417 0.434881622050254 0.42192538741388 0.413070612259648
0.386912657388864 0.392130710875408 0.343233109587087 0.392899636752938 0.325430120904944
0.403143522154299 0.352184139309728 0.445821961404418 0.435250590295692 0.334472712673085
0.48183319598674 0.40422668103091 0.872893817480451 0.401417032376354 0.430546382027479
0.496500537849655 0.402042920623244 0.343472802099643 0.434381125042777 0.300814844697363
0.598486023635841 0.395885700261653 0.345757917337455 0.388345437283174 0.429601431145542
0.35877222729571 0.340297697453539 0.413504732810103 0.412031343035456 0.346223342031568
0.365419164175039 0.398767832527159 0.43403505625623 0.397148205980543 0.381360492577561
0.501769503150343 0.433472921343777 0.451659970613254 0.532558751580585 0.345961162766761
0.455035646362035 0.370090699680005 0.40108331415815 0.394685351742131 0.472557283111448
0.514939011196654 0.426618465712311 0.847525859891535 0.413434342128313 0.40584152342223
0.340102616358875 0.37261701115005 0.428483616202697 0.379197144821345 0.335517763824546
0.42865352900073 0.719802882910609 0.315440922790907 0.410646670783627 0.377172354838033
0.357339672422199 0.363703013829079 0.347693984646298 0.34637106469245 0.342903056246403
0.347812520692201 0.508663182036764 0.502292218917029 0.375000331826361 0.383477015243407
0.38288746793046 0.396557848110961 0.445937924098564 0.365520603722536 0.676396239603019
0.481688904566333 0.387060819417435 0.35701323825417 0.411075612118407 1.26283512059882
0.383470037037522 0.749805379268298 0.38342714047347 0.495980479941303 0.438276606953245
0.344211589952364 0.427403325554897 0.621985877545181 0.4249506212938 0.377285436586762
0.494711515255004 0.389017331581345 0.655468580535039 0.359331297247873 0.36099145642934
0.336620155693101 0.319756227951733 0.442115657478816 0.353000137532983 0.440853286947873
0.522254626135306 0.430955975709787 0.3423856032732 0.31711263878557 0.443048581690626
0.367109929676797 0.450899924761792 0.427393460946997 0.419591205043146 0.363836415361353
0.547393737083989 0.94095512660073 0.494401397661243 0.458730237144048 0.561290695096929
0.392886575811973 0.419894844761676 0.404268645624364 0.408208326532408 0.335353126057648
0.459095048972852 0.538480031302662 0.52327696652046 0.437202169461662 0.573639503836124
0.316361099813946 0.550130645369295 0.465250329665282 0.400071936498519 0.424292444254439
0.44915630256269 0.581320522744743 0.607874945176459 0.506071659913596 0.425489290064041
0.397546104637046 0.415947293270387 0.403823460330043 0.438474803754649 0.448898659227992
0.45969281882065 0.327522277887158 0.446680391393184 0.388324947914727 0.388629911593753
0.36889461122143 0.409461009504901 0.450743452949132 0.72028650722343 0.526224158833765
0.337629213091562 0.333977222066053 0.323270242747971 0.448804226047871 0.926696733067219
0.385217297933219 0.400690680905882 0.560213828734044 0.415068737352384 0.433367975196383
0.327991769731413 0.379360183982504 0.405639093674983 0.39509182063228 0.35980603329768
0.47796998602883 0.366950751364857 0.404566351744002 0.376974633990719 0.450828755128059
0.359539005756283 0.355218014492349 0.313931265458549 0.442946932910345 0.621919436643018
0.408977037248871 0.471820006456221 0.408563984595977 0.486482168702749 0.562258947386375
0.355908521596939 0.376218162789396 0.412299822743045 0.650857818841171 0.325964066495726
0.4940910088398 0.473301872727568 0.436748660686609 0.488424726928858 0.54247213176775
0.374227405098321 0.331011143351345 0.450123093152345 0.366918000217243 1.08909759512695
0.508875652595473 0.460585602333572 0.698397409581665 0.456719994102136 0.336258651355516
0.32664961209782 0.388545657696638 0.411907403310066 0.399672097452144 0.505115433791285
0.658049131498988 0.414497986659726 0.396989100694637 0.439696059316686 0.385772885712477
0.556772368500393 0.51824849050664 0.322619704780373 0.904122455986888 0.408301050325143
0.389783031853604 0.4023735338102 0.339075722949173 0.508833805163686 0.340056304541008
0.455439638190515 0.614019042668654 0.650798387292967 0.404890204568056 0.460483067614213
0.338952152581482 0.546053315595494 0.40337174637812 0.381641775708446 0.461267370931403
0.424381687709971 0.390185573946504 0.347237288841024 0.485625991506096 0.383548531621343
0.332648441037226 0.441514342235658 0.329671250649813 0.324252630771386 0.541635209280485
0.426442075508614 0.458581254976969 0.360552310434898 0.397647317127909 0.388793966223517
0.40544110868525 0.56710144944548 0.384439435867008 0.659879511227804 0.389805983505275
0.424971414048584 0.385960341250284 0.433438361789334 0.404400777218039 0.726356521872946
0.449873289139198 0.570516508377079 0.408795934251653 0.421950515804696 0.303083819723809
0.413198837568251 0.423574066658714 0.622749205961292 0.367444153104312 0.44203515487744
0.501977735434892 0.989341841342684 0.40938056803986 0.503529197225967 0.31939459689364
0.424762361526378 0.482834075227634 0.383635703392224 0.361194626478716 0.580579588359821
0.471192748156033 0.412929200360159 0.567692124100787 0.470615371535739 0.425649830904574
0.367985192291914 0.445890069429013 0.514021822509748 0.483099596871252 0.359310071534532
0.35765453196912 0.494425013989253 0.365989926661219 0.409596246568198 0.368330342567179
0.482634973804548 0.460929864291841 0.338218761751072 0.368585311594408 0.360480136255391
0.346986848800743 0.411873512295303 0.434661861425098 0.688273819823536 0.333846254676361
0.388790361828783 0.55203847902536 0.356314178447798 0.743048944021112 0.35060979662351
0.361833843964783 0.423092687144059 0.545016103684478 0.349631792146054 0.376103720638733
0.356298301474145 0.398356699003708 0.410360093045119 0.45636642023679 0.622100698268865
0.464679319808824 0.378721567019345 0.460301115546554 0.345918393717776 0.410050816053794
0.645576807002242 0.4365808998164 0.484600779782784 0.37164535691696 0.44183933639271
0.363424193810118 0.457971741505689 0.679415217567187 0.503257856866468 0.3687690480073
0.3623912032893 0.39674985483532 0.376309415965936 0.437743422000202 0.412556322319925
0.404206113971676 0.525579180797239 0.397468995439213 0.355567576390187 0.440536756581554
0.339104799338465 0.335214369555996 0.327324173224413 0.614225332661729 0.375153005970467
0.417163413335353 0.396584397380039 0.467900886017845 0.40059745462374 0.381926958064016
0.550840326047749 0.387306258144091 0.533675496977544 0.412517258009934 0.436290094083632
0.362362795564167 0.340812367628793 0.363566989715979 0.514410396364096 0.331170339602633
0.483737665378176 0.463039330811734 0.388963054025135 0.415004416409726 0.391436131344261
0.423820606984892 0.342820306728003 0.506368888570391 0.359288730680664 0.364778378830883
0.538125832268262 0.386389418771263 0.401414846196283 0.32786627707334 0.344796530475256
0.327201365490085 0.508358911750005 0.309507924677603 0.45642722238211 0.526507217383395
0.437298245628584 0.351558324085883 0.57245760786507 0.391629164506007 0.443974946144879
0.39013230309346 0.350402500638713 0.505813674984492 0.386341104169488 0.480506428042506
0.714654667074904 0.385387927134966 0.337693786449422 0.446068734719491 0.339984142286313
0.462494537952321 0.445544483565502 0.328855395204073 0.601591915315266 0.593182233081045
0.380189010880728 0.474979203596928 0.488100912684375 0.32627061448064 0.42301268227481
0.315718809744709 0.333168338197159 0.316806293190137 0.799214191544349 0.45607165714828
0.413375368735167 0.479418040896078 0.376037067693733 0.378160614004586 0.327954308838205
0.346624143120613 0.342981342477106 0.493416694350154 0.357599584373884 0.479065947049009
0.473762453093413 0.754165314190063 0.370938556897771 0.384828818104561 0.481166802048538
0.594074523283415 0.382080874840716 0.349979709284752 0.365372126278123 0.374605472947865
0.287855756555137 0.386806337752149 0.458759930870296 0.337593516350045 0.377147526698373
0.441848227528794 0.315007889912219 0.343905248642753 0.487987340217199 0.35366330334975
0.427080357285079 0.423856303139658 0.406438525865958 0.436344271236903 0.5313840019469
0.442353648567142 0.342990211284621 0.498663154496999 0.573320515411829 0.367810597411382
0.463373804543707 0.38195666869504 0.393662500939495 0.355314991380937 0.345373385328604
0.362437760224519 0.430093317804453 0.344628575126153 0.3932632362226 0.374915625260129
0.473622218031648 0.454400825142888 0.534387503530743 0.632291317578739 0.470091176323874
0.46039634235105 0.631141538856676 0.432518017627248 0.490352695039873 0.51463536821711
0.486752454520007 0.469402650333784 0.44230764772379 0.365453363011667 0.325938645302767
0.419938398424234 0.464660725749232 0.427177894338982 0.600385727166057 0.680256591833997
0.462909580298636 0.383900070638865 0.336468897440418 0.376024436834547 0.48131524124697
0.979217433781161 0.514782157222673 0.486412332165904 0.463615605835567 0.476622843445767
0.410206895846686 0.400304083499602 0.391886607478829 0.60057839229466 0.519893427625205
0.399217544547509 0.614986673801075 0.356669411401467 0.417510921892971 0.394384640261062
0.316549006933103 0.327826840186297 0.4114810363215 0.561291163115884 0.329122844025746
0.394491447725028 0.334837280216106 0.366581947927004 0.382135286544894 0.999352451273503
0.361728637581745 0.376880462587281 0.86673749439279 0.582458338386274 0.394658198016199
0.51916897003184 0.682668359024428 0.38797990444233 0.346437721159125 0.504428286496477
0.683909939340649 0.435016527126551 0.421087642338495 0.457903077367619 0.34882479055425
0.436816094666602 0.410260263250836 0.399512221163865 0.46248686525979 0.364079577064805
0.396628723124393 0.406941272159108 0.479963791803034 0.672235560394618 0.381563906575004
0.329030131312623 0.554029311133721 0.349190877431581 0.509367962650318 0.464734983862993
0.349625040750689 0.339558875385733 0.530360935816471 0.439068632267577 0.36992872292982
0.340824924939509 0.363807562520912 0.393150569268804 0.345550467706798 0.347705857403272
0.379184565933407 0.53749972505564 0.568083430610631 0.453911574081798 0.483568561222914
0.315014148231853 0.369192663006667 0.435342600909436 0.487789115449264 0.484445505970668
0.353507143804185 0.426112386297629 0.653816516430389 0.616096385592386 0.337841128673149
0.396485387730418 0.340931071210463 0.419600324336386 0.420167313201297 0.577265491327263
0.639822123776778 0.497476243304055 0.441839871999738 0.381317476064928 0.415814252021505
0.4238079512467 0.444796271625156 0.463199369680476 0.376509854769149 0.352640680415055
0.41384131199057 0.621232840531889 0.428941211623761 0.481216637559435 0.431827255164694
0.300542319289544 0.411733468954196 0.760838747789105 0.33375299959511 0.39592838822086
0.501787194255837 0.35465304165854 0.383490616750102 0.344151404138493 0.368501142674603
0.452835514006989 0.479866209131585 0.425129347166946 0.411872883364322 0.371555349122776
0.466601182689018 0.407452010897689 0.392540015141678 0.402533617983941 0.525305590710546
0.432089795848231 0.414293309621071 0.353855840103925 0.346468347068402 0.341923617225047
0.395660148451755 0.419133659194003 0.390025485261593 0.751557420360145 0.35480230133599
0.351572829343255 0.335030383191671 0.359160000663158 0.606819568636431 0.383226837627145
0.832651272198068 0.427066097525145 0.389542121949688 0.325695241775642 0.353216931164271
0.383800330784065 0.545867875433961 0.413281846625434 0.450698417417921 0.42560946420939
0.380730001907372 0.585323618501868 0.325376666929576 0.390693890087669 0.474457512942096
0.4307207592381 0.349306332331485 0.372676599562374 0.349731651361329 0.413432070254212
0.385433760293209 0.392769578321526 0.4027936308627 0.317390127335013 0.417437284469312
0.305605804220312 0.355494692756574 0.408484874870581 0.348355414678688 0.944826495492458
0.340858591595662 0.518392872648524 0.356968651232298 0.388670102688014 0.337276416451294
0.355782389845554 0.772579529425451 0.432402342936027 0.33474281392846 0.397656298041888
0.323627240778286 0.442350050102227 0.392785646878419 0.371027165866756 0.392235081809546
0.526202047044139 0.556452435726701 0.402062772507973 0.49230777006645 0.43788793791434
0.330802081692483 0.649254472863388 0.520060149431673 0.490683081256409 0.38054190653144
0.436732093113444 0.383563035013594 0.395913820419897 0.41291461596639 0.389091238705427
0.573566155589739 0.416646533762046 0.308393752017668 0.479101107032637 0.381071847025461
0.489078572765536 0.426415320172281 0.502413570664431 0.398374866755414 0.397276637408108
0.336545732751179 0.371742681799692 0.338047008416983 0.522230286221107 0.557362192297853
0.381211867613515 0.39317684880765 0.345319245691529 0.388302336352559 0.367288474076149
1.23001056411706 0.360495496942164 0.406536223925584 0.336489253295389 0.421295063160555
0.431183104441933 0.402668728854022 0.342345261875101 0.472856925800366 0.327901815298998
0.505494117813341 0.357227496876987 0.401216302756271 0.554011577617813 0.61824113496566
0.30473488668135 0.672426245700356 0.321164032079859 0.356382274140971 0.671887721041988
0.720257178717167 0.551777198714734 0.483426664719023 0.400748537989983 0.410393493013166
0.912730873084388 0.379384184640439 0.374271418758158 0.404862386069178 0.425993638996169
0.388989683481974 0.547533508225019 0.364786825697159 0.377218540799525 0.492028763414948
0.530653941255255 0.583872106682462 0.375016090077861 0.348163496275437 0.501137290463644
0.324283290556754 0.503866102871515 0.321747360499258 0.442289699312769 0.340064396337996
0.356599260859439 0.369893612734436 0.337402607122044 0.494968904181005 0.324410596574354
0.525937539296525 0.433790174682317 0.458270869831707 0.432629324145969 0.399916033497431
0.547355235176356 0.401707346801058 0.373064424273304 0.561897875787671 0.400791862565868
0.342991287459137 0.420496943041643 0.551140461516732 0.491769740069496 0.392583580083266
0.415760959226535 0.824901110468267 0.444172776365321 0.544018395587232 0.428129257111731
0.517696975033643 0.379088931451263 0.393837604133594 0.404453871618762 0.690493339296614
0.414224067701179 0.420074549237766 0.673927773569446 0.437742174006948 0.299246320467801
0.496927800576433 0.629112788031074 0.444416722660255 0.35945417211344 0.354481209844888
0.523581337806757 0.4910982422163 0.489417639167036 0.417107051912501 0.631005559354911
0.350219297905814 0.427268751276875 0.42444384211699 0.32027261472584 0.541444258722666
0.394644304496543 0.618136484315201 0.52957292670737 0.779594180015972 0.433160436541119
0.420780984078615 0.451854642185361 0.400222767682041 0.345312731436308 0.378464751427494
0.319876653484271 0.381922345823551 0.383111821663585 0.534910106993481 0.401930183199108
0.322686444256462 0.414341604714278 0.356447860656628 0.388539343738095 0.440019710582865
0.359486996405317 0.385745779358275 0.398888925805466 0.437443199482739 0.356629638589532
0.709746628163327 0.333723127041429 0.356781083595579 0.339316256257746 0.468105265095822
0.372224356798994 0.392388171104106 0.395100349088749 0.492866898326173 0.366726890367368
0.364621319479677 0.447400998722987 0.366859104675803 0.847946803349243 0.383380872527314
0.386609168122683 0.319775249522846 0.44221269767519 0.366354965702569 0.408291488907399
0.368281688808485 0.431777508200303 0.504369495643124 0.42919164781369 0.430530100606519
0.391348969571922 0.654143536974988 0.377284599990164 0.404957112281749 0.350896295136659
0.361581682425917 0.510960137683783 0.359175160654736 0.505218517574981 0.390122155121696
0.561298753418365 0.521169612648038 0.32783913451203 0.435771285803331 0.355507760054763
0.665316378382916 0.418398257412113 0.411649754248855 0.553665472085541 0.334498225929776
0.544362719190358 0.470436848394047 0.337424003480485 0.354766124978613 0.367409381330365
0.37469273882236 0.387939290406172 0.430990868242843 0.445064106852067 0.445366888052709
0.382486438519873 0.424136893324895 0.342084033671048 0.413898396020103 0.333670894537688
0.383662406651206 0.358477916644127 0.409041944197977 0.353998154587004 0.364306653688383
0.456949132602254 0.508262448981218 0.387476241160561 0.492911593530376 0.503160820587145
0.36290234981677 0.509449704537889 0.421914759039504 0.48827579057188 0.349041189523562
0.368547308826777 0.418413022848605 0.328220322700572 0.586156381946809 0.392060935365308
0.528309687700851 0.397914089833035 0.432221859944988 0.40573334632449 0.392089853190121
0.483573100777459 0.422025738103855 0.321174849197914 0.433337999399012 0.377122789376515
0.370920047118984 0.475588696076615 0.369232615666427 0.796901215217571 0.422807972973156
0.296836064069469 0.519686158428169 0.351943940677584 0.467578030900484 0.402352559174116
0.321732529718545 0.33565378437547 0.391873516891266 0.440687835972362 0.501543934709586
0.61775099163518 0.437755705698257 0.579999066814974 0.499519314021831 0.416296389234327
0.52494546702619 0.621239510971622 0.525247342635304 0.460895716955057 0.328186176264828
0.461693875978375 0.353091211007381 0.463345574284827 0.62480997061318 0.472272374324769
0.382762268344201 0.346389582710426 0.49859659061807 0.600678535877711 0.394839599415183
0.305007511048767 0.318147369675811 0.312392777932318 0.443880844384652 0.406877060060638
0.633957590400349 0.436379994723386 0.485481990026933 0.405170992417227 0.574242319102051
0.509008738513222 0.391252944391252 0.409255202086991 0.519681600862006 0.415337737443055
0.327575367420286 0.409060823438829 0.508838806556735 0.373039686960568 0.666363274325012
0.406589195905072 0.371511309203926 0.448678603335565 0.348308701529003 0.310494768253274
0.333694337265297 0.354419204987379 0.363991617061598 0.412960284809263 0.394915915897064
0.425002760943904 0.689213994409712 0.443599252314682 0.485221961806567 0.481746530737505
0.401049463947781 0.488987386800812 0.765358199419347 0.386118208272559 0.329363110231689
0.348391730327723 0.340323842261413 0.360184972037404 0.356916037251243 1.11240082227097
0.485159006490463 0.424889675291769 0.435186683401515 0.41956526916318 0.612263075568627
0.404604745074562 0.391787249311593 0.37767462842663 0.406337113049908 0.456626128094268
0.365878846613709 0.418199331257383 0.382105974886251 0.714956639222419 0.350170883492387
0.317368026805421 0.339409664133538 0.845081904894928 0.551511290625351 0.357788935299288
0.516865580624777 0.393916594972612 0.468015749863152 0.348823913606356 0.509452538050231
0.613846462671607 0.370346902953378 0.375616476221778 0.376616340492154 0.494583704508573
0.323334826630871 0.521323068615338 0.720810717383307 0.428990011456337 0.603808647080192
0.366232363042171 0.513911089478922 0.366562779699836 0.393361835639891 0.557975571076268
0.369223225990511 0.436384423150637 1.12799731954731 0.474091857074287 0.33866016004953
0.347885556721522 0.685221004997556 0.365969842301058 0.453169522138662 0.336270210228363
0.501366686297219 0.385813789810502 0.619692457527834 0.433357029864856 0.352179915149449
0.432121293484633 0.694922017805258 0.364109336228269 0.479919392356535 0.422723558944624
0.577187001975179 0.505015843485968 0.399383928413861 0.513782049488016 0.389743948397905
1.0562357616849 0.466932058923859 0.461696553157383 0.414303284060097 0.487933272260331
0.748295647593543 0.386395895990849 0.555665053740366 0.353361942525334 0.666630087887266
0.498791560399579 0.56550449791815 0.443485083245249 0.375970765018748 0.333006606959977
0.324815191977299 0.686235992717797 0.323964852371371 0.477740501666205 0.449258991844566
0.515291899885428 0.428950783351413 0.351126482353919 0.407727337196726 0.396142056862959
0.437488780453657 0.342671993499336 0.367273179627276 0.383688639423823 0.304866148218378
0.495966188911639 0.47678541032212 0.429388968673186 0.47164372033061 0.503154175113702
0.444077938986761 0.413138102979104 0.427913347887252 0.494846615553433 0.32821491979702
0.588371583597788 0.413055962237364 0.583344702593206 0.599642145409947 0.374445987953102
0.615842046345825 0.384560981785324 0.426415280158536 0.390896937206184 0.391325016455917
0.303117571454101 0.389627769492548 0.376719519168489 0.411975806706056 0.368312140813528
0.358387977122098 0.300067658589148 0.725714123464224 0.394558938624278 0.437503414513164
0.305369764796965 0.435075037495735 0.417217913082437 0.507675724903528 0.444173927097098
0.32391129485335 0.347037349344372 0.373661487412982 0.340523529310076 0.445872222980355
0.753848402029982 0.365707411658638 0.347849417989471 0.450639165143229 0.659328353369011
0.74023678310413 0.504241421924965 0.392275650537227 0.375052164429174 0.513576416505838
0.525962178701536 0.343234759919797 0.437979514437119 0.400962214025718 0.358318853922815
0.415860057304637 0.493726712359537 0.372615110917573 0.369700426453439 0.445330766100665
0.478203212624374 0.422692426939241 0.464128612849503 0.322443831716373 0.340063556847671
0.37605029448747 0.383752539728222 0.446501067783675 0.354866796324193 0.345195748479499
0.433512459737918 0.333712573252973 0.329591790099947 0.555599215213579 0.435387210084361
0.326529123582011 0.566226698708213 0.356496669299652 0.553065031623596 0.367563612935374
0.42748998197427 0.416541728099929 0.37547030703147 0.438386619783843 0.374055003345083
0.327082667321549 0.571243027218154 0.46346298772697 0.501455496035562 0.405204124824768
0.424517167560004 0.415874748542102 0.506869376304571 0.3572080244892 0.365199265503242
0.351361758344939 0.476988546615254 0.381438348253642 0.390100375268831 0.376503431580369
0.356482134229742 0.771194635520548 0.364605830196859 0.327455962966843 0.324453288365404
0.434806441081073 0.42489915268186 0.463753980056875 0.582134673671393 0.442642647915221
0.431100101013023 0.591256606686326 0.40355591784571 0.4247783053768 0.451360641228153
0.322323796731668 0.644128551161876 0.408905935579477 0.35824005726821 0.328098850695063
0.296905401651399 0.350965335467325 0.418641025080735 0.440343583027919 0.805025542382557
0.330520152963799 0.356391304639977 0.442219324378959 0.480830103964547 0.581996399449422
0.341704006706122 0.403263238785449 0.501776859955837 0.42787122262369 0.599703604533685
0.319537505741563 0.336558563627296 0.410639834129088 0.357891910709382 1.30402734265792
0.430566730324047 0.44280610624274 0.422047933008685 0.4806552561605 0.37724228936834
0.347667449955618 0.411527776607524 0.375683480771083 0.458565318625952 0.326181791339743
0.469407003771822 0.388674786570377 0.305866595722409 0.421957333609034 0.340882093976667
0.355533794520522 0.333686327105119 0.453876826752011 0.881223093440463 0.394529325859392
0.391511284433691 0.333203449521753 0.370736297233439 0.441734799561437 0.763209754577432
0.366440033232782 0.564336094916775 0.39723431898845 0.335468862466007 0.464185930724579
0.409676943080784 1.09682469892391 0.441081792175737 0.708630208890979 0.361907070609027
0.330682004893108 0.34001107313783 0.380914124191716 0.479421084991414 0.397111673230221
0.427681139269696 0.414551623413928 0.561057103045375 0.464424921541526 0.362838530501942
0.35889445127469 0.466433522286114 0.365052974052654 0.381593536163964 0.396808739477406
0.451197647890171 0.346667060507829 0.314743716572523 0.939662282780614 0.324970394078632
0.44181232400932 0.948317292786757 0.704731216646013 0.470205378211433 0.473156064608418
0.40359046690341 0.372032264349188 0.464699338097675 0.39149123966846 0.412421990026509
0.492917560313226 0.41379830551075 0.450482535141125 0.397982667757581 0.441861793606778
0.427013681739231 0.549859589220148 0.376658856837216 0.728052699150307 0.346591117076184
0.388536171416682 0.3573997357823 0.358142651737773 0.384151687086875 0.716132553900329
0.434691312785221 0.343762654458242 0.342748996873269 0.431021325320849 0.488275123258522
0.3240736424967 0.379721249173542 0.417701534018889 0.369957445889072 0.607940409388238
0.342330326619492 0.34904392461169 0.444209149393809 0.40094080984057 0.533843835012989
0.477402916422912 0.326710920322132 0.377239798097914 0.437715698693369 0.426720454929305
0.39365853581683 0.334838326844657 0.392807073163147 0.510732312592293 0.380912284713326
0.377179604450233 0.358961081580917 0.57590103806583 0.375147131583635 0.4020831128366
1.85628189033292 0.430333848252729 0.364548516712381 0.402880238966772 0.365206946648089
0.356876831972215 0.533594847299404 0.405835412853439 0.38358262746255 0.356476588646088
0.353606125571828 0.344841673677719 0.585539522171688 0.462161398100376 0.411505770048882
0.35597167087996 0.545342827670199 0.332320319518921 0.398802157412527 0.34346544853497
0.510902861517256 0.477930531417701 0.424283356169707 0.477545781578169 0.446979826373916
0.437917641009267 0.620770647013068 0.427262337568015 0.520542540095409 0.37739657681887
0.381131282944959 0.47132162740016 0.297572188671821 0.366785503522863 0.379722573109148
0.341282430114362 0.432922297335597 0.319279670481584 0.417808885453233 0.373772574683803
0.326084259010584 0.346888564063578 0.389463389622535 0.342351859885487 0.510430261511205
0.549702434393319 0.340029758735445 0.453853765630113 0.378097225937959 0.391741367167907
0.479579520579015 0.491324211066464 0.398997084242583 0.454800757046978 0.399496470021622
0.390963503888154 0.462256255123708 0.429008881991514 0.443493237409557 0.379094708634393
0.432695080975083 0.660669673748207 0.573208027985419 0.358570571426128 0.448628540014244
0.468394065771077 0.373953663593998 0.436322370853954 0.478245603598165 0.379538305909019
0.380719558483059 0.376089191729148 0.426797390632148 0.847633892836154 0.458812082287521
0.347833943471782 0.38985981174975 0.412962941751453 0.415039533427087 0.354517324364063
0.457651238318898 0.49749222974543 0.421707416785328 0.544695863510683 0.546902100783245
0.339048864633431 0.452625599144442 0.365656999795833 0.365328847200646 0.36599100921883
0.483377758503237 0.443082092171494 0.314571259184862 0.350682581678798 0.428626924529975
0.397054161195642 0.351642998624644 0.372362309309883 0.371662107835395 0.457537366747514
0.502426351736211 0.398650058713109 0.3867955528293 0.442729563677821 0.470361589451531
0.329079185258611 0.635923868132191 0.385267534858864 0.391311796438396 0.403861130926461
0.326863820993045 1.6749667298074 0.387497002319312 0.339865283079347 0.439619869708809
0.451891995504325 0.376744059469787 0.410450864335783 0.396931471323132 0.353528654638022
0.416659405511803 0.312072853230963 0.418048619448131 0.410106861135849 0.40530619538699
0.408866852806121 0.390746344751561 0.404844862935137 0.416727270750367 0.318762349223104
0.366888173115078 0.388875238007144 0.43111566339186 0.32743330919382 0.467141263234159
0.491761929478317 0.464289479601723 0.3593705277713 0.382398082946187 0.446506825922711
0.592111574705809 0.361596449877737 0.483858767927881 0.460611306974184 0.367167681130548
0.399559212675601 0.412947389844008 0.394854477441786 0.955123885521628 0.409041122809681
0.323344481173085 0.362093565163359 0.605707712098305 0.534937169133744 0.338065287926536
0.304384269938498 0.363922141035561 0.507595627254634 0.382043619305287 0.360427865963921
0.473655798651708 0.464553105108254 0.404770298183034 0.39532085839321 0.354449864049736
0.389522527821473 0.389786973241107 0.385791907527636 0.482838640571319 0.322190026933412
0.660819831107671 0.469277386094734 0.342771300063493 0.360406310851282 0.350587922870243
0.388357749250958 0.408085242173726 0.43537451868155 0.514450267740352 0.698260659250788
0.858539712718026 0.443932270773886 0.330727456100841 0.42662800636129 0.389207964125665
0.394061544251435 0.381701028979706 0.33033650037688 0.368148927103161 0.314659196704564
0.42390257329062 0.370525354245647 0.43382319247303 0.415536498492832 0.443771111908152
0.432100383296354 0.347168885583163 0.299297492114699 0.394475225869714 0.646779329624164
0.850152301121054 0.411494437429925 0.390846937374576 0.58708087290728 0.360850937905569
0.403229029505365 0.326812596329878 0.41268458429945 0.395338004924262 0.552787147966135
0.391471019377615 0.473655183149536 0.39067337435415 0.39125296347112 0.468476969647686
0.334297370749848 0.382338508396856 0.563449781576396 0.373767227425082 0.445000071868084
0.472272046505126 0.631848465966535 0.34934617297572 0.338417336126542 0.383934256296751
0.396014463528952 0.54479723948913 0.347459870004379 0.401668562266976 0.36637910221451
0.580369127428271 0.589488822541191 0.324576360090784 0.372845385832501 0.459519311513654
0.45511945920579 0.510963056447057 0.364956334697566 0.556369917990729 0.368445499372193
0.394698254349038 0.543529250933811 0.533776545375829 0.476774126036983 0.568925900261868
0.566592591869359 0.414388605335362 0.471778689785736 0.540622950933385 0.63100462288973
0.552882936537005 0.315857541404895 0.318325093446029 0.343461655052242 0.491805816067329
0.724384070856758 0.51102039907341 0.463120785342111 0.461239408002593 0.592847682381589
0.413295008474188 0.36900187318588 0.494730289675497 0.587815141970066 0.379412285436137
0.496504902706952 0.607373906039403 0.761066801541009 0.645942810646763 0.490051959172242
0.454011719363754 0.406493484558719 0.377987060893829 0.36201785480914 0.375425305595236
0.335203380239092 0.33219399511732 0.430561685413529 0.387245177343224 0.339383158509351
0.380895002166216 0.558805348122511 0.382280605579362 0.372446530745894 0.373603222846787
0.48345335444209 0.407278667018388 0.776736457776108 0.420825985139133 0.424772791704896
0.373385578020035 0.48082626579863 0.399306779311014 0.454897432002215 0.39838379875107
0.436409803838398 0.344793410544934 0.343389798091851 0.352198434644014 0.421827966234919
0.337783698403436 0.456910672145224 0.410103002487586 0.336940474565715 0.444122096350313
0.386850161741815 0.358420351223306 0.809338981512471 0.535379202909985 0.424308104825588
0.372046701241703 0.65082340478316 0.423110349767765 0.393467771069934 0.542044417933809
0.471571342183486 0.427941667520538 0.372209183846656 0.34242468045725 0.505574092437193
0.348408877758192 0.486443750700455 0.347680112641671 0.505224832790464 0.397261955459298
0.359405218580328 0.382804755406819 0.309624238366875 0.340187309667452 0.365436813017886
0.93012025713845 0.351844788866238 0.420074740960563 0.542305718286733 0.397165655445364
0.339174313331182 1.27255750325476 0.39240468142766 0.417937290610058 0.370712053518123
0.625959877185603 0.397996930118329 0.394715279469835 0.342376507905441 0.360408970294777
0.369530128031176 0.389553277320978 0.443859187874317 0.354311344550113 0.327748278530512
0.647900718063796 0.404203239882792 0.335030453066172 0.422800873892769 0.371404893234763
0.414125700388107 0.532284939992974 0.434534004453944 0.416647660962457 0.499949221140203
0.339418260402406 0.410063779242729 0.405803756932945 0.442660966631476 0.40487921438926
0.376209914043649 0.429595221756962 0.356655995709744 0.420727331322812 0.329707359887484
0.484504919299804 0.531488955267889 0.400607627805525 0.380376680805521 0.513857152298198
0.399465614186268 0.569951140760447 0.480974943988812 0.322221416722329 0.397680875695956
0.350762310519088 0.334436925934468 0.352932841895189 0.405959808578944 0.34927596646427
0.417469743368136 0.391236405060559 0.384416033655514 0.615132299818688 0.361792105582026
0.356829050681945 0.56173999166654 0.426365285539515 0.426645688936978 0.367838851435955
0.905529180610525 0.38561500948022 0.438548507519352 0.406954213788744 0.401863122904403
0.364407554598604 0.363397692779313 0.314105147832363 0.417343641930123 0.555038489362005
0.461102227618194 0.403066227203828 0.33265093992408 0.424360980915231 0.342397476836332
0.405951545062923 0.386174131250362 0.351547820261663 0.340082581884483 0.431300294077784
0.471550267805822 0.428218733554743 0.417103303554784 0.331512113130697 0.500968817656463
0.388163967556855 0.649229531307061 0.382529206385916 0.42000129924907 0.334101001610372
0.561829295368228 0.491813817910951 0.420074095885724 0.461067663996249 0.326497985691767
0.379007035590842 0.367608300362239 0.395516140805686 0.512532754233017 0.42457437677248
0.56517535762497 0.439897229338968 0.388767834422868 0.671886372156441 0.429827068975427
0.371934749866184 0.448489350746913 0.419932744590476 0.385504322842037 0.345719089105697
0.321306303754816 0.495900814907574 0.348745605347051 0.356102635665839 0.372620952941803
0.340779176933414 0.331610837656851 0.391988404060379 0.431473883927866 0.402778896301347
0.363078310245094 0.552242449187696 1.21095011550197 0.428617625088979 0.401410072861933
0.333026402974974 0.37082387895415 0.355940791484879 0.766099868792476 0.363924761019628
0.668148665612336 0.44177840383617 0.464461540096015 0.414310984031918 0.394519990230556
0.384033697577943 0.329135611083421 0.345154597000302 0.384146029515643 0.420304939415473
0.447792682506517 0.454539864874401 0.450690006070232 1.27554117139849 0.355105329317246
0.522373410454331 0.36438243718205 0.355907333699293 0.490949172593508 0.383559503131042
0.557074269421397 0.421572526515589 0.371550954001691 0.401747686439686 0.350272289416242
0.393865901303697 1.0354824576382 0.380646343498768 0.359030191471338 0.376813213681805
0.304405668799401 0.37434816997291 0.424386486295859 0.44758416572503 0.430759440836456
0.446557739978458 0.400012904037067 0.36858666971331 0.415453169036951 0.31235099541344
0.584762297785405 0.567014816999198 0.373953307000138 0.433337068021483 0.33843701610721
0.444571296540501 0.374764486814484 0.351612478429961 0.405666327843515 0.344652541368221
0.329667742546438 0.375827921369851 0.321953282379399 0.480153502841409 0.499281440224067
0.358355028611961 0.328457639161339 0.323308535490773 0.47152751263461 0.381563688303855
0.4789218963264 0.464139042518704 0.480765116288024 0.360539935132328 0.382645707245216
0.348804498282044 0.389636071382484 0.346406526177695 0.368349260709913 0.348392707018371
0.358096489879826 0.382896015412581 0.519371019850273 0.399350557920128 0.3567762688731
0.306443216885867 0.420514049543696 0.44061036391769 0.380366542995992 1.11790574326555
0.391866538022546 0.447725272911938 0.357006846533236 0.405635167961539 0.402903031976039
0.416949312510516 0.439493715505462 0.363569684531655 0.430415375616262 0.536451232719818
0.506260343011875 0.393080693212176 0.381345173819833 0.574560311974324 0.319528232186985
0.355598818186857 0.357287977003364 0.411807799117291 0.390388919969837 0.457819278720225
0.421622397995552 0.421387170302713 0.445968101034156 0.568311837490568 0.419137531733969
0.385515123109928 0.35121019406025 0.399500511401262 0.365931811208261 0.384914911650333
0.467680377714403 0.490107726942781 0.322931188875139 0.415900938977063 0.40268959932764
0.343504288892518 0.362549610882177 0.363786501313011 0.487546690917358 0.329412289689508
0.348723195449474 0.574696653772116 0.438158195313817 0.381879804538076 0.467780755758825
0.426016487290892 0.609149157068474 0.459693877903654 0.453883576927942 0.437033969275822
0.315277260829292 0.467637925939872 0.331953085607132 0.376089977912514 0.461942944884537
0.476438601929682 0.343917432428574 0.455342691894855 0.400896132414112 0.459009153126891
0.701191364428529 0.407350265515363 0.373954960282681 0.517275649653577 0.46290636080501
0.36618370512176 0.352269404708298 0.343699774228774 0.641487543205019 0.425772521643184
0.689004514189819 0.362177229816104 0.588200353026231 0.451019400211816 0.377509343729959
0.335218492047648 0.537049589762458 0.365870925912933 0.456056973126402 0.436832876096238
0.539732470482805 0.50091079202394 0.352731584874318 0.33840790538721 0.338103716790891
0.389641576443437 0.371316387296472 0.408739169469481 0.839516641257986 0.366548778794472
0.314352511739718 0.448273210038419 0.39813440850343 0.353624302137137 0.52569250452786
0.393192295386175 0.641394894410988 0.350869601305171 0.353626584238323 0.363296012512721
0.374733880659671 0.522248162044442 0.338268356064534 0.446576961452214 0.548867432239905
0.402466258139475 0.402093119985513 0.347200053043096 0.50998647957773 0.455955558595361
0.685698992145295 0.484097966006176 0.431274559152078 0.526680032706871 0.357782891324284
0.579660423907088 0.395641862548932 0.411723206185429 0.465476045651459 0.392394457560892
0.532370434857549 0.497322139411705 0.384875915247917 0.436980333425733 0.396194888818541
0.386031155088398 0.385450341442724 0.402827157209478 0.431721982374461 0.353663730222387
0.401737913862694 0.547998147439362 0.56429213272159 0.361777633308942 0.408256591712637
0.411910346146381 0.433695211452286 0.43454901884656 0.437787490128919 0.357935952169518
0.365123033602681 0.411129073069012 0.347846303665678 0.6018466019045 0.450691216766452
0.335870586915533 0.437376789929149 0.48288248362179 0.404665864340473 0.353148960972764
0.32114558743869 0.370444593192588 0.297646847792276 0.646545776884169 0.438189987344678
0.353955789751887 0.518422457392909 0.424158780801593 0.524319731357983 0.408311970468001
0.394224199092548 0.443004086569472 0.461094815469968 0.388765160134631 0.434719622940985
0.346417483997647 0.573753718436458 0.410860761771533 0.516586962572504 0.342876930525668
0.444443449918107 0.587389301533038 0.420858011300661 0.39190973429131 0.430208465790287
0.509815591608826 0.407356428149552 0.465711408510227 0.453624166550332 0.414454631539981
0.324077622223559 0.436649325466939 0.485059602858715 0.528394184502555 0.373851826943452
0.394755793152462 0.368209905030235 0.408246248029238 0.456371622981485 0.577080831477447
0.334223425164986 0.399274350239382 0.342010354938462 0.40355307994711 0.427251964573083
0.432764483698408 0.575864324694847 0.464147812859723 0.429448973314092 0.418889607365863
0.358915708496791 0.42973033269916 0.36713420328044 0.386858856764626 0.479244817194396
0.497466974953394 0.557886274460631 0.344628334368735 0.424353809976333 0.502367278100312
0.343136369978247 0.506535060514855 0.341987081084438 1.01255897456954 0.381201336114457
0.575362796810573 0.413578777048988 0.421988995243638 0.436140776570332 0.360484225546808
0.340143140582914 0.427551065205381 0.52949138369802 0.634928407915732 0.542210504292708
0.42492703612265 0.353623845120687 0.443886053693622 0.54046030498207 0.359091203290919
0.386123973382185 0.414817787483959 0.411804390301503 0.488090563249862 0.431248494866713
0.332384002282325 0.455329043984512 0.596237193104027 0.53127218519053 0.409758854785243
0.342749852101127 0.429481435803564 0.365921961961463 0.387029473168812 0.350532895119716
0.331682149282164 0.490045940634856 0.347689194087168 0.444026918108945 0.401258718720043
0.527985639460912 0.341643033286317 0.584873626805226 0.397892857988653 0.332586881821733
0.368765738306869 0.473841314725369 0.426805811568677 0.45619243292748 0.363055728247666
0.355268591645259 0.361195718903007 0.435630243342677 0.770696338650114 0.41374695211592
0.332307764600471 0.524233222275205 0.545879878669291 0.404216685652986 0.52614869263634
0.511427747089618 0.354159427153257 0.370990454955271 0.360566316669068 0.455938009172922
0.574709323975472 0.460499224176878 0.429456170181823 0.464910318276118 0.369951768748305
0.562056840294605 0.428379542701763 0.362023637920235 0.491781772930925 0.440014353724511
0.51160904446801 0.489292731433434 0.339368559866267 0.382279866559688 0.328036066083359
0.857892516155197 0.476796135071884 0.441186221348436 0.327808072954824 0.427659470555859
0.5635986513013 0.365612711605791 0.408965996791247 0.401619432927513 0.681739334513834
0.389038189778895 0.689945866674735 0.497588104583298 0.454368826444451 0.483084538274246
0.805138279567394 0.384555890666411 0.389800165309935 0.51633448657246 0.378188210077583
0.378183139786075 0.347562173657194 0.380938977003664 0.393175939501904 0.514271182223977
0.462810516725572 0.461529445361258 0.351650890399791 0.345311456285677 0.372479142090509
0.376272395753782 0.449635312163428 0.37778963956828 0.716210191089498 0.522949379047389
0.316394775256069 0.355228820373132 0.364910253016294 0.397600037528185 0.566164828865206
0.358953982319118 0.359732856291317 0.5500058520338 0.431170506722694 0.619084743138446
0.663851832152081 0.338846216545282 0.377061794938768 0.452250811533069 0.35467058021131
0.502887263874792 0.424857595386474 0.372355455653147 0.542037309159154 0.323750614185733
0.390963645039116 0.37514361290401 0.406046975038369 0.39552708280082 0.435330678731528
0.330032003239079 0.37718421607591 0.384262793482096 0.405353545565741 0.358074421726744
0.356161407273413 0.381530389268758 0.52778384079563 0.351629012254892 0.440692363406041
0.44272893986242 0.43808362873178 0.306555245262061 0.401599192020154 0.487914702264666
0.341560617006464 0.647988928346054 0.386245569914646 0.437178478179714 0.645596097502103
0.473113539772366 0.400550285160202 0.56018077416382 0.358645707752672 0.652454427661588
0.416269502110935 0.439279215227419 0.314137106677464 0.453608622362484 0.393469916534842
0.318049777756345 0.461623852350384 0.398620846547212 0.416197955469108 0.399828389872563
0.460121766342173 0.35287423449605 0.407300849036087 0.416728670009957 0.428796282864143
0.419163397878854 0.392123669718999 0.462015133168817 0.368453887101649 0.326443347459485
0.353989996709262 0.38452876417207 0.393882464465426 0.380130080763154 0.406813409297098
0.559107703234122 0.506197296967455 0.390664542545801 0.310037794667454 0.375908752272266
0.356692468866574 0.394280604192113 0.34708925330106 0.34187386876864 0.414968609448504
0.453685461053499 0.442731341252983 0.409050552148635 0.462315722992463 0.418245708625705
0.469372981036957 0.387796754574867 0.464086860187912 0.427728632295998 0.343753067677138
0.33193096889182 0.348286440555682 0.459731923142249 0.565419436859839 0.536059994067859
0.439949203574191 0.4251266879915 0.399761099405538 0.323221133018229 0.386243920337797
0.403645530902956 0.570230370711721 0.428210583433439 0.522717735980018 0.611643679073835
0.502655264835018 0.375886272253476 0.403861928061882 0.7686976500804 0.346267440877151
0.341405630748555 0.52507632245674 0.405743724606649 0.415531698082905 0.631450231056344
0.348561350244823 0.416852727038983 0.364689058831461 0.670381502034781 0.437800346809566
0.531256479815798 0.44396534065002 0.3768136084287 0.475776292845324 0.343617602661128
0.358654067617992 0.428596992623626 0.423907672961665 0.431064241194615 0.394952809024976
0.422054283306287 0.408578595818899 0.469304572632578 0.631806260012917 0.363476322009027
0.672966240594095 0.395823531972259 0.321003913807763 0.574220320817842 0.416566053512565
0.305342608071999 0.379126877389791 0.463330404348378 0.366492597560647 0.352621549943739
0.326888537098904 1.01225014469056 0.349261488306538 0.425671933660948 0.503999436051988
0.531550904317191 0.394070881009739 0.32963190798723 0.377763561813289 0.351152700485421
0.583518677141312 0.59645542165997 0.324884407207402 0.371900964505314 0.506625557949034
0.460486884586603 0.407643225128096 0.521900799867229 0.556353551817843 0.448748592495049
0.421094963916372 0.38312119445128 0.321015647431776 0.399178263102438 0.992022353047465
0.440145695542008 0.389970679953295 0.570935042237937 0.36072875744435 0.827321416209847
0.38613236469658 0.3792838830485 0.307620601632812 0.396562576725776 0.473892091162219
0.408314004651333 0.622604121009898 0.490440449316795 0.548060796086144 0.376499395619564
0.432916869822145 0.378275204549207 0.351589426147408 0.373506225801026 0.377057228893762
0.449724434477932 0.599313883842153 0.413308037638143 0.509669568729635 0.40049364784332
0.442060871204572 0.609443239738134 0.485396681328749 0.419743158177948 0.65444096298388
0.527389037536134 0.657669978434687 0.464924066403798 0.452491576218732 0.528018626088963
0.330530483143546 0.347543508337171 0.439481028017005 0.422850212217072 0.463003304956024
0.424990402293848 0.430637302321932 0.357111789261059 0.403087017683489 0.440385303902611
0.388388544296885 0.526220594937445 0.545725673536747 0.413626573842812 0.388727914299399
0.419134121170982 0.493351724465149 0.420553431954795 0.411307879221999 0.685470182325135
0.647039435257747 0.539519848829111 0.414130734322576 0.431905231636782 0.391808986640394
0.345502029216904 0.553369362911029 0.590791868392827 0.419441727767404 0.377135196927916
0.416795170296711 0.469408518786378 0.342387838497179 0.953022267085988 0.411826794559888
0.576678362641425 0.578064346544012 0.437040427409696 0.441876441051437 0.442621657290351
0.417858933833941 0.573280961619731 0.383902343086859 0.373011263778257 0.357585465391153
0.473584802324628 0.440488379355669 0.358929468056492 0.820597410191034 0.459716305521508
0.321146840748748 0.33085308586702 0.411457147642012 0.923793598319895 0.430060579189261
0.543844435431474 0.432955420786598 0.509079536824774 0.460954235909054 0.480002904797497
0.347097946566918 0.359400064875031 0.440636704149278 0.45547321656804 0.411394920550234
0.516325027772269 0.409405452731908 0.406653506767968 0.347405845304453 0.368257446637787
0.329109305650743 0.488683394711305 0.346293633198905 0.533692251877486 0.477696972697927
0.606122425926355 0.366669584390606 0.494348139073291 0.386345101977159 0.378155327375137
0.400180665679103 0.430302432256701 0.41833496461239 0.375466121292591 0.378832937907387
0.38673185208848 0.608996227838464 0.3431665653396 0.396966276121291 0.489676396882759
0.366539255050936 0.408743266931225 0.360168281100271 0.358642969152559 0.70676831821039
0.479602753619351 0.386828060492668 0.385800430577819 0.424977667067149 0.425195689277624
0.367559239925428 0.488779776049101 0.413130741879196 0.455308155973651 0.401616008770275
0.595640619993323 0.553476214381473 0.444930185888409 0.360319336264235 0.352837068481972
0.369611998684503 0.366687721782053 0.856779616297659 0.392123657017131 0.342430652990687
0.39807379254347 0.398547772174799 0.353405184256504 0.379826115139061 0.382952970929228
0.414197080164068 0.380552409015553 0.343526210115573 0.389463476911757 0.331929550909665
0.618370220231759 0.383577577515774 0.331102994886498 0.472073059635988 0.308874029157068
0.564818484170525 0.590741027389849 0.467169747948361 0.366813677689656 0.422017953092942
0.337660215235588 0.570516847694992 0.700725752903415 0.395435618311848 0.329547675435697
0.438245101722371 0.400463322724952 0.675923118007062 0.433819094700976 0.455688182366458
0.420637032524389 0.491115686369348 0.521918802382215 0.502308538634445 0.456263576304896
0.412948275765378 0.457240264861678 0.414252653244109 0.424273513301362 0.482437913019833
0.785605881596208 0.448276677712784 0.410680345259057 0.385205642741133 0.377431402720838
0.401585998715067 0.755615996977632 0.350758013831186 0.651809253077109 0.465321689160785
0.682846665182679 0.480032135826242 0.50097139600098 0.378866170157103 0.361257513708059
0.465294286527973 0.462608531282944 0.33346493561112 0.406068668601275 0.295461079228649
0.612398444874763 0.437501097741875 0.36730098579373 0.43808211195009 0.344876916017944
0.360387031940515 0.546971505941249 0.348932406094317 0.370882680271597 0.405351981664738
0.373521535831057 0.489923676888144 0.38335962799035 0.35736609679523 0.581144467362707
0.387034181339243 0.317161966490772 0.396477131639335 0.491464046234202 0.58127272912763
0.385890300533298 0.367124740448535 0.37539964241537 0.469454877204058 0.323877841942792
0.315602536673088 0.330085292834273 0.364963045388493 0.336751665034316 0.350353043214911
0.340778620934194 0.405778461051775 0.503502201241973 0.36010293214391 0.378247117138846
0.458562102298855 0.491535244204474 0.430121091603763 0.429074965393683 0.382551908152166
0.388106444111439 0.393752857726711 0.634937934562283 0.469445724786882 0.510142451704729
0.35880361495772 0.396465608813659 0.414087053873517 0.454413114743573 0.336272555890547
0.381039749383861 0.372767452641048 0.475661144502236 0.522852263187965 0.601387951871343
0.367991600622509 0.407400861308257 0.510070611371079 0.352044751994557 0.338536651363016
0.790625201772748 0.363947248966389 0.311201172567662 0.463292710683433 0.387463416441031
0.384201557268779 0.515620562763721 0.46565754439348 0.395135578780904 0.371530628201603
0.360084265095211 0.449560088849652 0.365119482686743 0.440420883328471 0.757064227488919
0.364419834233959 0.716091275451069 0.320428904024009 0.465120674535608 0.32182772217472
0.432415463133504 0.378505463203226 0.37702318673813 0.709842306113743 0.451111397938566
0.565960794845533 0.366315878668506 0.326356118890793 0.384445967219866 0.364177594090293
0.386299100650278 0.373389913328231 0.383382556783202 0.434419550062035 0.367381089985394
0.350310130367763 0.990661115725602 0.370470034140382 0.419633792599048 0.333617484939448
0.340481467832848 0.415983868094684 0.318566905946353 0.412333494978993 1.73548536499514
0.482498929862492 0.324280166123814 0.366542160561114 0.393833985623573 0.38873131627455
0.506033874845329 0.322560112940234 0.43712138755108 0.400613193338762 0.388980572154985
0.352742048779669 0.341124775640478 0.367842899150011 0.495543724316426 0.476018898945346
0.712661698062448 0.59396668791986 0.416329135381165 0.443586133304463 0.356270256092322
0.492240902676288 0.417987806043358 0.51703512063598 0.410743469819445 0.545132541385564
0.347328379927797 0.485966139350026 0.368306818410695 0.418131582523788 0.420482292772107
0.379749255892351 0.348837962913225 0.37560764694627 0.495732251052331 0.369379483594684
0.683871269672551 0.357161333403809 0.398363050880295 0.497373925077661 0.416136743896673
0.362251937618468 0.491290017796325 0.382983178531555 0.485495445771614 0.378685442737778
0.465258391283126 0.399873517616377 0.39986288571806 0.382309530460252 0.532192007858991
0.423470427965532 0.40969805139541 0.526167231427696 0.442746361804145 0.43871200978674
0.412306520650753 0.630918722330846 0.303732541807443 0.356747041858894 0.348890996301107
0.421881962989603 0.392717975754837 0.469238745236546 0.390785005935148 0.379561842074882
0.344576314243903 0.378389314253727 0.432278498462009 0.474648552729059 0.446037787965682
0.355560642161069 0.44702438142526 0.333238497797332 0.331228410378024 0.789310905459512
0.299597318996539 0.39693998201539 0.441151832272152 0.450398753895359 0.331143755806777
0.37056913318258 0.333575230103407 0.49086454444198 0.429576847629727 0.415466239818823
0.470907112266119 0.359061938762772 0.426930204860022 0.450518701914145 0.417981820519581
0.33196775863918 0.334585535425774 0.355805915799107 0.388561315058658 0.397478829835285
0.349512309310831 0.486478527728389 0.381938421313047 0.406519751879218 0.351354767446023
0.427767642727936 0.375973949603275 0.539560726345313 0.406718104767514 0.369332600383162
0.375406095629882 0.388787975464277 0.834625455607627 0.419066684535564 0.50339666800644
0.39593921538023 0.340116174331496 0.445002025993684 0.54459575601232 0.373324750603034
0.444727852606646 0.447045902950073 0.402825799842199 0.591343242545892 0.387687074631583
0.68077419671897 0.460072555388664 0.36225438329751 0.533149809735099 0.399039186161666
0.480173663215529 0.360107320407563 0.318169241892578 0.38609316742247 0.34314952707066
0.321214792146133 0.357108390004788 0.358194437150098 0.34509740797636 0.388025409257451
0.31134763688968 0.414942671283475 0.442064628830545 0.562264114459929 0.361074696819863
0.44687837264562 0.400381829910915 0.463845152905565 0.371417894043497 0.870810751824747
0.346572752766843 0.525532541976754 0.459223387449142 0.452263049665792 0.371115000951337
0.436312453670289 0.406391737226734 0.367876401486286 0.371132050437423 0.333892609611194
0.417468577655186 0.367883392564594 0.419818292506132 0.385659290309997 0.377608912751622
0.387097887913019 0.456359782828311 0.322459809341341 0.657323580313825 0.537611445089931
0.381296115349856 0.365211637133507 0.424981380538469 0.442346018525564 0.406961547703632
0.421346438436723 0.446980090464081 0.37854699624795 0.374028726350608 0.397269312511758
0.356838167903525 0.456657694897555 0.350823660954356 0.461156602241255 0.358314616059777
0.646157942821389 0.458516848336804 0.414327213057047 0.417043962262987 0.631758921921416
0.308174762330361 0.426481630242767 0.421425185147229 0.395803677380857 0.446081287568406
0.479254399176924 0.416178444104996 0.347082957372767 0.507024309866238 0.365230851835565
0.343453592124558 0.421188698305515 0.484313738146071 0.34599875450701 0.679757804445897
0.516113987130352 0.318955130733762 0.450532623478576 0.365975164042087 0.449892463431474
0.367234809063894 0.646248720457863 0.390521988887592 0.474302878338689 0.33338725996871
0.436881184567257 0.437090363559364 0.367801933236173 0.415544681625403 0.358720288661876
0.40049027146907 0.422609967196284 0.508494963662129 0.419150056908117 0.395412973612112
0.490025454257682 0.610064313545964 0.434580579315222 0.371886279636111 0.363241191255771
0.327337911109468 0.489312354129826 0.381721211827247 0.366094863976608 0.314944707975404
0.500457531200584 0.356742137060208 0.546249402826483 0.533914487238986 0.45166596760963
0.381853804442577 0.388914839330381 0.4222366813227 0.569855642828702 0.463280819299717
0.410037418070669 0.415258647991813 0.394026768332477 0.462625906912213 0.360076324976282
0.432353770711197 0.347473009131346 0.338480260881587 0.398038405383676 0.427254999443173
0.386361956589202 0.472662628591912 0.38044557567906 0.363006246026651 0.746875911848815
0.473368208981922 0.453855509561904 0.328076824279639 0.416642759895239 0.383449975713649
0.359252040931489 0.411939848734475 0.327518894811924 0.507205933144128 0.407386498131823
0.499172606419087 0.410976825131235 0.372795288876377 0.426503816494096 0.409122477604041
0.37764662454794 0.486475178561549 0.402705868222704 0.395193544298245 0.633405984188733
0.420562261074756 0.357006157482696 0.461558207382869 0.405581436019995 0.343951416745311
0.313235900908497 0.480604561890892 0.411802672352497 0.386622575549657 0.386598109654923
0.364043633108383 0.388536939792516 0.542807549763257 0.494293006647128 0.38042631759858
0.40653083207418 0.352320949958637 0.824627379817154 0.390915350938983 0.407736161312413
0.443209834772011 0.406922639402796 0.430607392389104 0.420715211038227 0.523091544650024
0.445412320321504 0.446123294373686 0.345163434336327 0.456145271207227 0.368419745645824
0.321285477352607 0.447502982734123 0.464441831941161 0.548834242132069 0.394465463671118
0.465097869089887 0.444509708947571 0.436808802663645 0.455502284715861 0.473438540476659
0.34226323455359 0.324202544211237 0.424085585870981 0.525894080968822 0.33673408619192
0.484132122374438 0.329272491360283 0.345470279080863 0.370414060887434 0.380149915851932
0.371206414324827 0.444562213903976 0.464588258491938 0.725929353975015 0.384898237184526
0.501912586222561 0.692968391726786 0.355598038184806 0.575169672673568 0.346284317510948
0.42268523393359 0.514410125711109 0.494701202450055 0.464519774375889 0.531978831052684
0.451751469335671 0.57616592660057 0.635854205066053 0.518699170208924 0.535649165677682
0.454733275009093 0.412466041187424 0.368749660741784 0.380642727108368 0.43724691569963
0.445233127314783 0.384167633220164 0.369782502276615 0.395298326335995 0.490302198897874
0.336797942555096 0.488114829926913 0.514577605415572 0.368967112287338 0.372820509067341
0.540198604344069 1.20786330987247 0.404378239802897 0.375517250328471 0.350869932993228
0.389190309409066 0.4263741809434 0.316789959407733 0.409370465697291 0.531190356856165
0.541485806285248 0.479573737976524 0.785558864413406 0.515613454561098 0.601190989694295
0.414166923448895 0.496687550709799 0.440744745602817 0.410149825482239 0.313445410245543
0.372292294172479 0.366265170361629 0.393380149556086 0.353225794732973 0.411798594196889
0.378983913477335 0.339557158256764 0.540172326725139 0.540534923655445 0.351662426438865
0.418089967394867 0.491710160357553 0.402569567120566 0.452665464277347 0.610000119832588
0.394865025770815 0.370006552897584 0.428486769533173 0.539082843518587 0.322242378481487
0.42616672975301 0.396803665027131 0.371743573713084 0.439302833517833 0.4284212148269
0.407044797743404 0.405669785528205 0.39206919846749 0.376552522215104 0.334766304437308
0.402189938803669 0.350510277487442 0.439055302678801 0.44366110295509 0.410180131480676
0.338378094089164 0.543481848716895 0.46893946366927 0.412096391308446 0.427220691752968
0.393739701320495 0.336720065057519 0.44573630041312 0.471347799707661 0.541822038167398
0.365495045037727 0.380940104613693 0.41011200814917 0.393750340779044 0.349411996036426
0.63291216273533 0.498748988581397 0.372651401256485 0.3488006211683 0.463937952313481
0.603111132694631 0.398254374060765 0.372664667509458 0.442939812456211 0.347448023801722
0.366060167136041 0.473198442327743 0.312016389621497 0.377457168218606 0.334905081800233
0.401245677301612 0.346877018273924 0.528708160481036 0.422675005656686 0.416420686899494
0.360255111489282 0.569221057613917 0.444652133607092 0.422469041430473 0.343987384330947
0.417670782196943 0.727597791569572 0.339262276905442 0.400470876096763 0.347774196485387
0.480910726071736 0.421828042516443 0.514606465808917 0.44944508401945 0.449844408059735
0.424182412660369 0.378446416109623 0.398341831346239 0.33614677573129 0.444113912400368
0.344837457884291 0.532874291238112 0.410586147273513 0.394716798346866 0.364916053480872
0.3593934389908 0.326459286763877 0.468553530694804 0.397091828239407 0.436683962938045
0.358366032619225 0.676365744275818 0.51848103688291 0.405007547509088 0.427756634378122
0.476195104483483 0.655302063733253 0.435473603520029 0.482333442173389 0.433219897199876
0.428162232110215 0.4616942955215 0.317003823396252 0.359712518149929 0.360075173223541
0.336905107479759 0.413428615155253 0.313867038795571 0.631711236487665 0.427546735480372
0.341264850464419 0.412122426377707 0.497209176670179 0.540386948180179 0.38187188126575
0.414466875858097 0.452788706365081 0.389313816651508 0.359945159612626 0.353199566809698
0.49345084008927 0.475411193781962 0.586921972266038 0.486580183490113 0.336856368470335
0.333408849740058 0.348791526532406 0.576880600983423 0.320850598429389 0.320145363711272
0.4513347236165 0.311792096929325 0.360754049003055 0.422934876354636 0.336854336320573
0.568138471543681 0.375705244292387 0.380526591017556 0.427065597042329 0.497973841242907
0.358718361740092 0.524627293253208 0.44783877764714 0.419194740637755 0.421457418437962
