0.377118991226902 0.507931198830047 0.358667010424632 0.427097140692461 0.343417951128065
0.449222784434443 0.452716056130077 0.343410212655168 0.367362978466057 0.377673722056507
0.48475744252445 0.452289290442374 0.345969179063128 0.365186345993766 0.394369654083981
0.699654330243615 0.368153354433853 0.384266027517831 0.37992384844717 0.445342038532565
0.373477744530682 0.388070588785967 0.398054219126929 0.371207661307833 0.423197060300427
0.341658077331115 0.387615365587754 0.394157373307676 0.369117199465886 0.602675278564391
0.364714734955391 0.397143184022973 0.645523762031961 0.514220570043409 0.348909821410851
0.346192468522049 0.35582614291238 0.330111039316587 0.653174293641374 0.541616083374233
0.325581478032863 0.370700805568738 0.345714959338023 0.456939000522257 0.394794755663851
0.38323709381389 0.49685360931598 0.359426969309007 0.473169470692817 0.44592492449379
0.526960173806445 0.419617085877207 0.356997805356295 0.479784414848824 0.346808378269148
0.495788350235551 0.496472258011802 0.547202003899347 0.460680742885172 0.445507792091287
0.449003202307246 0.39419764763191 0.371134339592605 0.353569217059774 0.361100021886982
0.36823713567631 0.342897078199091 0.509674866160804 0.730590571908779 0.377471132554325
0.301013336291841 0.320175873541588 0.410671613521097 0.459323696791067 0.444341284715708
0.340207952459754 0.536494055624404 0.565158686372658 0.499039645021317 0.476739405325918
0.365783747271705 0.451337016184177 0.323454406040202 0.359770948343762 0.534989482627581
0.360498155468995 1.07664773713185 0.429717493258164 0.340367058708331 0.436154517303993
0.458478127062512 0.486734147103369 0.450143325017613 0.426819180197833 0.585129470328053
0.512156134296567 0.323713439988555 0.473285739124601 0.443299399753956 0.473127738096523
0.358714703447259 0.604832343671953 0.486712811509332 0.451406299792475 0.370707251954856
0.376938980310001 0.376635815647829 0.347753590251605 0.564833608473822 0.396781022408383
0.594076030339597 0.398489677747962 0.699495563880715 0.349666795368097 0.448104585836394
0.48203617383354 0.388114509227156 0.364485004703473 0.649109606810659 0.490899892257784
0.337156494073729 0.367058081187239 0.321986382834878 0.393763311612936 0.335984784908467
0.36722600529372 0.396396107884609 0.348805099662859 0.441841641526408 0.439886855375958
0.419051830801969 0.40938082096947 0.508677683069037 0.457991883147927 0.37926354871872
0.356205057615028 0.386802298919594 0.520924270679538 0.44173936089475 0.455559878585966
0.420245176165438 0.462129132448752 0.432408111648114 0.359543120730359 0.372182276551092
0.580120334677136 0.402272566159804 0.431370966148845 0.433103652775495 0.469721931121497
0.37971839628271 0.319990711138419 0.356431853353291 0.373033591379319 0.496026489284096
0.363633631683672 0.405228326572766 0.360821035254988 0.426938426232904 0.389973129504632
0.437008123175121 0.515967539765143 0.592079726516984 0.377438673587628 0.373073443037882
0.388743956041902 0.373467691181353 0.362117775896494 0.352452867273348 0.401974882565514
0.475334663357287 0.431971572384562 0.510978396451795 0.319866866695647 0.50678023362142
0.487310526111315 0.329312665367388 0.340567150586864 0.57722708657967 0.435625793576775
0.424200464195356 0.392222495423326 0.483767787111888 0.415103537480208 0.318103707521313
0.361992329537475 0.342905271174343 0.356783505643392 0.344171535836172 1.16279074518656
0.559827361158543 0.478323024709196 0.438281862149578 0.673558362065451 0.517831411770986
0.370093610157074 0.360667295125386 0.370303242501983 0.501698346727608 0.41845840606031
0.620293443915024 0.349398830925663 0.342611679534709 0.35299520606168 0.423557171432072
0.366519096716737 0.358296566850114 0.391234313165085 0.393405975421514 0.364662687478532
0.353375125585369 0.385735598123765 0.410644256619293 0.322276407927882 0.323197148820456
0.38442162646009 0.381296419519939 0.444240424349396 0.44319914396477 0.345041004752675
0.479575832448577 0.502219959215751 0.776465312680074 0.473020883660093 0.350823660703689
0.384556321213103 0.466281514437747 0.456439765705145 0.332690605353575 0.322005600950482
0.39782193837983 0.49197801198316 0.466111810007599 0.334874018035413 0.40007011163329
0.407396012785948 0.343886847995994 0.355794450608229 0.362175212263877 0.429206646176099
0.406813912244318 0.392336805855409 0.525419399431393 0.528969307772023 0.528389890150977
0.321358389666236 0.394559355792926 0.382358479734706 0.570621122929074 0.322591924612759
0.393031016793797 0.493584372125389 0.475391839376444 0.38603195822982 0.381262638594045
0.443152394262134 0.490073268546218 0.430615725755196 0.503403003600558 0.444675648942856
0.393851320632212 0.366694944184136 0.358210559999601 0.480772849403826 0.388837030240888
0.433486582228629 0.473415196926757 0.341776948008999 0.887117926339325 0.377480872590055
0.324813252633966 0.38108584069698 0.802080768261751 0.368559691197332 0.322371327269346
0.4064397533312 0.405282069120389 0.437011417750576 0.38686235782373 0.357181239843957
0.344712455132226 0.507850784227799 0.381879577023076 0.405258335118801 0.49224843290575
0.581520375047195 0.34535940569438 0.403648823126835 0.344231192591303 0.396780922830802
0.424099849270244 0.39810720894496 0.455749239877753 0.450409421919219 0.453937288791755
0.41270608304896 0.722421721697574 0.413890986764275 0.513192143271987 0.815888972497543
0.372715518035954 0.570627885485221 0.411191724086415 0.379301203123278 0.380283091991683
0.36657430412135 0.874238197370905 0.344159578954078 0.384329250991891 0.573250048841666
0.434811171585954 0.383329254534525 0.421664521034854 0.488723705195565 0.466602343876705
0.488495050410099 0.417612898429258 0.370652337612884 0.361710297880287 0.558769160611548
0.553031567661042 0.353313910381011 0.436205092898293 0.390204254718459 0.430801050625234
0.41398476489716 0.487361251848854 0.421287987710937 0.529112127819932 0.350167974803206
0.461799927794117 0.318075217840029 0.311499589300533 0.457555943685795 0.54863327310197
0.664642541440387 0.350607672735317 0.354507433363234 0.353985199776359 0.358160788671758
0.467127790679029 0.499059917615956 0.489376412035228 0.404566395556122 0.331725322787252
0.35331170297264 0.382465353965142 0.489776489446046 0.654133009671567 0.431159744622167
0.464931227581065 0.391061609897452 0.314679600901142 0.595909494307706 0.50533247376461
0.357857589599018 0.37139473979926 0.443998504652786 0.394877249968747 0.311770265311539
0.417255754291311 0.429732365705379 0.329440258283733 0.334921681915234 0.385698318585126
0.398492421777565 0.5351207039184 0.44789441962255 0.452198077117812 0.421910372611956
0.373792671229714 0.415832457670135 0.345579308850635 0.357677694798935 0.456742457769711
0.303960815160193 0.324651536119662 0.440542978472524 0.416074895733269 0.549541744757191
0.360544662391607 0.37988470303345 0.350474019354926 0.401427645000954 0.598052578172738
0.333762002930207 0.483677853648564 0.367611512219389 0.620376346232239 0.469281461374198
0.917645502141442 0.397868742587913 0.325493944533363 0.299423437236805 0.398369027248772
0.407816560925168 0.317278879570799 0.324256333381122 0.38146130894168 1.00326550260224
0.560070054463945 0.354496009612178 0.393692719782008 0.415076755601984 0.400063752966581
0.349514754441152 0.479467909190653 0.41642069391463 0.426110546864624 0.414116923152651
0.347860460979343 0.370817953849797 0.350113099509644 0.39973259261569 0.446012897816171
0.346866182306141 0.444941787097531 0.435793992331257 0.379668883354887 0.458468747826975
0.416295487671756 0.444178355672897 0.351161961016777 0.388888973707314 0.495595915160916
0.430351895985641 0.357508547965028 0.429782676773335 0.39780066118266 0.36660217511992
0.491856174088253 1.59206669864974 0.389240810846151 0.415636543529094 0.431553441189624
0.536254763985074 0.347353567506478 0.354544943940755 0.443884952496427 0.471262291486441
0.45841530397978 0.438004019454531 0.377762323190953 0.412295077525262 0.422146866173408
0.378685883114579 0.616980412503167 0.439038553457573 0.371422366344804 0.321308455676396
0.460949137679752 0.488142991048003 0.466955749913354 0.442725054923189 0.369188769025298
0.483659020339501 0.375219197834625 0.423892447108243 0.462550401020941 0.449855963427524
0.84720787824914 0.423417606331042 0.447407239321682 0.377258062022063 0.334676004949135
0.328715016182611 0.335539531768403 0.453278416842644 0.510449014565576 0.354483674154733
0.375288714157096 0.312169541920781 0.418092403361455 0.48946002161855 0.371071979731657
0.377047478690514 0.356416856261324 0.37337256189867 0.400023604121572 0.457480090690487
0.39844863146143 0.972705111452188 0.351564917217511 0.395623213699887 0.346085251565553
0.378488885469743 0.436441571851061 0.384507490727418 0.481920590785155 0.494844954531402
0.333237199997203 0.340600268996812 0.345631529045298 0.410416195173912 0.465219634554562
0.32114978732456 0.336930798857976 0.345048535264431 0.584684895078834 0.415768190897141
0.362448498618004 0.544988783214547 0.369121004912672 0.503134286149254 0.377954851859262
0.412572177715857 0.656492779421563 0.462729634280986 0.394298164020943 0.478793662535947
0.501687753801271 0.481113447905228 0.373459642232173 0.364603983290553 0.375591264790895
0.451690483472242 0.43317276833649 0.434458871221457 0.397793302341097 0.480342928880422
0.359970040215801 0.429758775466349 0.392260520208775 0.320056023805117 0.533519207822707
0.470206994040598 0.395225639114143 0.466369095096462 0.524817251949319 0.471676952111551
0.348333458747444 0.54471829497266 0.372031746948457 0.435878390533984 0.430802235657861
0.828325210123913 0.393112180617245 0.413300627709948 0.469324961750438 0.495460594814781
0.425911221770555 0.463194893594666 0.369933497076166 0.546397390898261 0.327303042773249
0.317433456473999 0.370437630338622 0.405082961857749 0.444690293004861 0.44172047108861
0.401402012613996 0.522108273157196 0.551828575129647 0.359957903218201 0.346044056436925
0.338471127906249 0.352118281058617 0.546989820088611 0.409218767716412 0.443424151142999
0.377741574611821 0.489320163655277 0.427646547746413 0.313818608574535 0.380288896162851
0.375518261718416 0.380937488361682 0.425474939909044 0.377195594210164 0.38829980720748
0.358494604876752 0.548885125563004 0.329253100360172 0.519054205057803 0.511733665475959
0.443158664675682 0.35896377807788 0.366690750649415 0.561085762737285 0.392729878677619
0.359020535397307 0.448316275265264 0.963140456957809 0.422063227740206 0.399083275570653
0.577046030747919 0.402438187221701 0.476535914974011 0.445525120733701 0.427606682540032
0.399159603810552 0.421739673949351 0.32323782834291 0.515676576333986 0.450569289721758
0.474560545186177 0.431809089965537 0.368961487579095 0.45636128515025 0.322507025334222
0.653285435367109 0.401914890666401 0.481590741047872 0.467317212490643 0.422852827964371
0.361681316029765 0.47600306182658 1.05460855554039 0.303187412053958 0.338031393065231
0.469609627832686 0.404728797660848 0.391811565542494 0.576902710779893 0.333884021336886
0.368211913928828 0.452720156240124 0.389065132709318 0.790549076658607 0.417893661658693
0.380985390475763 0.504440248879365 0.361544304891728 0.393132169194519 0.578108480998235
0.651482274817576 0.646523817283272 0.453228480102288 0.31809177932281 0.598243006181199
0.446463684034616 0.381962138613596 0.398595189002266 0.345239407629642 0.360863785950158
0.448783809432027 0.437479161070309 0.427576318292834 0.332904905927354 0.489674099366458
0.346702566915858 0.397325446167881 0.505222386998485 0.344827158403471 0.403571006971326
0.370591189286928 0.351884814622333 0.761500273293732 0.564242426770047 0.40169946106551
0.325858164865058 0.361633514506908 0.357028794609713 0.409635698968013 0.488169899004671
0.353068650944577 0.37865727079821 0.436649919149804 0.3887058570468 0.422653936458052
0.783144849666926 0.537337091947548 0.689022648168104 0.495719800315223 0.446777072364181
0.426484454072731 0.374456840428218 0.356867072385184 0.478228728179668 0.369609092210955
0.541467569635729 0.525633231628873 0.385705954236182 0.375300362619599 0.351282736279202
0.345686229538034 0.395126493363407 0.478247863113152 0.392729914844599 0.365436040028725
0.354619363416101 0.346542470247391 0.340756737091324 0.411830423550957 0.48541560544988
0.489206018429369 0.400313080676872 0.420965763121312 0.549470678174729 0.41455884745222
0.472357864959123 0.442442212021173 0.521497556787936 0.359916659571686 0.531152598624381
0.350006798440352 0.354498719517039 0.395450988133026 0.586195087788733 0.52814988542873
0.409144435295967 0.344715937287454 0.504943756010613 0.424520934822477 0.501080769027128
0.422411247245951 0.427751529361274 0.387150245241972 0.417040059627665 0.340479156165772
0.349751064108288 0.775855555745273 0.389542804171566 0.330675897378131 0.414708343814912
0.336946910529451 0.377432823715832 0.284713252301312 0.406885500507151 0.433732649758614
0.366206650091532 0.356049506100812 0.517179325746509 0.348847827023212 0.413961874653096
0.374961427558486 0.40462965426825 0.351359466592737 0.454419670367788 0.411768842874337
0.447350913695409 0.325594315588745 0.309438121112662 0.445323831343815 0.551575264658374
0.342020087261351 0.366913791646399 0.401297314764015 0.390940066140241 0.362723437370434
0.48292772795497 0.389753279129332 0.326389669081451 0.315506247628106 0.383377040149469
0.359414139586964 0.405302043014061 0.410918344324693 0.343015103241511 0.339608727076076
0.320712438808287 0.764700435344021 0.511680865756538 0.351442639728581 0.327763295388994
0.361719568518572 0.44501097926097 0.396648400908706 0.468262014124828 0.377605949241163
0.401456371549083 0.428150685429207 0.329515754010814 0.396339030496242 0.530690668109379
0.350725619172673 0.385793222248201 0.38530183057591 0.432893222088392 0.374231141225159
0.385429957754073 0.449008848487237 0.381084700901547 0.360446173707058 0.666118360251943
0.424779091451232 0.368137580004966 0.36050048524572 0.424409185385837 0.491166704333558
0.544342883209074 0.423327209008962 0.598843667829247 0.414376493586375 0.409945715984266
0.594757309041027 0.402590335577814 0.462696227149149 0.632347721216098 0.417123494638571
0.431995453680062 0.421469052843535 0.327481044476311 0.634274434430669 0.406661485852995
0.341574251232921 0.39516366205496 0.397664427551223 0.462351911333324 0.408482155156766
0.414500599739598 0.461780447476589 0.35876423903214 0.461101498584171 0.346999391333496
0.342580371453257 0.47295306953727 0.461662274474765 0.337177985254801 0.502518316849179
0.360131546959484 0.416397526040431 0.371499423868183 0.351564686246076 0.631892448086623
0.39252433545913 0.373716980096076 0.353957260642393 0.429490234590213 0.831016441262031
0.320497679413931 0.420810207703586 0.484654084989552 0.57251112867119 0.434157608377966
0.347991875431966 0.701289361189697 0.384247688245321 0.428285324723505 0.327380838663081
0.458598100920229 0.48370409441244 0.512073258353064 0.435866336333397 0.418634594955486
0.387300121548342 0.505382066176661 0.353764937202158 0.401120426158723 0.442184692851854
0.404325279577661 0.462981197056762 0.577622583214379 0.386412637118409 0.365423302992008
0.346309084520473 0.32523429554853 0.841743113525601 0.391717524045016 0.341773900603675
0.372573459052296 0.415057516766083 0.388514058479787 0.441458188691138 0.355771998285306
0.394158504403008 0.636201206898055 0.545337531901651 0.564786499811472 0.572704338933677
0.362403600836772 0.384746361552693 0.500020283485006 0.425077078606418 0.423609554704048
0.35869335726928 0.34672479685431 0.344507229572825 0.409442179526015 0.313301434218456
0.401534494512809 0.379978617036514 0.377883969667109 0.492343916969553 0.347664430222067
0.359525450205773 0.345902517563213 0.524950905866488 0.44410045367272 0.88513669721381
0.373792352805473 0.418201766380538 0.49384852436688 0.385017352106392 0.365432426643344
0.773687059462022 0.383418354996496 0.321527824276897 0.36831221379266 0.449567962568953
0.38409995961524 0.45361247572112 0.398631447062024 1.13947733593337 0.452354954787532
0.633139052133955 0.594309831046591 0.415997097308056 0.425753814290508 0.35379147892499
0.427989726525528 0.389982570495015 0.417069561232783 0.606427340349915 0.42735647436789
0.41945278139428 0.683800504131019 0.352768730206272 0.422977675239076 0.392813636647519
0.395653431521818 0.385255618205035 0.358698343173982 0.50830526548592 0.396570284037802
0.330561277177459 0.399728065304198 0.432397678072927 0.437206183127367 0.420581782675001
0.476589166635326 0.422612623662142 0.489616444702926 0.400797190052317 0.523841155989268
0.425973488274681 0.546907063811411 0.365571051541961 0.438790853574733 0.385790023149286
0.410362620604609 0.446670004546308 0.382102421825289 0.409574921529014 0.359084584464406
0.521459646326315 0.350901082864007 0.440697069880395 0.456713209814321 0.448912743837312
0.469852816558577 0.466112693985016 0.375172668806546 0.409840936433293 0.375059325681679
0.370191153074183 0.390251638295443 0.327059746270724 0.358537022966947 0.290920176352054
0.397860468360277 0.318061453766613 0.350062082441538 0.358212254157774 0.619491327590442
0.338106116764465 0.48300585145489 0.300671391889822 0.552781393910102 0.32362671400579
0.356620252977537 0.40355839166688 0.344559524309958 0.427571662152235 0.349591347019809
0.457089367522443 0.341929357300727 0.374820608463658 0.45772426793311 0.357617810190866
0.53003204682 0.37320460483881 0.520170297208241 0.412776480231325 0.340525509474234
0.40702765650636 0.548824190453318 0.340857150916388 0.393262588128939 0.370778815010135
0.533301366485327 0.444155420063281 0.34265660167225 0.313985323984669 0.390655924412394
0.326830163177563 0.514573591393017 0.577986646646276 0.359282476319594 0.344935508415126
0.446747505350768 0.37507068997131 0.395643604230008 0.349365371299106 0.382494498986953
0.386362647015577 0.452244114247637 0.368420088595705 0.431558700701972 0.536523706200752
0.356651265501256 0.331032983557021 0.641628908691814 0.339746675146192 0.431633008928744
0.392260226104018 0.329188037690465 0.472666464448631 0.426177723264866 0.331703874007102
0.402860502477797 0.346812642642252 0.435349570884423 0.34819995164925 0.347459172242843
0.324448396045532 0.431192833832254 0.426007764020847 0.46261978612452 0.367964040036196
0.482133543462524 0.468213330043224 1.01754011037231 0.550880877141911 0.373285694241562
0.392256389283615 0.627864706386613 0.351782888529606 0.442342337802293 0.326912645603442
0.398306432335663 0.490235195030442 0.425751445233473 0.404090048532487 0.395573833665079
0.416243792164229 0.402021487338468 0.374615499302925 0.415712426640938 0.340651778450983
0.46848659563459 0.648542364331175 0.34873551023912 0.38767042554059 0.430459067556436
1.67021472673596 0.458456125483571 0.663786938907563 0.369417655426529 0.315740279001323
0.398982757815728 0.521828676006048 0.47751564795512 0.469068997444836 0.441276889037524
0.344015204228878 0.353809267655726 0.331423964335642 0.447222123788929 0.461105913878406
0.430706635232742 0.747340005899646 0.467444404842649 0.403477365733857 0.385474951443783
0.36256440439151 0.925483257691883 0.365059241748917 0.382442262102186 0.356328930245053
0.336857489841564 0.305664374905637 0.401520235198387 0.90058796197038 0.422258721694236
0.327824520230007 0.448184231088082 0.369366731543754 0.479643028033767 0.422853320293426
0.334000754215798 0.377015649528467 0.367327068019985 0.49935615956543 0.32770092519075
0.443960944036349 0.430644905722641 0.327198208485448 0.630045846728889 0.381959682492162
0.394483937611149 0.351293010283744 0.317183180575212 0.47862143312361 0.384039564154139
0.408995399916208 0.502225984507982 0.428292976406004 0.43286922843131 0.449023311391435
0.420324041736746 0.505207941075125 0.383862521424594 0.390316474395582 0.355733385528793
0.394025879508336 0.434272088949385 0.48992183970367 0.461484296113131 0.390962967947618
0.459231936184805 0.6625753371683 0.520001341364694 0.503040469326316 0.512730717260829
0.335328368132368 0.342351302388354 0.358610940743015 0.332598699651199 0.398055814231805
0.481025333594972 0.352437195305994 0.709776863560374 0.380467158362222 0.38330115658048
0.554132471621556 0.320679209963423 0.55789182746426 0.387282787207453 0.349306817797616
0.429766366953596 0.391332567069873 0.393463831965597 0.707116895591712 0.314898950732463
0.368792836581721 0.353556837653445 0.356722444712944 0.3278443792415 0.640069468513115
0.526393051543316 0.453462924189552 0.576123711755681 0.592329123132313 0.437435233919724
0.307858538968551 0.41697864878907 0.331698701037801 0.625267919437267 0.398206452653778
0.427366158744371 0.416105585541901 0.333661217330773 0.366758505225769 0.338652376657924
0.608352270746237 0.368234272403543 0.361872061364503 0.330125355311936 0.491266671076785
0.4742692044054 0.457885505312664 0.421862018858332 0.493697602904446 0.47520481709414
0.447125708083448 0.388305368246292 0.46497884697342 0.413001200268743 0.386700267077428
0.368872164861551 0.395172802937579 0.52164168113766 0.406757110765752 0.343509926958275
0.396800284527836 0.599977841458574 0.477815828630177 0.472379042124387 0.520770642021851
0.495009594343474 0.36370908165411 0.428205471128008 0.502960485790615 0.2987972828936
0.404827977742188 0.497626794963281 0.568007753310246 0.332362931417717 0.428743017036952
0.458750656499395 0.396419322937537 0.458613825363711 0.471663265530132 0.422015609258048
0.363275099317017 0.587896926813916 0.394537056931856 0.386646799378877 0.353814856165097
0.349320353874517 0.576122107788503 0.39101321465304 0.364535222807415 0.369295102991748
0.365334787296541 0.503597304692777 0.345612454704206 0.489151459916266 0.447964623464538
0.404466544533762 0.440767585282528 0.340009780764611 0.337384240470748 0.375807745799875
0.319989412906388 0.345403919656223 0.37281697172276 0.306696993381013 0.43804547760842
0.357541669989989 0.375598535916499 0.338973508124472 0.353307404164283 0.350953169447657
0.367029982592942 0.371672450910866 0.498072495630031 0.398030543550272 0.389053285943117
0.384340615361255 0.419070243054782 0.327395287233849 0.45806904956679 0.468277742477756
0.481221894318203 0.35237269227609 0.377625159304757 0.383131732588275 0.384497872033464
0.366427166723192 0.317836097991084 0.441463466471978 0.409260073677395 0.50280905607093
0.36062205858916 0.657918531414316 0.323325109842342 0.404427408652189 0.371525364123026
0.558091608910974 0.398472309107775 0.422499510755704 0.430813092632315 0.569225114094793
0.343092268865783 0.667346794879502 0.397648946269264 0.356172282332346 0.316601427703877
0.36279154254034 0.418959076206774 0.384968152730986 0.341590548489304 0.35173382809306
0.493519266367144 0.36272111563886 0.590569194663693 0.340274308816977 0.314567328943055
0.457466111920376 0.506053525107432 0.386201719741978 0.443963491631521 0.393584934646125
0.36101357418987 0.462368583450444 0.487149231147027 0.349268377819605 0.39221595337
0.370251194631189 0.442104140275473 0.489223357075153 0.493905697256224 0.504794512967848
0.434327530982836 0.350815165866288 0.371830282265525 0.382899219521559 0.359466172224357
0.741319518228294 0.407062383006232 0.723088401464364 0.522765133482737 0.335474504683
0.494484619341362 0.403410841986535 0.4496292052793 0.467139506964872 0.575325191571484
0.46565101980978 0.45419451058864 0.828010321575247 0.444855332683951 0.375585560505989
0.33542191088959 0.455463741247275 0.457441712762637 0.446891625092679 0.403831213863081
0.478279542735762 0.483911567941349 0.357248407988717 0.507327107156848 0.386728842561886
0.40652227258269 0.708198450150522 0.316112605850534 0.387631612621443 0.405291991611414
0.377667703546816 0.361181830367094 0.403791445139591 0.339439874619286 0.577713303392404
0.339616961542396 0.374500269498323 0.331802455551077 0.37614574499289 0.445178777897932
0.495966095172117 0.408273206110411 0.327417966820042 0.411267730909707 0.412572377034677
0.705528875412556 0.675771146119988 0.523544360448778 0.372786857200109 0.528737840644134
0.420546916318663 0.381819554672704 0.395931561685301 0.405969534857673 0.454324562765358
0.904073882570458 0.44443267395086 0.299935366144568 0.326562323733845 0.346882350874319
0.346460596633812 0.396021271996047 0.365383590977594 0.545238801317863 0.405260472529129
0.337968095575958 0.49794136139112 0.693383141552446 0.385395552603195 0.484306672808717
0.385139919944197 0.458110539416421 0.434967373590973 0.361864040562398 0.479860016937033
0.378374997975417 0.436051923657204 0.393235217781958 0.486943210877052 0.855142459857492
0.949747935864732 0.344909134701351 0.319127736811841 0.480826415246982 0.320998324902981
0.362619634223396 0.481839255104101 0.441025901669289 0.506869663347112 0.46678965613163
0.423198080435112 0.396199919001716 0.533693938462287 0.39511604400238 0.412509819055998
0.390926159966392 0.557867151313541 0.372023676200386 0.396702662775868 0.3327175787897
0.425920943934957 0.403262530169768 0.397523021025466 0.53430105294047 0.490420990233061
0.382121811186164 0.339177655678146 0.789139131692977 0.375326205360336 0.3466691246123
0.36787394937283 0.425156833217079 0.46565634306521 0.531406445056781 0.3569322578143
0.361422776966614 0.354614857896858 0.37412279641215 0.410472862700781 0.403796136395277
0.447512351463563 0.468348049246147 0.374126788212209 0.360564463749791 0.366425185953283
0.375235001469533 0.431914041765236 0.370084189830153 0.422802940134109 0.402652336805224
0.319770921340685 0.418801338219892 0.357728273696558 0.429546313639903 0.516816861992875
0.330630336576889 0.393509975490362 0.452453397285049 0.580922793389724 0.365244861106546
0.996924302142094 0.424482296758982 0.342895234886472 0.447684194863437 0.542173111978186
0.480851033402385 0.31425951436172 0.60721993599661 0.445261940487166 0.313986655882277
0.418390654817407 0.328543495686083 0.345407547156436 0.398731125252977 0.435771971861527
0.711210332044753 0.542353065817833 0.493510972323592 0.373481650538529 0.40652214143509
0.318521864311037 0.595587281380883 0.418778043800455 0.466516351259698 0.342386336383155
0.496681588824472 0.57047761272986 0.49385181039831 0.600457693161511 0.553895441206651
0.736988863841756 0.427445805013001 0.427408081042103 0.434379887100844 0.456747457715363
0.417900052170782 0.477607000864659 0.627196476162325 0.419072231898597 0.468617474687579
0.414486393965787 0.427534854624129 0.372216713316282 0.403129621103402 0.414927195052968
0.341574618739245 0.588597858890355 0.400457597245269 0.423235283677003 0.382703525657603
0.61089281201138 0.406543825083159 0.338560142446852 0.522610668173984 0.333980742584756
0.499938453859101 0.630311947448393 0.41552287908644 0.396891136044386 0.524039570690673
0.326488376461667 0.748472248901911 0.75229979470883 0.378214423313351 0.331882746715873
0.458146367477286 0.377979692298184 0.491235554143352 0.376075984598158 0.363896678148708
0.404385697515267 0.415759279043286 0.40115776346794 0.323721185195364 0.358481726757738
0.416520818441383 0.395523956703636 0.408695377302454 0.381577557911254 0.402219219136004
0.37067070221376 0.354067343393303 0.431757252501605 0.329242080353169 0.44211163837704
0.414396454851478 1.00399617299389 0.459510015228069 0.47841416877551 0.475412535029794
0.36160800743986 0.331161395738948 0.632781772908557 0.401983420281196 0.338571330151414
0.368234997795985 0.443582580618658 0.323432811987759 0.377140387570964 0.406066294556037
0.428836996977792 0.483611344752569 0.46293490030577 0.389378328966135 0.378015421339511
0.453758324400608 0.407268344027153 0.356531950848662 0.392255883832017 0.521569430467485
0.343055467984717 0.495663301786071 0.388505526176521 0.440004294053348 0.959167588038289
0.36853363495248 0.420882121552325 0.357676271787048 0.408543304118434 0.321737651978306
0.414782603604115 0.430963649892122 0.386682208714973 0.404837270816052 0.440351851805815
0.382425676827668 0.442732991793677 0.402447537842019 0.508922034907344 0.794769419608876
0.290457005245498 0.595774622371745 0.422135007423401 0.512866917503506 0.338559162437382
0.444501999845001 0.583758563181595 0.442860489168353 0.417029456914143 0.459525781024991
0.518996512977955 0.387139226413491 0.455982480363624 0.455765370366304 0.4956451208708
0.396376656898993 0.363630730266456 0.46988254357026 0.457582137574768 0.365263468369896
0.306998162545578 0.393823594891471 0.506395705026244 0.513506333416396 0.402132646476084
0.645623843491782 0.371232340016306 0.747051827163237 0.385409404518718 0.334109989578469
0.537859190254418 0.422246063146707 0.43375811175057 0.583722513143099 0.450156802094836
0.377730053730491 0.543058129251543 0.330243255742358 0.392639287882748 0.331675822552031
0.548965061559419 0.355117161219074 0.375497195355254 0.436936503939653 0.551998105049943
0.366748964943358 0.767035723648222 0.411037531458649 0.666377524803524 0.406775182390324
0.558229417633318 0.468591731050124 0.415818898248539 0.440659528728414 0.379840871326892
0.36416778532826 0.410535314247777 0.602958948803153 0.522272489296522 0.45311282727845
0.325134323456889 0.399317513900954 0.559233356168272 0.399948945419109 0.392105866976629
0.531910861039384 0.39027341663398 0.382102286799922 0.368835651283159 0.439600463174144
0.349785990462989 0.388021774404998 0.629042087314132 0.452533677453566 0.411280489861904
0.345908295968296 0.499268843211378 0.436372658259338 0.337110653895823 1.1732961409679
0.347162624871791 0.504531696192212 0.429880444832457 0.398944849742045 0.320709342919258
0.643514507998804 0.428833363930935 0.324036651102133 0.376099288215902 0.328676966392607
0.322446882240751 0.43480387432704 0.410360403100709 0.60610741074077 0.509382085095785
0.421386475771098 0.494718717054741 0.381932666503168 0.375159522473009 0.613431549201252
0.339353106684737 0.703880555581429 0.34945206753161 0.417270936553336 0.335512773059536
0.404624388202685 0.489391514647644 0.382344203193968 0.346417581700127 0.345305669010578
0.454852956897119 0.33492146477962 0.447516117852204 0.389221380510654 0.365346914787373
0.366305336564319 0.324730409386845 0.503996304558213 0.41600519540004 0.399344244279882
0.719833882718828 0.372997392597955 0.46632938467193 0.344345345397899 0.432651739712716
0.392670058989199 0.359901930824491 0.418713586279041 0.510983577181723 0.416721126812491
0.545505779752622 0.410043764471328 0.53825281877418 0.323590475598213 0.440422424301648
0.314551013061776 0.464950583167663 0.37325448925419 0.441970306031353 0.338961889131584
0.288298407650631 0.349444839983805 0.337727935824542 0.405360375833971 0.490433888578252
0.434049446559757 0.366655976545243 0.455779159758886 0.362959939346205 0.366764693452149
0.353341779013098 0.369671689054227 0.356339900436852 0.408993275298146 0.343118578961362
0.362529733289803 0.432104528392164 0.44275527972046 0.436615701547407 0.431997475851036
0.334171552831131 0.446803479224206 0.362019244563967 0.328614053664096 0.363152277045626
0.339035623177833 0.852739049065456 0.504871065514015 0.44502251779134 0.340980885997969
0.424875012005426 0.5042593505778 0.403328261146583 0.335615407667198 0.347205774632994
0.334736619422574 0.512038008017494 0.400734441857673 0.5258669312918 0.376649325751341
0.791029527788519 0.368535948980782 0.472852548902446 0.4736441891032 0.471060798676503
0.380320777692609 0.609467680024314 0.477126245390294 0.412841111672197 0.517316713578097
0.505192296734591 0.54636713218585 0.385297124524871 0.478302120773602 0.452654330539496
0.419800727543348 0.429073991334581 0.360865224017132 0.666454196910217 0.575760158021734
0.355138520566714 0.37574443536509 0.406787545375711 0.579026397327834 0.554011358803848
0.356121216644065 0.366509718084347 0.374617025249613 0.529240723556939 0.465043667176875
0.380092588107379 0.405364398741769 0.468831690536119 0.405799500547122 0.363580508874041
0.469101231708985 0.552729705301762 0.485282400336107 0.344752747574106 0.402273746534159
0.434866105501898 0.319986263289184 0.466582301033125 0.430520260867368 0.319426800951173
0.352705947301093 0.345306102395506 0.392219852380825 0.442689332044691 0.531041032071669
0.306888244794325 0.402005491608781 0.449562426825343 0.383287538843271 0.496264648617547
0.398419419269999 0.579735874405543 0.376567544057921 0.555638615250177 0.420359416698879
0.418497974720865 0.480044819266343 0.347738657019087 0.415972828329872 0.343236110953452
0.35873321603672 0.419614688117829 0.370633651375642 0.555969731143988 0.503090760799383
0.347998190724991 0.562614841752418 0.331609571661469 0.369082456285337 0.46885844249923
0.388994182672903 0.396129952310583 0.377944356477827 0.563750046455178 0.464142514715446
0.336825459123331 0.361188009913869 0.336624715378305 0.558421068077325 0.348727647966273
0.359796960798006 0.595537301832364 0.346008389080877 0.360073327010798 0.35343794959388
0.650816222697183 0.382486697044402 0.417038488080059 0.386134468610723 0.388594675647454
0.406032747909842 0.398493792244151 0.387005957646395 0.3979145172576 0.34125458002566
0.406291585193599 0.371993424859901 0.456680116331245 0.540403593794863 0.544955501247027
0.328703955861038 0.578481807710574 0.369212003160025 0.468417814206241 0.391607618908035
0.669260614650433 0.38841624920399 0.336189739878984 0.469519567770505 0.371749027654514
0.518440257306173 0.440169767670552 0.511554510231844 0.429622548053869 0.552354555747973
0.541923447040321 0.594342757442634 0.398905412594878 0.348534043243908 0.367954265827183
0.42620876520902 0.306731604179936 0.424847513342264 0.375191207302191 0.374806831905532
0.368840956662436 0.451490392731304 0.419726308683189 0.474140468450703 0.453825500500555
0.374640322495234 0.360106207156191 0.331181121851022 0.42342569223883 0.464914324106838
0.508888880505945 0.592735581209264 0.427681043467073 0.39127560344455 0.538331027783617
0.560362993817511 0.550118130211517 0.462323659151979 0.385391709282183 0.340078182473532
0.530048305317709 0.34930198840577 0.398291021752881 0.446215193770376 0.355904328175654
0.69172698473483 0.42165594343867 0.417306314608086 0.434285972651754 0.325560364798741
0.493553220911676 0.397472710356644 0.394192622686796 0.427960431099641 0.43983215553647
0.357872629658685 0.624499231907806 0.414863412873245 0.39936506159984 0.429146241951498
0.877959748622896 0.440470462728964 0.471222280078416 0.339413822248077 0.406067208630536
0.399227794506415 0.426845587540319 0.461984837683962 0.446715864631775 0.326669228901557
0.405951769475605 0.361226254151048 0.373450388971969 0.469191418271307 0.510932862985433
0.35250430512625 0.501864501384664 0.550640342838572 0.365356578004101 0.378193292546972
0.394685013309114 0.493552396658733 0.519628502773806 0.468629900391815 0.319913765419876
0.332597265497105 0.415421853590004 0.39277549841699 0.432827164122694 0.465972854594882
1.27865875791351 0.326479903607042 0.330899603482737 0.390048644605264 0.359762276961122
0.382569360303379 0.3727915015056 0.416898795372672 0.386285585354733 0.404999273573886
0.361947544068857 0.36123099266531 0.360232913668135 0.459510786273463 0.378873595778895
0.357119898163505 0.325893507295018 0.665413578121079 0.537191066784013 0.335361390682726
0.361364067643878 0.343104154552502 0.374912452372628 0.377928869918252 0.473384681363655
0.851518000681169 0.330878631984669 0.374262387864626 0.439932099545155 0.334852043350275
0.373340124876513 0.392268795888438 0.455846166641623 0.341164153290561 0.372737016497813
0.412910154296737 0.384535111762988 0.411352597386397 0.633806255759035 0.337289751509384
0.391692046901241 0.439845775461702 0.366660267368911 0.388452773817152 0.426913063319445
0.519645714716782 0.460193833415803 0.571621756977493 0.482574386078142 0.488182622237985
0.388104156316487 0.40438179281696 1.03034484762159 0.384077497437274 0.482106144977048
0.395812376879779 0.422217432305272 0.437957912297011 0.394221637409791 0.418496709921123
0.43822614942254 0.43935554333862 0.362929009837575 0.403166793877293 0.33686225854213
0.358192851811701 0.55270883640824 0.382970328213576 0.402855610867405 0.301306544718004
0.379801019037971 0.485113379871665 0.651897142934927 0.376221634394642 0.59563135698332
0.758269426373224 0.339608192458539 0.393925685395848 0.363985514045574 0.437395042877794
0.395625059475996 0.412130844177536 0.334125224829626 0.390988863994698 0.401549851305246
0.339192522261224 0.516407250005745 0.421723498003689 0.428039585125009 0.358329339302809
0.323818359635536 0.521539054323739 0.633445339616071 0.339240957996613 0.506274091146684
0.438302884360877 0.404758902088097 0.468969216005489 0.53845853891619 0.626071672474614
0.400191243602152 0.349305979133885 0.392550162379502 0.670864489902668 0.460183535627504
0.442690041573454 0.373889681854119 0.352159088286963 0.450992831940832 0.445143402715747
0.366662499635366 0.530011549353582 0.455197796535044 0.528993861805012 0.583892972047904
0.590089275243724 0.50584066325432 0.535468023533893 0.35243762320225 0.436206918550429
0.322504682863371 0.385195397724025 0.452559983881485 0.32604040802542 0.449411828270515
0.681915356046557 0.349775155201947 0.342627027136329 0.438452124586715 0.389455372451633
0.391241322933054 0.371061720427387 0.510780145129005 0.411429011377041 0.342004438711713
0.381226582199727 0.425550806999103 0.506970779186401 0.462310479260959 0.592462881726012
0.373570590186188 0.405013963576618 0.58363171933315 0.428859126223084 0.321733305658415
0.445107937642274 0.626864706988508 0.481781097048512 0.483262475843684 0.60996246874688
0.376455354288026 0.307903827109347 0.321267260996167 0.467142095085246 0.411916390609322
0.405479865669002 0.404102517750543 0.398635648535294 0.425715903288881 0.350232362283371
0.427482910742105 0.44327718768554 0.386788733236055 0.379454227899354 0.439805808496892
0.403704970216754 0.390447260085543 0.413574006060459 0.443393405621502 0.476058575160459
0.436252842894138 0.338400748471171 0.393387923184589 0.580078681619393 0.553437229850923
0.309582845692675 0.417282026692634 0.496969155347539 0.799366971069425 0.406173689504703
0.432174067319338 0.46736293498893 0.361056821809137 0.534940303841894 0.368927060055898
0.941294798906061 0.407595102567926 0.319350903727389 0.414784431652495 0.445215950767658
0.430458141502197 0.461834385510817 0.761360545084791 0.514565299866455 0.409905322745502
0.335551956268479 0.497939695733799 0.378537193561945 0.391192854846179 0.320517086911067
0.536811397884785 0.602655644065589 0.40686474130897 0.349963412867574 0.398240662542101
0.33930017345989 0.359321024202395 0.349500974264819 0.398749903438187 0.349466180912573
0.749237783909695 0.418130718088713 0.725447689178148 0.434193911531957 0.326884504938238
0.346975548731509 0.445676805439256 0.715473372504942 0.356912288018422 0.416839307530757
0.404173914112039 0.340260038782872 0.399922252531081 0.417462435414284 0.46323196903716
0.354913979833597 0.385321574118096 0.358117676356648 0.482647647292942 0.350076669262642
0.5173586164727 0.492529232173654 0.548824696227954 0.472221622705113 0.46829671199294
0.400779630819322 0.495271832937631 0.405592847060971 0.387332413058887 0.448842694720294
0.348532926057905 0.371303014045593 0.597026038011379 0.353587823282312 0.414828103097366
0.385689479116267 0.405392917453153 0.383789933871426 0.316588067213542 0.497465848906916
0.371268570225263 0.489951872758037 0.459445884357392 0.411499355860433 0.526770908199923
0.456521509217428 0.416680554845983 0.406189673881378 0.449158714592645 0.360490199506123
0.465999467983746 0.461658323179766 0.444105935403941 0.359677004060696 0.362924299045804
0.348113964442142 0.499060520158496 0.428518628915802 0.349722661420252 0.345793395262862
0.340946759497876 0.456975703663549 0.31888333594818 0.460217044392478 0.392882058829642
0.818079339471338 0.501018047090589 0.44214963097927 0.374804793411157 0.392905080794583
0.42755378116585 0.342890807680166 0.53275886252331 0.347444362052596 0.331221546798985
0.359663955168989 0.506265849551547 0.337395883377154 0.389001280167004 0.373938856878217
0.513541545817147 0.505824906253346 0.509578332932599 0.447877078609075 0.564570200634396
0.374427956091813 0.436477727154756 0.630744832235899 0.40856154635526 0.539052595269634
0.37225176542076 0.408996151770594 0.566080970505738 0.424691680604324 0.468742225487255
0.342332998381234 0.516897055151774 0.723759849142818 0.425766860906681 0.448770840799658
0.409922931594297 0.511419013504769 0.315102564645692 0.330948192287988 0.618595216876866
0.438277280990956 0.423930663935504 0.537640062954093 0.39585593838471 0.619380419298352
0.439445949668735 0.474335737141798 0.422189356221661 0.366758234771999 0.414763181342947
0.334690593683285 0.387611744176119 0.55848607196408 0.591797894646763 0.351153074882073
0.440927142503756 0.554399024728321 0.411989912261334 0.430694269810237 0.510066894649956
0.734152359086794 0.879486874730629 0.403363249496164 0.360969765654262 0.532478357786523
0.360355461353711 0.348017853833537 0.367360712818257 0.379679045611149 0.473890503939091
0.336155215454842 0.467554752665956 0.474023237747529 0.69457517202858 0.484669416594008
0.384222894165399 0.666569158423702 0.410147587461801 0.406511479095931 0.560468892136006
0.409490367666725 0.33729426957941 0.55326079283731 0.453823894071611 0.514056107124493
0.391740320054856 0.510423610067859 0.645966976580596 0.468540818467975 0.53546514530159
0.337962548785757 0.576490651669904 0.39882200753793 0.426883846232675 0.429888566051347
0.456323468050781 0.436419270367004 0.374012571202634 0.665916727074303 0.375766404530524
0.430946717284808 0.505596744698919 0.337214839698969 0.349541643807844 0.755392862122646
0.455784534429762 0.330917095746301 0.394210972653371 0.355835694411903 0.501341892262507
0.330731787356339 0.349591762862072 0.388907859023667 0.390365569578354 0.381844046241657
0.370351075750237 0.523976297340508 0.375451990709156 0.482822290342348 0.426036268116569
0.319228456309571 0.364904278783067 0.360275901512433 0.547278045824222 0.41930492961775
0.684249284533142 0.428095270697821 0.607504151616316 0.407032842814956 0.507787370919014
0.686445929311067 0.429005209995382 0.414010334313311 0.338580042098287 0.552580840711662
0.332827509474807 0.414265898389087 0.701285925285523 0.534008637280891 0.380928351415587
0.500680949457984 0.394305038557793 0.411260650093724 0.65927339906063 0.493077214416481
0.353634428824189 0.328753794509736 0.35019695153938 0.452152017503095 0.417709691052669
0.378088789803075 0.420321790138569 0.45831334063407 0.416113720473399 0.36775252388678
0.474454170344166 0.353605689275386 0.626085570933376 0.571217734273838 0.453548453231405
0.53972526560137 0.450620318989907 0.470396773108676 0.430589851393989 0.412727297507756
0.580857641650169 0.347546725360761 0.330624767823986 0.342022227546735 0.344267856760391
0.552714313006242 0.502002826816381 0.504697548631349 0.539919220735195 0.66628720156064
0.556397937433693 0.396610555670066 0.37049422278338 0.417830285683574 0.399585957350662
0.563671456636563 0.510881113008502 0.359565298352658 0.358832344872017 0.461372877440949
0.393676669214083 0.425818507833873 0.455604385327473 0.419235896459867 0.390163476851601
0.378593109097662 0.468437475400287 0.379170438618786 0.542034709127352 0.381331259539728
0.36965250459457 0.446117432654755 0.421374977294659 0.403231470820992 0.3426725569433
0.400779584486402 0.423109041777588 0.355104012565335 0.42001106760323 0.72727094191708
0.607923066617957 0.428287815655833 0.384814662121908 0.404932321876141 0.430378186840066
0.779021717637433 0.366823243692434 0.428747382474597 0.422821192293564 0.370851382304314
0.556114477987788 0.393494495495952 0.341831981643037 0.400230926677061 0.368675955800787
0.36356913944121 0.506285044213012 0.40559563309878 0.404454772090109 0.491797979614162
0.34268490480611 0.355425600409092 0.796012874210423 0.433061269400433 0.369703349503043
0.404965618314764 0.422564007119896 0.586498449475327 0.382866305107625 0.384230716535797
0.425108580288326 0.464610275535642 0.392736917161051 0.405829899617626 0.409882867855693
0.325868951393804 0.404603254797828 0.344336235260374 0.41889743442167 0.564515592534027
0.390734816441536 0.941642991554902 0.562172839322027 0.391017767261291 0.355515628340744
0.49911231257868 0.42600878068317 0.546000296511581 0.49922735042661 0.450869345149027
0.467588963891284 0.449431048660035 0.460054925530565 0.387209358969454 0.408288592702189
0.374500508586294 0.472561159056762 0.457071922322567 0.426116902085107 0.413680070059872
0.544381161949453 0.412001158429858 0.57059391414859 0.484736363801296 0.363300178088213
0.603811984956918 0.452324290506592 0.526140906499556 0.409363539948546 0.342228818189118
0.345968218142505 0.417979600318743 0.607129224954225 0.55032723609988 0.379744303385368
0.309841670961809 0.328708543419724 0.330682716267732 0.344625691232406 0.364465237821211
0.306623290547835 0.444868771869236 0.462953251628255 0.349237911993953 0.448308511088249
0.368690269607679 0.68798209283423 0.371982406515222 0.651598647691073 0.336964208032617
0.351944327812309 0.586050071483185 0.529336343697086 0.542148438524661 0.536569264675626
0.318897640325313 0.425607637044308 0.347688339486157 0.350954846662563 0.307478391357134
0.475106681199327 0.415316725085066 0.439996987142306 0.685608960553465 0.386523227652366
0.396437996753206 0.406469325555279 0.369188165589768 0.398422252576497 0.542352295779509
0.597535579299321 0.46180513347783 0.425967931943313 0.345945320097583 0.417808613580684
0.353802725047193 1.54110944016629 0.430806750332141 0.552029470057731 0.365087078735692
0.368912255957433 0.409741139662237 0.463059872252173 0.340681977262226 0.579191341412466
0.474585832299903 0.394195435776255 0.457448481085727 0.375146868711485 0.532474888642172
0.35992946749211 0.394574209724904 0.380296970570624 0.48431827836851 0.646340259490816
0.516122605738187 0.350794574959102 0.365385412297079 0.409071137663668 0.36462051063442
0.489473400359499 0.374694428905922 0.411126950471875 0.421677643251669 0.470861664780243
0.389068963211222 0.338774952224488 0.398032322302853 0.692211993287692 0.359567240749759
0.376194726861078 0.5762799998723 0.441050638311395 0.381875294914054 0.376697196626528
0.366613405368505 0.796321832793298 0.455859180751546 0.397321856163379 0.382520645433987
0.422879984591896 0.332957515436926 0.464145170793484 0.597854882206478 0.469305359554726
0.353334118429806 0.537134506284294 0.389792744866362 0.393374204208718 0.377241681122917
0.347845439095198 0.561569824247492 0.379747691574164 0.380187994251863 0.354217413046134
0.535253272876639 0.394765810271687 0.432948936199431 0.377628495003586 0.406711595444025
0.48736221710349 0.677814404817607 0.310739910625895 0.384649206603321 0.363790616699118
0.44169806781492 0.426248682071631 0.44381909396276 0.371793100781734 0.580596061917218
0.398353917807956 0.36800760265719 0.365246518182172 0.39134348328417 0.549784392276927
0.529066468315999 0.434615645098053 0.638176465339601 0.501962359854645 0.549892823415439
1.18532016960999 0.41629042002269 0.37945519426039 0.373945341080099 0.523015727560493
0.496947936039827 0.407711450377288 0.469536604572897 0.544303279525596 0.422092004465702
0.33152490914079 0.362695804668305 0.443121889383642 0.371049734973936 0.333219383611703
0.398100777650649 0.370616582714879 0.360902921494772 0.402940676426589 0.458373468296004
0.542394687537807 0.503776903847472 0.362889673669492 0.490355628401294 0.549050970827871
0.493713282324108 0.902231423028188 0.434379100917371 0.421373187220223 0.377093040002481
0.359896870151938 0.491544635510754 0.278809368783955 0.582837834189921 0.433238893671894
0.625644536171631 0.364212091574275 0.320631636065966 0.359834520894638 0.404609178063943
0.326994935519637 0.346128668810005 0.32611992953813 0.488912566868753 0.383403483296598
0.342176295136288 0.36972247019826 0.40683410372916 0.495353136183232 0.368214501428598
0.746265344592579 0.352890541845968 0.433284935192885 0.502197474042191 0.41700749440924
0.388804758395193 0.399203416502328 0.451282205796141 0.505308052883562 0.648634972469319
0.451624678083907 0.42615536305743 0.429662445657743 0.545305573081435 0.482145999320594
0.374870798607732 0.41427215833109 0.383681923227326 0.365787596776922 0.503021074600261
0.398813523529507 0.440299402240454 0.386765584796522 0.567550043161883 0.439788572902456
0.392660754605149 0.39540651302091 0.406602838184646 0.324406798435703 0.386328619434329
0.362750376633566 0.359766064479625 0.434330763341533 0.473164322956626 0.335991649552921
0.378322125054472 0.361608402860103 0.589225597164112 0.368049462494522 0.524112513649027
0.440141044752454 0.476304167916263 0.368466192397813 0.432387903541502 0.33370243290284
0.39837229031022 0.50147464422775 0.431337643855154 0.337413983472791 0.377174137644139
0.469886012068907 0.369170914522371 0.321418518701292 0.46547639054489 0.399731308510632
0.362223849679137 0.396124907457523 0.344470671302613 0.346146141861146 0.334909606214602
0.349610342594407 0.405866420468127 0.354338360710662 0.524129765456032 0.359561075508749
1.12181976487072 0.38053765804133 0.366831370645722 0.411087728908739 0.477757994205734
0.580692064928239 0.565575487207606 0.384797161186281 0.501702650536288 0.419145473241912
0.400695698479698 0.359826205694274 0.346590857884746 0.367672181038165 0.6130219535836
0.439153214050625 0.579837879921055 0.336690462044113 0.352599048780625 0.38329947168293
0.539305652662137 0.377387580486681 0.48007101130352 0.413824373633381 0.475059882499396
0.323079457573691 0.376298810878525 0.411953067020188 0.439633085988088 0.355877418235739
0.392961682499498 0.493632279416214 0.334644647171755 0.402860625135909 0.624575393882351
0.508426075932741 0.356399254998502 0.481429730971895 0.471415204908493 0.327215306728403
0.393434120632483 0.440300900754463 0.368435410526741 0.367939926751573 0.322449764890924
0.490633278807368 0.540823418448024 0.594300361805559 0.557927097508706 0.431074832899469
0.475629902636175 0.416511751515996 0.534070472394435 0.38928976445245 0.399684513163791
0.422158436573564 0.361230502438713 0.444391395838489 0.437168506772348 0.460838021337354
0.360063562695835 0.435998543783452 0.368552177474711 0.379062050647306 0.367551130783696
0.285847304327953 0.352999003548758 0.466449555266453 0.365372760557253 0.575212050990236
0.391211861003629 0.476903222508087 0.380965043966519 0.559031436870505 0.344124201000206
0.38817436843087 0.362617196201009 0.443418522542613 0.368580148234221 0.323332305973416
0.486219183687007 0.379381656750675 0.488579609598141 0.44248357517376 0.360340915808477
0.415397654141627 0.38914736080023 0.473984691171356 0.366975685336382 0.451114072195355
0.522444348375777 0.460885681050968 0.496404597299287 0.348819433883179 0.392783612873027
0.462709185050388 0.370865377223835 0.51722636330704 0.411034976916742 0.415615812667429
0.442965366796895 0.364771199205468 0.36033603960642 0.406490810963685 0.605296439204754
0.417285646020123 0.357574839129366 0.297370044827724 0.407029793650919 0.473516650763992
0.367345913757429 0.55428840547757 0.572759403357626 0.38008371798212 0.467380327435367
0.347265288063491 0.485459301289243 0.566309854985025 0.498423762288603 0.413456340181639
0.331470793835341 0.365273323550182 0.416108903626086 0.596784748073366 0.598641381700455
0.386241394261138 0.402697588543761 0.348779836111998 0.35314541637789 0.388905372838268
0.584197074282641 0.595411476557728 0.375834652562845 0.476903309138538 0.370039271204581
0.372434230101768 0.368516623276139 0.367875628641461 0.500889337266668 0.479606577307667
0.448677047041076 1.50782581329571 0.547280027970763 0.510307115553998 0.376525859201378
0.358914465248304 0.474792977107302 0.595462914723215 0.429839079441258 0.474988211640751
0.471756803054441 0.387928362761544 0.58414006010529 0.364811351765801 0.494877251888265
0.338654377392823 0.445344230882023 0.338612316123267 0.455038908399013 0.341047412525898
0.352911633054522 0.348016671223979 0.448836618144298 0.596428959995832 0.324911601988572
0.381418896404933 0.446077144823991 0.453624398175728 0.506357006277631 0.397075967197277
0.515522525470489 0.448169888440517 0.366008733202612 0.3643385491921 0.366822730662505
0.358418039846572 0.453774809011597 0.498652951071863 0.406392341189377 0.430274063033353
0.35248671075196 0.427801323462585 0.359559832382608 0.345283111135085 0.386074532868364
0.76438823046189 0.320840522067501 0.413766432035831 0.411948882342848 0.338580256036475
0.618613274958193 0.455917576676126 0.393538323060015 0.429671158300323 0.430760890935475
0.325663360792667 0.477515220984648 0.456266599732479 0.43003356464179 0.463413751013409
0.578765721340304 0.429519179176733 0.487801330198348 0.506255233419864 0.357087830934636
0.429205168666362 0.386559813101888 0.548266802463156 0.494582491890122 0.507790210114216
0.415969372702483 0.337227013171 0.357981632203905 0.538137873617904 0.336386605334165
0.313891523859821 0.424596721473599 0.353050534752482 0.50723545708778 0.48136513752493
0.432727550861565 0.422578166818579 0.315818566888198 0.489489214673279 0.534447170389259
0.526391335833188 0.427043392123635 0.447916872753734 0.377108632207618 0.493575380118769
0.462691299316053 0.383067376218611 0.437942794599987 0.367124890609838 0.451702672325503
0.405295364424728 0.502002023096286 0.469768082859536 0.404123307594635 0.344297156687079
0.363177985991682 0.544716508712818 0.383731235888455 0.396153643548959 0.464134534647409
0.351057492432829 0.414499717526386 0.464160612641745 0.5110383368187 0.377388458097537
0.412121116834641 0.398253516816527 0.350537373160407 0.422398719208539 0.319797060244445
0.38993317411687 0.354933960803364 0.466300417049526 0.537090194337475 0.355469692907378
0.397248430989565 0.398185683209703 0.486733181900001 0.558333328259492 0.517553848897796
0.44445016649707 0.353177885430043 0.429918980682118 0.42857492188445 0.38776878647708
0.596218647003312 0.441691932577229 0.468189832086265 0.427817578403201 0.443714914921604
0.401666703502016 0.45579529715635 0.350619310946377 0.399338817166829 0.438891835641676
0.433302097067923 0.362278982678505 0.499837500042702 0.846318203740524 0.456816389634896
0.46038181766646 0.377299408648076 0.61027220897735 0.391094615070851 0.328095065858646
0.415295998205987 0.378396092830443 0.337878936919912 0.444804413494638 0.493060062519441
0.398436372558746 0.348461088504103 0.323299156481873 0.352641964580571 0.632803399688787
0.348299253032697 0.469441314291346 0.355493380728357 0.34308559812283 0.357219235873297
0.346263448158581 0.680071365025294 0.400103650560356 0.542828713617977 0.398686321881482
0.373183910203955 0.647018119310114 0.36494260196685 0.402287860495315 0.4309569506978
0.387994096865933 0.366191906534161 0.37076837314416 0.400025928061959 0.322805594441021
0.428322012876363 0.468755271558539 0.349296532649885 0.353825089977056 0.309640303236041
0.38091128671829 0.404565598913858 0.346020396985091 0.345932309137597 0.436418407909213
0.516787954076228 0.44139490065876 0.36555471642295 0.381575858056758 0.454167237032327
0.410676884449535 0.546154191029269 0.426351255999073 0.753864821606369 0.387566090570714
0.364546301319361 0.37814906814333 0.42723289377049 0.410070116562704 0.348810554337736
0.38560556035002 0.468325045405235 0.352911308903912 0.323093936043261 0.386793622418006
0.30848102505498 0.414927052676835 0.32997409599187 0.546630086653275 0.374716820186562
0.309168645183163 0.600951519419106 0.38711606498067 0.434194705193405 0.477304404991594
0.395944761444125 0.828238396950095 0.473585493597752 0.432867938459104 0.385380891159592
0.473176564985515 0.421672799461984 0.377857945075215 0.534431747194523 0.380680475349363
0.426842796741806 0.404720386465839 0.795691920680045 0.430299571956279 0.418161307665011
0.37536610224913 0.42605280959979 0.380091411449173 0.44332930686213 0.437647537752827
0.468281537572227 0.370821365207666 0.440862195104297 0.385568223930579 0.334274399087334
0.382815233808835 0.338316578275272 0.349779333811622 0.400722849447323 0.346140377980629
0.505595195084307 0.376274594635445 0.401573562192674 0.419699318233093 0.498561883457676
0.33227642051931 0.453269875011569 0.343774588803501 0.552400096083691 0.349116799910209
0.335207838965815 0.320221631891566 0.372484124967003 0.362447800913233 0.385755301114584
0.362149860346091 0.509475728202662 0.375443694422628 0.432817214302643 1.39953938504485
0.433922283665547 0.388217281878016 0.519267242948863 0.313542192820904 0.413947668603305
0.870978327686498 0.329195611536773 0.577155713985526 0.403333257659552 0.316990621271175
0.312913341355309 0.378627510676246 0.421183258255724 0.432512962728482 0.451526080459476
0.509116894514202 0.415277953341736 0.37233825720301 1.20452750502002 0.396024002696265
0.367258246780391 0.3054233569752 0.431367170624029 0.513691547167578 0.49021486752137
0.576540350848233 0.321607904971728 0.386762554926848 0.370699472617619 0.373596669565193
0.359014424636896 0.538346617910782 0.498260095863732 0.377485522453866 0.512939577870581
0.49118433667624 0.378603305508111 0.352498478140976 0.692267984879462 0.355628058726818
0.364565017418675 0.532071553896057 0.653817685655829 0.3801697471251 0.399681510951291
0.425100003896752 0.538425897382222 0.399251649234882 0.456918253238836 0.476475916409946
0.416243474452782 0.365004899189433 0.351432793436717 0.354915662804018 0.418503784323739
0.475771780497303 0.369639573898336 0.408189779254035 0.497788740797226 0.387514606943738
0.386300065172457 0.33802799268229 0.349224115116022 0.430147060893868 0.457269590931742
0.456341455159511 0.348866112993997 0.367065066052938 0.432591404468283 0.441295438213579
0.70480968434821 0.384108440311833 0.361804921945263 0.369657071670271 0.463277537050447
0.414769014117839 0.64189055284704 0.425424713479785 0.381354778087583 0.398305201564581
0.63301366990182 0.392307398531084 0.544251429748838 0.393550066753617 0.54869217853603
0.331179408588459 0.3685688424047 0.699965907632604 0.401565700165128 0.550121681782325
0.356511340314525 0.37055190755562 0.392091324321734 0.373093351359864 0.387363101765794
0.43816095336047 0.434841381906654 0.407145610026307 0.809376259653451 0.544340637715424
0.371229609062853 0.374971429972002 0.475760492027244 0.337169155066376 0.538698170353714
0.450323063673584 0.356475001870181 0.515849296283377 0.38922950345353 0.383993617991804
0.40017250189507 0.486019041502498 0.405526257699564 0.532334953868675 0.854044556748004
0.409817869882729 0.597758965149652 0.426584737710937 0.608404898949286 0.537920803804092
0.336204223197625 0.373807557606046 0.48294576539657 0.538738039093757 0.43904116331429
0.346671566957502 0.417449103652325 0.63328578029826 0.412795316882503 0.41374405403899
0.407540886122067 0.435168540903282 0.386353791501484 0.36456534917302 0.380862894348757
0.440293426725974 0.512976132818993 0.532202209711794 0.435199492086719 0.786368768825982
0.404885507171002 0.515016168778117 0.369338834802265 0.324712392874143 0.424083614788437
0.397112897086898 0.550311239102608 0.40087649192762 0.476373622751399 0.41367535713967
0.416177256103412 0.427090733024748 0.917949452382893 0.400719107023789 0.33288623941136
0.362142589611839 0.326341372124061 0.530872759969932 0.441968313100446 0.325568342120062
0.394263217793084 0.479500998475974 0.555621388948094 0.487180554298879 0.658443217715932
0.367418231326843 0.41988380268583 0.46349918225471 0.457655496849731 0.499874676287103
0.483519712916426 0.371783766057649 0.365580367243873 0.364119357498406 0.504378798141592
0.408471052367937 0.381613960660279 0.350174482953742 0.39596641476476 0.448264587716575
0.565996235029211 0.515032293782522 0.42967478774785 0.327253676956166 0.393409460790009
0.403147951273209 0.658015574115075 0.324431230242604 0.394035060118599 0.456431992245337
0.579703583247129 0.407796348305927 0.395928677957445 0.510169690225359 0.477024032168288
0.333884545682473 0.613920336798574 0.416550875613862 0.454989504325283 0.4766365966082
0.402585280297395 0.414364820133863 0.343383694352641 0.543715862188132 0.47663127113094
0.373774893487426 0.42315428874767 0.346479919331739 0.467191491132901 0.34496241432501
0.585331061618911 0.392637820072789 0.578566788966884 0.466224357961103 0.418839474868401
0.371752861508548 0.356038123188072 0.348231030683517 0.394130172483427 0.378875475281561
0.710647043886162 0.505477543738087 0.339697935271988 0.352813811028575 0.375919438191315
0.329736392908307 0.324723005823375 0.413714849123594 0.420390813066009 0.49611893808673
0.342739619039859 0.375066238538134 0.399148474049407 0.415760917143346 0.907877805720833
0.408111655707581 0.502525874342943 0.497404470431814 0.594552346135901 0.491155953606394
0.378740530717617 0.334684078734248 0.337102426524478 0.494022194936047 0.468461938719118
0.43037729101076 0.642231218347836 0.377318594513402 0.751126928177961 0.368979145306529
0.49564521282052 0.344928406393803 0.534517845910823 0.415862818232406 0.329937722003265
0.33350214493325 0.330284121071311 0.496738811706995 0.401132348196161 0.405058322584688
0.405174865044292 0.472145996270894 0.83951005793876 0.388152677732467 0.392721194645512
0.39152328323719 0.331744210611276 0.596074458556082 0.748131362692068 0.391628867298413
0.350850959315079 0.328633324091409 0.495068415087083 0.353373152428588 0.511408534758179
0.411530841177993 0.392269987367215 0.316260792606932 0.438422370601332 0.402321091135597
0.488570107074515 0.338570370633457 0.416964815969713 0.368529224412195 0.388067455844949
0.427691789877332 0.430099356589578 0.388901176649077 0.38161902040712 0.441237612189458
0.428930058402894 0.592399715147601 0.353079387205059 0.39057902292374 0.359560447050404
0.450656954434866 0.436431467625502 0.449437574576645 0.411517763506796 0.581615836464672
0.52412652624789 0.432621260543543 0.371348025095116 0.461090156356868 0.855143053841941
0.317458799364488 0.797212363859897 0.406296736607438 0.380218366770835 0.344462167452647
0.44968342960276 0.330270127610167 0.543851369121567 0.46439632312178 0.340481293014458
0.364857633792437 0.355788289879917 0.340224174850814 0.383872962838756 0.525094137117253
0.313977915804179 0.367651005243457 0.339207096893051 0.455653801256562 0.378094805913737
0.44757989371863 0.364130834615811 0.465134556835696 0.364846459985826 0.330057410235784
0.529559686329133 0.406574529027262 0.304508204556873 0.439373011488678 0.412540773941557
0.369617661753708 0.459072291131475 0.324139593572382 0.716671723413844 0.372153328374644
0.366530103537913 0.405994110328456 0.537157558526332 0.408900820545232 0.40385610366003
0.395271381109798 0.529504521402569 0.498335790319752 0.399327918620958 0.528849940448549
0.646512782417216 0.423246657020053 0.37559794405292 0.382130502693235 0.411363213475333
0.470448924964507 0.444235582586152 0.489123172792068 0.351650390009081 0.343890570184934
0.363316557979493 0.431024593966781 0.456786198527365 0.351813561216271 0.470273950626159
0.578607315050427 0.400643975265703 0.43768278499539 0.437284806135119 0.343338464197447
0.432804596830038 0.616932116348361 0.604411450292423 0.358707013941499 0.373536454971809
0.428144904591406 0.468975357693978 0.363213656357577 0.383042519462463 0.352796586579072
0.420348373255646 0.423115024786836 0.393806938434163 0.377436865366978 0.330328792430455
0.425626007607535 0.390036761563999 0.429033884328554 0.468396048897175 0.407236138965334
0.729232536573489 0.326387271495646 0.335726516993779 0.392163453036155 0.426155725458025
0.701823027702299 0.456103742302368 0.872531624016108 0.369079938870374 0.352179117945506
0.590380678096639 0.410929990209812 0.381756640375941 0.528297668785274 0.33402218471838
0.633098458116125 0.651585159140104 0.53918310322176 0.386921215986708 0.45851949047237
0.410375851776561 0.376849073200028 0.452630284398219 0.47122696881652 0.427096264531376
0.413377418056229 0.327310223133855 0.377896859135119 0.342526206979279 0.915753125012001
0.323713880644636 0.400033827245668 0.480921866551117 0.370085310125677 0.372025082958217
0.471981890943149 0.441162726381925 0.461332325228154 0.458525739078098 0.364315682258947
0.459244622331847 0.391661995768386 0.358733683283888 0.316893731764323 0.445516421316343
0.37320351374406 0.418261666059397 0.416509257081681 0.392766448670158 0.391118009914013
0.446816986096786 0.568154815755807 0.668357285938025 0.505053031026262 0.420549739976011
0.368119441643661 0.439187889041005 0.358516669989751 0.550361427383445 0.416170183027433
0.568996172328108 0.380571158705897 0.44610493840159 0.50455925428932 0.425514526521823
0.626460731797299 0.38268128920794 0.480971349110383 0.510282338254966 0.483761283485975
0.483181100904832 0.4749285795532 0.340786380363693 0.519896133830098 0.368745118416906
0.345658628040746 0.428752690056685 0.438994588010148 0.398050150625405 0.456731983882976
0.411706331842603 0.346863778193168 0.411990314649456 0.343759222371029 0.481996267774938
0.346974503574508 0.470135825074036 0.581819042232053 0.374452851876309 0.36472991925728
0.347496251146609 0.427037381777579 0.346689063074168 0.614238787013768 0.604014648691963
0.466344359147198 0.375069355885519 0.3501205299316 0.556695110182518 0.317233087926007
0.431739414406307 0.405421340650901 0.484258827924474 0.377620649972805 0.380909604529867
0.373683196376116 0.433469052641981 0.446697793656957 0.828979899732321 0.424199605593893
0.448819117013047 0.395728648268131 0.351490158370011 0.547677361244156 0.381054408691777
0.409842234503841 0.683146899826774 0.456936161369299 0.358563765362927 0.347347468897451
0.506906062866943 0.442691329748884 0.475420152138825 0.464705826101415 0.408362088446504
0.40448411316266 0.399401457041389 0.357037258442041 0.565716997942616 0.359089191231503
0.394690095784269 0.368226118293491 0.575604093494356 0.696583983503655 0.44158408256473
0.349724107623948 0.556528474297523 0.397166259060902 0.473758164024607 0.530261484093106
0.368285715957199 0.458241356299307 0.491314635714693 0.455423323443188 0.428132036763324
0.449431490897098 0.471855349241941 0.401059705511919 0.823231609404641 0.493003223634477
0.440810032270868 0.426350492199467 0.524654191789089 0.30967399531184 0.364554065007695
0.333756796850255 0.31543555287359 0.49789850163617 0.466335566916385 0.44399495921294
0.536438967399801 0.342104119659813 0.310635063735997 0.55110658936333 0.377517189482501
0.402857855002306 0.584625999776989 0.419932622866981 0.472126273808087 0.343278549977579
0.526637804313933 0.32076650746867 0.348110851270644 0.420497667847919 0.818091950047402
0.326317109101775 0.543326891483934 0.462410010364586 0.349958559272476 0.372872130383276
0.327440029405699 0.705363070094919 0.382902723947602 0.415102381607769 0.434357271895403
0.403626001391889 0.435549682366358 0.38701299560981 0.396087867992445 0.491374913498111
0.393058692456144 0.493711976322682 0.348457679193533 0.547747270910814 0.371077024457809
0.349277511624343 0.663313494598535 0.322830434312179 0.483945567586297 0.357589172810909
0.401096986819031 0.511139888477285 0.495229589803671 0.435466128492076 0.41744201609673
0.392996162940597 0.434496361590785 0.414507148817702 0.599418460454839 1.05020465579679
0.487939877625682 0.363355246390014 0.349419274332825 0.508600716234443 0.383872030974603
0.44947517346177 0.546926071349043 0.430083138519627 0.419909815167706 0.47555082647084
0.39745054077351 0.347897417916084 0.563323620189839 0.337149492732292 0.387407737400053
0.452403697845252 0.8865606186383 0.327844337406936 0.368313995732619 0.37152512261891
0.355328162363063 0.362080088719011 0.491216823777141 0.456174424076136 0.360917817514405
0.373378165274363 0.386252637985723 0.337055827412846 0.464929429508655 0.628122069720201
0.339367414595518 0.387966410819941 0.382181260385995 0.365762406830722 0.59781593500266
0.32162051221297 0.422976472322078 0.479378924641293 0.452022788308929 0.280231017297686
0.579378141300215 0.350056053103198 0.435592047525171 0.533307725747865 0.32551651338436
0.397404192433828 0.382525454386867 0.57150184005658 0.417529274841777 0.442967599955566
0.39425431217034 0.415912338245507 0.39516323784053 0.409106988930122 0.409380754706472
0.363791078030073 0.397848962473173 0.508043481314389 0.318983445044069 0.357130936240527
0.573298453187142 0.722701411466142 0.436809666401441 0.451888059122972 0.534694886214871
0.51495375317138 0.528632332501579 0.485393686611966 0.35636459374058 0.567482527916352
0.434696493782033 0.343315360586619 0.398815070617198 0.551735429856798 0.376079917407768
0.381847078540028 0.478751644208077 0.49645268367902 0.36965528827833 0.376606487535045
0.439635542462883 0.420568514529413 0.349470398075417 0.350260731445114 0.421736797708215
0.427227383908421 0.351091605301154 0.331040715653786 0.568295587477353 0.40037528643992
0.375590824326701 0.588166307268784 0.38421911014643 0.364603940454579 0.328631130945648
0.392284544601995 0.361899552102736 0.684814676072686 0.375384813080918 0.413100124180118
0.424354170112603 0.348134770252866 0.333667982658019 0.311535134876492 0.693870171017899
0.69795686144524 0.41540911193937 0.65968630368353 0.398805969948228 0.378474516841693
0.485304787413684 0.404933534795436 0.366018150512169 0.395185700228972 0.355737323894364
0.420988181040102 0.380697255755129 0.374415436816904 0.320937758196844 0.3794594442365
0.403685366170614 0.574647747781837 0.36131714502539 0.440052051814925 0.363812689682895
0.815791208022548 0.346459899866928 0.342616092824388 0.441514068703878 0.371903064851143
0.319451386069832 0.439040696730841 0.335038111370737 0.441998171138591 0.304770647882618
0.471888155884328 0.399637465931694 0.445443808723622 0.852834543387171 0.459972565925677
0.405613847394849 0.472623991798042 0.357425487311312 0.368798541585225 0.399916305403002
0.392151264273765 0.388796269693441 0.377881219504628 0.400424419407395 0.450174985217919
0.406247717182388 0.371487071068492 0.465572332022348 0.334851767179908 0.34709131763394
0.391145210619738 0.4127619357256 0.642666436466802 0.343737897815909 0.411564004340019
0.431348933024857 0.483902989659215 0.420315375109136 0.432958782355861 0.385995365440934
0.421481762319869 0.531485601768778 0.290529029161944 0.316544831781187 0.346223914661224
0.349987568462401 0.481432297002983 0.399838892435792 0.440100774881458 0.951749394615626
0.431102009557894 0.397120027108191 0.331097832934918 0.500365403780176 0.376851056811758
0.320539114814254 0.457329964266964 0.487632011595607 0.347210735028612 0.349863961941009
0.534889046553167 0.507085852733366 0.3969626157822 0.348779657801587 0.39427909604368
0.409902633095487 0.33949091712689 0.395882761872263 0.380517144754806 0.43344995848896
0.378055085770879 0.417447031049456 0.399617086256419 1.03242041551679 0.658816105537764
0.566646565803904 0.573095285503864 0.439755101176698 0.418628120995348 0.411736879214772
0.342929910236005 0.472868675255423 0.502715428953714 0.399009142251432 0.455506969121152
0.371492828882592 0.37313303673981 0.441108386030615 0.683190397005694 0.467585066008582
0.452400629200229 0.459364900060032 0.530357471836325 0.492850543658996 0.524025843626402
0.372276983663622 0.395914758706313 0.444894069904746 0.539110929957155 0.382908409246041
0.399098988224218 0.409201904758352 0.454106181144116 0.478356797950747 0.552201894768395
0.348380173327379 0.457578563465095 0.407530152737245 0.40941237249462 0.334212513369211
0.561720671844472 0.367767832894572 0.412109928063794 0.462804631910259 0.349387146544408
0.389098998991874 0.34586966677474 0.366048166572811 0.408344140984227 0.432625397962159
0.385919577674977 0.342906992566066 0.361542675951033 0.521473081004277 0.395247017379041
0.42857110029471 0.37228419647513 0.484597611469488 0.380698468854452 0.328517368644338
0.375424577159634 0.332986480887425 0.46067377617912 0.560276480199728 0.540910622555793
0.527032117164918 0.564096848718134 0.35059886156199 0.352707204518561 0.350006215241474
0.343677539217835 0.377274121289696 0.332097983043917 0.364534272600102 0.561375690448785
0.442296246971683 0.398539165355964 0.361949705564065 0.461180161582292 0.379381612145854
0.352873820303846 0.34077004732362 0.390149916596042 0.42244681447277 0.356071268653825
0.39415359456717 0.396516631774026 0.43714443549675 0.365868344281706 0.5165918820821
0.575057855657665 0.372862929097885 0.339986140532426 0.739838082186363 0.390505046241729
0.475395662190111 0.51549083460442 0.420834584671887 0.363904788279003 0.377442555061965
0.394756758451734 0.309429546607875 0.572410626442729 0.45069547005444 0.508427240140139
0.422100261523305 0.417678684714017 0.498391455907357 0.432958221360491 0.563937210387754
0.575457906401269 0.411118913250378 0.373317043312565 0.361493455426522 0.442899574093281
0.402415679614345 0.434940912642846 0.33715264908271 0.388262948464218 0.663266229133896
0.450634949973589 0.425193384700424 0.421350686920134 0.491467722250257 0.347404692941028
0.388835731641329 0.432302886121984 0.394916317587924 0.416036889932156 0.495301539215298
0.646756105157568 0.368097819295774 0.419464185992045 0.409481526790053 0.49956961928631
1.12845729540701 0.343652257979482 0.376551676542468 0.573286139555161 0.362798352574206
0.321188573376544 0.564021110544389 0.517579071073532 0.396543367349363 0.411036698419499
0.370843761579386 0.410929120527535 0.340681404874384 0.529685130603694 0.338360557867495
0.541104033359535 0.494644412310835 0.375793926990063 0.343875203784672 0.344120172412248
0.546204419350932 0.411613817716453 0.358916431304258 0.514966937784969 0.419395892817521
0.32698214333539 0.327362749550953 0.577225283416878 0.376814415310531 0.51891891907059
0.331520490468011 0.42692686824819 0.323384202254348 0.345564970322236 0.442456052754362
0.362785218743014 0.423169086958442 0.478405088631588 0.445808004127691 0.387022430489667
0.360829408952552 0.383541287789049 0.389488374665816 0.506489830975535 0.328500472685356
0.332397611858492 0.348128040133513 0.379394606557008 0.384662099065135 0.732807281155584
0.38425110631071 0.571099532643282 0.467332837674143 0.50588283377948 0.409795115437744
0.404277741596886 0.542716136326185 0.418439854653219 0.452171892312534 0.406875313698273
0.524728577692498 0.433906833576161 0.570647318313265 0.511726160956225 0.579046050690696
0.331809838022974 0.362189551971685 0.399705787230963 0.438562983804589 0.513793682521089
0.329817079003582 0.395733503225034 0.650928948564702 0.462444049009173 0.438951849955348
0.445605587132799 0.521761120398032 0.377898358948259 0.392751695359165 0.463292693673159
0.35990145413355 0.475234950337072 0.348471131530876 0.562175236187849 0.439638966694155
0.405247574331887 0.407590607155487 0.407705428925455 0.521130572364051 0.305715835708281
0.402141259831901 0.360007804248006 0.37897966293366 0.349632664262392 0.378007834715395
0.359424476613489 0.41179544935366 0.427362032692266 0.508316405130602 0.352763842538003
0.455283331022691 0.353287634687649 0.334194384173599 0.420759098991977 0.509685864203688
0.379621874387482 0.396553150448529 0.614105747175264 0.369555636265703 0.392652050381724
0.514731695539802 0.386962872872138 0.349832156299225 0.454524419029555 0.340084490905036
0.428450587260219 0.791461644164509 0.575986318834084 0.422144533296885 0.378769277396689
0.418090469977068 0.412674267587415 0.402389795209837 0.763774925868773 0.685112978246817
0.432726596760666 0.332360398699862 0.491937846677923 0.333010230681881 0.34714087180295
0.356307060517653 0.523447908465341 0.376901593579374 0.442860343341701 0.323576100808891
0.409021072769187 0.411617756839974 0.398764608101282 0.376204665099754 0.427390904418411
0.710662844335288 0.41987322916446 0.385926877144819 0.403472425672703 0.379936849743267
0.327377303825118 0.362067324254076 0.401302877971467 0.482968774124713 0.42954220724983
0.355313739061402 0.410336207939267 0.409410915251457 0.435062990302673 0.476565683731459
0.446697182007124 0.356327513659793 0.458718034352634 0.395948927670469 0.478222308944064
0.598721484894006 0.406710224987094 0.380988254407215 0.51976341751338 0.335829448740091
0.465396814058506 0.350484090000173 0.341990438805869 0.33847006213878 0.50281856304529
0.374398508898028 0.584339130661391 0.527297410364261 0.491433483187679 0.350980487618415
0.602504600852034 0.547914060134885 0.321321152586727 0.365002200520203 0.30957943208317
0.336322995425626 0.415256384327469 0.729491214926718 0.378573712192933 0.320270017445576
0.794126632376746 0.445044085473892 0.353004653199465 0.374103866166199 0.651473683349392
0.552424649412 0.433408940086545 0.453072173642232 0.594802814691063 0.418732752230153
0.750260872003967 0.428462221210823 0.435642190428869 0.481673554107585 0.427797241659998
0.308681614981669 0.413793480235404 0.344745863930344 0.410673601532009 0.454469898081543
0.417307891006568 0.409131756999831 0.629198764885352 0.441206727326049 0.836759023224823
0.36201391340818 0.39147700194512 0.551253221429727 0.36881929719837 0.520669678172533
0.542332820382705 0.517209094300309 0.561306239100026 0.478883902615185 0.478278009124803
0.372862500675336 0.570774765281407 0.480947481412242 0.473122850475325 0.384805944775258
0.303005441587919 0.548573440643248 0.435441649475686 0.389392738938894 0.379040270824631
0.42066988371674 0.308751451338503 0.391213480040915 0.491623032693347 0.385038447732807
0.331273028934429 0.373948226888573 0.375782178463742 0.34083989114545 0.588434719442802
0.400178560551887 0.358459716141317 0.456825345596858 0.39617151437356 0.428422956689737
0.403977357865458 0.413328380123378 0.416695767765563 0.377960540914068 0.488658168973029
0.381684442305731 0.360449670061847 0.321485732598957 0.452060414483384 0.427501389469688
0.393087394369923 0.494354117453821 0.320152336866451 0.471510238960939 0.343316779393757
0.308950016480609 0.399027433840822 0.439754120231202 0.395865897288841 0.596051620826996
0.988107590540368 0.341615483484221 0.31151133860429 0.379185993065369 0.345691336383326
0.393436112548844 0.359219657602833 0.505475967283008 0.756411812996823 0.403538412896887
0.36095140697191 0.376808353878694 0.359297163707809 0.564633554900425 0.472972924332214
0.455601074070921 0.700436308340318 0.339933315309974 0.432928650438591 0.368323769820807
0.54912456900853 0.374636398330272 0.447062898880095 0.545069182914737 0.388253625685656
0.366346858510238 0.370129207981708 0.323826145781667 0.49770329847104 0.361136303296374
0.450993713294144 0.335857840783966 0.371111001618699 0.426406625662822 0.396383323767438
0.357560385967367 0.380877857092247 0.443125639845168 0.695849864959248 0.292548213545385
0.326695992618604 0.358809505964877 0.386485200747722 0.5444878480397 0.399322890677455
0.508092541233507 0.421083368934518 0.331959954249327 0.401688694661035 0.365638900828441
0.379287707522576 0.388455970506492 0.436690419823349 0.343068723261795 0.441333539923736
0.335164875232744 0.345806176285997 0.337172904907063 0.59656377872744 0.448881270319837
0.356342797581371 0.606281059916394 0.363653788859389 0.467797730063363 0.465793168771196
0.325388828785893 0.437815912637047 0.389927706888108 0.494796102780374 0.289490140462485
0.407402403209795 0.495903006734055 0.420693184547745 0.381152785464772 0.435181008120298
0.315999390530807 0.350789252985714 0.399964747679539 0.54355623835565 0.415525881080674
0.574998573954769 0.642113523243753 0.353320911054986 0.308372945297377 0.322373954548058
0.348402661311744 0.550212791055098 0.39282788932894 0.740949867448648 0.565322185961139
0.327430053958183 0.407997665796741 0.387223114114461 0.417832779773836 0.986029666083697
0.349093780737519 0.337050471337072 0.330570536359526 0.839897446478675 0.403710501529986
0.447305289949664 0.636226066474037 0.373655147748897 0.40919705723353 0.397009404389023
0.334082533335903 0.504515870315922 0.441533671535324 0.345053177979272 0.333670302651711
0.374290702530799 0.40503785286669 0.426548432086847 0.44420416171909 0.363271201522522
0.42693752415197 0.519632154749355 0.433889192122106 0.3275386602278 0.310722168083677
0.431687862405794 0.348042780530837 0.549767938691456 0.37850982250861 0.345082504819871
0.651035338790815 0.374182223212367 0.346610134284537 0.463527545947116 0.338462347553946
0.413256244104768 0.46201772138059 0.334859192944887 0.348757282094457 0.389385982141597
0.360004069733137 0.403759159124411 0.543000414054249 0.409253351134721 0.476070711212883
0.413164526613413 0.375346942507639 0.349450317171525 0.397777996261875 0.704626178057323
0.651328970487699 0.333409318228391 0.481924010740153 0.32066833196937 0.357601335531125
0.388949545485835 0.423198769269843 0.394032735128948 0.335487076302922 0.441069422867817
0.439127535121786 0.369178412324444 0.381862972971327 0.350050367947896 0.410526210161054
0.410882747553895 0.536475989455477 0.383208539905642 0.435405667967513 0.396287794430338
0.381722837449991 0.457585026207432 0.363697764457609 0.508827717930589 0.365580990245533
0.327578424959335 0.555585248432677 0.467601621690511 0.431364398344806 0.341630390002287
0.439789297484191 0.394107023121937 0.706818005608401 0.391820093310866 0.375928083656721
0.445821525574793 0.343694088472301 0.552647638927388 0.408710383836317 0.428045038616344
0.406419715405796 0.873293784630633 0.365662113433429 0.494052743898054 0.443308901986426
0.993796442898754 0.429076553998066 0.452361848951014 0.323822836379396 0.433065690688583
0.456979542419032 0.608055796167292 0.37301661590772 0.345683474425662 0.43786382181449
0.493364750271639 0.422403083531055 0.691112815581616 0.426449251308155 0.373806370836261
0.340233943312455 0.309033318460983 0.461385271948867 0.393960437939811 0.32687999820455
0.539906514328093 0.549145750118002 0.458203606061872 0.365656274102972 0.460720819265036
0.382969706911629 0.467365226453343 0.437636566175113 0.364841478158827 0.539845523866439
0.427212919235883 0.372684818485347 0.382654780582052 0.428682981383517 0.357981247778412
0.378944495572118 0.45154845430887 0.40555144988234 0.468150850679349 0.356442558278502
0.362567224556865 0.330834197999164 0.375495999015962 0.435090540704646 0.38348163032676
0.551522123511821 0.614003240792172 0.428491486126156 0.407619715588381 0.50207389236187
0.502243380509152 0.371897673063411 0.386938925653493 0.405822778468251 0.367419226497211
0.34739511184239 0.400929326588924 0.46312126100606 0.380003207995774 0.442094054086006
0.360676276906726 0.389566061838011 0.516518020996845 0.420339654236607 0.493035809910092
0.460414898090522 0.712992977603807 0.417663664643877 0.371448582970337 0.462828022919666
0.42712504154536 0.422772376242873 0.379944328184086 0.375875716641964 0.389736318203344
0.332480645222422 0.346239609477779 0.470754064641563 0.329165838287179 0.426092777865348
0.399502935998374 0.445608518002464 0.683427041206651 0.440973351749605 0.464797649846457
0.296571383874871 0.381212235561813 0.495868482495144 0.443091620859282 0.361100481028388
0.298582973002193 0.360818679322961 0.830914973081239 0.413950942687373 0.336031629755773
0.493420518648899 0.356928567480785 0.489337530770652 0.708630903326463 0.429410571759155
0.428607507314327 0.496702476534912 0.366647870547778 0.466097957641198 0.436227809202593
0.515962770333822 0.498929367247588 0.361334276615189 0.395725588160048 0.364544918935168
0.476782529202702 0.456897781191531 0.508801560439474 0.635418991344347 0.41066830242776
0.310704928115098 0.371090989122575 0.417675812272568 0.371991496543779 0.333589392074597
0.437966655701036 0.320285231262417 0.46857375108868 0.786954880862586 0.556616267070146
0.335858718385691 0.327915914066826 0.711510844857418 0.426705378140474 0.586518319379781
0.387324866679169 0.370179037007767 0.328078229937334 0.527284678091448 0.526439897816037
0.407088097785429 0.401993623821203 0.363320112528839 0.477630620975702 0.361736953027615
0.461673008325091 0.332389195746982 0.748798578012739 0.36235350410986 0.388600682966364
0.493653378892883 0.519269923203539 0.402130307959481 0.758919913355185 0.413624754098642
0.357524693761312 0.467988858665774 0.465126884865438 0.487121826782901 0.459068997955085
0.609987489840284 0.454514247760921 0.554859524998881 0.395922769741229 0.357894163199376
0.388975192658714 0.369614645855297 0.959688645939424 0.450428581840815 0.287016215179691
0.345325398721722 0.384735412019742 0.446797607719283 0.387033152255224 0.437516001345555
0.488226546400182 0.423106671731995 0.491705990334532 0.404556950441933 0.596840542164538
0.377979519313345 0.470621541174643 0.347284431298933 0.44518371811911 0.751569225610119
0.349893701566219 0.349188368992727 0.377267269297513 0.463130199055175 0.503626535781351
0.461755887555999 0.385494654137117 0.431940673331128 0.378096496083878 0.331855293596794
0.469980278190208 0.400607233237187 0.507250271342367 0.452361956816407 0.443317475462327
0.470119826720169 0.454653972342524 0.297288197263431 0.341964441850658 0.39234102541098
0.744510683449807 0.424466987279766 0.378407558347858 0.394879974239233 0.472112158942459
0.567846003557242 0.461222379681174 0.387868649992065 0.39521863945979 0.673708298846202
0.586578177543105 0.33834208939365 0.464163856675112 0.435166469167984 0.434946051279509
0.414229446297343 0.331983433485419 0.481786149672658 0.421676547298218 0.339778109626043
0.338739765245394 0.331938261971079 0.472547151001295 0.444859053194458 0.332817562753434
0.518695512944287 0.681678882474707 0.328376258133938 0.342952835544522 0.407985446227469
0.624788258481886 0.3205922576909 0.342243802573253 0.929792626265453 0.439100742096114
0.545210173912968 0.395842135245813 0.374711291164727 0.420527232993683 1.01430433564866
0.406225236469374 0.329015829170481 0.930470118366213 0.348272931300159 0.373763534009223
0.422855500934009 0.452918581100779 0.478966911723824 0.38550940914107 0.52563197253779
0.349499001471798 0.346967180562641 0.335716445043883 0.511136683116435 0.334303882003996
0.557926531356087 0.39352621451609 0.380456850164044 0.348431927354337 0.331958856838179
0.407456565511127 0.401627805379975 0.471177140537956 0.6746457367232 0.349832946771004
0.590061202650147 0.404538670155728 0.332143146338173 0.386863701674661 0.34905156953651
0.637650943397548 0.366020566844623 0.381969161419038 0.42258708508676 0.412557414624461
0.424416587705589 0.623610978847701 0.363622238046432 0.350477270819453 0.365712501883634
0.380195560507212 0.546203590529245 0.495259778103531 0.643124716502723 0.391928545286099
0.368587593265436 0.449923679704758 0.348467331148833 0.38866056761456 0.57061309021369
0.375963836857315 0.48152360949448 0.334258660706759 0.440551602598128 0.48037976986475
0.295351112738527 0.400729193995325 0.378820734578209 0.311472635353265 0.353559693222835
0.409589375250953 0.486516018519848 0.339412206648381 0.3667583337236 0.558849773661882
0.327634090005082 0.367985030898172 0.359727921036207 0.379140570608301 0.45425432893937
0.382117812283299 0.3923422003204 0.351391025234631 1.02321998698135 0.667808551263707
0.35311945480672 0.463053032867594 0.413652401434903 0.456625402560617 0.371677871573744
0.535837123597415 0.399114213076009 0.442814493896643 0.419810582613676 0.386681627359937
0.352255109909383 1.29265139613652 0.371464436892375 0.324997403344641 0.484725306992903
0.372326936337731 0.353453720626747 0.338677221718779 0.447499307423101 0.37118007015771
0.387243135926033 0.374877155413927 0.401064002077552 0.352017050108199 0.521895439556636
0.6577524599642 0.346287777082258 0.518406275677673 0.50368417771122 0.359773136863865
0.605657441690901 0.360930311955839 0.35177037204341 0.404393247933028 0.346335634956912
0.44249374991078 0.348014292350354 0.344355167644743 0.503935610530472 0.358815625019858
0.362152051902969 0.432325131751253 0.444751814098463 0.347043313181924 0.316923252240803
0.380912516839674 0.378865336345275 0.313788635678514 0.533578694821215 0.438594216793611
0.665818421013452 0.474153444202704 0.425110401003389 0.47592143249689 0.305808665913165
0.332062495693746 0.448836258475804 0.453174137098742 0.352284498707608 0.413517883367722
0.558045133244587 0.419717361785831 0.388906657421513 0.399629876493769 0.419761937452575
0.36725853186881 0.754932161324331 0.468039149043035 0.916942201933276 0.352082113738987
0.511594118869125 0.397139120132382 0.352720670953779 0.376045650672915 0.488414627260183
0.328470886034892 0.322761467625535 0.383155574681163 0.637577942644805 0.381303758571286
0.392196480174613 0.362271885565704 0.401031291063184 0.446828312912829 0.332185000616063
0.478574227483251 0.423264218668335 0.356002733474014 0.495222602231747 0.313291992585216
0.451841901414291 0.452010295530822 0.325518010120907 0.341349720495491 0.377498037821727
0.480736100448921 0.40303454937791 0.518451405510105 0.449913338271132 0.465941404365479
0.57568848452898 0.408553226671468 0.403656087403574 0.429569913783037 0.380686121632039
0.328404827519214 0.368588395557152 0.615989483970318 0.305705701291435 0.383117709902935
0.456904736250531 0.392367726159404 0.418787872269008 0.425521124905203 0.447755415836623
1.02275345743873 0.694546431263028 0.368386557881127 0.359220584133248 0.428459489256842
0.361859090883886 0.535297383009579 0.351564591178469 0.370546578193756 0.403565957130358
0.398404374427776 0.418556530429885 0.406940896091991 0.348252022829713 0.35858987967598
0.350419389357572 0.377064442209209 0.475947421958145 0.448288756897453 0.377973963258652
0.373170062736817 0.413058378707861 0.339803208354886 0.378043329376834 0.477454395412961
0.309332194204466 0.386442684615237 0.355767554355951 0.327746738255308 0.408665354694717
0.387411565636708 0.658183622794806 0.371741274121076 0.479665140281 0.386287319000653
0.752847267161861 0.371655859955154 0.447986723566905 0.42181900012522 0.364907448802164
