0.208
0.203
0.188
0.268
0.196
0.18
0.167
0.424
0.176
0.668
0.138
0.174
0.153
0.195
0.211
0.186
0.681
0.209
0.176
0.205
0.571
0.223
0.217
0.204
0.188
0.818
0.218
0.748
0.292
0.208
0.174
0.177
0.155
0.32
0.208
0.448
0.177
0.189
0.201
0.258
0.114
0.187
0.159
0.26
0.191
0.124
0.144
0.401
0.158
0.626
0.125
0.127
0.121
0.178
0.187
0.168
0.666
0.163
0.164
0.171
0.607
0.171
0.159
0.181
0.191
0.787
0.181
0.693
0.248
0.161
0.162
0.176
0.159
0.295
0.163
0.421
0.195
0.187
0.194
0.235
0.173
0.214
0.138
0.284
0.168
0.198
0.137
0.436
0.208
0.627
0.143
0.203
0.147
0.166
0.165
0.166
0.688
0.18
0.159
0.171
0.575
0.16
0.172
0.18
0.162
0.765
0.156
0.715
0.307
0.155
0.146
0.134
0.142
0.32
0.15
0.38
0.146
0.148
0.165
0.151
0.145
0.18
0.121
0.223
0.116
0.147
0.113
0.428
0.17
0.644
0.107
0.161
0.11
0.121
0.144
0.142
0.66
0.131
0.141
0.144
0.567
0.136
0.158
0.13
0.16
0.786
0.127
0.697
0.257
0.129
0.125
0.123
0.12
0.291
0.133
0.364
0.127
0.144
0.14
0.138
0.164
0.222
0.152
0.261
0.146
0.193
0.161
0.428
0.197
0.65
0.155
0.208
0.161
0.16
0.172
0.155
0.688
0.148
0.164
0.143
0.571
0.149
0.158
0.198
0.158
0.815
0.143
0.729
0.292
0.175
0.128
0.131
0.141
0.329
0.15
0.373
0.141
0.151
0.171
0.169
