0.173
0.201
0.189
0.259
0.208
0.182
0.164
0.411
0.156
0.65
0.153
0.199
0.165
0.199
0.206
0.178
0.696
0.206
0.205
0.219
0.61
0.194
0.209
0.208
0.217
0.756
0.218
0.726
0.292
0.19
0.183
0.173
0.172
0.35
0.195
0.495
0.162
0.222
0.179
0.23
0.15
0.181
0.156
0.24
0.161
0.129
0.163
0.414
0.129
0.632
0.119
0.151
0.129
0.151
0.164
0.145
0.706
0.169
0.172
0.187
0.576
0.198
0.183
0.161
0.186
0.788
0.183
0.712
0.253
0.171
0.169
0.151
0.161
0.327
0.155
0.407
0.175
0.174
0.189
0.233
0.189
0.224
0.162
0.254
0.154
0.192
0.178
0.392
0.179
0.625
0.134
0.212
0.164
0.148
0.152
0.167
0.703
0.164
0.164
0.171
0.568
0.164
0.166
0.185
0.166
0.782
0.16
0.705
0.308
0.146
0.157
0.145
0.118
0.33
0.147
0.397
0.145
0.156
0.158
0.169
0.14
0.183
0.111
0.254
0.123
0.144
0.111
0.415
0.148
0.635
0.124
0.179
0.132
0.148
0.133
0.133
0.679
0.13
0.129
0.135
0.576
0.143
0.136
0.142
0.143
0.756
0.124
0.687
0.252
0.124
0.129
0.116
0.106
0.299
0.166
0.361
0.123
0.123
0.138
0.17
0.179
0.199
0.171
0.274
0.17
0.204
0.156
0.435
0.178
0.654
0.135
0.199
0.151
0.165
0.151
0.173
0.684
0.167
0.152
0.158
0.577
0.163
0.166
0.185
0.151
0.801
0.144
0.714
0.299
0.145
0.146
0.138
0.141
0.312
0.16
0.404
0.13
0.15
0.156
0.163
