0.185
0.21
0.18
0.289
0.206
0.166
0.173
0.424
0.155
0.645
0.164
0.164
0.155
0.188
0.197
0.175
0.69
0.211
0.185
0.202
0.599
0.221
0.22
0.194
0.21
0.838
0.198
0.734
0.262
0.174
0.206
0.194
0.156
0.35
0.193
0.439
0.19
0.219
0.201
0.238
0.125
0.205
0.159
0.283
0.175
0.126
0.149
0.403
0.14
0.605
0.126
0.136
0.122
0.157
0.184
0.182
0.695
0.192
0.163
0.172
0.599
0.216
0.183
0.169
0.171
0.763
0.165
0.706
0.264
0.182
0.14
0.158
0.167
0.32
0.176
0.394
0.162
0.189
0.177
0.2
0.195
0.215
0.174
0.261
0.162
0.17
0.167
0.415
0.205
0.681
0.135
0.209
0.155
0.137
0.165
0.173
0.677
0.152
0.17
0.168
0.587
0.16
0.147
0.19
0.152
0.798
0.133
0.714
0.297
0.166
0.131
0.142
0.132
0.317
0.158
0.398
0.138
0.154
0.147
0.153
0.118
0.183
0.134
0.255
0.129
0.136
0.12
0.405
0.151
0.622
0.112
0.175
0.114
0.134
0.131
0.133
0.691
0.126
0.154
0.175
0.583
0.137
0.126
0.146
0.127
0.763
0.132
0.695
0.256
0.118
0.136
0.103
0.097
0.304
0.151
0.373
0.133
0.138
0.14
0.144
0.172
0.216
0.155
0.259
0.148
0.183
0.147
0.435
0.183
0.671
0.146
0.193
0.179
0.154
0.172
0.172
0.678
0.147
0.167
0.164
0.586
0.152
0.194
0.199
0.145
0.78
0.145
0.716
0.286
0.151
0.157
0.141
0.127
0.313
0.155
0.42
0.145
0.131
0.141
0.175
