0.18
0.216
0.177
0.28
0.217
0.177
0.172
0.423
0.155
0.635
0.162
0.189
0.142
0.188
0.205
0.177
0.676
0.196
0.202
0.232
0.573
0.223
0.22
0.188
0.194
0.829
0.206
0.723
0.284
0.194
0.174
0.179
0.181
0.352
0.192
0.465
0.199
0.188
0.212
0.223
0.155
0.191
0.166
0.226
0.185
0.122
0.137
0.396
0.148
0.624
0.131
0.142
0.122
0.159
0.206
0.14
0.688
0.17
0.187
0.186
0.596
0.203
0.201
0.155
0.185
0.757
0.199
0.689
0.252
0.165
0.158
0.172
0.139
0.319
0.172
0.418
0.145
0.166
0.203
0.225
0.171
0.216
0.142
0.301
0.14
0.179
0.16
0.436
0.199
0.646
0.178
0.186
0.175
0.141
0.179
0.168
0.663
0.163
0.158
0.168
0.591
0.179
0.174
0.196
0.164
0.789
0.15
0.698
0.296
0.171
0.15
0.12
0.126
0.306
0.15
0.389
0.136
0.153
0.153
0.14
0.139
0.174
0.126
0.223
0.112
0.143
0.124
0.419
0.138
0.617
0.132
0.156
0.114
0.138
0.133
0.123
0.657
0.124
0.143
0.146
0.58
0.137
0.144
0.142
0.143
0.786
0.132
0.715
0.278
0.153
0.126
0.116
0.137
0.288
0.175
0.364
0.11
0.126
0.14
0.127
0.189
0.22
0.153
0.283
0.152
0.202
0.155
0.403
0.183
0.656
0.131
0.194
0.171
0.16
0.161
0.158
0.705
0.152
0.164
0.159
0.558
0.148
0.157
0.21
0.158
0.791
0.141
0.703
0.31
0.146
0.148
0.116
0.127
0.323
0.173
0.427
0.137
0.144
0.151
0.181
