0.172
0.204
0.196
0.262
0.202
0.176
0.17
0.431
0.17
0.67
0.158
0.173
0.145
0.174
0.204
0.191
0.668
0.2
0.195
0.193
0.575
0.21
0.221
0.202
0.185
0.812
0.253
0.725
0.275
0.198
0.182
0.186
0.195
0.332
0.199
0.456
0.193
0.216
0.206
0.225
0.157
0.203
0.154
0.236
0.193
0.134
0.139
0.405
0.143
0.622
0.121
0.133
0.146
0.18
0.192
0.156
0.69
0.156
0.167
0.194
0.599
0.204
0.174
0.155
0.17
0.765
0.184
0.673
0.253
0.183
0.157
0.177
0.162
0.308
0.138
0.413
0.153
0.191
0.186
0.234
0.191
0.211
0.155
0.28
0.153
0.197
0.134
0.427
0.18
0.616
0.139
0.189
0.141
0.17
0.166
0.196
0.684
0.16
0.18
0.178
0.612
0.171
0.175
0.18
0.146
0.792
0.133
0.691
0.269
0.157
0.17
0.144
0.144
0.334
0.16
0.396
0.166
0.131
0.136
0.146
0.148
0.186
0.128
0.239
0.113
0.145
0.134
0.408
0.153
0.643
0.119
0.157
0.137
0.126
0.119
0.152
0.678
0.145
0.144
0.147
0.566
0.13
0.15
0.157
0.139
0.76
0.129
0.694
0.228
0.128
0.124
0.107
0.115
0.296
0.163
0.357
0.119
0.13
0.138
0.149
0.162
0.215
0.165
0.259
0.134
0.182
0.152
0.433
0.206
0.632
0.133
0.206
0.16
0.161
0.136
0.191
0.691
0.166
0.18
0.179
0.57
0.145
0.165
0.202
0.16
0.791
0.159
0.716
0.298
0.18
0.15
0.126
0.147
0.297
0.185
0.387
0.131
0.127
0.166
0.155
