0.189
0.222
0.173
0.278
0.195
0.15
0.19
0.415
0.189
0.696
0.156
0.186
0.131
0.181
0.199
0.171
0.674
0.204
0.222
0.209
0.596
0.217
0.197
0.214
0.204
0.79
0.231
0.738
0.28
0.183
0.173
0.17
0.161
0.332
0.195
0.47
0.183
0.206
0.206
0.224
0.144
0.191
0.141
0.238
0.19
0.135
0.159
0.413
0.13
0.634
0.128
0.137
0.145
0.166
0.185
0.155
0.66
0.168
0.171
0.2
0.55
0.193
0.167
0.182
0.179
0.78
0.193
0.711
0.269
0.175
0.151
0.15
0.145
0.31
0.159
0.391
0.175
0.197
0.207
0.226
0.169
0.192
0.137
0.294
0.134
0.201
0.166
0.415
0.179
0.65
0.146
0.23
0.153
0.155
0.157
0.165
0.68
0.166
0.143
0.162
0.585
0.173
0.159
0.186
0.146
0.784
0.156
0.718
0.318
0.163
0.144
0.131
0.156
0.33
0.164
0.368
0.144
0.154
0.165
0.162
0.138
0.183
0.127
0.245
0.124
0.139
0.123
0.412
0.145
0.628
0.118
0.158
0.121
0.134
0.122
0.153
0.683
0.14
0.13
0.14
0.568
0.146
0.14
0.189
0.132
0.792
0.147
0.708
0.256
0.122
0.121
0.114
0.121
0.298
0.15
0.329
0.126
0.115
0.132
0.131
0.177
0.226
0.148
0.258
0.161
0.198
0.15
0.435
0.196
0.649
0.137
0.218
0.16
0.15
0.159
0.165
0.659
0.166
0.158
0.179
0.57
0.173
0.162
0.184
0.171
0.804
0.144
0.726
0.299
0.144
0.155
0.141
0.11
0.319
0.16
0.389
0.148
0.161
0.143
0.148
