0.202
0.196
0.185
0.249
0.196
0.183
0.165
0.405
0.202
0.679
0.148
0.164
0.169
0.202
0.193
0.205
0.662
0.177
0.202
0.198
0.582
0.211
0.216
0.189
0.2
0.79
0.209
0.742
0.29
0.182
0.192
0.19
0.179
0.351
0.211
0.467
0.167
0.194
0.212
0.244
0.167
0.197
0.158
0.237
0.17
0.136
0.129
0.384
0.128
0.631
0.13
0.148
0.136
0.156
0.177
0.134
0.696
0.167
0.187
0.195
0.579
0.182
0.192
0.154
0.166
0.776
0.187
0.723
0.277
0.17
0.147
0.171
0.161
0.304
0.179
0.41
0.153
0.191
0.18
0.235
0.168
0.224
0.15
0.245
0.169
0.182
0.176
0.406
0.202
0.65
0.128
0.204
0.154
0.165
0.16
0.171
0.685
0.15
0.187
0.18
0.583
0.145
0.161
0.189
0.15
0.775
0.163
0.717
0.274
0.159
0.132
0.121
0.14
0.337
0.176
0.405
0.149
0.149
0.143
0.176
0.142
0.173
0.139
0.227
0.129
0.152
0.132
0.378
0.15
0.606
0.117
0.154
0.133
0.14
0.126
0.144
0.675
0.14
0.13
0.137
0.597
0.133
0.121
0.157
0.134
0.764
0.133
0.692
0.268
0.129
0.137
0.113
0.119
0.302
0.128
0.377
0.133
0.139
0.135
0.165
0.172
0.21
0.144
0.264
0.152
0.185
0.154
0.434
0.185
0.626
0.164
0.2
0.164
0.157
0.143
0.181
0.684
0.16
0.186
0.186
0.587
0.147
0.168
0.179
0.161
0.765
0.141
0.731
0.308
0.181
0.146
0.123
0.139
0.334
0.154
0.384
0.143
0.154
0.14
0.164
