0.164
0.215
0.195
0.258
0.178
0.179
0.173
0.434
0.179
0.666
0.153
0.172
0.168
0.2
0.195
0.195
0.699
0.203
0.207
0.227
0.597
0.235
0.219
0.192
0.164
0.799
0.224
0.736
0.293
0.18
0.177
0.172
0.175
0.322
0.199
0.457
0.17
0.202
0.195
0.232
0.165
0.185
0.155
0.245
0.192
0.146
0.159
0.411
0.139
0.627
0.123
0.139
0.127
0.141
0.191
0.153
0.681
0.148
0.178
0.186
0.589
0.185
0.171
0.145
0.203
0.771
0.188
0.673
0.261
0.169
0.144
0.143
0.152
0.311
0.19
0.42
0.163
0.211
0.183
0.237
0.202
0.183
0.132
0.266
0.151
0.18
0.144
0.418
0.196
0.648
0.148
0.222
0.156
0.16
0.143
0.163
0.705
0.143
0.166
0.176
0.578
0.155
0.192
0.188
0.156
0.788
0.155
0.734
0.29
0.137
0.157
0.135
0.141
0.354
0.18
0.397
0.138
0.134
0.139
0.15
0.145
0.217
0.132
0.251
0.143
0.131
0.129
0.405
0.154
0.614
0.098
0.152
0.126
0.116
0.128
0.15
0.678
0.132
0.139
0.129
0.604
0.139
0.138
0.157
0.129
0.758
0.13
0.683
0.255
0.14
0.13
0.11
0.106
0.31
0.157
0.353
0.116
0.141
0.138
0.137
0.163
0.218
0.153
0.27
0.159
0.186
0.162
0.426
0.209
0.632
0.14
0.2
0.126
0.162
0.164
0.176
0.667
0.148
0.166
0.187
0.606
0.126
0.162
0.183
0.165
0.803
0.152
0.723
0.289
0.15
0.145
0.129
0.144
0.315
0.175
0.387
0.16
0.145
0.157
0.17
