0.205
0.208
0.187
0.24
0.196
0.168
0.19
0.441
0.18
0.662
0.139
0.174
0.171
0.178
0.227
0.182
0.666
0.233
0.202
0.213
0.575
0.217
0.218
0.2
0.215
0.796
0.214
0.716
0.28
0.169
0.176
0.188
0.166
0.377
0.196
0.443
0.18
0.203
0.182
0.227
0.151
0.168
0.167
0.261
0.162
0.13
0.151
0.419
0.139
0.636
0.136
0.12
0.135
0.167
0.177
0.144
0.68
0.175
0.169
0.202
0.616
0.214
0.192
0.165
0.158
0.776
0.195
0.659
0.275
0.149
0.148
0.165
0.174
0.32
0.17
0.399
0.162
0.178
0.169
0.227
0.153
0.25
0.153
0.267
0.14
0.192
0.132
0.431
0.18
0.625
0.14
0.175
0.157
0.147
0.173
0.18
0.706
0.18
0.16
0.161
0.612
0.156
0.159
0.184
0.165
0.784
0.161
0.698
0.303
0.143
0.163
0.134
0.121
0.313
0.18
0.385
0.169
0.149
0.149
0.17
0.145
0.19
0.131
0.227
0.119
0.139
0.132
0.381
0.184
0.64
0.112
0.146
0.146
0.124
0.146
0.128
0.692
0.135
0.133
0.137
0.553
0.145
0.137
0.147
0.131
0.781
0.134
0.696
0.281
0.125
0.136
0.121
0.1
0.269
0.137
0.376
0.13
0.143
0.138
0.133
0.194
0.23
0.15
0.27
0.169
0.16
0.15
0.412
0.197
0.635
0.155
0.195
0.154
0.179
0.155
0.161
0.694
0.156
0.181
0.159
0.568
0.168
0.146
0.172
0.143
0.802
0.148
0.726
0.29
0.156
0.161
0.147
0.119
0.304
0.165
0.408
0.146
0.157
0.159
0.159
