0.163
0.222
0.189
0.244
0.205
0.172
0.171
0.402
0.18
0.652
0.142
0.179
0.162
0.204
0.198
0.193
0.68
0.198
0.219
0.183
0.59
0.211
0.215
0.206
0.202
0.827
0.242
0.737
0.295
0.195
0.158
0.161
0.188
0.343
0.204
0.451
0.172
0.202
0.202
0.241
0.145
0.187
0.145
0.25
0.158
0.131
0.169
0.385
0.148
0.618
0.11
0.139
0.128
0.151
0.182
0.159
0.688
0.16
0.205
0.177
0.595
0.188
0.175
0.148
0.17
0.762
0.2
0.672
0.238
0.182
0.166
0.184
0.171
0.354
0.181
0.44
0.168
0.172
0.179
0.22
0.198
0.196
0.131
0.255
0.172
0.183
0.155
0.387
0.188
0.669
0.132
0.183
0.155
0.149
0.162
0.178
0.693
0.158
0.159
0.176
0.588
0.142
0.143
0.21
0.148
0.795
0.14
0.748
0.305
0.154
0.161
0.137
0.145
0.326
0.146
0.406
0.159
0.143
0.153
0.172
0.144
0.194
0.138
0.246
0.134
0.135
0.124
0.407
0.164
0.623
0.116
0.163
0.136
0.12
0.131
0.139
0.697
0.134
0.147
0.142
0.589
0.123
0.135
0.171
0.121
0.779
0.123
0.665
0.229
0.133
0.139
0.108
0.108
0.287
0.136
0.37
0.128
0.137
0.13
0.155
0.166
0.213
0.151
0.269
0.147
0.206
0.153
0.441
0.184
0.644
0.136
0.19
0.149
0.16
0.155
0.198
0.72
0.155
0.17
0.158
0.594
0.168
0.151
0.177
0.138
0.772
0.17
0.718
0.28
0.156
0.138
0.148
0.127
0.338
0.185
0.401
0.146
0.122
0.153
0.153
