0.185
0.195
0.174
0.269
0.208
0.183
0.163
0.386
0.172
0.645
0.147
0.18
0.14
0.168
0.193
0.183
0.693
0.196
0.207
0.219
0.594
0.213
0.19
0.232
0.219
0.804
0.242
0.749
0.296
0.205
0.156
0.181
0.174
0.353
0.178
0.442
0.216
0.216
0.21
0.224
0.158
0.183
0.162
0.258
0.166
0.13
0.146
0.409
0.126
0.65
0.111
0.138
0.127
0.154
0.183
0.137
0.679
0.183
0.146
0.184
0.56
0.194
0.19
0.155
0.171
0.785
0.198
0.723
0.261
0.182
0.149
0.179
0.175
0.307
0.172
0.397
0.179
0.18
0.173
0.24
0.199
0.216
0.161
0.259
0.18
0.179
0.171
0.422
0.193
0.671
0.144
0.18
0.142
0.133
0.141
0.193
0.682
0.16
0.159
0.158
0.547
0.177
0.18
0.186
0.153
0.792
0.164
0.749
0.305
0.138
0.134
0.129
0.126
0.313
0.165
0.378
0.141
0.152
0.179
0.149
0.107
0.186
0.121
0.245
0.133
0.156
0.123
0.409
0.155
0.601
0.113
0.143
0.115
0.154
0.144
0.137
0.687
0.132
0.133
0.147
0.607
0.145
0.132
0.142
0.14
0.802
0.157
0.674
0.246
0.135
0.144
0.084
0.12
0.273
0.171
0.357
0.138
0.125
0.124
0.143
0.183
0.233
0.169
0.275
0.131
0.178
0.147
0.423
0.197
0.627
0.144
0.201
0.154
0.141
0.167
0.168
0.699
0.163
0.187
0.159
0.621
0.135
0.158
0.172
0.162
0.78
0.141
0.747
0.288
0.152
0.147
0.15
0.115
0.339
0.167
0.39
0.152
0.127
0.138
0.173
