-0.0941636922396201 -0.584231293308179 -1.11168800939047 -0.452901645270119 0.796503909999133
0.983260731336862 0.659643433776616 0.777353116688818 0.225578059094619 0.812840837996206
0.184126104196204 -0.793480558572639 0.41435089211003 -0.485551932433679 -0.662282041331119
-0.37856832382276 -0.311110773450938 -0.645475093133011 -0.44624766988975 -0.969184208508148
0.730036931686822 1.42609269088428 1.26790563173342 1.03316080068164 1.0680848352634
0.445846804603942 0.422686952215142 0.0347854202972675 -0.771505403948288 -0.37358864108629
-1.04358161588178 -0.928819192397442 -0.0921193268661147 -2.17305746143086 -0.854118183124799
0.607132206364168 0.158715649232705 1.84306208453165 0.577802491260443 1.1080097729215
-0.630580598056297 0.999191493336894 0.370030230008576 0.647065977304307 -0.251224510490103
0.279829665961084 0.32085488623042 0.0561544140122714 0.641514930680384 0.976800797992993
0.513181971340471 0.811694097956238 0.284722216395158 -0.872817102892528 -0.236048725019813
-1.11227186003582 1.12897639288889 0.00782733192258734 -1.17557692701886 -0.04252808502948
-0.88014724694389 0.272885296470813 -0.415980617305569 -0.291512683080135 -1.04387096467133
0.832922505631417 0.576403454232954 0.560844928721048 -0.928711736339981 -0.656625709413655
1.53957943055332 1.29483743636908 0.0562729090294158 0.311596342758501 0.460305916984003
-0.461161159497229 -0.0404127728841126 0.526178642491088 -0.181981744995398 1.27581193098011
-1.26389545014717 -0.00333939245733108 -0.835453687817608 -1.39406109197049 -0.621984349891335
-0.713994577916732 0.138637589745726 -1.45007096710832 -0.593113054247204 -1.30280770497203
-0.800950961829826 0.273338993193765 -1.13889793330382 0.56881602516701 -0.0556400042886497
0.226211733369895 -0.230284022332221 0.731904263664237 -0.165326243946679 0.290884653415127
-1.50915980830384 -0.201651980439492 -0.915518367887178 -0.644960228808182 -1.14726803401521
-0.670462747505868 0.482094942850767 0.130502109695704 -0.422602853160945 -0.90611413052486
1.59205476056891 0.547526234749217 -0.370514946051454 -0.553240739572333 0.556906863301654
1.672257055347 0.416700296686178 1.06758213142293 1.55815050104654 1.33532901032242
0.376464248617302 -1.08625619948637 -0.367788767322514 0.639913389049987 -1.0259664831747
0.179130037293537 0.433810458636946 -0.497131272057164 1.11090893082772 -0.308971834697698
-0.0759579426419242 -0.989998341917689 -0.273479581620943 0.988507988571477 -1.34638059582231
0.386867862487908 -0.53885890479032 0.44748576224433 -0.154322108909155 0.15812054611421
0.0531009793613189 0.0511860653589509 0.487220864294766 -0.496722478560247 -0.254835580256049
-1.15944386183269 -0.00441354637575935 -1.17656468398204 -1.18561923789836 -0.0125774198987459
-0.621946284034777 0.77868804604253 -0.18433666178046 0.060737639364343 0.758100042480497
-0.382248904733265 -0.436586133431506 -0.444542311585301 0.332154724316406 0.0950368789235436
0.497682908670046 0.723598320876669 -0.260200364232619 -0.115774625266818 0.592359665849226
-0.345731437209885 0.117010457998893 0.544325169871803 -0.0207049010333433 -0.580044646651418
0.161688574389391 -0.709932629895512 -0.926922299866578 -0.0857337057095313 -0.0705917206750236
0.900842567504899 1.82297494635622 0.268480045007693 0.737458586248856 1.31280230549977
0.149526723093968 0.0485912665390418 0.410778496744514 0.328173532010003 -0.94087894643824
0.0941103525857367 -0.0069470625203718 -0.559396316152693 -0.456808447334849 -0.739346016984756
-0.317868675739837 0.555688307117134 -0.263976924863083 -0.728967449189695 0.145980922949644
-0.00226824224583153 0.642656759587636 -0.843049912694895 -0.764267711688793 0.221776494110399
-0.618864749729599 -0.474920863159176 0.0301845778303913 -0.0230363792146064 -0.0546298545644912
0.311024966045384 0.144049322229807 -0.00303534956842457 -0.320125710985045 -0.4157397117896
-0.135261360283233 -0.41239728270469 0.179998820397776 0.204723489338333 0.851274680608993
-1.23356686685805 0.243201250888496 0.131709966852531 -0.692648411207418 0.836361605728862
-0.967370196417788 -0.697438750145567 -1.42295997713178 -1.36228306457606 -0.720508639190505
-0.178068980886138 -0.704451140852189 -0.462877380142001 0.302064367950901 1.15499866629739
0.963726880962238 0.799254628312573 0.50487350650066 0.563340177021973 0.486066610694294
-0.250894701226602 0.503381091765597 0.541911792240964 1.27405311914055 1.05052580611734
0.944498323495974 -0.629340084183058 -0.0591037982968511 -0.834920682692864 0.949451413723999
0.215455567024062 -0.432081656224364 0.857810760265094 -0.584559271363784 1.21521857419129
-0.0260918370953124 0.0482633847050125 -0.953109986438744 -0.223271937725163 -0.544511789009119
0.149419673547779 0.117756398846707 0.460434738006453 0.224007752683193 1.07536221677123
1.20438263184095 -0.0455787390984705 0.224066786663073 0.442943321053854 -0.429443179745031
0.453224767089051 0.635185225450051 -1.23258079979361 0.195653054015426 -0.332962995665178
0.168750414994191 -0.27630687345226 0.0895628957337176 -0.451393886511421 0.828341581707929
-0.498722045333999 -0.68365386135755 -1.5625745822897 -0.185585289003591 -1.87354213373251
0.635095512705088 1.11578634433643 0.642062215734441 0.424643035850638 1.63006660860392
-1.41144460505802 0.0261989330145666 -1.38974054007699 -0.95816773761596 -0.594542734293583
1.33930503523963 0.0398432092320627 -0.0821536491455414 -0.471474277801795 0.416173764207421
-0.111476556242423 -0.684192105726528 -0.512792558833634 -0.290623064856933 -0.0521726279416935
0.837906427179261 -0.0725422769818458 -0.496794358043589 -0.710481386841533 -0.195533366815053
0.478583389638146 -0.429729098604654 0.314072093063093 -0.369737005863111 1.13083773495463
-0.464426601680487 -0.547297690424282 0.189913466931562 0.514781420278019 -0.397606700062356
0.212980182964493 -1.31206414111796 0.00584879395088902 0.595663054401839 -0.426257067612722
-0.328285210474316 -0.918609857974105 0.101940962789339 -0.494904008772844 -0.339105972784961
1.36558214030727 0.0262031955062404 0.148780160978402 0.407006234425661 0.340821735183298
0.387637449965443 0.00168865078798233 -1.28335510048927 -0.537623509358344 -0.0402920588461026
-0.668456172484558 -1.21196961015146 -0.734555068451832 0.0960800329889565 -0.0606739150457851
-1.06243364083382 -0.586498137576801 -0.718875305504373 -0.662257656792009 0.549013473627722
-1.56263175572771 0.568106551408981 -1.08821360693563 0.250353639634774 0.948561079930349
-0.264364020890127 -0.557156000186827 0.78146753058915 0.0360782350112763 0.0721221302456745
-0.379762275782386 0.0124575910348468 -0.0818572460008608 0.915650661918206 0.213989133518931
0.240354223305324 1.09912702473019 0.847170105889956 0.105163814966728 0.551143691012346
0.943538244948055 -0.703193160259079 0.542804937856277 -0.22075867366521 0.608547573907237
0.304507028057417 0.42989931832066 0.142068174734573 -0.924813368683722 -0.53081104248001
1.31442052486065 0.280066714286696 0.385703868800437 0.901214953162805 1.6009634753649
-0.0161859580880857 0.533290092546648 -1.1951768292956 -0.734917465639863 -0.460864860365532
-0.0587979045442453 -0.652638772242927 -0.365133664268673 -0.478542113324183 -0.266427049937474
0.181908741124674 0.598288390212392 0.341552751264835 -0.084004439627255 0.124584710546561
0.227802465347757 -0.0205436269905421 0.05287415795803 -0.823182414195796 1.05677658884919
-0.457588376978177 0.0268632870857771 0.173575334270699 -0.722207743948217 1.05176254318563
-0.694969910365361 -0.646206641671493 0.309546078649668 -0.187127329704732 -0.435854275331149
1.19048512569516 0.560015020341695 0.0936210007096957 0.384326839561615 -0.410545263279726
-0.662989026634531 0.369972491018186 0.302933863786339 0.0611614534142073 -0.0754997729282556
-0.0213104247917461 0.0391961399659864 0.162300010110609 0.205597691209219 0.233510567393045
-0.35738288251522 -0.0336825388415321 0.45447844180035 0.576138375362957 0.750651865483777
1.0367769200253 0.930562778146044 1.39224080711389 1.46941628988591 0.150432514976724
0.467191391643469 1.20275306924645 -0.615133415364293 -0.94567622732884 0.116546203245499
0.927681265260194 1.14870064427648 1.90862955103442 0.7647063323696 -0.565575219986073
-0.0114842447988021 0.428730450777406 -0.373510593500904 0.593983539594625 0.236317126809293
0.380774220531952 -0.174310655229927 -0.297933283815644 0.405508160508092 0.488247607529515
0.0752727665946648 -0.292045894003069 -0.225723448783935 -1.19586719725374 -0.995196250315216
0.461607281289018 0.0577781628138808 0.257388297141414 -0.680030058606861 0.302595932657942
0.586698937598355 -0.0706189500312869 0.131159396884766 -0.816716657066522 1.37173946012915
-0.859339122910787 -0.588608698988247 -0.243051072942824 -0.0600426352575201 -0.488162201414676
-0.213967448681231 -0.00798130298578497 -0.736876649981038 -0.0234733813272582 -0.0652701670041141
-0.826651968530228 -0.0820962517246757 -0.568720674099901 -0.854833788966061 0.253036459802568
1.42390670778765 0.571642219890319 0.618230910618731 0.612982106156432 0.826975562533323
-0.105856852882541 -0.465300323545405 -0.722272236353841 -0.632615200283544 -0.819301921400324
-0.306991396736022 -0.315097008820803 -0.0539938079883633 -0.484890618046677 0.12105087431732
0.853611108768941 -0.27395423843011 0.919923289087573 -0.117038978092326 1.38023219325799
0.693109422439986 -0.462685687602622 0.759102780098262 0.421264867454238 0.873059302303326
0.237588276448945 0.346259428572204 -0.0985682034567358 -0.162643123534852 0.783866849119071
-0.68072179633779 -1.09204781174265 0.243963361694021 -0.552247649148771 -0.546977673133709
0.318022633939951 -0.456803697102626 0.450761975431566 -0.119770085879409 -0.82477064504532
0.170261575403852 -0.0550165982946671 -0.0501757728681761 0.628591562679402 0.16974221778078
-0.884542772098594 -0.369819765068726 0.0899595785750066 -0.106042669088197 -0.995695544375143
0.0846049776609683 -0.37385115040802 0.778308733703879 0.189350623915346 0.640045593325944
0.351570464016178 0.709395525101549 -0.325450474364911 0.51070846463933 0.446769864591895
0.477228866118199 -0.587811101893213 0.0493344142230604 -0.59479334872074 0.146092231295023
-0.584984901238064 0.307408156675029 0.492073144586208 0.480674468641432 1.04272594388058
0.51868521706975 0.301759628779902 0.399082608908136 -0.243705109978444 0.67584948393981
0.248046883187765 0.735984503596172 1.34896833111819 0.045803647944997 0.247955497133848
0.384259394975861 0.510401515894413 -0.191616891929623 0.170647131019206 1.10802922393355
0.229654129298534 0.0394275488811473 -0.742269492055153 -0.352414408577487 -1.17746050167821
-0.149193328182264 0.086699103179832 -0.625086512006909 -0.301824912928305 0.481162404240504
0.120475979327039 -0.797579796839114 -0.00898418647521246 -0.301967865738528 -1.60457844349537
0.699329056508556 0.571158673972746 0.106525701155482 0.228998325676904 0.204218905489548
-1.30883000393249 -0.43298344475328 -0.744361836487424 -0.823274589959654 -1.23411102220757
0.516019855638264 1.56525696017427 -0.078528532253873 -0.00993459277418932 -0.675351770002469
1.96200091640703 1.27798183256947 1.56943090081075 1.22068127698616 1.44895299467742
-0.374216771206541 -1.21135315863554 -0.750825434164374 -0.700742775720247 -1.15741601474015
0.662110075354273 -0.0976574099719229 1.51974331735793 -0.530802357901408 1.96846973114982
-0.0798100443087708 -0.0983411330173959 1.45924897173915 0.296341572852219 1.33968011454816
-0.911025450361317 0.938041574612084 0.26716780173051 -0.343653939932568 0.141740842056038
-1.28693782131636 -1.15565554972504 -0.317323666651766 -1.90924547566528 -0.610664931264261
0.795200842370913 -0.210996847819829 0.621656608177659 -0.179905862560513 0.27027131223831
1.77508461145314 0.957390828372471 0.301580726503021 0.587424774908103 1.24485879311767
-0.452100253505656 1.23916308990083 -0.522099248374132 -0.0886668186359779 -0.0128614663647588
1.85074737802464 0.644680816820091 1.00842486706448 2.16314810260044 1.52652171815618
-1.42471155714364 -0.446573636937086 -1.48815347257541 -0.127416703089823 0.0887412312972735
0.573314554443725 1.27633237037353 0.284678278112766 1.30801724199083 2.37418732115961
-0.691849939670876 0.691658655576868 0.381676010827491 -0.367804873734055 1.23139470422337
-0.0729908180149936 0.216483886322262 0.866534562058624 0.00515242132237209 0.51948290742377
0.600446760595513 -0.30084466105091 -0.5501419683342 0.456945091233029 -0.0898828079325457
-1.05866718054931 1.1492527280535 0.471384668077913 0.0346132737565967 -0.389958859967243
0.134165088407041 1.48350487063557 2.3920942660178 -0.111962140357116 0.750304015192557
1.1839596475735 -0.191911611982972 1.61062322056923 1.4001271686291 0.534750383642826
-0.637395985921868 -0.803535044987082 -0.542323493881634 0.00828607103295106 -0.37494868879959
0.410873270760863 0.984452153184382 0.190964864707157 0.280546930146747 0.0763557262424797
1.20421274613149 1.70019090650482 1.058345671348 0.941489923324461 1.48020934998691
-0.61089725613341 0.0648151910111029 -0.102077405824275 -0.756855797219452 -1.07563057874818
-1.45423128051712 -0.701081704259515 -0.199243499424696 -1.01813053328499 0.0846088487282135
-0.149927998911395 0.577646448115898 -0.692025689841773 0.262299046161643 -0.191130058828048
1.15461214239243 1.3584766253528 0.445335418194759 0.535819857135906 1.80647239107366
0.420648723422825 1.50775244651794 0.948249159678193 1.11107479811119 1.87208987696772
0.0746869019784481 -0.380691128120578 0.921195759599767 0.467194619582299 0.518318761379675
0.480374220841174 0.053683905695049 1.06600280535279 1.26922039530299 1.62266371709571
0.823734549232866 0.292394806780065 -0.444367203820757 0.446580174105139 -0.0655619083123467
0.040929758052786 -0.903620696677971 -0.550720834258036 0.257935774102206 -0.942850681143257
-1.01182386810803 -0.550711853426315 -0.799471632135193 -0.70298897033844 -0.582247199957292
-0.527404790882962 -0.4290022607227 -0.626876623831572 0.341814617874048 0.39798915781674
0.0610483195722473 -0.0381242299456482 -0.686689499915114 -0.887516141468299 0.478902013521322
0.441418723811463 -0.122442023340584 0.631100259204482 0.933313758772773 0.709685566366427
0.764841181016176 0.472750731003226 0.734428573013418 0.677795567667361 1.17169897233552
0.131373455963465 -0.974331547461736 -0.901404789747235 -0.378030961131818 -0.917528244409194
0.857002058368485 1.14907982910705 1.52282140601248 1.62318539643554 1.98195751382315
-0.540201639276624 0.431958858062179 0.877880993692981 -0.638118580346582 -0.896906901461644
1.10723295363816 -0.112684524864647 0.536506840667125 0.409019190113878 0.106980393924653
0.883571411948358 1.3282794883396 0.946803755557874 1.70762243038585 0.176497823248251
0.2367560173951 -0.0925050403068869 0.926752090991313 0.609039927538751 1.30909327338237
0.0123913741748873 -0.548858076991899 -0.0103814599342114 0.00576435645087293 0.284984433271571
-0.309105442075575 0.428848535745094 -0.613598235171788 0.23594563624099 -0.219955253853565
0.257203653593174 0.41293180559522 0.602095362138593 -0.64008107150098 -0.92444436916074
-0.319393177299098 -0.475132292411508 0.583470354373252 0.297880848309082 0.0140429558984464
-0.187678826462679 0.228989478228087 -0.352925041170262 0.975605919039901 1.73218284870638
-1.33156060124175 -0.461214548675439 -1.2482189763705 0.841271218582688 -1.12759103594546
0.646394017434647 0.298251751813872 0.412946224452289 0.549970301030333 0.654613100750008
-0.495578235073064 -0.0957375025678872 -1.0913666133879 -0.258693076583556 -0.240412614961559
-1.28447710826514 0.154347869034822 0.119105671359333 -0.308116768968048 -0.556613940452578
0.786470237076532 0.197820130653028 0.254345834773678 0.418424604284701 0.298668408487607
0.286170019946466 0.305746140198088 0.181567791089199 0.00557120567504896 -0.451540510437801
0.523582296176312 -0.0201176762173922 0.0896486970042637 0.0658727076570151 0.172200722121697
-0.813269004769855 -1.26578986019748 -0.866702372366511 0.058155922448872 -0.470527062350747
-0.983960906805078 -1.25571944365181 -0.805872947260418 -1.36536179438824 -0.813506192575166
-0.89673054912923 -0.812721439687286 -0.714087398368309 -0.346047987498396 0.0129925680115367
0.496213800615156 -0.0734839938177391 0.79930084500321 0.0701089103933849 1.3616673685232
0.0789509935788192 -0.537441968442034 -0.81526186981173 -1.91236763051066 -0.61007765949294
0.427582724159377 1.08006884109781 0.38857757082911 0.0554732503200756 0.112537960006638
-0.217387343122322 -1.33129286234964 -0.324235798640069 -1.06176513622522 -0.565347782002523
0.325903788155938 1.6934737217746 1.19143214833497 0.0798393743153374 -0.35958142708182
-0.268697121403037 -0.884931977377432 -0.87775370114007 0.357937220596917 -0.677497015359016
1.28403566392294 1.11947251261634 1.2361397639078 1.85993751148681 0.773798960562959
0.494868287854312 0.293470084490712 0.149010643160051 1.78720187721627 0.0942265224548515
-0.326050183865337 -0.160423793756658 -1.32465540663938 -0.179546345912728 1.07462291760279
-0.0601891812303133 0.173766080228066 -1.12135816945812 -0.82855336322768 -0.745759536154274
0.0544317284918698 -0.924956300523755 -0.146792435753599 -0.655402022590202 -0.855502337190808
-1.46827588928093 -1.1935929772515 -0.607690067074221 -1.12486748806604 -0.910066166333469
0.443056192861404 0.578590351611473 -0.279263708520405 -0.198568692879522 -0.17617927366963
-0.646107562492714 0.0788296129347709 -0.968798247807734 -0.63462808273581 -0.469879757000111
1.20894000786471 1.19748876039581 0.981681533773544 1.11381903342375 1.8129985595243
1.46402672826859 0.542108060538901 1.86332636377057 0.866510823978713 0.256366094136474
-0.680234293243524 -0.241921945892975 0.126501163269389 -0.986979557470715 -0.549853833031935
0.858622556529397 0.482618747905668 0.886008050283931 0.114604380965656 0.58541173570119
0.928406445660682 0.364070777427192 -0.22521265889525 0.22196721435088 0.14289920305082
-0.348912993656181 -0.375392185798746 -0.363845154311731 -0.709459586081092 -1.5738181419924
-0.657310479701106 -0.458840374067768 -0.279576215792638 -0.971251319241172 -0.921807448723111
0.83534778837464 -0.0688906935891021 0.186646066719324 -0.139982625612004 -0.500570070790886
-0.297669163512193 0.327238803846323 1.0737180907418 -0.293215940625799 -0.766919676563788
-0.278764031575509 0.0172930776466266 -0.422277989976761 0.5724701989182 0.446729348551537
-0.560446728618595 -0.7581051904624 -1.12206899089434 -1.55506076435326 -0.819088384247352
-0.961021299291931 -0.790199588915468 -0.278479324524343 -0.944476551651161 -0.726634791953283
-1.35955384073695 -0.58918720608844 -1.78697989759701 -0.209603385244013 -0.691786894611644
-0.469902189257438 -0.71796456739666 -1.06822645611167 -0.391508186545104 0.88751882100071
0.534531625061315 0.308838640686145 -0.867998649414205 1.27892295553259 -0.667785977842241
0.505894508241447 1.1291785053875 -0.493680689038255 -0.167585106819945 0.0366778890820651
1.12882149922956 -0.38987059691663 0.082433713728283 -0.766532677672851 0.662075169912263
0.378772617731758 0.14304363709033 -0.147513908170948 1.22818773570885 0.254859206478037
-0.198502623998864 0.273867718207772 -0.65281549150823 0.183777498539269 0.174859014906701
-0.0446998637841412 -0.526282136473828 -0.778631689953215 -0.67402180702676 -1.23266441718062
-0.356531024356588 -0.419093641265403 -0.602295978317029 -0.506100241289618 -0.22391349925921
-0.866822913980783 -0.337375883877172 0.119441736410239 0.0828921898335755 -0.549586804981632
-0.366337579046513 -1.0234430184062 -0.403879670507914 -0.293689944834437 -0.365550943288649
-0.524924003257238 1.49954103071044 -0.947186914269678 0.319512394700812 0.0318379593195541
0.0581630063678571 -0.429665171313092 -0.683491590316364 0.157554881150986 -0.2432400261697
0.740721229967815 0.956098376532081 0.72938527200303 1.18923838972004 1.0204104834565
0.412464398960345 -0.30324314944706 -0.890303761509193 1.02496504573132 -1.37447521622005
-0.129077209866415 -0.408384680345253 -0.725590613036901 0.207784216917267 0.553606769950653
-1.36302228916398 -1.13227865833787 -0.987337693544516 -0.542228268968968 -0.914535211421643
-0.552977205193497 -1.49045152314817 -1.05475938645931 -1.283536320892 -1.08439586422769
-0.464033182552138 -0.861834217402632 -1.0629458174651 -0.825649029494326 -1.30908972115072
-0.893898036257849 -0.173816866285869 -0.752999820366123 -0.23920626185367 -0.135874512638269
0.661720111904357 -0.410323096607226 0.83272232414359 -0.0474259630217947 0.00364377461669012
0.14987289408635 -0.282796320463897 -0.0696081457575699 -0.518565543097257 -0.115468940036278
0.503453600370634 0.786585278313959 1.63720366663355 0.16214391927351 0.361059342581458
-1.04329080940307 -0.00483634439260774 -0.548257638754145 -1.41358597410361 -0.889419392415205
0.146460068073612 0.217451978914026 0.37547334464192 0.336930752747667 -0.280167951665653
0.545071245542536 1.44267155208358 1.39960522720007 0.20453912226147 0.913015790689839
-0.65020979618308 0.698001309307929 0.984837304072306 -0.163541322335864 -0.0576367423518104
-0.615921917041853 -0.0594779134096202 -0.558917449836086 0.787352938239433 -0.64682981998313
-0.283215270341343 1.44768318862539 1.10120093403266 0.293044949701731 -0.0949266140976788
0.253047596420119 0.422178708818405 0.675049119897798 0.641301540224293 -0.182022580003642
0.359727609269962 0.378253978042071 0.164572842756623 0.397228433269975 0.58505397056018
1.61908044087753 0.906935609741122 1.78101424356039 1.18904672715321 0.711148224806073
0.407899524535918 -0.271692992900991 0.190705830597727 -0.493030952490826 0.387251604934728
0.0610797464739034 -0.380170309406107 -0.442386868765759 0.616814096851268 -0.181175039646081
-0.561590880231581 1.13718852170893 -0.0847265192870003 0.219637829902693 0.109193505953579
0.824086913230031 0.317165105449113 0.207476491505147 0.476985217398196 0.41680362438152
0.703223430135126 0.0419054476496052 0.770557225071326 -0.446709152583243 1.14153314217929
0.096217261031413 -0.247921447069034 -0.188934066155497 0.120658495582378 0.438497260773943
0.363541145706474 0.852171431989946 0.310931436451198 0.79345041801331 1.03908074598872
0.644590387608225 -0.214110459587523 -0.0516029198221879 0.886217315601494 1.41057029436992
-0.769545179617909 -0.0522673597593192 -0.43619050136864 0.380679561035182 1.00435487566687
0.137864802052221 1.17964474026853 0.537052607022637 0.0086919962831177 0.22815636716378
-1.06696793847876 -1.47104964590015 -1.19408487624548 -0.762280401914448 -0.284439734328108
-1.32543925997115 0.310196926077334 -0.365372724480702 -0.761437145217026 -0.72112827813726
0.775225944484527 1.02693867455645 0.416959662037979 1.22497762718882 -0.0734279857751382
-1.11285755512791 -1.69972038970637 -1.26337645709246 -0.453874418118996 -0.923219851890226
0.95169268522463 0.461194060916117 -0.344832796387619 0.102922261979064 0.171226150186385
0.152613056281963 -0.889315479302577 0.583621909642893 8.38245519168754e-06 0.312757219869627
-0.366631441600999 0.394338768120927 -0.181744407407028 1.062281789323 -0.150419574614833
-0.0215567139354713 0.4520565530628 -0.80705890697622 0.317803153820799 -0.649450918914648
-1.77326769000984 -1.33735947875676 -1.15060287481124 -0.728771372324073 -0.841169609055531
-0.534543124526019 -0.0333522284287672 0.570609546438911 -0.196286664346478 -0.79769088019932
-0.522841980360092 -1.43420837226758 -0.339448745244004 0.50211667250136 -0.922916695215916
-0.725202374645138 -1.19467256743938 -0.667626263835363 -1.09786591171388 -0.498531440080947
-1.60901892056739 -0.479478508623707 -0.523466667127205 -1.2175721970743 -1.17647611376213
0.289350151586882 -0.212522128137285 -0.45798114559564 -0.0301892014481786 0.653470410863167
-0.670479541122433 0.510816887590463 0.0575982208659358 0.0675683782329322 -0.673626553781589
-0.393926630813431 0.35750451347807 0.0249420460889361 -1.28668759469684 0.162625212266645
-1.29139936534837 -1.16092144979565 -1.32239191229121 -1.28553651728516 -1.60213717548985
0.346216962661528 0.530802590024844 0.579155676292924 1.15324535870519 0.739217957653078
-1.03071417174633 -0.0576351278551076 0.637018248964995 -0.854890433381596 -0.648493003209747
-0.938704947241635 -0.389801025840638 1.18885804404771 0.519301266114874 -0.11744586775558
-0.510014238101761 0.0579044182850711 0.578213965323727 -0.420359692788092 -0.693718444495851
-0.293466427595156 -0.83990230505462 -0.590279006567459 0.124569440844635 -1.5246109896234
-0.597962573111888 -1.45707548692578 -2.23416620371803 -1.11159683958462 -0.998096614585704
0.652451661559507 1.15411817039946 0.859298680192038 1.1574897125795 1.54891906143709
-0.377578075888373 0.214828641909235 0.939949264683466 -0.599372952052949 0.0394547890615092
-0.835793493170108 -0.660245658617417 0.0407012162401321 -0.133472040877245 -0.832807840880356
0.420555516811978 0.29724705511428 -0.850414312159753 0.306785988887068 -0.0613196655678392
-0.644581857074481 -1.03440673482736 -0.922487128339155 -0.795536648592678 -0.146619963868681
-1.37850904556564 -1.03248039345422 -0.096948913385589 -0.769131945442373 -1.13465907299611
-0.285461874105464 -0.958708491168905 -1.24570583700623 -1.1691644796981 0.00374805632156452
-0.570921556959027 -0.718451361117602 -0.570637144464131 -0.900589358525378 -0.793541613417401
-0.324136196977576 0.016974781315171 0.336502972110546 -0.456635522448772 -0.128523764356138
-0.981261377881093 -1.02263272889004 -1.19399809415115 -1.11764826295714 -1.44953780427278
0.011505667924751 -0.874966330510514 -0.136276743682442 -0.317046191823639 0.565443722800953
-0.113596238854428 -0.18433084239515 -0.0980429675197606 -0.72060074526582 -0.515212070505713
-1.19593087393741 -0.814513079549307 -0.931007354995775 -0.589553967907084 -0.756524213716267
-1.09485167414477 0.54891851007039 0.0683331124189251 0.834038283921391 -0.22633620336327
0.856950018471906 0.4709005442796 0.142462470188774 -0.096341487786642 -0.700380342129925
-0.78023265268506 -0.976881890818465 -0.0397915859410467 -1.16625871535533 -0.376577249678525
0.492543128025473 -0.443659634133095 0.0761354413833372 0.347072547326764 -0.0504993349231391
-0.339225195103647 0.225023134247433 -0.207792278102061 -1.41609207065918 -1.02337856306696
-0.303928161900041 0.593102834307903 -0.0746898931149235 0.0956724160595357 0.113770969709145
-0.0479956279748693 0.398183033269144 0.415115217061904 0.630834601292698 -0.809990788008141
0.128717693561917 0.683375183238999 -0.179882000522411 0.297001860413952 0.341897031486077
0.0726824770247151 1.09776245910194 0.324679103940698 0.821982014313475 0.223115695121867
-0.132972407315023 -0.629552365758126 -0.378698185200491 -0.551529697265643 -0.289871951926152
-0.25292360705776 -0.0123932490291832 0.558867293599721 0.168234035078484 -0.686125634120279
0.628226375800641 0.331921532955943 0.131843566407819 0.435379082707268 0.863663420612285
0.0854003981495616 0.447647778039067 1.14881778846921 -0.245431489537072 -0.721845531368393
-0.731695001868095 -0.848556033361802 0.385724871774017 -0.155773771905299 0.980153822740301
0.0387910330555409 1.02822518943164 0.46843677252286 -0.699445836080755 -0.172871918184645
0.42570265158262 0.0290861001295536 0.407098520207093 0.857638061757502 0.607804832789314
1.08750635706618 0.084792606890905 -0.308994223347838 0.887646716195745 0.825303688826169
-0.736800823610349 0.668787793325823 -0.256376954834274 -0.933967239526634 0.514904056776251
1.5295215577412 0.920471304804284 1.16360991202543 1.46571939200338 1.03944567916455
-1.16904404250823 -0.477874053696524 -0.339457980124965 -1.13881995368851 -0.686674092834013
-0.890024869303937 -1.19254833156819 -0.735617722064115 0.18529824457023 0.16138266670619
-0.959371252940307 -0.66065901173061 -0.00561733802193269 -0.746454744725083 -1.49761283718629
0.832920312967748 -0.370447734564177 1.12043697247566 0.571842081020291 -0.297635427692849
-0.383313296796535 -0.391514690892326 -1.33991484481405 -1.53210800306376 -0.343463374406151
0.833200726726377 -0.128098202345425 0.504028967959106 0.836899995028192 0.6052451968873
0.416670473392484 1.28642389420146 1.50255572782146 1.65100221118714 0.305709454084131
-0.253991512391767 -0.573476426707037 1.25477648635546 -0.237178459547517 0.637716556380996
-0.07843464373413 0.3580762190827 -0.30437241205035 -0.0830305260129943 -0.471703249221044
-0.844803986117217 -1.45520355290707 -0.773402350875914 -1.00840763499808 -0.419346414041867
0.446759498146424 0.88899787586391 0.887216605010806 0.894026117564206 0.605847392785325
0.830013047749065 -0.381502596694007 0.0169626451498045 2.11929244720619 0.876085111022645
0.0576249614585553 -0.969883812846066 0.327740486813347 -0.445560185057056 0.374132300374053
-2.059696680318 -1.15006320237609 -1.46465664873142 -1.13403379608246 -1.01436322507685
-0.426982002955503 -0.61191811365148 -0.155759536294013 -0.0375279550935565 -0.332100110286608
-0.196169261353924 -0.593122029154904 -0.0283351781992003 0.356732225652003 -0.268224766082714
0.983528166460788 0.564725362115642 -0.516152246587142 -0.264890253364219 1.46972494816372
1.19559565988822 -0.800599290500332 0.590828299118074 0.658422435202 -0.496404264546476
0.602875676121155 -0.676399744364408 0.443416655321057 -0.132997407336191 1.33818318920731
0.95289004323904 1.2253476203145 1.47698216626864 0.816113419049264 1.23491509482557
0.0958861477431341 0.283153709866564 0.265394471441179 1.36995115401152 0.0507204286176685
-0.109816850336923 -0.539852070225376 0.111371425286948 1.1640481045367 0.176143554584463
0.673107258623535 0.766272946499734 0.753076967321762 1.10029473345025 1.22016156219169
0.534542705684561 -0.299491107826041 -0.428851460451313 -0.649052374213614 0.103832412464401
-0.408902887536617 -1.1485972067304 -0.821359196681032 -0.725862432578666 0.78614932316663
0.0631466052535879 0.305390602831362 -0.126382808504151 -0.216519424241058 -0.479864523837587
-0.504277850300514 0.148613903293037 -0.497222921200756 -1.02141975188834 -0.578410598824854
-1.0061253024842 -0.790162680273345 -1.37200287528172 -1.41167862100163 -0.93906148929051
-1.03754761550411 -0.45813211684538 -0.0322615967504963 -0.721733977183695 -0.928535032716205
0.458403137198155 -0.656341075119088 -0.855372209945954 -1.2411893716603 0.266092766024766
-0.371658139869902 -0.228943110972626 0.634543184598994 -0.851155425126748 0.0403930055770768
0.495983304896419 0.374791686380293 -1.16297616431544 -1.11535402293452 -0.00274632438136832
0.818614049825063 -0.220186781580159 -0.976430343633611 0.153506780181168 -0.74806984900626
-0.402563694468286 0.0972154961223718 1.19053099946812 0.263557429947305 -0.206715111700068
-0.331356320052623 -0.503516734943652 0.319334780081093 0.0516600489213452 0.0489030591877805
-1.29271797583891 -1.25519019471757 -1.44468084404229 -1.23598712488632 -0.909681413245563
0.418292750057697 -0.42120734967893 0.0349488676554295 -0.403614840248625 -0.754346498168623
-0.270284991948713 0.291978560194962 0.768389033113539 0.366963832868196 1.54058601808932
0.174017784480074 -1.06332524576603 0.579258300975678 0.0669995926069394 0.183521160981762
0.866538968242664 -0.689873825853762 -0.554275835151029 0.38014970363767 0.674833304092187
-0.322923013141662 -0.666651608837343 -1.52888853438183 0.494456768629316 0.321884998981929
-1.03414312886531 -0.684374407034739 -1.30852223290791 0.119191945769178 -1.578792255277
0.782592379495244 0.536347760761821 -1.48579071417627 -1.35003378871461 -1.48363902576076
0.0867077747518773 0.170593245007991 -0.393423935166649 -0.747658127853499 -0.552523052311668
-0.265284514101884 -0.292296040362476 0.702912421773109 -1.00547585181562 0.601199668480398
-0.056195260562878 -0.233376398773608 -0.545125180889182 0.123855523263146 -0.0320483187339963
-0.338727774441436 -0.0558051774556695 -1.05823455709403 1.14254693392132 0.859092598018642
0.761769712504444 -0.361505104695938 0.192394848944035 -1.13723286641399 0.402383691273537
-0.0237092063031687 -0.709872438229055 -0.392186955948217 -0.0290725923057862 -0.552136909820867
-0.974588634205349 0.253396921741411 -0.387525639961724 0.0312437772375401 0.905985580358565
0.333076926676838 0.602553935006624 0.0605138330977898 -0.212039996672734 0.0581115458043068
-0.550947131174305 -1.38716725088184 -1.76952824253533 -0.507423259257536 -0.809269126705572
0.95165682670777 -0.133252582262071 -0.414496618088968 -0.595234365021788 -1.22131985316724
0.00522656893383905 0.156174876046363 0.761110231663217 0.0135018716599319 0.456669995793188
-0.791870268143079 0.318754071948477 -0.710220316772118 0.246618702785677 -0.127765917265034
-0.78066568437462 -0.286635579601125 0.177998083424086 -0.43426934563655 0.708818600872167
-1.3478831590816 -0.0772768831302066 0.183139626726949 -0.0894566960136937 -0.54530332548932
-0.112953693240968 -0.19054044608359 -0.10442580753182 0.11265416201538 0.355833299585397
0.289951432946211 0.490928775537938 0.388764348592241 0.356123529614123 -0.195751972804773
-0.848260298586595 -0.143984814981082 -0.909699722416547 0.00878872729238754 -0.134150819693193
-0.338165192575213 -0.696231730247785 0.398369670342588 -0.27668298249365 -0.871263569365073
0.188055112547971 -0.493797388436456 -1.3293827831656 0.347957135819674 -0.800548321144904
-0.114351031654505 -0.329925549335482 0.870993629323336 0.488896434054514 0.46492934361514
-0.799183108227123 -0.215618166197185 -0.766910135769587 -1.05341072160293 -0.0165706341543886
0.372301965529837 0.432797698144168 -0.0815198783546768 0.0540920836247327 0.375342279223612
-0.802331801282096 -0.413117412670467 -0.458960302945271 0.0603877913783567 -1.1924420757262
0.253871206624962 -0.640566871825463 -1.26626968196962 -0.095645092454841 -0.965210747521563
-1.13794345012229 -0.931806232582914 -0.469915708228824 0.218498016942848 -0.06766643672218
-0.795436107118364 -0.777099985736436 -1.77158895378309 -1.20687847837036 -0.626972124488047
1.06320740238016 0.959506273087912 0.59552433410731 1.35775696392331 0.766822370329713
0.203356653382303 0.033262283733363 -0.953716854366812 0.412603350656331 0.813473337819382
1.14818514817115 1.26036297542372 1.49048704653944 1.71431022601427 -0.173720760384902
-0.416112898152606 -0.147768443474357 0.0118174089830644 -0.514442058018935 0.100584122190584
-0.226443290153475 -0.305572448443608 -0.759277643131677 -0.0872780265989722 -0.586917233618306
-0.421343075737867 0.0562642043118005 0.394998809903003 0.712258128436002 -0.0799271283647701
1.06013765479519 0.879458488291618 -0.567702635894056 0.379268715955951 0.989147631525278
0.466538595481355 0.482623351343791 -0.00913073757259617 0.309849128425889 -0.196452277207029
-0.458278158919024 0.915792890646245 -0.129027661378917 0.37053472836122 0.71656985370777
0.265227438993713 -0.626683224739687 0.467097343056132 -0.663417453338044 -0.391385144663015
0.0834035096586007 -0.392089035886867 -0.233769796943123 0.8397089846617 0.343603027790244
0.0396942676275671 -0.388756538020855 -0.0613907261256822 1.21202919742347 0.528928970100518
-1.10973124723282 -0.839920171125139 -0.825940636395796 0.319322291887397 0.432434347482947
2.49591738193829 1.31248545157023 0.164195431791329 1.82618490275062 1.50907508385304
-0.880425911839727 -0.22910726079908 0.695197805536562 0.526706997740562 -0.741854633781406
0.0772620970493922 0.893009782035072 0.208636481790171 0.493886336588158 0.473614298060957
-0.41041794001109 -0.868944053771325 -0.497072514701694 0.178297619836521 0.336315352621656
-0.462843236313732 0.221445375944821 0.0466888864695461 -0.473046862947972 0.651681712630072
-0.0338519758285332 0.687262067023 0.338549335528926 -0.126177598486208 0.471212386311999
0.508044351657423 0.212882920660096 0.210778780373032 0.0661352605123629 0.223824246932354
0.683245957640252 0.505845190759133 0.78192684470066 0.322750662342215 0.437321625801727
1.35026188376958 0.511981818997083 0.519768128305841 0.448466414664037 0.946183500315072
0.466413468373244 -0.770228234858944 -0.436889258153264 0.0738838923166246 0.134658368380836
-0.0354906657384081 0.0364226840260053 1.33284717070381 0.313578007681967 0.367679839320522
0.212527957424769 0.0879928575459687 0.430560990897798 0.197098348192655 0.279185596970568
0.000190219147365686 0.494165114134041 0.999277848373703 0.835136200892588 0.08946668903223
-0.679679206129949 -0.0832264254655302 0.15443396443235 -0.152243683555818 -0.0961703054336027
-0.728142793396571 0.58085234737045 -0.760631646096185 -0.580178627723234 0.456440742691114
-0.8591191678881 0.195423643924266 0.418509834114784 0.121422377848753 0.33983409596189
0.325439188840324 -0.460501250907261 0.240643231428315 0.553327536534788 0.443571733254954
-0.441781759362867 -0.129077440974436 0.442239366355735 -0.515714299487509 -0.25841294111638
0.193950184560594 -0.201987761273119 0.116376754859007 -0.133884538321316 0.244632905280236
-0.564490242365607 -0.362695596565131 -0.518880448313179 -0.35856765821231 -0.270816037939914
-0.762738385330995 -0.859464283017779 -0.833411855597395 -0.42243035009085 -0.527146527419884
1.49572477212664 0.292993946167641 0.475099967213891 -0.677514097467364 0.643175743876181
0.115477534771014 -0.599104779645011 0.2364575886546 -0.487450658579099 0.674513405549306
-0.645157232256495 -1.07054874403877 -1.14329908597781 -0.781001839850282 -0.806170960686776
0.848539217587006 0.39700405282047 -0.083110950605244 -0.638309664913795 0.750955555846958
-0.323164588052332 0.809932915089012 0.862947264183476 0.519831104292961 0.631742703079968
-0.516851886942967 -1.14320220735526 -1.18665659848009 -0.64229382775666 0.00104224420138356
-0.350503743046634 -1.53293230802864 -0.60275890804927 -1.11867301830033 -0.492636697723653
0.436307467309565 0.757457213646255 -0.0326804229655513 0.0375310564352962 0.280700435900369
-0.0471983107397331 -0.782117852559948 0.472030572521241 -0.14977126489104 -0.0555197742033287
-0.940175320940756 -0.277738342467119 -1.03203219787583 -0.314897874882113 -0.606702976753906
-0.433815633225404 -0.00126833027009489 0.183672586719689 -0.639425868648847 0.34118516066386
-0.111847608861678 0.548039253282353 0.940302815083779 0.492008791749152 -0.843330680354743
0.406725111244039 0.31580705313915 -1.33823277269221 0.840983186394205 1.18493072296438
0.441458374767361 0.0865071412720904 0.380018079657206 0.95084616311183 -0.261874613317253
-0.650879414826991 -0.686662327819873 0.74390897238436 0.803586871247802 -1.0187611221441
-0.301271120432826 0.151457376696455 0.385159373344232 0.612491466523141 -0.447687253645024
1.46453495955058 -0.290130587173152 1.0932072552919 -0.403093065853942 0.149401664803112
2.03835649558371 -0.0385743012425081 0.441660633610879 0.509408615713095 0.993829446255686
0.935035368487314 0.152428656623224 0.605278500491397 0.976618626481807 -0.470938210127939
-0.341987961734003 -0.105555737017238 -0.463415108791761 -0.661554728293804 -0.738964866192508
0.622276750451293 0.10049587015282 0.461077351217886 0.524313921802551 0.572937862120563
-0.183010513275151 -1.12316221428698 -0.271384961623188 -1.50484813582597 -1.72946453779243
0.996524347283294 -0.173552813927132 0.464035635271602 -0.819367652082026 0.078126585285256
0.566609524809733 -0.826090761477531 -0.576731303128666 0.418649549650578 -0.910814969219344
-0.133282856753097 0.137280937469091 -0.374845640001004 -0.112016030535539 -0.899776987438549
1.35986183585264 -0.561256018388508 0.361323993307049 -0.236277833930299 0.689736484567629
0.937694178603724 -0.874916224448457 -0.586839503054522 0.0918651114493007 0.505353155001855
-0.261917958988289 -0.0359360389081084 0.429026493329872 0.380899404571723 0.334587630684472
-0.77707038744318 0.00585882167362241 -0.00206625066110638 -0.630306000263235 -1.28633692419073
1.55908959728388 0.469790054210125 1.14358309024169 1.13460964268807 0.513538782824547
-0.299893681300302 0.322857300446998 0.741942698862871 -0.725109225432393 -0.654728331473169
-0.300087104325508 -1.08466579698777 -0.175718505066484 0.278824589151881 0.289908563965133
0.859745283838614 1.34002154174865 1.36032747715946 0.930745399066198 0.479389347257597
0.543946057708262 0.184504424267826 -0.933580604254902 -0.958770769908537 0.0374629733060608
0.77841362883394 0.995698852169335 1.86129992160855 0.788858713373427 1.51238046117241
-0.753500862139239 -1.50404464279993 0.0600068591583739 -0.73513615019089 -0.290889887653399
-0.236979321732026 0.83856073800417 1.69058164354293 1.13655685383218 0.173397139734678
0.57104208221529 1.14194133968528 0.304067609620632 1.16770285446763 0.874668580485133
0.195303204297957 1.67674522285175 0.664264995987704 0.159780294957153 0.0556882775901311
-1.32455493726373 -0.316336306727756 0.512305857597357 -0.191214327903748 -0.932431147233121
0.279017271520032 0.623379099498218 -0.0562154849381893 0.206517962388281 0.999769678634876
1.36553599088595 0.57747048992119 0.65872036899083 0.0917722092644746 0.43884251843859
-0.184217463034065 0.964623802295214 0.946313348524574 -0.525042764466658 1.8099118857897
0.725021722597152 0.633927443790177 1.18797410385892 0.814921325260629 -0.790321847816702
0.897834388537729 -0.169592619993191 0.130813038747904 -0.560300506163212 -0.0715943714390853
0.165694703017505 -0.514870514330434 -0.101991486026467 -0.242793667224693 0.241490339339684
-0.994560124416581 -0.88028017309014 0.152640855924614 -0.0573588284584423 0.421899228543204
0.258572482976411 1.23095816616255 -0.230790763046799 0.742992275234602 0.146287808208741
0.202083684571172 -0.22385076519594 -0.579575827289442 0.875855915367557 0.643509074156809
0.986603727099725 1.23712497394618 0.290144414548802 1.26365773912483 1.54537558848435
-0.0205001848342565 -1.04168288224089 -0.23334646033741 -1.13987985411988 0.0449079953461786
0.753389262496842 1.34225668438394 0.672655830893475 0.926531025425985 0.130341592684993
0.718409087403562 0.203691154478391 -0.927070045765439 0.59391174123152 -0.643959420317313
0.0868088000352079 0.928189189762077 0.166088427237442 0.1841363877541 1.31343071643776
-0.567105780221975 0.152699063210746 1.00160009010705 0.769949910144278 0.442832423125688
1.08972441383891 -0.328812771915179 0.552493677815633 0.824878385798398 1.12412013941973
-0.578630958770219 -0.304281974219937 0.0522107617309226 -0.0445693080550834 -0.603130641289779
0.705136754121625 -0.854858863336766 0.0339038558938374 0.180802550833316 -0.28549269255562
0.320273256873799 0.187069943989293 1.11395731736121 0.487518702640152 0.399797190329749
-0.197459044734557 0.29353529455265 0.0166714644248212 0.035656987206472 -0.357825456871321
1.57985638358617 -0.446492260644701 1.00522553073216 0.984447068724726 1.2758143411197
0.446183522953353 -0.272301588877485 -0.379873544001273 0.252255818846706 -0.34898192344253
0.199027923921316 0.331955104431323 0.60937992914311 0.344688137712481 0.0898786297279789
-0.270461749642839 -0.682896518795265 -0.910035485872156 -0.0222788530198909 -1.01675391914833
0.408748321842246 -1.56535109303793 0.452353126141519 -0.530135583189037 -0.246488541745293
0.29090108004536 0.69109475056384 0.280090783090795 0.997342639717767 0.588183162969159
0.0245805260096833 1.0858236927259 1.67968597380591 1.14416639047556 0.980764780235522
0.255669336893493 1.73560487523781 0.674637121155544 -0.603672545286904 0.921261107033494
-0.507615166883746 0.793170412549641 -0.0689958378524891 -0.155711633852294 0.919476791604816
0.263409872653579 -0.210078955047519 -0.219054480252987 0.234349457201053 -0.610168206653084
0.348795491112391 -0.370296414860119 -0.897935833661784 0.165837897470217 0.630719554723434
-0.977119843131783 -0.492851616417961 -0.987579623847607 0.146097067393669 -1.12215074154387
0.651954544538231 -0.722680956503841 0.329384733458046 0.974788492467168 -0.149104301009913
-0.0611978081988949 0.513907825125235 0.857197633511884 1.32565466443694 -0.408961890996447
-0.934851343843129 -0.839487290360009 -1.41590504270091 -1.47080834787353 -0.145209548793315
0.890335164693213 0.351629557826123 0.350390049068553 0.729987693801961 -0.0193216679627323
-1.18216292946534 -0.43284831475665 -1.34188330909574 -0.541755786773472 -1.37056648914472
0.242113166617817 -0.501416897427233 -0.56293186049795 0.0986597137384457 -0.24644115080075
1.26349959471511 1.63547555425131 1.44640097263279 0.329684334334948 1.0760988908323
0.75716588077234 0.0974043442136086 0.407467132544833 0.472907316248614 -0.273730371768385
-0.25969434627906 0.179449403576484 0.585632818365492 1.16281153136664 -0.666944757238275
-1.14582104391511 -0.410981587063401 -1.71034606596208 -0.777009877031024 -1.3290247419794
-0.327105427249567 0.583133731308952 1.34033458639898 0.6560425288125 0.0222057500980086
-0.865431489285631 -1.34279656709345 -1.18941150424707 -0.627260793531514 -1.13101359131914
0.001362229336986 0.700299951177502 1.14932023934229 -0.204771106221349 -0.727915433112972
-1.47004204195065 -0.83756244254491 -0.756054875199276 -0.925586243150675 -0.612969675016615
0.00998030168802648 0.362629779242199 -0.332865075580415 0.481532697586884 0.0414155960265206
0.286607329510855 -0.0203618586118786 0.262496965061384 0.416390434052235 0.787592076411775
0.0589544803761865 -0.74601582556686 -0.13343561627907 -0.237768899761065 -0.345155517986188
-0.427080733665426 0.0462966695248039 0.585343133201242 -0.572150282631978 -0.476862854430351
-0.0895912341522476 -0.387150009829267 -0.735797088356798 -0.437612352483246 -0.464492011111578
-0.168517818283821 -0.0554438776010633 0.244696421835017 0.233203792302249 -0.52268496527473
-0.232986151220459 -0.638127401800965 -0.362673558045715 -0.528252698528125 0.0688762923202855
0.407862593468219 1.09238050026272 0.0392588254608141 1.03731748260367 0.0256813097870412
-1.34550448253948 -0.830079791824458 -0.920746558826868 -1.34143011316675 -0.361891680123584
0.695797801873993 0.0720137517611355 0.366405350245008 0.444816643140988 0.686295703504865
-0.121914411969991 0.44265890392138 0.252135070599026 0.343142758308834 -0.405560843505396
1.07750722490487 1.4883265867307 0.907493163800564 -0.117377825196866 -0.812301147490644
0.990179332756718 0.791453213660115 -0.727982634872169 0.596729129513609 -0.480425831947584
0.773227035836731 0.0669487136347877 1.07458704317094 0.00666384407543346 0.492724504759193
-0.947252478995434 0.176783527152661 -0.649981410074817 -0.421673964267597 1.24494678166657
-0.637583064080333 0.224295712468099 -0.627509544283974 0.0708664143626951 -1.18327709732815
1.6127737779744 0.827870431578131 1.77934241162844 0.904411520860203 0.814432088320519
0.247136103419044 0.689647503636123 0.935209268716323 1.06579984714817 0.139593096740318
0.407246048386991 0.394365683433031 -0.339735381875207 1.28051870971076 1.8679817773412
1.53862915233785 1.08846219504938 0.177391761798254 1.16553779671823 0.829742167291263
0.0170997691142161 -0.810775068720281 -0.373133862350182 -0.0734384260337045 -0.109779948883512
0.236303928697457 -0.0348594692089488 0.996224525610991 1.26124803479125 -0.0413768047513377
-0.221107686738626 -1.26200030701952 -0.686601240718274 -0.276922508214753 -1.26609509901373
-0.419160675855901 -0.572843128501503 -0.226636079787711 0.252161411546341 -0.86749368742537
0.47574935898584 0.243935711553133 -0.0838057478471617 1.22020311029885 0.0845591177795716
0.398454831009212 0.866004850045381 -0.464606219890571 -0.373388919027739 1.18520867283414
-0.829499079987257 -0.267144165483301 -0.980481138575855 -0.988622449593147 -0.437700691071892
-0.136912297207886 1.10610950410191 0.864010346311713 -0.211236074313131 0.818094503921187
1.01848511126587 0.383744298967875 0.424344531896583 -0.34605720784849 -0.58157984279391
-0.0502945490006046 0.374966424035763 -0.932797441361601 -0.314674013262383 0.319678793325705
0.0592684455989048 -0.0789038092734954 0.70371688266587 -0.199176044567552 -0.574511591581274
-0.86115089925342 -1.2360483018136 -0.715558367798043 0.472390728878705 0.262392770154979
0.512410700975055 -1.47197230338999 0.0752311043704597 0.293167193500695 -0.924732760165227
-0.0773436756115222 0.583591362398109 1.14244007983838 0.983688246133884 1.5391012108534
-1.45833330311205 -1.00350070565438 -1.11456466030097 -0.22240042393146 -1.31652333958217
0.372188169489382 -1.00557302798765 0.82350766458256 1.33677190070739 1.62665652322607
0.31847279919034 -0.606087592378079 -0.613180217533862 -0.476609196911312 -0.807780011657303
0.12087930362036 -0.338288439541846 -0.0476513807100202 -0.354343339370739 -0.902806951708037
-0.243557460954798 -0.322070363856561 -0.749122405801418 0.125855940797294 -1.26174296992047
-0.0214695701365391 0.0380096309288273 0.58775313540624 0.834272097483831 0.560743597153237
0.214965599040389 -0.293203654202555 0.705692953958097 0.903812602035693 0.916288105218014
-1.05070792814401 0.395514149897024 -0.642008063873568 -0.792250823209195 -0.752481548503252
0.454910015950218 0.221344152102415 -0.460679362430892 -1.44369790559354 -0.293916721993497
1.54422629764949 0.466782052495845 -0.0639631695737148 0.609057028371424 0.828451197883793
0.508430324671207 0.0849585482129719 1.19050569236713 -0.0782826315824668 -0.0566526682114738
-0.899672307147184 1.09889644973771 -0.289086900283698 0.17944538152003 0.427144072818347
0.142612605681705 0.154745069694991 -0.414810128156858 -0.211766356275509 -0.771993726681314
-0.398870254274531 -0.648844363302953 -0.150008934541856 -0.49182857881559 0.0730748448879226
-0.698674622109068 -0.690687463487193 0.751803704506251 -0.285311219781497 0.387442464887766
0.336889078452888 0.215653468052205 -0.646541250781934 0.132248297898441 -0.530336546439065
-0.451273438552528 -0.205931948013214 0.0656756690680656 -0.372094417415467 -0.145169495318673
1.08806756538893 0.436037271739336 0.830731222914652 -0.360153397568704 0.798615195896295
0.471509147123048 -0.989811351454339 -1.52828111095837 0.397999762425938 -0.348287753759601
0.157446553513591 0.711184726852213 -0.244307738166 0.365845341866397 -0.271685882468667
-0.0980569158895837 -1.7842531165427 -1.51639100059188 -1.08661943065632 -1.25105054309467
-0.493058290239736 0.400692155413432 0.690863240083904 0.479277619760977 0.301231186873779
0.0732858420538631 1.21984527989694 -0.0955620650472286 1.73039108694583 0.507752135320056
-1.3003340985804 -1.28485372433306 -1.38214253250676 -0.111334493519134 -1.08832936051062
0.528604179280684 1.31799148562243 1.28915510823994 -0.236788295202749 1.78400480955656
-0.523859405703213 1.39608000856957 1.37497292696836 0.388659595532187 1.24691978754433
0.329391373875082 -0.0174045801703513 0.506023332188726 0.722155970106651 1.40506946719203
-0.223711060218324 1.54427693780663 0.390136418736531 1.03466585095048 0.488423206608389
0.400727424005239 0.356642384546168 1.06788100937724 1.42854100265411 -0.492791794266527
0.605633960521628 -0.0544369843335739 0.952734709987267 0.368457394048403 0.353331263678591
-0.3964923736663 0.347857000840449 0.109151090589029 0.0239007305705682 -1.20023962822189
0.420060287827075 0.702558335393065 0.446298642561603 0.751814117319067 1.10929785980465
-1.07520332367299 -0.747056889226745 0.346485155749999 -0.795835570084961 0.0653047888937981
0.431878249118845 -0.510926467644669 -1.71078783430523 0.394641212563543 -0.572773583567852
-0.486602437508595 -0.5840120290631 -0.497889936567716 0.0565581643341421 0.346313353362904
-0.262087126792458 -0.480367531008729 -1.26897286087106 -0.32340931117218 -0.739905590425704
-0.561842707898431 0.419897920039853 0.161689412603212 -0.0576170704529792 0.584139286289589
-1.45905243420541 -0.503872537344719 -0.45922819293507 0.6084059557641 0.340970208988607
-0.683239314163583 0.797976186448083 -0.21709149792385 -0.209345695523578 -0.661531214557861
0.908823325299558 0.379925044029612 1.88119365764521 0.133169230993228 0.241394893222908
-0.0350158111443326 -0.0238591188580083 -0.403227884460087 0.0856519157467152 0.382608871149279
1.00865055416714 -0.738140039269184 0.796265194932199 0.174963519591662 -0.778452020178993
-0.488625238402556 -0.359148460227143 0.0763592560925835 -0.439689353953743 -0.865151578468687
0.490614806637533 0.0440235746387126 0.40601217825164 -0.325051399497297 0.139205934330085
0.583313940533851 0.323052127416846 0.0395630519604898 0.714110692161777 0.86381345545516
-0.432554319244999 -0.846888244311177 -0.73605857400646 0.517331533943443 -0.34941773339633
1.32752588305309 0.192164664340165 0.198909731815931 1.44617634360021 0.474557964264912
0.421777459586497 -0.625905486294537 0.655376263457458 0.629757388903347 -0.628366834986716
-1.43130649347999 0.105805266821395 0.463604926594104 -0.782177371541518 -0.626064698615514
0.278492561029231 -0.110903003117504 0.987522108918772 -0.67777918217532 0.383234512095699
-0.609602292755546 0.664260684297005 -0.00744869315410882 -0.261489708922687 -0.777204822917193
0.257852087310354 0.226910777337574 0.960671400987719 0.940201990739401 -0.975308560838131
-0.67604926216101 -0.391069911106219 -0.834926223142322 0.78178511944203 -0.91029539282488
0.266303825966554 0.258171486277829 0.784050190907869 0.141745572702692 0.20386070790304
0.823992929776047 -0.205532880300241 0.430234012872626 -0.0829094066659485 0.844409847117014
0.3361573148474 -0.509546142055572 -0.193045309045045 -0.0890988421466109 0.217377064491821
0.484680714478026 0.517780940732554 0.504639684970541 -0.00588298353023161 -0.687040058629765
-0.0916324089271527 -0.273835795888455 0.154284759089116 0.190069024045417 0.497108356633352
-0.0389030090126888 0.567307651686381 0.351659919409738 -0.638244128560327 -0.618661834890968
0.0473846189872066 -0.257655345076002 0.197777889911263 -0.0916095379855607 0.621357871688297
-1.5715706014412 -0.403310854657331 -1.20153431394503 -1.00769874986951 -0.368752100418281
0.911080056193213 0.473050832213333 -0.182218864549744 -0.268262824703616 0.945864103013422
-0.534469109867292 -1.23749485262995 -0.563972326814229 -1.50862445788663 -1.25770868695704
-1.14662944820644 -0.452049443089833 -0.398263434304578 -0.906871659911083 -0.438730737705663
0.571845210660953 -0.414037700644305 -0.58962589569286 -0.0568701498979848 -0.462565748789641
-0.668407266847457 -1.33016101734408 -0.590002328032656 -0.946103042550943 -0.598694842724065
0.307133075011927 -0.91447693792778 1.03092811206039 0.506511112312134 -0.142424658702783
0.449453882271349 -0.154078709357338 -0.0193330041155433 0.0884455168311764 1.09385788950652
0.417465777231748 -0.00803894363952511 0.0761338506287229 -0.0958117372443953 0.488341792176373
0.866493795135482 1.86836336387271 1.39975618064796 0.352980264244375 0.638534726698689
0.807666397609699 -0.255175653316652 1.08309284446539 -0.145938988534675 0.946893880882595
1.5011972828893 0.769489471847345 1.02373492157353 0.54359275377545 0.503991812621677
0.83021329500763 -0.537563029946946 1.06538902452154 -0.0592800468371836 0.245122538812622
-0.498367177784903 0.0735557517138824 0.331883754554204 1.11709551740163 1.15316703272596
0.51948407817242 0.975481899817433 -1.04791620175397 0.0890744168274111 -0.567654200920276
-0.484316801297667 0.238077937028844 -0.0346385122322602 -0.268452343858386 -0.195664210776436
-1.03125947562347 0.145194586826775 0.24629262256507 -0.694365305056316 0.125003414269386
0.324012047119503 -0.824271568343767 -0.780351283784115 -0.0469916602841499 -0.399342519084353
1.43267010617754 0.500573339154198 1.02943434562292 -0.0226642490752072 -0.363421356756642
-0.761255985424681 -1.09851366851003 -0.826164881504161 -0.981645368968187 -0.244986342288999
0.340610814409566 0.309562950219577 0.502422220944092 -0.550844384573676 -0.365395312823007
-0.921423404711683 -0.118910954140666 -0.00608564710650507 -0.601736044063615 -1.27058339565162
0.920992709537683 0.448628519498929 -0.371882080328766 -0.108455986323714 0.901030488525293
1.00876427230137 0.911776466337901 0.235369279595088 0.387590198545209 0.695792092998721
-0.196590187431889 0.33619600238644 -0.691287754251491 -1.05644165481031 0.768082372934103
-0.178836597836214 -0.818748274308515 -0.718578805718889 -0.418655873388662 -0.489539236489665
-0.50439172279855 0.105559840644708 -0.521158790334513 0.190669197869516 -0.132376268474984
-1.06316160745581 -0.758356842670173 -0.415492102455427 -0.220327491977211 -0.893161323556033
0.58945113667178 1.13947641556177 0.438778129468603 1.32282045183495 0.616188686010542
-0.727658330135983 -0.241723193151794 -1.60076979283401 -1.75833165632708 -1.23188186542022
-0.00548712299222243 0.966436453244106 0.64730616969238 0.322762017584868 0.43027756975292
0.318377933681337 0.411400401530943 1.10273567331135 0.328225550307959 0.177158144019894
-1.39244373778494 -0.519055603110443 -0.73737331116699 -0.222244293429897 -1.01296951023372
-1.16615003669361 -0.432256846681299 0.00870655488327603 0.00255761545320188 0.306165398728904
0.211835016087888 0.659583298132649 0.625625870800348 0.508813025830913 -0.0651795783641406
-0.951231575301109 -1.23710235219131 0.215572243466847 -1.43893125906134 -1.45769314325547
-0.50689902731593 -0.584785711235961 -0.805627286098895 -0.836347237254155 -0.663779542094634
-0.398520790961229 0.868703434657983 0.65699496951536 0.550937605433753 -0.0705635887844176
-0.0369009949010734 0.833900310650614 0.829265804626281 0.263752357498629 -0.613276259898344
0.255345545214645 1.21244717492034 0.423780561476796 0.569256599928037 0.231420631680157
-0.504091351957245 1.2202497313102 -0.0760765809479345 -1.36117295329941 0.320821747702863
0.618507511625336 1.21190372993342 1.17237096122758 1.67364013619553 1.05326642158298
0.579568041479544 0.13979238304616 -0.405532393634209 -0.0715438728580379 -0.549159404682658
0.54690207468905 -0.393588952784358 0.685205799330666 -0.503665302398084 -1.5234688041029
0.160839786021511 0.220047108361914 -1.35464900176826 -1.45823071598096 0.127769994498276
0.656000778648684 -0.327276878443437 -0.043595751774068 0.264217834840189 -0.213663397109531
-0.0540793884110276 0.987478707820256 0.384717412861169 0.864097967476282 -0.757214040157476
-1.17407528802767 0.424010471561129 -0.594385255975149 -0.872469611907002 0.0539044500020368
-1.0917386506383 -0.207178206530707 -1.29140697457433 -1.09827629708074 -1.33496421558729
-0.324769101106748 -0.565797251872593 0.342383837173358 -1.14529308328518 -0.639360571281318
-0.537033044129732 0.082741957723602 -0.68110310409485 -0.53116885703267 -0.028581412456464
-0.0632461711843113 1.11727100948121 -0.130205499602226 -0.248927993127257 -0.146954827550216
0.484798600109624 -0.223056459518341 1.51569968971721 -0.16151646108845 0.267441962917134
-0.171787221255365 -1.55437980859148 -1.39105158959282 -1.0045729926729 0.185226769416313
-0.502552338363226 2.00580359142144 0.653975536988131 0.686557615064626 0.791517038362245
-0.434036010220616 0.140981051536748 -0.232506877809777 0.104661773853639 -0.233662846040358
-0.305453002523919 -0.168101094388427 -0.05443553625583 -0.838745941220854 -0.365577293688812
-1.38221180822771 -0.542242042698478 0.0921607808083626 -0.278184129145421 -0.496378416770546
1.31800822171622 0.553837110671543 0.80015371903263 0.814134752726336 0.620589932303497
0.70791046366467 0.490035379532165 -0.302911271985525 0.840414653895995 0.142201999177584
-0.197581383572745 -1.02984903541174 -0.463235266066096 -0.216865865886366 -0.64078995464224
-1.30125432155029 -0.912804903871955 -0.794815924566872 -1.71936842060788 -0.241097295878009
-0.844520353757287 -0.0381809513653154 -1.00510432449296 -0.14017418647471 -0.539467215298959
0.26184575085042 1.5817303729512 0.739709271914441 0.242990058777436 0.305106984196434
0.303176823554634 -0.546056710939573 -0.520163937762493 -0.416455865394333 0.0282151169598897
1.08559165940473 1.64883429748379 0.252205303769524 -0.308265800498523 -0.285529197439223
-0.453771553874228 -0.102152999703981 -0.29080715613664 -0.381397897696799 -0.63477594954287
-0.124891620132087 0.7536223812756 -0.334272003719987 0.196832293559199 0.0575435904215214
-0.322681116444411 0.807671629157584 1.30077063479729 -0.151107012135934 0.583360414111188
-0.472698945050419 -0.206206456697897 -1.05182833432221 -1.02348623088766 -0.433136386648471
0.32620536394688 1.07688648951974 0.351597574423352 0.230446467957199 1.07335336501147
-1.05703912571169 -0.654340051307593 -0.564406341875122 -0.427126598724968 0.0104219986060619
0.566096693526452 -0.635911247807429 -0.180296821308742 0.0959969826681517 -0.918455044023697
-0.506625860802951 -0.532579430556674 -0.833155514747263 -0.775292522339099 -0.0182124765436192
0.573585506462467 0.659151615579636 0.338219869255468 -0.493038202449178 0.29332693126719
-0.872956304978401 0.456693421488412 -0.234778900988046 0.798058765700591 0.0627977534540732
1.27883105318945 0.172184831545218 0.393446826791435 0.918226632295221 0.553859208647361
0.490747173312196 -0.904600753007391 1.03072357034363 1.145840899289 1.35805475924018
0.894885025405239 0.0693082272422438 0.985848517985195 0.223342200934756 0.630749370044583
0.96042122485755 -0.0964715318543839 0.437960341722425 0.639669462791378 0.0181752078518779
-0.983268474164103 -1.46393526469868 -0.673803562500973 -2.30091924575567 -1.30395699828574
0.480421105536585 1.64494811861044 0.90789030221255 1.26808963585297 1.70705348330021
-0.70186489132599 -0.38526821523031 1.11093120215398 0.10698142109288 -0.585861097905086
-0.000315882864556609 0.298226302638979 0.470935239123283 -0.925488791883889 0.030895019167265
-0.568340899945926 -0.291632247427022 0.0329870210973911 0.303804089867343 0.253613278118985
-0.462820836317787 0.682565729363989 -0.102538913495855 0.140696867458233 -0.192446998410664
-1.34855816691966 -1.08050646778177 -0.46735838496259 -0.721671477690985 -1.76866975967847
-0.846433027716103 0.67512388217124 0.309350308216899 0.144412846979642 -0.517835306943702
-1.27576290215164 -0.356884295828865 -1.3145706810113 -0.769085671723648 -0.192212888318719
1.23550937888238 0.724422823554005 -0.391142911799771 1.07762198929967 0.0925249672949603
-0.837234265367662 -0.578030626741231 -0.394585673217687 -0.68317533771679 -0.939178532240091
0.570489168688051 0.738152453833017 1.78703845377464 1.32812445931287 0.913902691883362
-0.817783524955578 -0.312339811518623 -0.112832170119748 -0.119350993282062 1.69466164604319
-0.863155745040296 0.385029835981723 0.39817120721501 0.994870160623301 0.488160737416964
0.429555049144612 -0.612715589572083 0.25015931521967 0.670368909926808 0.196813545226328
-0.568974826586311 0.904598687637282 -0.361725169944506 0.0916210254413054 -0.320709815155398
-1.45796666384066 0.454411564995363 -1.11533815193132 -1.29196911762237 -0.807197895813571
0.848683200760631 1.36090332629722 0.966324708176532 0.951008839597257 0.606891599339015
-0.0430596942675647 -0.631507357437075 -0.557226552804709 -0.46231463455535 0.752894102646281
-0.196162735879129 0.186506057258553 0.405830518472848 0.119207202468045 0.943727930782636
0.304769296395687 1.20509221999516 0.508048230428028 -0.09492236380995 0.283107313865874
-1.3500177797056 -0.427309928290869 0.186570105472582 -0.635212413699333 -1.05061795527304
-1.25736049287286 -1.17354794582171 -0.988044452344383 -0.791672842985741 -1.1084586681501
0.232933946893883 0.119163327413368 -1.31055442794516 -0.452162950937192 -1.16296574244663
-1.78483506622292 -0.388096441646866 -0.761457284347332 -0.0816208985388379 -1.24355063393659
0.0976706793145769 0.175536489617514 0.236574638198526 0.136740635986865 0.353423101749608
-0.186833451209967 1.09367620823226 0.00487881431012883 -0.713424396441146 -0.0451543177790878
-0.384127313077789 -0.683447303720056 -1.13313559508495 -0.723351848108847 -0.448691136261594
1.13641545994333 1.33577812910564 0.399982992543948 0.213513150856362 0.616790113526817
0.869725345831435 0.0544496326990239 1.03296603313303 -0.720576835612184 0.457917684727057
-0.778767027749479 0.871744672178268 -0.573593598713902 0.046161587214644 0.059772597460184
-0.661591781703828 -0.847927033086897 -0.605896851438962 -1.41760664149017 -1.16755697117419
0.613551772673955 -0.203381369131084 0.797748754177622 0.520965134171676 1.82836449816505
0.917913140977213 -0.274749172216588 1.02887680564014 1.17269172729458 0.285112539262764
-0.107896279777626 -0.156500707309545 -0.337703689659278 1.23850947562708 -0.251651840620447
-0.380976966155952 -1.60129174304619 -0.666819290664998 -0.712422086108904 0.15666589532194
-0.786055694969949 -0.940876773612442 -0.477397915322788 0.0135861172188307 -0.272686902704504
-0.239262325112339 -0.619577098923816 0.361456823556703 -0.912692924570649 1.03989676295659
-0.628738100539389 -1.31987506347615 0.268760955222795 -0.514635268490694 -0.0955481259804829
-0.671925383562492 -0.0422910443288899 -0.79270979173524 -0.0853388179629345 -0.39771121462405
-0.261166707201545 -0.497154491285468 -0.54879344577062 0.168813978145486 0.422693733074497
-0.665967140061716 1.54988240421596 0.256513558703477 0.495104666631389 1.18262239892828
0.407730644620379 1.03915927465855 -0.589623531077255 -0.620842837226604 -0.0896893224245911
0.176414346610241 -0.317373182805741 0.225170507617256 -0.768730476565676 0.0681075644953238
0.912006771931752 1.11069043907138 0.238498561435162 0.20857594205694 0.433583690960541
0.928683115534712 0.155404129386441 0.509582388275275 -0.0414446093006153 -1.07700282983518
0.809205784469181 -0.190908747213645 0.21310004199774 0.572475871449662 0.241652704662904
0.625554844885189 0.687279607102799 -0.0320664688339117 -0.601458935791443 0.28100294816424
-0.43602882304509 0.236269332276094 -0.910686321331237 0.0539271868448895 -0.427627043112462
0.876013807621996 0.476568221391568 0.358521575476788 1.54319746666348 0.117465943987574
-0.637003087963335 -1.1271892922408 -0.879885780329058 0.593331152025747 0.176052891132418
0.35596522566257 -0.184527038416106 0.491733039893477 -1.18662742254362 -0.0940004243053501
0.40574128317397 0.646421202944332 0.618370390958915 1.05818938585747 0.23355342498913
0.350962034612068 -0.838276748292312 -1.52121956566693 -1.30741271868955 0.242585055628844
0.596532830310608 0.952983251915552 0.518254513971614 0.456462919889001 0.726538614753586
-0.684508149917668 -1.37628501946864 -0.533388126443138 -0.195378364420524 -0.710876020451272
-0.515315766451452 -0.892044075303573 -0.907810155418485 -0.199592500692627 -0.24375565183202
1.07787910301366 0.42602556954575 1.68130162493046 -0.140506725167701 0.278976238006279
0.660960230265039 0.488505637248151 -0.124044838535559 -0.11340666212167 1.17042888435238
0.514152456998288 -1.3460171770642 0.139026600023136 -1.15263913964978 -0.259514093427243
0.053686047540464 0.0250207063159689 -0.439605292002207 -0.605864710212769 -0.669222398848489
1.35314252310808 0.559023600107055 1.32399957352598 0.367947971202769 0.497146282302218
1.03861848143241 0.471983640058566 0.0708307090260484 0.350454151040499 0.538578248114155
-0.558131715550651 0.113398992166826 -0.303879602109821 -0.194258596087016 0.0546566036969743
-1.07537073849316 -0.531315750584948 -0.00391259831520007 -1.00550898822661 -1.15583281328607
-0.346650533277802 -0.505687947271767 -0.628755745922044 0.608859411010325 -0.601047554469498
-0.216794776378154 -0.894318437660665 -1.21118141565894 -0.0230503325044608 -0.883181363978607
0.328781653156828 0.219637938004968 -0.824564193277336 0.109165553453133 -0.572911441200885
0.198604330891129 -0.247567905491865 0.527651224248711 -0.644130076719871 1.49269540250022
-1.37781436888938 -1.05162373417709 0.103327907603565 -0.587564851319596 -0.750463934007607
-0.838594008687306 -0.798400980102481 -0.350691231972404 0.0617273690750058 -0.356307839589545
0.314058936622917 -0.145503977652444 0.893770169542363 0.726832625705151 -0.269925682409125
-1.89975761129494 -0.729558566324258 -1.73104145696694 -1.21243556935427 -1.43985283976312
0.115994173438735 -0.206181513582046 0.124004296260113 0.945640933073373 0.364809096784655
1.15917637342742 0.101121134161415 0.378390358290343 -0.702940416210583 -0.502469623614285
-0.0227002020018459 -1.19599741806424 -1.33483445078602 -1.1289210864858 -0.732081296399974
-1.04030483438909 -0.831355967177654 -0.949066419321099 -0.767771911500526 -0.037443302923404
1.32724341380727 -0.110015722843571 -0.174478049599087 -0.22548917786548 -0.535338412700144
0.784188947135555 0.128198123571293 1.00775836085797 1.09491436988933 1.64856169634412
-1.27268402559544 -0.204170982828434 -1.85868648155237 -0.379509409934108 -1.08895837654988
0.415784694429413 1.17800058197126 0.717057094813754 -0.0273127248468992 0.346751869490102
0.221095756104138 0.389878278213329 0.875280785712033 1.69044623482739 -0.252091636724146
-0.0956794643331477 -0.557995613247011 -0.818878635890139 -0.172176414207343 -0.796748705131729
-0.47042592429982 -0.485040322460006 -0.711791626882617 -0.411574043823306 -0.297891091823199
-0.130437655799368 -0.376491671575696 0.0241541469274354 0.544010522634837 1.07312326224646
-0.135571089495692 -0.0123367140677593 0.511269632443571 -0.44168646453053 1.22926809707088
0.523182302743474 -0.80436247963828 0.0153850855577714 0.123793498611235 -0.901327215208437
-0.340506117015449 -1.3723559440772 -1.09251651685321 0.0160488356322718 -0.611962872085508
-1.14709754424032 0.132998372773871 -1.43055918814604 -0.196912518290793 0.0728713648811675
0.116073470607963 0.499836335032407 -0.123041838078408 0.288426609587221 0.631693908757741
0.207277479507491 1.10555831533487 0.508666512389125 0.170847347008041 1.0482871377066
0.793718508093278 1.05005760646753 0.905170015097113 0.0768859033201496 0.453615874856692
-0.196218591215678 1.5218266102062 -0.0258534319187507 1.1893614841882 0.896344770587929
-0.534643007277897 0.0732030462829847 -0.17615915455749 -0.3911740907277 -0.204944320788451
0.482396745550651 -0.824715346930558 0.156122403921998 0.125992711023064 0.276284822696157
-0.982645866586744 -0.884778232395022 -0.262426433526563 -0.782965484440051 -1.4864952652517
-0.127565895580302 0.245839386969778 0.295565160606681 1.20301763604878 0.806914039513943
1.38861749943438 0.284435917968732 0.409717927594457 0.716614476264698 1.12872974348036
0.719392430820141 0.000834217268324882 -0.200972073176152 -0.877936193715058 -1.14393445251913
0.703753614384383 -0.179863413120514 0.501646337406137 -0.359051257304708 1.30096198606316
-1.09836024054298 0.86346181993156 0.0427724851053765 0.855348906374945 0.502964071568516
-0.301424533496424 0.298619725971304 0.282249464434257 0.247940564349789 0.659683755720944
0.138868827316411 -1.04471838863974 0.488066311565911 -0.891867942255294 -0.882697817420591
-0.915628306995654 -0.0894412104394896 -0.370400594672586 0.872436344890778 1.14630908181327
-0.0791129600323236 -1.03350730506945 -0.845016642366601 -1.42826035230797 -0.766733557002133
-0.790246154099616 -0.620159451216792 0.172146015431016 -1.4904027758388 0.393964446328526
-0.620903942622442 -1.80422222096125 0.172948214391677 -0.69995749326435 0.115738662466459
-1.37285048311848 -0.634668453758008 -1.07232292964911 -0.941971846486555 -0.694594342909652
1.29846010548412 0.492524028413727 -0.744134501619818 -0.291171772820533 -0.804108123884729
0.052457846391322 0.896849755172471 0.0398787539456182 0.695340759613351 0.85533774074927
0.607587388388227 -0.555801747699719 0.0677182138575593 -0.741559462807038 -0.23693769732873
-0.373570296351904 0.381471008017029 -0.244209058761938 0.589568926071375 0.976023281664977
-1.09769144284906 -0.421585141520849 -0.827826775318969 -0.809642270087465 -1.73208986862249
0.976978509287149 1.18990004928163 -0.211833708957203 1.1833812049782 0.502956172525027
1.10357960087069 0.362198866048306 0.929816793848393 0.27884053800669 -0.115374102624846
-0.243947398502421 0.0139984776111327 0.590223636080066 -0.245455610158099 -0.0960881784727738
1.08465538864593 1.26891091059198 0.441333091425279 0.575689772537148 -0.0864245112715406
0.88636150927718 1.04623151344902 -1.01804528451589 -0.0299583716116078 0.432801480451778
1.47326608500337 1.06096803561363 0.406736215713061 1.6065018642369 1.67982338018741
0.216082362787034 0.514561806466839 -0.0986947203976263 -0.0280284944188203 0.939630688046648
1.91492344877037 0.951860871126238 0.0428662996148736 0.0943113634880248 -0.370326254338751
-0.049834017745199 0.299948798505907 0.298959188878524 0.884199777729565 -0.599684610349011
0.779167752861624 -0.779841399470474 0.104201832753217 0.0271954996132231 -0.388470669530674
-1.17223826519523 0.603315475236267 0.62010425796691 0.63455814447773 -0.572815273376156
0.424710927911542 -0.3320416265104 0.667819490006534 -0.347951831204542 0.665852363138826
0.294037014983596 0.0409618921658365 0.155995833734845 -0.752669975473803 -0.706973465126446
0.947721662520329 0.414456930144373 1.66125451159233 0.422519890191899 1.25845241788354
-0.139288671338924 -1.11764672642887 -0.351675232539009 -0.157758892856566 0.797421349508969
-0.253283868728297 -1.44856440679198 0.469624796236477 0.173766607389436 -0.96587647569789
0.809284540265315 0.160072031769009 0.133347706818254 -0.23457265691772 -0.207390931027727
0.857173291257391 0.521961178057941 0.515737536143954 0.231638701871112 0.68127318737384
-0.0218402524941238 -0.287890213235596 -0.666035302107911 -0.263062434709262 -0.776037205881181
-0.0899286373241691 -0.519970746766386 -0.244753590578788 -1.28890957629472 0.125384765355459
0.867797800124574 0.731364233789868 1.1302223935203 0.417547563203679 0.0342415572080756
-1.14256970791624 -1.03573317369824 0.107519823223447 0.195763066000712 -0.283477261526085
-0.102843959811606 1.99435405613956 1.33338685911424 0.508556456000031 0.700082895353085
-0.670081387699704 -0.707547141061689 -0.958518010799341 -1.50598852506708 -0.881142431270071
0.0736914375347133 -0.318783641496448 -0.556583464731238 -0.0879949525470253 0.503149846626551
0.056929264416099 -0.917113884716379 0.112069524232873 -0.0525896247199297 -0.892951913766952
-0.986357519412695 0.187664879473292 -1.6758802364134 -0.732887454410052 -0.565676425569768
0.158317339474842 0.113075535307853 0.181041353803136 -0.4124292163402 0.359954469565429
-0.854036976251325 -0.348853009768971 0.0220628124220556 -1.2358598922163 0.0911315224655303
-0.826569113417708 0.684962156513141 0.564187518019829 -0.421163794382355 -0.072345180494654
-0.731205035597694 -0.456180244474277 0.96522008059255 0.583565524690458 -0.424820793836088
0.356864432437521 0.240423713156961 1.27631288573138 0.526863476559447 0.753281509604844
-0.15440447687927 -0.745162318584206 1.01927523466318 -0.530309193536434 1.21049080705188
-0.090305321106433 -0.399945109118716 0.908254626537829 0.375337808974314 0.88444909196313
-0.744384842922041 -0.380699541801261 0.863115991069757 0.416548160719833 -0.312849495735534
-0.271620986442395 0.806842588682751 1.20780490043261 0.374531595373766 0.299280145333105
1.17162958574124 -0.69989241572912 -0.456732259121867 0.364451175820445 1.18998215596752
2.0622612472287 1.97352336075112 0.132973218546575 1.4589676333691 1.09396851889883
1.15685212325219 -0.348987894626764 0.988805425751229 0.450119536633711 1.11814037783788
-0.314249149528676 -0.877687685355466 -0.462851755613744 -0.377393206265589 -0.998918619917641
-1.33213910212662 -0.477242426083155 -0.00562818410631446 -0.489762111857813 -1.42563087748797
0.865601197759587 0.904705093444242 0.382099733710124 0.124647318104279 0.0474792008197355
1.28970945689899 0.75885316420785 -0.45916455647461 -0.249947625829993 0.98091481022881
-0.229465081201415 -1.66782976373442 -0.785805936866496 -1.19620926144946 0.00979771258460975
0.454239237031441 0.350293809108061 -0.139388379344606 0.125977917829714 0.373509406407996
0.0999412650076236 -1.17536769135112 -0.60705491329891 0.236286868283039 -1.38277079194851
0.291729878489327 -0.776432744585894 -0.112155621472738 -0.309602797355764 -0.313417356172611
0.0293932722755946 1.08152468659228 0.497073261855667 1.3478052144122 1.34201006336588
-0.250662101181484 -0.512693666727249 -1.18048246905823 -0.158871771840335 0.559838496842266
-0.72745487808923 1.13944296107641 0.0064706080229424 -0.171017868843325 -1.24335185156143
1.06624113732704 0.174389417724243 0.0360044324239255 -0.690895528615493 1.12197122737634
0.505888815290184 1.09227510540943 0.140253279663714 -0.73962952493069 0.174999155916054
0.339952191858479 -0.0666675950574396 0.155236510434091 -0.254543854674367 0.871810801159811
0.340180531146113 0.507736118126111 1.05416577511596 0.519081913586686 -0.15882872753692
-0.652663314059562 -0.684579456266721 -1.16159824467434 0.115605338635826 -0.767601840068857
0.0751627088077189 -0.845216883197032 -0.939360749961026 -1.00471912479912 -0.73322965963137
-1.03432272661808 0.00989368049466441 -0.152888940779766 0.0104622183973153 0.597238897907932
-0.606413387749212 0.446655787974094 0.18941731764098 1.30717005095897 0.402744582170995
-0.450687801851699 -0.551630228796584 -0.633195586114782 -0.836384472285475 -0.85858780832367
-0.312885786099138 -0.169715027595798 0.0536832948881278 -0.506192149701382 -0.0615100385935718
0.233968659244404 -1.17621784209373 -1.25646394144376 -0.686237208402558 -0.75359677744611
0.58670432920078 0.150174704153079 -0.739871542880993 0.438122449435602 -0.790729821581164
-0.322890630948167 -0.575220676848776 -0.787784680471993 0.0123229255803709 -0.780229618655328
0.171820149474872 0.949553408596656 -0.625311211944957 0.0166075831903786 0.260234773640753
-0.481517498651824 -0.596665917826336 -0.0104237737097448 -0.199888609707122 -0.564483751246174
-0.875259789216163 -1.37636604744056 -2.6433289259166 -1.59458258691566 -0.751659118865246
-0.299361225903055 1.10328514849352 -1.25190773353267 1.32704802707104 0.522656587493196
-0.00472389702682403 0.338896781254231 -1.47654807957878 -1.07569248770086 -0.412225494984571
0.420142274596293 -0.137021738908549 0.262190054367333 0.111202058919905 0.271834678152669
0.462956962267776 0.735206521606229 1.62184551996472 1.84730715967453 1.47521811002014
-0.105395703907793 -0.216825970081838 -0.441926039139686 0.463463542451729 -0.55060052252591
-0.162453719163463 -0.362855141374048 -0.830657872331353 0.241913507624013 -0.0465423414400309
-1.07232414030451 -0.577290328286102 -0.709938815941554 -1.27864756398366 -0.864425498986691
-0.0197612200775283 -0.687230915717291 -1.62557993040228 -0.898470025846305 -0.0429722184729733
-0.315430448843426 0.809864022102607 0.596201250368145 -0.814761631108693 0.555886147328669
0.0237897505481111 -1.36548129883064 -0.191662132123593 -0.423246520408046 -1.23863706252785
-0.893586175565465 1.34296314154933 0.308219828876496 1.24410343300623 0.805410849450943
-0.733531341028619 -0.658635929625392 -0.560125201347644 0.566417170094907 -0.147452855478267
-1.05441587097085 -0.42068465813669 -0.0885335074393373 0.248645804761863 -0.18719914967625
1.13685351271595 0.903152706533518 1.44448843140819 0.933234571155878 1.99387183313062
0.398172390521372 0.779852287102899 0.102473288515508 -0.153500314048388 0.584185607976642
1.63386051717169 1.03914902911056 0.891922117932993 0.446380174885041 -0.109153278119659
-0.535363058338086 -0.813055536059684 -0.598499973315073 -0.844225555555079 -0.69072821137588
0.0262419048951682 0.947877877341192 0.975763434882215 0.355446152039093 0.896849611409334
0.879651771904297 0.529622189723285 -0.242573843262665 0.952492746679453 1.23888736295046
0.425110584757297 0.183675074460834 -0.433541467745763 -0.55231014756074 -1.06043973473959
0.731264958595838 0.792550960914624 0.183077086858105 0.656508774303387 0.00464732588177593
0.519393502403636 -0.265916347451413 -0.975552508566573 0.345138317677907 0.071649126510416
0.712613119395786 0.894906731963551 1.09639992630742 1.10935443147726 0.843495732068293
1.10592869511762 0.52413459199491 0.268560194392998 0.926907158234951 0.329979968420729
-0.735938251974706 0.691620625304354 -0.382902951357661 0.364326902494782 0.520525578007342
0.132217619384923 -0.294199167279308 0.185078687504864 0.537769567403657 0.994919635266727
-0.257672325875143 -0.59895384468868 0.81084601484149 0.240854395328753 0.755019085672846
0.590938949208238 1.18560724805464 0.912604104811544 -0.218577710953868 1.19493908513833
-0.804595192958596 -0.405211104685656 -0.168759141698839 -0.69417901335407 0.3631168096986
-1.56469896221341 -0.618782322814057 -0.125718535850764 0.909149031399687 0.163229823823647
-0.792622828382659 -0.158099219469484 -0.738716374223438 -0.57064195358746 -0.88457579209545
-0.137504625752661 -0.0020780346267941 -0.880357030001016 0.651087179806391 -0.325504672593079
0.0140642148301952 -1.23871313859767 0.253354184454048 0.0415205016685586 1.28388008250236
0.444024893209021 0.402684462707867 0.069282052404933 0.0271286405342447 0.0927312506742629
0.671390060055071 -0.485449732928812 -0.0979633496628052 -1.00405045962647 0.966398217482699
-0.701462466829187 -0.424622673875617 -0.476340759042548 0.165155785511326 -0.112144345809559
-0.873116745929547 0.281699549031924 0.0695721764346684 -0.74911797776359 0.0436126898417859
-0.383917714655832 -0.268825551377151 0.275220304132242 -0.15627675754137 -0.0927883264436001
1.52562239217615 0.472631997344162 -0.0445872388169522 1.00550900058053 0.436868789644362
-0.70833527568909 0.400448375042648 -0.0832501719050955 -0.0215751782605069 1.27221233069482
1.28958028224303 1.25645139778431 1.07947036134318 1.81366855508372 0.717296619734681
-1.3646596116738 -0.798847886413271 -0.776541849781003 -1.3829739144971 -1.16472734777297
-0.262197411321112 -0.432338269476438 -0.95965064805726 -0.598716277735471 -0.850800212147397
0.0832035210832682 0.357429035241834 0.1718852617822 -0.59248646725023 -0.833209788098769
0.00329702985749573 0.605713363678093 0.276952921292168 0.837429453424481 0.0767687823480306
0.0966580222907607 -0.611528821791992 0.163540131192633 -1.06257808052594 -0.391043223372408
-0.575691516427036 0.435767674958562 0.598384639907948 0.271226407172665 0.201364594748924
-0.776000102143453 -0.592658694240627 -0.512042138965654 -0.115194539697181 -0.538728637472514
0.692280500105164 0.735792452077184 -0.451205320503673 0.361996535370061 -0.189543329342855
0.119266568096989 -1.12829654366515 0.75272725006755 -0.430170139862666 0.861294359527463
0.259334846605251 0.050496366805485 0.513842412062439 -0.901453086498937 -0.28260309855401
1.15622131512366 0.837655395471664 1.37444991093233 1.3573841739577 0.795735361058068
-0.218477312589387 1.21472913030863 0.678778596224277 1.66116220993995 1.48197148874489
-0.499302727613503 -0.315173675738905 0.749925079966368 0.0573951350278533 -0.148544955846212
0.253155023518028 -0.198370967867614 -0.461121547323504 -1.38554343688205 0.00300318459124898
-0.401981750256179 -0.952500411333608 -0.22817255116957 -0.721650124756683 -0.720872534145435
-1.07556219134151 -1.34951078262244 -1.35913641513104 -1.08986042534408 0.244001862585681
0.22550035187707 0.420970811596722 -0.257800116153514 -0.62573379373278 -0.850275745985774
-0.115951326096562 0.367893403812607 -0.60773964286579 0.384439127109616 0.041471947560817
1.66631432802715 1.17389474035844 0.852423330206638 0.13058185243199 1.2987465999514
0.438944173727647 -0.0441347309933905 0.802295148231162 -0.910525612322205 -0.208664670246257
0.91832396952167 1.07141004901687 0.827437147933177 0.792181240208924 1.58010765117015
-0.39596001329479 -0.0775585031146805 -0.834412813730994 -0.404003587906828 -0.608422780313745
-0.426749506557405 0.788139206305546 0.595267193700579 -0.121095926310822 -0.183468358506736
0.595706906339518 0.584386317437997 0.694864494416385 1.21076692221278 0.448601539225857
0.456130647197271 -0.845484870045055 1.22604983784898 -0.858094451082848 0.22899504161652
-0.583115506474556 -0.0425474499265626 -0.352565589003539 -1.07539955597147 -0.813261547624165
1.03508256956289 0.0180596584806473 0.0128089150768921 0.642290124207827 0.433662419832478
-0.136959716278559 1.11319473962617 1.1059116102052 1.16167530216516 0.649892803384175
-0.0853754745130188 -1.11047160743918 -0.366874374854704 -0.305843512499859 -0.687840919137824
1.61792746821185 1.92441650743734 1.59098618098296 1.41668326209022 1.412579092471
-0.503472917469799 -0.319586439185083 -0.518806791541456 -0.162829467745383 -0.220121585768627
0.17880511486531 -0.0522492600670199 -0.136784946178336 0.243648859090808 0.252314023883901
0.0747027963912569 0.0665069089271319 1.05468193883165 0.454585982220528 0.018701718283902
-0.208505977325141 -0.384246461288989 0.396612651778883 0.505003634614763 0.247614227232431
-0.871385335679272 0.348395508652992 0.0890176339072834 -0.746640945700054 0.266189496095636
0.0884281638614823 -0.667128263405097 -1.11732542293625 -0.184318453469724 -0.348770111005822
-0.0697647388044131 0.0815698221611256 0.395470750448825 0.0322247744869222 0.498586737501124
0.51911675785565 0.404083820174198 0.910305010970203 1.00494748607685 1.46595092206835
-0.610066443214948 0.155016495621124 0.131980610744434 0.339859957883814 0.53514327789866
-0.519650635092568 0.861158246452648 0.510361742609899 -0.0288157538348796 -0.689604549824819
0.16535844052251 -0.295753918756062 0.185415882805867 -0.895814212177227 0.773109257795582
-1.34829139966166 -1.33010266673262 -0.584029036477648 -0.100481934951064 -1.77894706305047
-0.145961887208011 0.378042530638872 0.852283789388305 0.713570334890028 0.203157234691933
0.483661005711108 0.953079895460781 -0.227912138378129 1.14386949086183 0.247234951679339
0.660570425637517 1.79641124812789 1.23210451352726 0.405795716114245 1.12196870276387
-0.794177557595497 -0.73968103584152 -1.1444352610546 -0.858181341328426 -0.564395122501363
-0.732888774026832 -0.437792383163654 -0.0547152835868264 -0.927442041010441 -0.836387660971765
0.0175147141926926 0.295836677940266 1.13464854599962 0.232647041215538 -0.189437839148968
-1.25481986793291 -1.3586928759678 -1.00410070782785 -0.795771558147333 -2.63207167644349
-0.164973843104091 -0.956536840862432 0.456877815234752 -1.57944587911692 -0.716326661041896
-0.0823874908164772 0.398775344899709 0.582300005610046 -0.217641721100094 -0.265318607706421
-0.171016717591884 -0.131353486429902 0.587362969067321 0.403078025032409 0.826343454617979
-0.344751857986432 -0.676557292272054 -1.58781328564148 -0.20393835501583 -0.678659486927536
-0.99307659654589 -0.0905413416465999 -0.873922252486467 -0.49244253134275 0.361295288812003
-0.578127889564861 -0.123335410673339 -0.850798759939449 0.272084117475758 -0.784778501438033
0.637352541088193 1.0440858052283 0.795325469727813 0.609439830869706 0.200577839698833
0.716795083332038 -0.0567688709429999 0.233610170212733 -0.240357712094909 -0.2448178656777
-0.254003569486209 -0.563797209432315 0.0464903175161859 -0.931688515371054 -0.309362855738477
-0.636433519173331 -0.437705185055148 0.0101539646742755 -0.00211109162781274 -0.244020634805579
-0.798095875231375 0.422614676244601 -0.0429874688908429 -0.196123811322684 0.590885166910344
0.897404286434394 0.0559031321306511 -0.285004264947204 -0.292947862569361 0.0845660763594058
0.508322247083675 -0.937732381196434 0.664425654249657 0.757100185757468 1.08740813851807
-0.800273927877223 -0.568283832025371 -1.95619726247141 -0.467668008226125 0.146307745897684
0.696353612784936 -0.580934377587637 0.539594882817753 0.385884810712088 0.289416162331966
0.800730569212899 0.394586419389483 0.103923355991972 0.394674158839729 1.19323037800181
2.19500854227049 1.11450349407881 1.33428802435599 0.722222138789332 1.72034814649085
0.4550595961541 0.0698536745937643 0.204430990177203 0.98740649111068 0.116443655065649
0.737322302193812 0.652141048523928 1.13351008868652 0.222232528941642 1.52604427725082
-0.357940980921588 0.716031947766955 -1.30714900611745 0.974277610383269 0.77066900299751
-1.03138245802644 0.855984446394451 -0.146203233400053 -0.377818919866337 1.13557666292523
0.364417190081067 0.417658302091671 -0.679182892348578 0.217417139505869 -0.129975291837994
-0.524177237546793 -0.291415903925502 -0.160534866605803 -0.916114310970349 -0.512941310351015
0.0656052591350903 -0.0793048007956668 -0.414604395474308 -0.374599306295029 0.0407010924904689
-0.219512863420103 0.808873967177713 0.605841128269786 0.507067146006231 -0.227227022689203
-0.0043512592565853 0.632306179658855 0.0018812613577481 0.964219571822327 0.516560162952741
0.59005521063586 0.616816200066998 0.114202797086468 0.419662566487792 1.00812388282279
0.0309812645453195 -0.795415284954048 -0.728323627993065 -0.898994502753512 -0.40760696726448
0.564761984008114 1.06085603690384 0.514929518564801 0.152428757290858 -0.112542095904351
0.548118301371038 -0.740930381058309 -0.789482784833726 -0.28887278237826 0.00491529780396623
-0.0487937043692511 0.453844243866123 0.0332292206774973 0.314960244398955 -0.328590487141428
0.115132305791058 0.515683911967164 1.01245896398687 1.27443034248788 -0.400442584035772
-1.47781076159692 -0.704129726600463 -0.867131122776316 0.363919934140582 -0.0180679880848383
-1.32535163368428 -0.797321597161475 -1.14838149970342 -0.79084847198519 -1.66609523675106
-0.577002752542246 0.508867788915825 0.83237068371843 -0.822718013269836 0.663800291188559
0.927240527477098 -0.163372617449742 0.0189547527636319 1.324482120138 -0.421503882492092
0.670060857247065 1.49147357407262 0.354561979810266 1.54758105343323 1.04118648699347
1.1374607827501 1.06481614615323 -0.414407055664117 0.624474248923936 0.363135320818027
-1.3846665557818 1.00001091764785 0.473890829061531 -0.399557370956398 0.437598118186975
-0.436359848108905 -0.263543780025979 0.432514308067539 -1.01222422523462 0.332493618428122
0.532971127163616 0.495931982195097 0.988347264863885 0.649032659434508 0.454946047474075
0.502130341825241 -0.760771264134643 -0.017168280615252 -1.3477969127357 0.134271856842758
-0.180195377770816 -0.466452838354138 0.706456831292719 0.106036291626402 0.0821174819570259
0.598181287120207 0.650896399030024 0.278121517545904 0.196320632175446 -0.36146197068293
0.560309968326703 1.06329360004129 -0.267577078168704 1.19418951151089 1.06971153580961
-0.235366593321641 -0.518158917967513 -0.0882901164223308 -0.826715043423455 -0.463736266964353
0.371236983577383 0.444579357822892 0.280305018775288 0.0360498412878327 -0.465894057258457
0.314901890198928 -0.936199474369641 -0.495333715840984 0.285716527780521 -0.0687019252977496
1.21326991054442 1.09327719975383 1.08831089579736 1.48671327580183 1.34901235504103
0.814518803702743 -0.894549459010041 -0.0994336906745006 -0.00524559413926352 -0.760777290734821
0.841763934548473 0.102633453424278 -0.239459135450836 -0.559878690305381 -0.128715005351559
0.0349185273170142 0.313972667922839 -0.132524178695792 0.777554806443465 -0.424394309989993
0.842371759461883 1.13375112459126 1.12179645531637 1.54364412732448 0.944372537213883
0.054038510890907 0.421909592235496 -0.21019158528842 0.434561225475265 -0.419488728068906
-0.346783165466975 -1.05804774087743 -0.530445441431866 -0.749230095875447 -0.746614509926447
0.497829932776041 -0.669855014592215 -0.0825823968025682 0.254280104543682 -0.0122455524410611
-1.13604066733067 0.28645089563904 -0.555250789148667 -0.247861188296417 0.193301682772469
0.22162294842595 0.354754205062432 -0.299553087912435 0.361287374586972 0.945993404911006
-0.49556616207155 -0.13393071428407 0.60769680111658 -0.609944147293704 -0.32602611266977
0.356229028824592 1.04573691449743 1.10891574468405 0.896370730799353 0.982893920021767
-0.245510753703313 -0.0188935801163704 0.533630634882126 -0.259334804762732 0.781117178798942
0.328203291637936 -1.02142769832515 -0.712585803753476 -0.274812304063351 -0.695527033189634
0.921753652482152 0.781102333841454 0.182787275725068 0.549895693838755 0.856559927354226
-0.152698082263754 -1.38907163086551 -1.11433562652874 -0.823631743107904 -0.915481356673853
-0.827539357906546 -0.943596856425854 -0.814369817644097 -1.46972011801812 -0.955151036440598
0.143909026192911 -0.100273674834325 -0.866557434003902 -1.17486543293242 0.317813665804119
0.612700021569799 -0.313503888455351 -0.659003660822492 0.418883188480547 0.356432057401985
-0.508444671342861 0.186066959615211 0.182759248324671 1.12048357394161 0.446118981424656
0.323929301476998 0.467386373064833 0.128545417178869 0.125883995552372 0.919306702084985
