1.62538407343988 1.31394321033347 0.865522122308019 1.19212033034372 1.18392729114106
-0.139482243070331 -0.648271787080305 0.246853783396751 -0.981663000481404 0.0497281019661399
-0.834143534791605 -0.826761786616829 -0.469448935658381 0.00230053718134023 -0.803339781337861
-0.290782446473095 0.676498785158294 1.02574677677887 -0.334129700291923 -0.763420035769374
0.337832416518182 -0.253705348784969 0.359091645525297 -0.712881001265041 -1.14818373066462
0.413705084274205 0.672932354133269 0.457577705999418 0.118609309666783 0.566062930178573
-0.167993251091668 0.278566675862187 -0.230473407269685 0.0267789059846723 -0.636497375523914
-0.770923111173327 -0.50080988594819 0.00164289698269397 -0.577190289081032 0.374817683949282
1.4003863294657 0.994270330154041 1.12753458937108 0.803342456913576 0.138712502136695
-0.691034780809088 0.93334649231841 0.929071408630786 -0.108082394269627 -0.802678336860723
0.314951567851542 -0.620338503791336 -0.718203284882546 0.60603767146321 0.124662855645241
0.436553931850128 -1.29074398881994 -0.867570149228617 0.485891033946651 -0.634388332230228
0.633164475470035 0.446820878279725 0.388369488060313 0.904683766032983 0.864861569826841
-0.404028692589472 -0.878396438042536 -0.884099564851904 -0.741966997914241 -0.723072216209361
1.09274651605327 0.823387831465743 -0.548598561755688 0.771167537891559 0.458352999994978
-0.318025100695014 -0.0742641876529459 -0.714705634069841 -0.757186734555356 -0.880857487632367
-1.40886857331567 -2.06190641018066 -0.752173527376333 -1.34001945110099 -0.986949743790921
-0.171114059354621 0.854188568869709 0.558288805049785 -0.174288384672047 0.999544076634359
0.51467230053012 0.912338173075421 0.506613980678018 -0.754567491295402 -0.622757084174329
-0.321576033431666 -0.0925714246862431 -0.309522525850672 0.673173395835239 0.048619181840007
0.253963974786812 0.758250513492291 -0.279260956761194 0.203629145826147 0.166273271696627
-0.263274252431977 -0.262512692136264 -0.680196713233378 -1.1438693375879 -0.0707751797720565
-0.110062424380827 -1.56607960870594 0.2032174398822 0.511678061948165 -0.0855308974926774
0.333624044190212 0.39826841249704 0.699912605865291 1.16590461767394 -0.756048044320656
1.2791267495988 0.591547639370416 0.871788484591275 1.49939394753599 1.03803377981689
0.871027207717472 0.0304920439375669 0.146508527008891 0.610094020144363 0.869268157663932
0.918894338464265 -0.766880526273928 -0.919475439543802 0.0288928388108134 0.366150293845098
-0.648110824341163 -0.88340889769076 -0.612880722674583 -0.483124221050001 -0.41564072613996
1.05782117661225 0.106166116976778 0.385135482101021 0.880301797240481 -0.647251794110685
-0.581572731889856 1.12180832969227 -1.34414223781695 0.824700126650903 0.19625060681509
0.627468741362055 -1.04309192555174 0.357151716422353 -0.152078261726018 0.444856247449292
0.745403078826989 1.01517599354697 1.54180469070089 1.33925304379971 1.3650779982619
-0.783495413313257 0.307018426013231 0.948776474459345 -0.630819461498135 0.818172129575858
-0.364346804449825 -0.369820739526703 -1.65268526330773 -1.37946029140249 -0.122721168764727
0.572447873886051 0.954493128967838 1.4296860016921 -0.300958027886235 1.32443023822872
1.13700920348889 0.472623223686194 -0.664425507389206 0.038933655888759 -0.406259362800956
-0.574211721022366 0.232352228359259 -1.31356391686174 -0.815811903087527 -1.08813068480134
-1.11802618487578 -0.34601080038973 0.362753476909785 -0.887179719714862 0.699822628585882
-0.651500877640966 -0.603264413503176 -0.791422327382941 -0.171323034889422 -0.292963839362374
-0.132398106259057 -0.660159502555394 -0.487897462169044 0.0671628712742282 0.670806107105073
0.278280688618779 -0.713568076395971 0.45926111418341 -0.435806871103046 -0.328109999133399
-0.158173791312524 -0.497081360809602 0.516656352478114 0.819209108635033 0.494204270186094
-0.464768987953976 1.13198940723949 0.300904086505626 -0.346973804520877 -0.377631901488342
0.303567290068794 1.19794767601369 0.899864449010702 0.377845588248454 0.250249873478633
-0.41076749058882 0.166935104560786 0.336761909083805 -0.361955613676868 0.38167579840871
0.389385346836302 0.40784175144927 -0.820476163119726 0.788767307061863 -1.40276905427957
0.38353847368143 -0.0149324928322121 0.60678642747541 0.047160202946562 0.891383400011991
-0.535474047916005 -0.462349749347059 -0.191233903804138 -0.561259301896684 0.854606429621019
1.34084266879799 0.419228390749089 0.165179728362477 1.17906033153434 1.56124301217608
0.505714183663495 0.537043036380694 0.0370937228832254 1.2486939627656 0.748621445616094
-0.0833186165106352 -0.0899379510103107 0.683490811689359 -0.0558791016867714 0.323196049223672
1.01895464538082 0.736288243162407 0.446798275890545 0.787838284475666 1.35939693480657
-0.707252850547888 0.278372850894922 0.511794176476133 -1.09547052756195 -0.819730638847117
0.637207716129622 0.903279929528952 0.424751204919935 -0.27491076354179 1.74226726596525
-1.12876229086396 0.0153581184803222 0.205323537419907 0.205325538566445 -0.823532334015854
1.10499236682579 0.717190966373422 0.596225821610838 1.28623876100644 1.40547406587678
0.289589624535106 0.160094600808574 0.147217452070782 -0.17229433593028 0.256161531908864
-0.36147694178829 -0.152311393250069 -0.495334137112671 0.353088686782086 0.68417448437984
0.399764319903483 -0.113032361725327 1.38874710147881 -0.134558112447621 0.331232754019953
-0.149838465241555 0.656210759941726 0.0865854852325963 0.439886631134753 1.08366602428765
1.394640647278 -0.0433615781824025 -0.0857309760727779 0.579953309902741 1.2528834129458
1.06928694816183 1.17280381205911 0.161018426143361 1.26431537794943 1.43962414643541
-0.534448327496082 -0.605913161340964 -0.92436358642787 -0.706185623500608 -2.01576557119476
0.52006602410723 1.02040869139335 0.861894123998214 1.06410685725802 1.23650216644846
0.214646733348589 0.0893256812581377 0.328083649384275 0.923399637464742 0.696715312869569
-0.0746776684142579 0.780451464934429 1.03163487709994 0.347250235638774 0.839415075003609
-1.4924664580921 0.163522539554501 -0.173389764507202 -1.34314710835342 1.37209955141351
-0.156128023476121 -0.669919633294596 0.674001532401428 0.325937751555156 -0.41798086702454
0.00854981619057013 -0.799741954359851 0.335599778386528 -0.462987168463377 -0.0582235072829951
1.04565806273329 1.54569369834057 0.237709397393228 0.231433157592898 1.95645903922484
-0.828045133883572 0.115067025811335 0.35939949916196 0.761927617407704 0.567189757787902
1.35616400173114 -0.893138330130719 0.777977969013729 0.238305976689564 0.429098200513547
0.815318857553935 1.22882354113024 -0.0841830515224017 -0.272474976503073 0.540037573532285
-0.0291606590260255 -0.132153635947285 -1.08253027854554 -1.01522566964385 -1.33841771519422
1.49684375433802 0.536844390255918 0.179083386585288 1.00443239194344 0.360979220420029
-0.758036630700016 -1.13772521298572 -0.787447515120585 -0.333836758273498 -0.151428799060337
1.80863433923212 1.27774343132873 1.11851324037164 0.427582894167154 -0.00898781222872968
-0.408435376382316 0.022517688711797 -0.440837625207657 -0.206376941808478 -0.412625015993704
-0.434888011514927 0.775944750010094 -0.875321840543557 0.315610996639052 0.925613829732943
-0.359708481945181 -0.69756631596063 -0.482621972579243 -0.345135187744571 0.153940948183222
-0.182174786981116 0.182031708685334 -0.783124476778226 -0.629761843704156 0.590350634172612
-1.01826112834913 -0.0799998709930896 0.121613871999832 -0.58717267747004 0.470266568116538
-0.368162992186283 -1.15488854442779 -0.79097786225088 -0.647045531057918 -0.639983039779983
-0.281606041556451 -0.890959015785942 0.0500757403004306 -1.07082589723312 -0.397641103011538
0.124058727700677 0.239751484979304 -0.323696078645787 -0.110723155183972 -0.647268045509437
-0.592284039790681 -0.632527612103584 0.13174757647558 -0.485594055438707 -0.0743834999280171
-0.582684485564781 -0.708146592741725 0.242903084586346 0.141613519599603 0.46084920338725
0.924159410018379 0.905339930209242 0.737741404466524 0.563619276535609 0.285756049371635
-0.740049333271707 -1.05882323595757 -1.05494936307287 -0.0014925592874099 -1.05964576376511
0.294108901392281 -0.312761935239154 -0.143807473495746 0.175329036222959 0.150578267573478
0.552449097337696 1.22475648596837 1.17932354285601 0.948307909350441 1.03279161952112
0.495578052559689 -0.390351098053955 0.807973146771853 -0.0813335721986854 1.92953541700211
0.24504564177985 -0.608299894597971 0.475184465825738 -0.103442033443572 0.692912750579601
0.122019176531231 -0.743644835904794 -1.54748134766631 0.0987902968746967 -0.0030819961576365
-1.20231593889194 -0.798809961972414 -0.916397420239929 0.791887507498421 0.0683053982998084
1.74282464187273 0.82153075969368 0.503553437254866 0.170036242702416 1.28209581442944
-0.46219072443136 -0.0352262548096402 -0.343975099124362 0.184659287567115 -0.65395880617441
0.0779865036039266 -0.337643476641413 0.113688276134657 0.150456980961506 -0.373614438867172
0.281962575962475 0.287455532580979 -0.444228237270808 0.244435877560339 1.1192180231706
0.888406092701986 -0.163874867283408 0.465890274315957 -1.309090381001 -0.380429925998331
-0.330003580190567 0.800671735441852 -0.433375663224434 0.363221614810987 -0.232547392829706
0.640520023946919 0.959046743391287 -0.619036050213687 0.109857107232622 1.26693063262585
0.554375522092767 0.713060454848952 0.899623890567273 0.691411001720463 0.576517869888479
0.216500386277666 0.568897161894727 -0.227378677432118 -0.197620214784458 -0.295218300263766
0.0908407151261058 0.0996487276951824 0.325778330760178 0.548244970883249 0.702988583389753
-0.859195768028042 -1.04233196145535 -1.31717825019885 -1.24487691706407 -0.762404888547191
0.873700333576307 1.81694761157204 1.52335918222341 1.27215550261168 0.679428566998045
-0.566811659306726 -0.563082506952374 0.00419989170525428 0.0769719967444556 0.262937815811769
0.24279996708312 -0.0538848868082142 -1.4127066978612 0.468099242304515 -1.54521104939458
0.449565612204062 0.268478418254217 0.182335187656147 -0.46103814054992 -1.44230652803005
1.01233205180093 0.975483035325366 -0.340329231005008 0.107564650152559 -0.074350405478759
-1.01945513440449 -0.269498914383997 0.0420844345928966 0.264538440241534 -0.2745887341767
0.655559211390945 -0.0928262302300606 0.0800773665599568 0.103089351078421 -0.383110069457465
-1.30320133304746 -0.634368829860827 0.0307750268538815 -0.297349994745889 -0.0333550185796264
0.171885471021566 0.717331523249388 0.363879178544237 0.211477088426529 1.13825591489655
-0.480712252098343 -0.301021747757422 0.0705875231007885 -1.0289410911585 -0.475790547262469
0.361348926554444 -0.280202385792597 0.486415847405141 -0.887465006172798 -0.130836147099228
-0.0283385549806807 -0.36411133863968 0.509875894723126 -0.454714050857401 -0.50966960739317
0.346366018558895 -0.311804364909972 -0.692541768667515 -0.372531211091661 0.179668259144763
-0.235329235361592 0.509772741324264 0.012095438124417 0.0867488043877876 -0.440760432778784
-0.286501841904567 0.0673613506405329 0.293579419535091 -0.239935067653847 0.558376096993677
-1.90560832074704 -1.44049597905957 -1.51333475455981 -1.89811072897513 -1.06084032879783
0.680192012663839 1.4420383735222 -0.443241768652554 -0.32897438335501 0.92879295719417
-0.481742164794426 0.714249462700131 0.138077036692438 -0.66392125978221 0.230529447867241
-0.860556805266597 -1.21050692256441 -0.709580597741719 -0.604845668118769 -1.11452084074114
-1.09202226308185 -0.689638380633223 -0.881912073617538 -1.42523411734072 -1.3059981148951
0.291319660088939 0.306267379920882 -0.0592043884746933 0.283075165220977 0.520442523192887
-0.590325200777791 0.350200791072846 1.23085934529794 1.21342127428928 0.991772846500266
1.05549899048038 1.25787987768715 0.464654316314623 0.680063517788046 0.352199750453015
1.60760386656854 -0.589062667707271 0.771744114821866 -0.104838301325462 -0.168735695865083
1.08222743555428 1.27711208672019 1.25693472975624 1.81759484720291 1.65488687274307
-0.628253477589405 1.15379118675594 0.474214677967373 0.629193957699233 0.262175382340882
-1.20010451015276 -0.584059682565509 -0.719483248525916 0.295059617897318 -0.586333009482755
1.31856047403801 0.041733154037111 1.41466598208439 0.790717781903563 1.23099133404032
0.194055788958512 0.0463720898530393 0.405271863158995 0.326354313502377 0.446739984678777
-0.166452658252166 -0.831600669897432 0.30206541318463 0.946223019754951 0.930494905934388
-0.225946147338245 -0.214520747650199 0.15366711413268 -0.0888487996478066 -0.460655662595662
0.428280772629929 1.30961635757954 0.706044652930005 1.30769570385482 0.610154200169318
0.170747344788638 -0.406598201511796 -0.660216681337059 0.218494351736686 0.189942378569674
-0.225046936007526 -0.251384267091288 -0.241458134237871 0.711618187925204 0.543412050480219
0.304151626405206 -0.133141290375542 0.0984726666656372 -0.643371835518686 -0.318084400279689
0.803980739513557 0.114542685719987 0.210472391368804 -0.665466057232647 0.00274916576288633
0.295089183654063 -0.033455977122831 -0.615477441077958 0.878976611709652 -0.172723270699479
0.166357072389533 0.622355363014353 1.84545537920968 0.575212169351335 -0.0911213310560899
-0.610681108384404 -0.157949655111049 -0.0541893877029804 -0.389156436162437 -0.664261863637311
1.26131562985001 0.191772199998239 1.32839011469478 0.112859282726203 0.192865609338296
0.509127584229298 0.955520000002803 0.172726320240941 0.307597984583415 -0.075098713358742
0.118585204871622 -0.121554325893927 -0.821103474515135 -0.0824231465525176 -0.563918512490155
-0.558986597237737 0.0855228309924415 -0.0793526812177731 -1.11911133590975 -1.34805623629665
-1.12409318048656 -0.678072315289693 -1.1879426127402 -0.0789953737382382 -1.03024534367436
0.93206892399893 0.545016163988515 0.200519186555781 -0.352385840072323 0.489016115960523
-0.476302402280927 -0.517717167607639 0.832236508120557 0.202116330913472 0.179283062252772
-1.07324067060795 -0.255742094593353 0.0741185115879578 -0.866899698173282 -0.902510279809978
0.901510578352891 -0.11179682828975 0.342838731247046 0.466166362160888 1.2503828109511
-0.687132849799374 -1.14319684679804 -1.31459147784033 -1.20015818539845 -1.51376952062046
0.718055628171028 0.277406416483298 0.712752400399786 1.28039014857877 0.1365651543878
0.103220136897522 -0.262047989544957 0.253630240031605 0.639861833418576 -0.113654180419503
0.701648372535323 0.52245398098028 0.0786202084717364 -0.268709427395169 -0.174247693242729
-0.0158906137125504 0.203132233900355 0.397929011165437 -0.628980724525215 0.132901614201599
-0.177608250678836 -0.424694965234728 0.285212424085576 0.200133924638986 0.507029430749434
0.647341161449591 0.209224612305172 0.475390353813258 -0.0400257959949421 0.689456489413556
-1.30800911429522 -0.176364039461507 -1.55769981931831 0.0668874478916771 -0.287286238867068
0.313340383974658 -1.294272389885 0.204293777893604 -0.272642810534539 -0.414338813083717
0.501236351166851 0.0899892774418131 -0.528645570802811 -1.01321513481943 -0.839367364384391
-0.157948090596325 0.196374412763201 -0.954734408350469 -0.744575884413429 -0.196534555277949
-0.57842266018242 -0.740690231027084 -0.71266758016994 -1.00757881848536 -0.328338264940246
0.821567684497643 0.671017270165381 0.0430888749375298 0.253674496172571 0.282035650439819
0.483518827251721 1.04137305721823 1.82571573799952 0.997478736178802 1.57644101208904
-1.23168798038358 -0.223678320753458 0.643934594978626 -0.596601573969082 -0.6776503545019
-0.25510452155786 0.265484972237966 -0.475456999312703 -1.49559207384136 -0.947352832953733
-1.06837655995101 -1.16551974533329 -0.855249893804572 0.33624455853846 -0.704790690595885
0.218047794342282 0.861783911514773 0.139884226020083 0.019855780378818 -0.727537014559141
-1.28043291496855 -0.359407473893021 0.0800354565378673 -0.0882151022977106 -0.0146060634561653
0.0499141124754017 0.410595843621309 0.972889527182762 -0.53280166524344 -0.628078979146675
0.99903892275057 1.59370469392058 0.834648277495891 0.402654159000658 0.687351498655042
0.500901528927104 -0.15354253155626 0.70801612716439 0.86222275311854 0.740234585196359
-0.338906580032221 -0.562601299392862 -1.20371212687802 0.458144991941675 0.0236999675819616
0.785925731754036 -0.69842901991359 0.620113054584045 0.40647012788403 -0.129629710925697
-0.147879695101714 -0.51674824386707 -0.093310683504628 0.107062320953898 -0.530453563326903
-0.921389519305625 -0.730007330946659 -1.3187152379787 -1.15687352962473 -1.359116250397
-0.69530063940622 -0.733431430581377 -0.781901459996714 0.676681124123113 -0.103720331245502
0.049216361596203 -0.0606188739036971 0.786641562377617 0.742865332597723 0.442781619252149
0.481069384865181 1.07186804810398 -0.447617897639848 -0.00978904505774768 0.270428170207128
-0.831710080805627 -0.947599880876607 -1.64278453827576 -0.9795434719203 -1.25194616515134
1.06601893729046 -0.2181598431834 -0.248760386918105 0.314645729104936 -1.13837721272846
0.74078404401713 0.405683706012953 0.267671763466945 -0.430970204723012 -0.286643505655504
-0.464938768429716 0.388930944371808 0.14522267432125 0.266921915074768 -0.157413769125261
-0.571412914168506 0.296850914697461 -0.762476289387063 0.137156061504487 0.388392148668858
0.18804011293255 0.280662804948451 1.52450335353498 1.5543203247817 1.18524567494558
-0.407400635938973 0.248395738198414 0.333432933663482 -0.585603640162619 -0.000558160856493256
-0.148556202975391 0.0763654485135019 0.183537868690518 0.476679398245975 1.07290614069807
-0.791988774227333 -0.705651633242459 -0.465179810955861 0.0653517199316651 -0.541131611257833
1.08146014980874 0.355946394490729 -0.407493741988866 -0.125724693741738 -0.107599619542268
1.64244246729698 1.21452856088823 -0.00234545766540834 0.728321622692788 0.606371818972366
0.426907139402041 0.848196347201251 1.03877713696944 1.17575399887855 0.722837174822387
0.139109985255623 0.388545655737267 -0.320022740550508 -0.71717218796257 -0.744864085207375
-0.00489715769744533 0.286061170051541 -0.479885887373406 -0.106128748202365 -0.00890706594631586
-1.61449818869351 -0.151019428612873 -0.00316612230736921 -0.528893319870249 -0.494482875415508
0.442179398587303 1.13957842892296 0.248138588862329 0.329080647802388 1.0989867420552
1.88813010730182 1.39090234152587 1.41290112176348 1.15757607512548 0.47585352050756
0.696546548045457 1.01247778010903 0.628870404313041 0.992489811883159 0.474203146266154
-1.22893716553029 -0.706272162109349 -0.0680384743525008 -0.215604300531483 -2.06547291500655
-0.504790805677229 -0.291072456056453 0.0823197808884011 0.184855630825197 -0.174296950183142
1.30069663457066 1.10293249386873 1.28090718483642 1.17439155236234 -0.22963248301238
-0.844610300546115 -0.353657490902509 0.641469273295743 -0.119668995814124 1.15090321856392
0.419051963740807 0.256168084021042 0.270884766310259 0.737448793375207 0.0398791269349126
-0.0618997298224164 0.494696386653813 0.846959398144729 -0.158454755415316 -0.50779670806711
-0.484562178427063 -0.786579710482004 -0.763751739013164 0.48432369755471 1.21662158524413
-0.746566288256158 0.365847880121426 -0.413428901711877 0.0229738649279044 0.593966019726932
0.650318643251194 0.436874296133326 -0.637068220796549 0.307720172993993 0.165003554464581
-1.03982281667444 0.109170190895016 -0.130708105000233 -0.483542158501222 -0.798344517998634
0.386917860058746 -0.863032190515511 -0.581731716516477 -0.829189597391197 0.109951352911854
-0.303427068854224 0.428793464128577 -1.02228572750368 -0.0808651094253735 0.114391737366837
0.0431696692567094 -0.835700369219766 0.394541718381536 0.0713002769109192 -0.5531786364242
0.230049273462706 1.05371280807823 0.856537260075432 1.46957315946023 0.398887414641362
0.488305389185378 -0.669133912214146 0.324418211474048 -0.770398895163821 -0.285184376836434
-1.54260386736996 -0.528132781802643 -0.659734205401739 0.281691670860345 0.124761506471417
0.390309240733432 0.313668545475909 -0.201798869345364 -0.0013408672822203 0.923829630261355
-0.417187662418376 0.274434912907236 0.91711343942874 -0.0553847452793068 0.175618525156701
0.443726559390969 0.618477265987709 1.13505595985968 -0.993431519906512 -0.743210595174698
1.14529087176456 1.34161644833591 0.347921981864474 0.489094154075831 0.684691359043629
0.47050023465795 0.416424958017104 -1.38335835392186 -0.959228105708022 -1.66260638953245
-0.136385975358309 0.555264736809055 -1.18957453335481 0.396531984154688 -0.177545308647098
0.767668842154942 -0.658218491199761 -0.325889119165799 -0.0457956832088614 0.0177138069911756
0.757781903887083 -0.737896861205126 0.0728364702063051 -0.44907944252074 0.792360720077258
-0.698402116085413 -0.14298535920347 -0.387371253960757 0.318937205690255 -0.632392761696052
1.46235408115203 0.747207959100484 0.956024983587815 -0.569319944706834 1.13184736741372
0.108517518191809 0.274514422101406 0.877345772607817 -0.671939868881486 1.13854172055283
-0.067841938192129 -0.695544273099154 0.348471842118263 -0.0119607768615794 -0.986493320631689
-0.59685150275246 -0.674017533489757 -1.33309772796846 -0.637281482753756 -0.0708609096251081
-0.610697976929136 -1.10071601249718 -0.218900773102596 -0.534906245639979 -0.0510277005816867
1.56093559454625 0.604296755521109 0.742088388163827 0.700154865784592 0.281767423469803
-0.136762201854898 -0.705347729283934 0.0538234354337839 -0.302357640800352 -0.718631617393889
0.00364175149966692 0.171096283622598 -0.817816893143105 -0.209620878657915 -0.5365551497983
-1.14347519121275 -0.2043902669562 -0.119495431985546 -0.254766506426852 -0.503042505564605
0.780572856850108 0.0600442290210096 0.382326093873285 0.429311357222503 0.2566909419358
-0.112234120201081 -0.151493607880464 0.162617079311036 -0.529524716943174 0.0546471762836163
-0.263992150184139 0.30202875312979 -0.964677839946908 -0.735543445954426 -0.357867112598187
-0.654502580412979 -0.0653846104393222 0.683562312152143 0.655773286952255 0.238625428625244
-0.216708101633617 -0.299334974763919 -0.0625520555014468 0.0493793318859779 -0.363860705847803
-0.467662069462933 0.116518806653329 -0.929327503275712 -0.522987554606071 0.59756514730078
0.544352638112778 0.0317076661586836 -0.617500870697057 1.59028553522288 0.145637940107266
0.624593883862559 0.301253991441224 1.41508010628545 0.839434010636895 0.996776004723473
-1.32452354696027 -1.14075863081153 -0.97051990065749 -1.03495148023843 -0.469388792822679
0.92256038995599 -0.102857375122695 0.510383762272719 1.63031778527337 -0.429905750562007
-0.395453838051355 0.911746325385458 0.541415737846183 1.21195465621658 0.428271436029649
0.37954432244663 -0.230600218733816 0.672987527292339 -0.0379236378570694 -0.00351382553313242
0.519863551896993 0.57360173007996 0.0672675991098961 1.07331176073964 0.510767765011477
0.0741852953083887 0.146095305282668 -0.293348203371021 0.494665369654734 1.31467910984351
0.337707211790587 0.120494607979762 -0.258598010720896 -1.14145021010823 0.0557946936897567
-0.406702297378235 0.0487158157240729 0.78110874415965 0.121065035611236 -0.200825909779807
0.2251649924892 0.0978136408813427 -0.626553560537671 -0.473911410273137 -0.519759463750777
-0.0579022803799398 0.603023217500588 -0.19735587159096 -0.267152390145903 0.293950026077474
-0.0233311922851974 0.177377761295249 -0.166894651505483 0.903060496478711 -0.177684624924919
0.230557317044091 0.397997272508957 0.190036575288386 0.242805197787645 -0.250487809434586
0.0904884726514048 -0.554746109817986 0.0400243944681488 0.200032026552097 -1.2115722037571
0.639026576107648 -1.21577616625381 -0.865140171038379 0.436821847732391 0.27431825486635
-0.446362375042346 -0.825515482158072 -0.810338289919191 -0.226244900282983 -0.278283811663703
-0.957216110564863 -0.355524188884066 0.0571418856596572 0.532238544795428 -0.806233807322778
-0.767063973235265 -0.705969854136152 -0.680453394074824 -0.974075165160418 -1.52834042661468
1.42147456462494 1.74244432142721 0.840220456491615 0.784003815573955 1.12222609401298
-0.701672146448043 -1.36856624183002 -0.581744426834964 -1.23862756562745 -1.43303667907176
0.902639652819647 -0.236987602432632 0.213122772746025 0.234760042993787 1.0156121507933
0.300623230321926 0.239781965059019 -0.390815829770995 0.489121035535028 0.0473301914984966
-1.46433963224831 -1.0603734977931 0.127876626703204 -1.2285975729248 -0.0841015536773235
-0.442222203298427 -0.425554905348054 -0.175772978632033 1.03610407351819 0.0775797986656033
0.144902662823687 0.953477148120453 0.801922713484778 0.994136950626917 1.09275732664298
0.59354624058049 0.651602523115886 0.574448832759256 0.522553167674664 0.739285913423673
1.50869123380971 1.14413946534808 1.14667468317713 1.13086365345464 -0.37985706177778
0.233585238853948 -0.718486801191609 -0.134602800581912 -0.693185911931973 -0.00741314751422356
-1.35120946759114 -1.22523778350705 0.163142338284975 0.505095788779303 -0.722495549775428
-0.707226941942141 -1.1092902171673 -0.527753572141915 -0.123087742624449 -1.18813089695732
-0.518017074294977 -0.151997437735116 -0.517569814973832 -0.496967171515352 -0.803294596581527
-0.49648647410941 -0.0554299068298776 -0.205800822462803 -0.717279519627406 0.0700616451458348
0.842923926861347 0.986824608089805 1.10633218179314 0.711187889520029 1.51544226724607
0.857107649481491 0.741294807103927 0.0490516086855522 0.781221613383172 -0.135022154957313
0.267065973150832 0.211029551555417 -0.567856190280623 1.11349325659726 -0.30265226013371
-0.718456060970224 -0.322368059940281 0.538104031243669 -1.79256149277352 -1.41024326971015
0.0956454508002637 0.489830956733407 0.0316672253673547 -0.365708733618583 1.00932588401788
-1.29272430130798 -0.495539544187746 -1.37861869154748 -0.401726785076378 -0.949691749770743
-0.16220419773282 -0.0675669094414278 -0.471622266570687 0.44775614499727 0.590057033931438
-0.892506514446086 -0.681485741102225 -1.27966240824188 -0.837794119310259 -1.11526350568561
0.141049810299953 0.969728657412349 0.84292120113624 0.94776487527954 0.479730653511243
0.690491969826821 1.34429296596271 1.29706919732424 0.325354808106533 1.5223008396563
0.5324619201055 -0.388890126106661 0.439856589710244 -0.847986786424067 -1.26320913584695
-0.251479535786209 -0.0596815453121504 1.08912340470271 0.665172720717104 0.621167552085118
-1.99975783257388 -0.874926876209522 -1.42824452919347 -1.71876090871712 -1.17825832946398
-1.86760376406841 -1.14594957537566 -0.521734457344132 -0.909464895268967 -0.795169016533018
0.84804649062059 1.5474736016054 0.845419214839109 1.44069189530798 0.404929871601656
0.267213299748373 0.455179750069715 0.254369437534485 0.406229530719869 0.557580622733834
0.742056722473809 1.09101597450362 1.20692116510162 1.0635955526792 0.301491590419855
-0.24679957181879 1.0560091276789 1.19916471014814 0.889766045067841 0.492283872527946
0.631571055476952 0.548988010068758 1.30015662736998 1.62891649561164 0.472689528827558
-0.0662624939215931 -0.802629058759498 0.709259424479006 0.909615446636004 -1.02148704960088
-0.385436382793551 -0.915586292003363 -0.556671879185161 -0.779459346854311 -0.809042981790093
-0.684083802892651 -0.0848405652948432 -0.495298340410372 -0.551665621400594 -0.260516461811018
-0.517960078518816 0.0680847574433436 0.595604534671017 0.160914993558851 -0.322191766748883
0.13418652737175 -0.993015451389234 -0.352468653242036 -0.278760817154564 -0.810323099670901
-0.353843959146352 -0.557861973590685 -0.874662551015963 -1.44538111959341 -0.767151148073355
0.0297977407416134 -0.681660107088147 -0.34239298152803 -0.341963269143524 -1.46940732671328
0.307911943221122 0.31861745293413 1.11700151463741 -0.209968474106634 1.04991260277753
1.20891177927778 1.09880499336164 0.756425967878419 1.40943196548225 -0.324622426876357
0.38176683153222 0.556447766322013 -0.138143455510432 0.175934477471194 1.18516913793331
-0.154004259936052 1.41529848266121 -0.0596497769809997 0.666427985572483 0.739403997000241
1.05228445022138 0.269040586600921 1.24742963057536 -0.460774699482333 1.0635046286982
-0.199799654806926 0.131665721532669 0.484315800391824 -0.463081195687193 -0.805507698466189
-1.07938887623931 -0.574523205470658 -0.28319578750031 -0.150691685560586 0.0215419563046016
-1.19320177569854 -1.30970577785822 -0.772178418582366 -1.71513467487324 -1.27655110040475
-0.921735402190373 -1.02801941964738 0.109417228018355 -0.419294297851012 0.37804433652039
-1.89374357667673 -0.527703539810956 -0.504290360818538 -1.21672825111917 -0.844428329969975
-0.21951215662185 -0.993544628608008 -0.513107221312279 -0.26869556820552 -0.643464131738981
0.786064655837238 -0.0760941530039408 -0.0681216318911044 0.231247523344263 0.443605407108141
-0.157891217472648 -1.30476019056404 -0.0377792934670261 -0.67736342935949 -0.320930588417685
0.282377532731924 0.0912109658782734 0.991206192907079 0.548762147462946 -0.530221492059907
0.620469358535675 -0.232022395386279 -0.101150759532573 -0.818300470031762 -0.0972729863676715
-0.233874389868789 -0.296148323876831 -0.775691540306878 -0.562950060161285 -0.420090726035695
-0.646605658139517 0.49112066772549 0.110328802830621 -0.753764580929552 0.475332301348418
-0.927859277485304 0.471196178558409 -0.725627759626414 -0.796132309644124 -0.341044442809966
0.611139624107876 0.707517069259971 0.991351098291875 -0.254183423340365 0.490210288090718
-0.302010932155452 -0.0285215106962947 -0.457981947856468 0.184457866553225 -0.274064004046139
0.430427243510383 0.409656166237904 0.0130644212515075 0.630568153542099 0.580823064260147
-0.842203529186724 -0.427510984677798 -1.29217581861404 -0.568417225212156 -0.323526850047155
-0.636055669058118 -1.33792052236943 -0.467095025535944 -0.660147440482908 -0.222875447517614
-1.04439166983091 0.636197500537104 -0.183185370346516 0.323512261865664 0.77156151977726
0.235961039706585 0.463055246988413 0.168372959642087 -1.38307044337074 -0.20746873723512
0.0881699254932073 -0.406735499074972 -0.968928983039928 0.358817680747153 -1.53425675037126
0.16938620000584 1.17517375166156 0.927890996907467 0.478346906293544 0.870779841595055
-0.731231060037599 0.138722761325769 0.465317167729136 -0.352425141076025 0.0596269125448835
-1.42746629848557 0.0198138679247418 -0.583010959009163 0.0117220436741789 -0.586877481642342
0.685193485535035 0.398394411495963 0.0902798285589362 0.173997530198528 -0.062222085903839
0.0276578621095782 -0.578177429355503 -1.10426744107209 -0.341448378426426 0.344678681678222
-0.45922468746519 1.07717469764768 0.463045899208527 -0.569879140319353 0.0609947390166119
1.11297319073249 0.214840658461314 0.671959955501838 0.571232997020024 1.17834192462495
-0.82802851584575 -1.20874104524651 0.751257427282778 1.6224886644859 0.489050798210406
0.447310634690363 0.315281197257998 -0.994705801772267 0.759652062462031 0.246262917953088
1.69786849026616 1.37197496925343 1.89118667983946 0.8264529673904 1.78276785076851
0.616908368903107 0.648710685565056 -0.665743057547757 -0.320266785787735 -0.00573059407018085
0.400639308350742 -0.393677825255486 1.62161722951414 0.0242657886243255 -0.344107757425142
0.089675663557248 0.0463536763516064 -0.00956262298753887 0.341769453939978 0.268899252437435
0.717435159693561 -0.155054546611424 0.745679578666566 0.354515505716874 0.436652386937415
0.659579764635458 0.486979714546629 0.970429395411783 0.173266116212093 0.907054064966076
1.134651607727 1.15715159112515 0.680676024656751 1.10446393014712 0.024847326836821
-1.41535780067132 0.806127677392768 1.14873732468147 0.243946292034173 -0.417791727330554
0.102959086026146 -0.964087030424473 0.19661541800071 -0.465602173820364 -0.19920795083512
0.423445300483412 -0.711219836036085 -0.242054178818537 -0.240421318852527 -1.34750055108824
0.905858951928741 0.722153106781557 0.10141602727702 0.988261825141249 1.90365588152215
0.805259242011287 -1.22924499219402 -1.24582756534994 -0.818574535005636 0.0907514921302915
-0.619931296277636 -0.0835601775769868 -0.745406323523788 -1.17318497466542 -0.158477319090461
1.3279125471465 0.350445270728913 -0.858211293480343 1.41028764385821 0.878715556844872
-1.01559449245326 -0.0906031573594842 -0.579660154465027 -0.0270724941591905 -1.45007455081307
-0.825727282223669 -1.1195233990498 -1.2153139600016 -0.947308744038772 0.05522717188356
-0.225857499673845 -0.70748913159598 -0.548638165542763 -0.331906914987288 -1.04818088922635
0.0517813561890725 -1.19217538129749 0.42911442767614 -0.395935105301904 -0.330376616137762
0.112388167117434 0.458510002811145 -0.634375163457333 1.05382625741798 1.52411208694297
0.245168017871873 0.155483810104521 0.564570486051429 0.23845745319538 -0.0729706865590394
-0.160684747185617 0.370082779330277 0.233875685349704 -0.180294844471057 0.0326588736662856
-0.895219868509731 -0.50959175409933 -0.183126331735786 -0.659992511024843 -0.444470127320172
0.586559736599764 0.80061478139563 0.483809064639632 0.268456804047181 -0.545713499828841
1.078981540114 0.572351295621834 1.25740243437679 0.0431985029026166 0.998801738675144
0.696990450247694 0.432235945386279 1.26008304310461 0.470127695422592 0.640744027697005
-0.811198686403225 -1.0378388065673 -1.0257870454571 -1.00353827578488 -0.99257105114674
1.0279971893533 1.25548077253329 1.86988773775711 0.804617586929725 1.24505249802661
0.549464959169497 -1.34666043642178 0.0777501899702159 -1.51034895992392 -0.247883639076443
1.68760086251177 1.4603003298239 1.02700054243184 0.524155045064416 0.994372662213608
0.70797531165885 0.0517431025651594 -0.204956633793688 -0.738979555894052 0.725468238961778
0.759977438216956 1.31798087822118 1.66056046714158 1.72362989182984 1.22939615722152
0.193908004840844 0.491016967652395 0.0622861444120579 0.0604292807953148 -0.59401386801266
-0.500320797036346 -0.317741550459415 0.123626354650125 0.624668801619722 -0.821456865699577
0.474170549840701 0.867705295716865 0.698991894989391 0.253371350739142 0.637585303039844
0.656619094418461 0.194141013450422 -0.0363838116673676 0.733718739531832 -0.0666956213747585
-0.358590909529045 -0.487453773572485 0.0315398317271261 1.88244102962461 0.91284232579485
-0.0544429960338589 1.38635453491694 1.46656497016752 1.89791372838569 0.769220073159098
0.580955424015537 -0.0965734341250075 1.36823955562381 0.759145837587738 0.34573993829636
1.20471213057959 0.172892603985252 1.1263347562619 0.459591564520469 0.891192730325966
0.765126754089078 0.187941981242699 0.44963013546521 1.06720900474033 0.473817735963143
-0.366693190940234 0.896756450816765 -0.167850160701105 0.583334977531097 0.639036157050608
-0.538386791182623 -0.89609615210192 -0.46939734640442 -1.05105908345562 -0.621283136657697
0.851877200292763 0.82297996902289 1.69906135964525 0.719030087568055 0.491134464080731
-0.988275084439697 -0.960433098522681 0.157191765424286 0.855463080709226 -0.715649785508187
-0.963662569006917 0.456330198296878 -0.876370068099985 -0.429256961613276 -0.540602128667849
1.34962882437189 1.0812374499517 1.17497554220179 1.14312465635765 1.20935756849742
1.37047614277297 0.516113142250617 1.07403166089171 0.152267723449626 1.08493502531251
-0.246747641927212 0.13567011934775 -0.184111909679656 0.54981203432892 -1.6749029194613
1.78769375188531 0.407975184520601 1.43293734633908 -0.0218827010144798 0.680706577552231
-1.18852939370028 -0.717740546726916 -0.711562392816216 -0.873650053557796 -0.516316774742893
0.11644942716928 -0.229193481324366 0.23271647670179 0.519945154867171 -0.616083702383226
1.51929449346507 1.12352779015989 1.3344888691192 1.64332228963714 1.71941799986279
-1.22691895547154 -0.117279238136044 -0.72026474242024 -0.598081106063379 -0.391822217291177
1.37803550463351 0.702568225471665 0.933816188513656 -0.706948983853916 1.37553825917127
0.315653290680338 0.935518749515505 1.00674267526137 0.520783251127754 0.521859225936228
0.508698034999878 -0.391554918181438 0.282146731765338 -0.451948433041235 0.792898640475253
0.45030131774782 1.22414519211441 0.347076892230717 -0.737910405184518 -0.142639756264707
-0.383232367287742 -1.19572623440455 -1.24110945249583 -0.806916587353067 -0.750253660794314
-0.629446990256956 -1.05398492979349 -0.789811065571171 -0.929428871229216 -0.347733251232949
-0.38943748005933 -0.393901999891613 0.832102816708492 -0.164816871833594 0.413889510424485
-0.0410096630450175 -0.815316486819866 -1.57426143991543 -0.124018097739634 -1.25654236716382
1.0297080336027 -0.206501189899762 0.390231000524137 0.838961111200369 -1.45586109688301
1.09938233384336 0.428079048321428 0.670554655438617 0.515257612373524 0.131244220540334
1.46538870620388 1.10996718785891 0.661778439258995 1.35092362354965 1.09116351779798
0.299243352271228 1.01711058711297 0.595660776777808 1.01712642001681 0.217117519171844
1.00642846046143 -0.204441337137525 0.351132710958002 -0.0419882280278435 -0.902609000057984
0.246520201916199 -0.54737836110793 0.239418571893779 0.122118223891549 0.296862957079219
-1.4706997679717 -2.04907485606451 -1.75075339253495 -0.984920570021939 -0.828082311707898
0.694223600047858 0.429504917158751 0.295476343129725 0.68875080470947 -0.3878880966617
0.0273458709220365 0.00226769724064199 -0.0861467582643315 -0.366798683550947 -1.28851854838339
0.402139579871523 -0.797419316034917 -0.319400117388191 -0.0301718732372788 0.0941048036628299
0.550929793695409 -0.34516328517493 0.637939235138814 0.0312954977244565 0.292615503608024
0.889661653447991 1.51628345647844 0.180240414487606 0.209045415376657 -0.295851102302106
1.06461708168546 0.334153303555768 0.697987288350079 1.37171991963847 0.83394190357345
0.16689251358753 0.663788679454686 -0.164516077112409 -1.21571277133035 -0.789505949139111
1.38562130153715 -0.0451027209738805 1.46266788185285 1.08952788654919 1.46603857163602
-1.05194139449072 -0.970078418793256 0.562575831009944 -0.895430207289143 -0.266114549341876
-0.0282870436504157 -0.438006342200226 -0.0586700123464218 0.103140173546516 -0.550689272918969
-0.493803057599368 -0.122881302487695 -0.531994996813864 -0.170486375309894 -0.942027724278895
1.04004295265143 0.973557897120533 0.0880379658474516 0.416523448164521 0.916554932762978
-0.182218870903701 0.302865511103907 -0.343956258863415 0.507607060439411 0.962753184861014
-0.686037363147064 0.169067971820302 -0.185430247137044 -1.14305110705699 0.541973466035563
0.714249297604519 -0.508289612119376 0.183013495108775 0.700705563945762 0.625122274014252
-0.0336271393368968 0.78095135228111 -0.746221128956239 0.489991614511212 -0.689238982566642
1.32446396142401 0.519689331738319 0.966826879635998 1.32592913814141 0.0732306730033666
0.237080381579815 0.13673738150039 0.324771663564031 1.0671446771342 0.436170962394818
1.03351587034746 0.244590260083995 -0.65268146626406 -0.409626874523864 0.695758271727088
0.999687653487145 1.43177813457234 1.6709122875043 1.32604790704194 1.02355385480628
1.41518580598383 -0.265865922574224 0.220572415512051 0.50942758627449 0.125873264746021
-0.971329672281117 -0.0817911144743985 -0.214142015945848 0.0467493418031793 -1.71863789961188
1.01529422216077 0.356266541890072 -0.50197473440618 0.24052381317001 -0.135987840488748
-0.40832946959561 -0.665029075033397 -0.217481284160092 0.364170552060159 0.0460148277898356
0.443077170929588 0.0627806947143867 -0.4444959189309 0.396757234986185 0.907638495159181
0.0669111690728906 -0.511962807633417 -0.712592048644222 -0.480413563666601 0.795159808726177
-0.404934183731101 0.794866305032076 -0.300026442829319 0.351351827600124 0.54157405345808
-0.603886857091686 -0.032360414564276 -0.431761262580053 0.118990994124579 -0.137669595942725
-0.32942332903557 0.422521755684235 -1.2394213660167 -0.714705097207037 -0.126073025784951
0.854205657076842 0.236611104867463 0.0148959627194929 0.892100370862206 0.0549314718465107
0.960306668597059 1.82391221080186 0.223436733723611 1.11076142478853 0.773145057362202
0.484552691300687 -0.903545067236942 -0.16070592639655 -0.217280248282455 -0.781771017416393
-0.169153219589506 0.187819252342994 -0.628464038666659 -0.542668494520455 0.271971430672823
-0.589519335708621 -0.678816550460381 -0.795737702872321 -0.113661516301959 -0.385116219397382
-0.167484355940163 -1.30975601414529 -0.922188119971602 0.383438872280102 -0.523627188434606
0.28631381203226 -0.13637572086849 -0.158516669560768 1.04930410214766 0.595603946187036
-0.139593499750351 -0.541849959975288 -0.091068448272343 -0.574692345726362 -0.329876012468531
0.0384206787280782 0.186931186464916 -0.758115965108562 1.28870424630851 0.0714006556655841
1.19223345097744 -0.145619760410364 0.438850452176066 -0.613520884995557 -0.700164219840797
0.0342328112024722 -0.385638884716938 -0.176972637696699 -0.0554623282263687 0.964377830062053
0.00453036871651369 -0.759201879045232 -0.838843308098031 -0.577993014345447 -0.189706213935111
0.795627711124486 0.0857769598401145 0.319790275523464 0.170525683113412 1.43452555007829
-0.644519514939713 0.0498102731296502 -0.381737121830112 -0.248882266627701 -1.27399276456061
1.80828184441994 1.57691685470612 0.771418371018738 0.96388466155731 0.559544298726936
-1.6978317053526 -1.68097394196146 -0.748976426579476 -0.780940396326743 -0.899666463261644
0.519811073907275 0.596627364381006 0.76508548203184 0.881766718771187 1.35310572651035
-0.416001077636068 0.327658493282753 -1.40963908431782 -0.143031298051748 -0.752674827053408
1.49192121560912 0.10891549579708 0.221354195514888 -0.502190115113036 0.68729823379057
-0.934678700723821 0.0115790001563562 -1.18984918436418 -0.65574050140269 -0.302240132855002
1.17369262954927 1.5300164778065 0.665442028270974 0.372556820326275 0.579205085772689
1.02072049574789 0.624459461072945 1.02960821939703 0.595528113260096 0.99200728775465
-0.13845903636828 0.397527824153796 0.103128860860045 0.833830048621489 -0.786275647358542
0.860320858026345 -0.0571489653795456 0.384245119247392 -0.208180367516172 -0.0498788893443662
0.366968674159678 0.290742613562529 0.86002880639042 0.499159991311817 0.911768504002798
0.485324863195864 0.251977970893748 0.205833903839357 0.813601187790522 1.06676929399425
-0.308211132276366 0.858718272500979 0.414637523885543 -0.228046105963977 -0.609047122348589
0.82634068219112 1.2491304157319 -0.58716097519351 0.261160454080614 -0.398394230026398
-0.190926480680861 -0.947540536510727 -0.444196188295793 -0.223947584823347 -0.702111294832317
-0.42916481791218 -0.104309542047948 -0.391042595739907 -0.255921425599909 -0.208030382909904
0.491607435108948 0.206048397802392 0.396753853891277 0.828338040067167 0.0562442311788386
0.52697313758563 -0.710739499220999 -0.0467404639674914 0.166328260979074 0.394887245861697
-0.0179882406395769 -0.418349564775184 -0.293677462763918 0.66749046570561 -0.129901024362935
-0.168869818772495 0.927428798240254 0.126252790135503 0.443367128551045 -0.713808572060029
-0.529312536538837 -0.88049819967985 0.603838978701465 -1.22112288953766 -0.935986936245192
-0.336797380154945 0.575348904176247 -1.0524958353241 -0.712093788171808 -0.76338011073477
-0.694267849235483 0.266047291422155 -0.448286227502079 0.49586199664576 0.721701564786215
-0.870439657813327 0.179707730245995 -1.70936298544339 -1.20310802321575 -0.921598238144243
-0.943297934317629 0.345630756789505 1.06494268608644 -0.624907314623935 -0.637635038144757
-0.797916335427386 -0.757268036682424 -1.14646962082354 -0.0202152813329274 -0.349554625137505
0.358474858665592 0.657604424967653 -0.834965951748031 0.648985935608628 -0.192795346877679
-1.43607727905186 -1.50507316949315 -1.24939806595239 -1.61988186997266 -0.754224250407556
-0.387079249873628 1.09926468871093 1.19872571748623 -0.323355450074849 -1.05168331715921
-0.473038903556645 -0.839958125094344 -0.208655116556235 0.0966906475193426 -0.629219234317067
-0.49269298205958 -0.992769041807789 -0.262378383441281 0.505308260815139 -0.0132386517431177
0.0594409475202024 -0.485571504818736 -0.716550869513769 -0.660688371217124 -0.382124880889972
0.569976198590887 0.669036403126389 1.37478464111882 1.95186541514285 1.02182614777384
0.0577860869812274 -1.09863484705443 0.259811934766717 -0.570895994912997 0.463109789714218
-1.18489273027036 -1.16033039026056 -1.83130320583033 -0.551868558301075 -0.788698815807726
0.889992909350317 1.01646332225913 1.05756316418846 -0.518856039180335 1.28619601491592
-1.53620560032256 -0.618348141276465 -0.0280502755892168 -1.19404422330469 -0.40490031081647
-0.349674081652658 0.121377840575822 -0.311018683693899 1.17864144004809 0.153491034519756
0.780295362043514 -0.72173182217859 0.540073189870459 -0.223997797695284 -0.183816945131477
0.283948665878883 0.513713486510246 -1.24201112680831 0.535389744543529 0.0559464944251651
0.598405882558789 1.41327043189018 0.310372791403549 0.642846127669349 0.581011077499912
0.0145254440427425 0.234799719844297 0.212706200952283 0.298737091589699 -0.19324045887411
-0.558041160767669 -0.191798429640269 -0.520894394600091 -0.00166576176753066 -0.667369831596738
-0.678416562827727 0.526610507123152 -0.555675007681221 -0.696877444945828 -0.741209959304646
0.82252677496639 0.00574766338864465 1.33145582070232 0.999019176087102 1.83920850777895
1.57570573486316 -0.337036102282879 0.746264053289875 0.25111685088826 2.05306811406468
0.0842608555636719 0.943371067790585 0.609262799971363 -0.069530922061623 -0.217891139700238
-0.440142012215942 -0.78380899603095 0.0803793970666201 -1.40722800924346 -1.22338506325934
-0.238906121540728 0.208942555085664 -1.2831606236823 -0.721538611712745 0.192783250013535
-0.12458568444619 0.515541043911173 0.110374259669007 -0.486125137872553 0.595623527635514
0.427671153562226 0.77423790297058 -0.641725753131402 0.161385168372526 -1.38995178986033
0.320201731441466 1.01317912294073 0.272883293917522 0.30791257439391 0.91836723137318
-0.879559636626935 -0.347576534048576 0.184871276980256 -0.297175827723766 0.943095451860936
0.275239425949226 -0.967329020128279 -0.259302918120686 0.0776897663557245 0.33398870519352
0.301916273457752 0.874010022323366 0.415249425775259 -0.0247754476091281 1.19154854455628
1.11388957178354 1.29375429933528 0.328396648257415 0.820825088403265 0.814002554716541
-0.767527340280879 0.111292664027201 0.514723539964305 -0.351731709304681 -0.186626981113106
-0.328584602015134 0.05313491090142 -1.39849613749757 0.513253826496459 -0.140499613611966
-0.888026572250438 -0.695491358389108 -0.0536838075658255 -0.233272050860322 -1.30742276515974
0.337706276756538 0.43300710357861 1.3673214032841 0.315808716816336 1.04224534023284
-0.543473617058011 -1.4223088107328 0.0507524649721954 -1.14240551926227 -0.107920478083395
-0.352592933079184 0.324917084407445 -0.319288456380873 0.338082547795575 0.0471627272317779
1.13540737218429 0.945754873773443 0.967702373555674 0.417523366854618 -0.571226817877043
0.469521136448322 0.23416505842163 0.37909097906726 -0.0318757871135366 -0.0354734381069203
0.59815379217063 0.225022593153878 1.33856546810904 0.323687205067498 0.488419595848752
-0.0244280270577102 0.797666029158714 0.455706957042581 0.0941810749316321 0.70918263291329
0.379855802189769 0.0837684923690374 -1.40987094824972 -1.33645647271603 0.297838439420577
0.832376736907874 0.902527044303956 0.547552030201906 1.33133935641376 0.52962918536498
1.33083485095664 1.17700802804495 0.887628249783359 0.142336154708287 1.35850949257658
-0.506309133067158 1.14720801969317 -0.108203228002536 0.178542564537629 -0.348108829320438
-0.77859991043956 -0.339940874261964 -0.707068399888704 -0.0945203564616511 -0.370686445882065
0.768864630473683 -0.938522955787775 -0.377141413668175 -0.0842450408941875 -0.237939463575558
0.0439617693806551 -0.0678618708132613 0.0345310787910397 -0.0264976379065254 0.225986086949028
0.150317726544796 1.4363042211034 0.864921739728982 0.473737819881276 0.273496462634057
-0.10653005158112 0.13536299208248 0.544741406609339 0.0148158581762127 0.193081820468261
0.884042360754489 -0.611758139366159 0.454670914474986 0.0106814449641687 0.413823138318423
0.46203080733274 -1.03688629206716 -0.380387689390146 1.207538521745 0.784764409390402
-0.527086679339061 -0.229768960617382 -0.778000623779927 -1.52355047625641 -1.21361752783005
0.621248832082399 -0.791692024898764 0.608351543501911 0.159905864882577 0.263497459369472
0.66421366077522 -0.850019230132665 0.118851662230563 -0.957772459285127 0.980253329422855
-0.40104018557648 -1.03963535324061 -0.860870175062368 -0.0558640056517645 -0.21889243993969
0.858431063554742 0.841241759413212 0.504862249367947 1.30655426079855 -0.259756650364594
-0.343125033257779 0.488379845467521 0.88806451779255 0.0915626856771846 -0.43418163156795
-0.776118871096957 0.0159096930247294 -0.834664657718842 -1.15494318982712 -1.23167155256853
0.47349011527198 -0.142531357252959 0.553209130937627 0.693915000766064 0.154889489746617
-0.295953338915608 0.588633797241147 -0.840178374937919 -0.669191973694666 0.822816307421089
-1.0058167792125 -1.54959395540269 -0.847356259291817 -0.715667395375364 -1.13960155121377
0.249729912032636 -0.233658410851717 -0.207817269945514 1.05805602597849 1.21040231391672
0.808407439477151 0.810271630963744 1.14201319907528 0.498453573494498 0.357574427937758
0.770637741714078 -0.652654506076035 0.738201761210835 -0.185905196495148 0.121251668384549
0.98871250948084 0.236580116002264 0.125995288081369 1.01949906050574 1.35844445869288
0.293877883365245 0.851414334639431 -0.0578147869652091 0.738300771489002 0.222640362546778
-0.6031018185294 0.171759366814148 1.04680765310862 0.427174716815237 -0.407555829683984
-1.11024001998667 -0.384919204274477 -1.81336897488388 -0.759355636523954 -0.454873738404535
1.13904889060202 -0.252104870900488 0.516303771007534 1.34738353200525 -0.453491148544146
-0.868346597214689 0.063211504435929 -0.368068327921322 0.521101995282506 -0.013242165088006
0.109598654920775 -0.746230225439941 -1.19023848281676 -1.43284025332875 -0.885943499460136
0.958207701520824 1.07120541367631 2.06283088465371 -0.051955645396325 1.57420540764527
1.10247736920243 0.494743558024703 0.246208287929269 -0.218389053221742 0.704013211898234
0.836092526352234 0.655651952866612 1.25496127981417 0.98991188023597 0.501091683308323
-1.44426863437656 -1.04377768526661 0.370876308870898 -0.740066853502882 -0.831687460853658
1.8055929596185 1.19877439092219 0.628195601312849 0.469024533558136 0.699203419592664
-0.582642006992358 -0.279191740804558 1.11443491146077 0.36876386781746 -0.365639055674173
0.676722660507957 -0.202873024398155 -0.00170946197633954 -0.408157902280132 -0.180996107827432
-0.829497632033812 -0.447814571920341 -1.31252591919755 -0.33745554037455 -0.250380972827694
1.03204685666668 1.20334221926249 0.821768657079578 1.09780164217978 1.25453067423889
-0.228122509115491 -0.0434313741819644 0.699660374028484 0.0999028964752934 -0.63465472178091
0.0111230787479986 0.389848199890312 -1.20998120414785 0.792121155418649 0.287743191002336
1.23109012238618 0.849919002627515 0.683004251453267 1.55883724615426 1.19859375573747
0.26313349504928 -0.465790787223636 0.555294404748336 -0.697595279518775 1.3226999415715
-0.65901278611749 0.0904811228035185 0.383516670865629 0.437468229892322 -0.374795299765985
-1.19974891608853 0.424805144092919 -0.575428202890636 -0.676638808396268 -0.440100510942342
0.119705093565791 1.20738136116581 -0.479327833955309 -0.244901234844636 0.351582385715324
-0.5636270377062 -1.69934916003808 -1.25027000336341 -1.30659850122775 -1.40765462427137
0.740664955033942 -0.137194057342322 0.892460310185723 0.321473748803282 -0.256717366026993
0.69678689630738 0.571170827276656 0.638345279877035 0.466528272248731 0.39520878325019
-0.183980905719205 0.153894210745717 -0.784286542464503 -1.42389107702572 0.944837662912698
-0.151648211916972 0.0854765650574591 -0.528617004912804 0.392981787028473 -0.501248759416123
-0.862118270089741 -0.444092554227497 0.42912626958469 -0.718793860112341 0.185671804686245
-0.552998574864083 0.108837570197156 0.340997958876176 0.0807491717112639 -0.188089894071426
-0.335583673380615 0.183556908222461 -0.797473660070536 -0.456193415085714 -0.725638903172788
-0.140316197423169 -0.519335590276106 -0.0409721063786405 -0.00892757165705775 -0.219560899193659
0.168583451651118 0.309564549840867 0.43572995555764 -0.739098104478887 1.23616346165809
0.104775595821398 0.482512435979086 -0.815189791074351 -1.42548038089885 0.878693277424117
1.28129980154398 1.25642158172444 1.2437715674448 0.516727848174465 1.47096163836774
0.53675748369588 -0.124623004706213 -0.273565585719453 -0.536921189455305 0.159773713305861
-0.751981198851354 0.358075727337844 -0.076879636612433 -0.401107422965488 0.14372900898508
-0.670303272264188 0.752897746440493 -0.275537800126473 -0.30552118887655 0.0772070421648317
0.333175221784831 0.681314003270587 1.35333862589461 0.958614111771429 0.185300150552959
0.210657192271017 -0.693437726922239 0.424087974799179 -0.0476642792451709 0.561973518107215
-0.653153966100617 -0.34972269342407 -0.891425309958492 -0.830441510779242 0.109292874108351
-1.11463109691846 -0.44244616154886 -0.215279711195395 -1.04187647227853 0.452457620593578
-0.66827631343793 0.344128052021309 -0.832916606319 -0.207654024116489 -1.10552888700731
0.63520794745232 0.359024369915302 1.32540719574093 0.378750348936532 -0.242831290779667
0.378659272796511 1.01640113164763 0.513903260941195 0.895342753765927 0.235909256142607
-0.466236716395623 -0.254752568791848 -0.379359025351081 -1.133003341752 0.600197889160398
0.273841866059298 0.144125047374047 0.305725468696373 0.469657659765133 0.965960681555157
-1.05940762935171 -0.307894287910889 -1.25178605384395 -0.304458576214073 0.899333670797505
0.15351691564501 0.153493400917702 0.380702204627942 1.69122733555373 0.971632255574371
-0.655320573269884 -0.295984158208044 -1.16852338641942 -0.619432508746288 -0.951348264539953
0.447094118587888 0.439566919740177 0.423299303395083 -0.488506433487795 -0.318477502317551
-0.43271017651336 1.18507118271984 0.437114982459005 -0.166994757331179 -0.0141523761920541
0.720639668321115 -0.837343696515063 0.211147672257962 0.601878297828769 0.14068411940888
-0.362686981640528 -0.780339907721434 0.0366388597714746 -0.889441718222692 -0.189778160795402
0.694737250329108 1.14055879466935 0.338079554971789 -0.0874080717936031 0.66331159680733
1.01228455613086 -0.598010708105261 0.00707489975365948 -0.709092811121616 0.265234476812429
0.277753057477208 -0.471389833118891 0.368032973162642 0.762033602662986 0.324915467704807
-0.25253937831464 -0.466604942955089 0.193394539434376 -0.201198253661965 0.427795460164743
-0.844600370875873 -1.29852436327039 -0.563133757378388 -0.253099520741986 -0.737952948918732
0.278536874411548 0.114398959458894 0.0612045733504069 -0.52448895375577 -0.887345799384476
-0.140387330888616 0.395347386041819 -0.698275552731819 -0.089334477889315 -0.508619615201849
0.222777725435748 0.584556887527956 0.235882846249368 0.507501138884234 -0.102248681494201
0.823230005272628 -0.8285711375749 1.14889785645447 -0.398172361360347 -1.13578370116953
-0.747688738179843 -0.739195034912655 -0.994300058919119 -0.375373241012216 -1.07329268275196
-0.64341705473746 -0.000835083255553299 -0.731416208527046 -0.379382703618497 -0.189135066371822
-0.70102336998656 -1.33600719571449 -1.23078944192746 -1.3125830593318 -0.706526823007569
-0.633369872820687 -1.19183009328536 -0.765857108188696 -0.353606053159149 -0.914494144742842
-1.35256021997813 -0.668784280459973 0.64206234094828 -0.849222285034895 0.274827276722297
-1.20757809243538 -1.17892114423941 -0.658249982790127 -1.21518403190749 -0.451111742247233
0.3029833930719 0.363255558086508 -0.718967029848498 0.813282545373001 0.104898880481049
-1.29409632510711 -1.21826210908866 -0.626246236031118 -1.36945277626593 -0.838166411535417
0.175733225929272 -0.0981399294603919 0.705836117595478 -0.639293222518889 0.489094928400633
-0.569300897502227 0.876023368161819 0.339235538214509 0.521276662602315 1.09894433555063
-0.987035635575615 -0.794717087424784 -0.640154628046818 -0.599531721787081 -1.59696684578311
-0.984110864208253 -0.488478682933115 0.446607805952264 -0.250518492512972 -1.24589107770332
-1.3567890132151 -0.630331496645992 -0.783130092732128 -0.475145675743669 -0.736782341846185
0.0953760902008053 -0.660301470395838 1.06229951556492 0.911549495859884 0.927181116030965
0.332877347562661 -0.217880040211291 0.148206770465598 -1.25529759755368 0.0901560558973119
-0.696383916962866 0.5877936382564 1.33838024539684 -0.000720280016417647 -0.123356336085999
-0.301166329538794 0.322478563481365 -0.0889368601973326 0.450169940148672 -0.219135790925663
0.0492612177341452 -0.237272154273078 1.46629939017535 1.07303131518743 1.31985221168875
-1.70069360669741 -0.743457178581405 0.409260883491424 -1.40441375149374 -1.10798437875057
0.0259503998197156 -0.315554256751323 -1.02633681147984 -0.41757182616313 -0.693685415751593
0.554121134699524 1.19145574969599 0.149734904247947 0.766193152609892 1.31967181831005
0.190722727010341 -0.931416342672759 -0.0349909680510596 0.14601783863652 -0.434283114727113
-0.937770283248941 -0.870183273695161 -1.23636182155365 -0.896286633563217 -0.811049793352035
0.533204729641149 -0.40615837489639 0.0403486259165522 -0.91170585453997 0.260210369081295
-0.438764315643386 0.492007525145366 0.528248580549399 -1.42051733403468 -0.573644038255787
0.414121489847268 0.0515597291391103 0.638944338692035 0.315391029070058 0.494284705838383
0.409489617552226 -0.97773371968722 -1.05980018833078 -0.846976433285265 -0.0148953047406328
0.0680430251903234 -0.214110855118128 0.249758785177402 -0.632300941774212 -1.01143869212194
1.52444955710587 1.87400355924493 0.839611555506209 0.456558776657733 -0.267738742346198
0.801929807666587 0.416790556978659 0.0153306692144817 -0.151122904687985 1.4472699599047
0.674098779656207 -0.00132634473873111 1.1361618217397 0.192737080284467 -0.784347240367516
0.000938505827870478 -1.57632458159557 -1.29924872257668 -0.884671111605072 -0.2506028412497
-1.36016836062022 -0.900919722217272 -1.21311086587297 0.600751126094641 -0.674913320132939
0.657522993200528 0.32872809025947 -0.0682478263227595 0.279028448413911 1.13711780045455
-0.348798156461698 -0.958295754815888 -1.06987258654852 -0.0875635361023891 -0.532225687512412
0.469941087460115 0.290256321229385 -0.177030919353015 -0.809422412058308 0.234606411007992
-1.1421078075255 0.0233323727180866 0.664192976254201 0.201781902626361 0.376661195477959
0.757750564795582 1.43292041559393 1.25815540728337 0.338933205507419 0.608092763842021
-0.721021146225734 1.77803607544543 0.180570929488 0.495417608579537 0.0739529812958582
0.396327821359854 0.243728073587778 1.03875837436799 0.0405548446799686 0.554456059377512
0.0217470056659374 -0.273585441272329 0.790021990529823 0.99180609029177 0.0828646630854166
0.107828695994044 0.292812886566799 1.01223953828636 1.2292561664366 0.233313242478299
-0.553510565115589 0.178198599574514 -1.03679123808386 0.130775667252936 0.878342014143
-1.20303255427473 -0.357285197752192 0.179343085317105 0.704366841413744 0.029175117809823
-0.027143876771618 -0.00609590775019874 0.0209529809714682 0.0619445931222591 0.383949914123677
0.718187615103812 1.76542188806793 0.367795779041849 0.611168954094977 0.777853481254839
1.19637983159285 -0.264869176426071 0.101225613935195 0.977396958689203 -0.829656765184962
0.791969335112572 0.644729933592004 0.695798273271888 0.981488737708128 -0.363262671175829
-0.505199508440753 -0.154574404002848 0.0855253156099782 0.419780122817227 -0.684343845014199
-1.08469090437061 -0.512063937445431 -1.30334726619063 -1.56763605996192 0.224530629224878
-1.63520316860158 -0.718903941746356 -1.40909302396255 -1.17694289341298 -1.342181255772
0.461271886940128 -0.123550080628896 -1.61035756527472 -0.565431960532736 -1.30853143586977
-0.332714603417947 -1.30805478175912 -0.700902927279327 -0.0288769697796808 -0.628680417363646
-0.0829841322736944 -0.877523247388794 -0.0628223994133789 0.70586949736632 -0.0246749450622654
-0.212950244965569 -0.498603365622452 0.0974864553732695 -0.377219679933138 -0.416501195583948
-0.173670451054227 -0.0374563674668764 0.559248972124041 0.547226559669152 0.570207599204229
0.740311893236714 -0.0223516616058318 0.243388301006112 0.00887222562360656 0.771357572452756
1.25372592067858 0.347191494734663 0.31767445521363 0.27217831912905 0.454680630426965
0.087023448147997 -0.728604457211957 0.420914930399109 0.711532198178068 0.245194440486766
-0.290246645189799 -0.582352540746399 0.489531648338191 0.220118202733995 -0.651063021862495
-2.39070593409172 -0.678083432420608 -1.39748457194349 -0.311638377065351 -1.05356625726571
-0.628732822435344 -0.61412489146521 -0.00853517975013417 -0.221226839338005 -0.227614432533408
-0.596677788300575 -0.105891267740345 -1.27218139440915 0.326711963087136 0.69908749635938
0.28483912829065 -0.0110568974538922 -1.0311505568285 -1.26802367921746 0.321422763673598
-0.837385438790806 -1.13300103948834 -0.557423642236868 -1.04428603490162 -0.977091953828061
0.0823758596516286 0.34885098435372 1.29999989629089 -0.379056880979719 0.168500201542339
-1.34554690571976 -0.0873577917294665 0.0226047476987175 -0.839531172321739 0.179191677842963
0.768897063372024 -0.552505328953175 -0.155768949515231 1.03234769844458 1.46784159100466
-1.18816834880018 -1.28734844304001 -0.5536419099412 -1.11598929318837 0.0301156994318273
-0.0451707676958263 -0.709155218513662 0.918632022005532 0.650536590414678 0.567856907859856
0.141174196239466 0.940278822647289 0.376169792636787 -0.19218400154996 0.0734057817631192
0.326721172851242 -0.549396696992632 0.0609091474561347 0.130738644122445 0.180943530051183
-0.190797578478974 0.09569003100478 0.345194174882368 0.718027057025629 -0.32688086890741
0.3448958999683 -0.0278421658228415 -0.57710348101597 0.866786611688457 0.0682211282370963
1.36736403160297 1.19953899098367 1.07795682785066 1.08167969206511 1.18235486094269
-1.26518537105064 -0.505286503790567 -0.601919138297135 -0.309698243575035 -0.922537179699665
-1.06033817027016 0.00549789764172832 -0.120712276090723 -0.0260221694456138 -0.71877814989343
-0.661304539655733 -0.208303102681497 0.5766791947489 -0.174213646547122 -0.145260382637302
0.0860449749549066 -0.144970004887801 -0.566445499763972 -0.815864788979277 0.514914174696274
0.272461601649914 -0.742286381241841 -0.758778271042383 -1.50370162465277 -0.698212139524733
0.829919754090741 0.911850711250764 0.443846628234801 0.362799827200885 0.869781948939738
0.0792031622009547 -0.465215423321777 -0.207874434739239 0.717463517811302 -0.726627560981188
0.670642413240332 0.119689977976776 0.816242494430032 0.29042283010885 0.768727991186883
0.775364512454229 0.367821336994607 -0.446518011108452 -1.06549735355759 -0.631859651628358
0.849933940872275 0.160376349225257 -0.301907587425065 -0.878986959667853 0.53922066539454
-0.372415156369532 0.725877941075515 1.07242832776496 0.718876901926424 0.72174530345211
1.12229973253061 0.946789956466745 0.678898451827903 1.16599956392514 0.542401924119519
0.39522585550742 -1.18403838191089 0.812507419343754 -1.09284024377756 -0.0242271992368537
1.4219519028538 1.82487774275078 0.521198713655389 0.871762280322817 1.38343985711237
0.566733408222857 -0.0573460415523074 -0.125336038029814 0.681161941087505 -0.147331504531674
-0.747574630101719 -0.549441555588282 -0.384973207712112 1.06208469786795 -0.438704847121847
-0.0980925500674402 1.2929140078912 1.08999892244864 -0.108727184576643 1.33942002421576
0.0909706994410627 0.921990872541294 0.580058295697519 0.0841658418052891 0.685814181990558
0.567334371382857 -0.704502435322105 0.932578303523148 -1.38059386227768 0.333932096532196
0.958190698445428 0.920930611267456 -0.733922620127373 0.282686140112669 0.0831081264236577
-0.273268811056723 0.376556248426334 0.321182298373909 -0.482356647720421 0.168609864276088
-0.470783487027859 -0.642258995650342 -0.0258773035938746 -0.557664712401735 -1.01207783621865
0.613645607419107 -0.108589251030903 -0.320831099213829 0.302561455552416 -0.368346645536874
0.939857230273121 0.729124684114429 0.866196853627015 0.425572117333451 1.10892470341225
1.84429505430115 0.978004218647495 0.13777677365993 0.247004250774542 0.290285483986027
1.11296097179504 0.136727841242202 0.668250738344249 0.442682169918675 -0.223763613848348
-0.365524631646249 -1.19332369847779 -1.76639818452427 -1.2493671823321 -0.623181539113954
-0.107759284316374 -0.477989917064417 -1.08141207679626 -0.97943628854429 -0.631318083548839
-0.00702603047265715 -0.733596870162241 -0.861787816683225 -0.271131494693354 0.0255973193740281
0.269929018654433 0.337522062010718 0.341219755667508 -0.245948104956012 -0.91205082989027
0.389209131447841 0.632146584033579 0.737216450858956 0.398514246801026 0.759608162359073
-0.92354881002485 0.308225819309404 0.0464912257337633 -0.924785326979027 0.808631696280883
0.426667521736064 1.13155880610058 1.11866990378211 1.0435169028496 0.618819122718653
-1.32140200633632 -0.338687717691414 0.0879214116686122 -0.0572279824720094 -0.380105286240232
-1.38407500479721 -1.30750681374234 -0.422433437064686 -0.647836856005904 -1.80696350090626
1.13924682075836 0.0851697521997774 0.934291225430832 0.164485886948371 0.507909966167482
-0.0464182880721113 0.140247276384288 0.0105445062170744 -0.698353089899078 -0.0811296815556594
0.396824115079731 -0.461200140135325 -1.08683729666 -0.370477246818135 0.0785190649597352
-0.6923586163274 -1.08448623206627 -1.35371865965914 -1.41008492328999 -1.2467613419066
0.160302401552053 -0.695798163259058 -0.399199837454378 0.10637377404752 0.0686198738848165
0.454572114060879 0.0881990236472757 0.0429035658415756 -0.565483893285173 -0.513780832858963
-0.0648211176809456 -0.679170262870085 -0.984902644576222 -0.182532765676689 0.199672751105575
1.04441043803063 0.632210883635329 0.115954618771576 -0.120364978045816 -0.43565209887067
1.18981522360988 0.726598513166664 0.0548074059291664 0.164441884740066 0.335763993647245
0.106720248079632 -0.526951097467011 -0.61133444442253 -0.0967582356533045 0.724571566955202
-0.174362720015091 -0.662824749573642 0.25603644116085 -0.252637229449436 0.41137743094685
-0.00541914854936814 0.405834363464988 0.166784088796892 -0.199660894882479 -0.712356364709883
-0.509972411592741 -0.885101726524076 -0.321023497129962 -0.169834588695248 0.387097707336964
0.305638136268526 -0.291641202936379 -0.00571993578335554 0.821382071543861 0.0609544153873243
-0.399195619194616 -1.03845418536212 -0.0377647377021965 -1.56230602480274 -0.945937822856435
0.370927071410943 -0.393171389021318 -0.461793001760504 0.22418822326265 -1.30870386882181
0.172871886536095 0.563774205375379 -0.369908352253047 0.459831809796791 0.0455300678941263
-0.203248725459651 0.344522238166612 1.27387601406045 -0.315460543052893 -0.25078992624496
0.394080177403228 1.08359371662471 -0.113921452136325 0.602326111620754 0.342324827646322
0.140427462133694 -0.198582704088817 -0.130678859676919 -0.141443480477713 0.386055238682234
-0.945809396993421 0.372165160058613 -1.42385292252808 -0.346099962965742 -0.111493499327029
0.107144359256992 0.369641375289178 0.141304608117311 0.0300210413071332 -0.529169834649755
0.02716020709299 0.134865376418155 -0.150692743295357 0.927664157403813 -0.244187989250174
-0.851081821732397 -0.349993819959345 -0.70529886479891 -0.536732061322607 -0.571668944507432
0.55620226045492 -1.4057962668424 0.198381113009255 0.362782128260013 0.262446082743937
-0.312530284538158 0.1333616843069 0.0430618492927182 0.588726979323275 -0.0367935380289215
-0.383005176987464 -0.88870074257363 -0.0897599930617171 -1.00575794260679 -1.39602760508336
0.360920861449549 0.89511652973692 -0.170667046265431 0.327820535590446 0.241693856156025
0.397916012242505 -0.265401298143333 1.17042985368373 0.696296934749167 -0.0529253032631118
-0.452826399581244 -0.879645886037246 -1.32578316569338 0.523102909222054 -0.695344806480567
0.720332219197984 0.841091271924003 1.40390168285882 0.115856218827774 0.801738695809536
-0.897221409397977 1.330431806224 0.985600568108469 0.114084754207433 -0.24981156251595
0.124060769412857 0.393419540600602 1.18591680271211 1.11932849929542 0.364715115338431
0.482400133956342 -0.35843941633073 0.13353621862263 -0.9368432393039 0.227068879689489
1.47002823699791 0.270691012157667 -0.627366597198749 0.722283033738903 -0.0700598686765054
-0.71431734800725 1.3680300086049 0.642089879040513 -0.0323277567923485 0.631435368176048
0.034504514022625 -0.389272329061331 0.08723408986768 0.391970919084954 0.542778094386454
-0.440373039062413 -0.195132214387757 -0.0221339713305424 0.0841033021787634 -0.589271049891674
1.3511385796994 -0.43803034175504 -0.656899524405369 0.487181041663006 0.254340886678644
0.529252999326263 0.381532429194754 1.39439358518523 0.0994406694283581 -0.476672900532302
-0.936393515322671 -0.372134634716019 -0.693423419595845 -0.420625815716092 -0.488053847236414
-0.994944887295929 -0.613275121974535 0.350766677987736 0.554711891908314 0.574869784364224
2.24013095295247 1.40288387882229 1.10449912834725 1.25247015123074 1.10336710051138
-0.873226454208694 0.42466326882385 -0.506695394582093 -0.598372469658423 -0.95138788894757
-0.309503976575486 -0.450069061391691 -0.217230045774065 -0.466140414360946 -0.617642267561472
-0.790667138901022 1.00252575065752 -0.593225527063101 0.52160028582225 -0.6109237758012
-1.22353798007573 -1.4248750466856 -1.31663797592646 -1.25488613267878 0.0329374444875437
-0.572593904089371 -0.962134563881742 -0.113948568442464 -0.681068858073367 -1.12189595047593
-1.33570959663661 -0.520111248012659 -1.56785365680556 -0.186195854845778 -1.24471148562371
0.927264389606816 0.641200515734972 1.11560301540945 0.585601751572458 0.312579929080549
1.32517624124542 -0.51951757803693 -0.0508321635879519 1.58444033376414 -0.495555665351912
0.156302839814381 -0.325440069322408 -0.637264115002636 0.594911345286762 0.157660218567856
0.152785249612945 0.0527960915528198 -0.395406902699346 0.122041994104105 1.3599622446763
0.193474300840529 -0.248822980970917 0.0804203251097694 0.895910040503449 -0.732857353512806
1.23353549346614 -0.472120739771062 -0.0540710513368866 0.343513942948602 0.015722511474325
0.951557499617935 0.260217011569175 -0.331879786355379 0.76804963253805 -0.364899387180811
-1.71546678620903 -1.2653280167257 -1.1512789159543 -0.692564278822749 -0.362606846926678
-0.247710729936419 0.330839401692436 0.980885180053827 -0.8605111633527 0.495183817903518
0.359960710484537 -0.732682325916111 -0.0784176534818518 0.543544251293614 -0.542685649838445
0.131952719980506 -0.169824744906875 0.48980321301991 -0.604209507157456 -0.0617807226943816
0.967032750888503 0.765673014350969 1.39650008373286 1.29920866915276 0.0165897812993768
-1.10631924903111 -0.690113274822199 -0.325728334772014 -0.745710537451621 -0.799158260603078
-1.08265731665572 -0.0329904391983353 -1.26818771901307 -0.145036047574966 -0.237124052361625
-0.500113163096405 0.589952554407689 0.453457505821016 0.84745111112427 -0.462971815574321
-0.289708288666568 -0.720930110791658 0.111919307816037 0.00739453523774364 0.346964273747346
-0.147919819691855 -0.289663024648428 0.0222025706613835 -0.0566920785448905 -0.461922173965454
-1.09926647690916 0.922355197491186 1.1202565566816 -0.0308262924824192 0.359156393435557
-0.669966041416601 0.323708803254968 0.633280235134942 -0.70508253846716 -1.02477040610281
-0.845264816135371 -1.79852395765243 -0.775040973349343 0.082030427667494 -1.21028017110921
1.33320259626221 0.872197012884409 0.763103399129452 1.12519057232374 0.186056572432772
-0.602785967732126 -0.445362240223848 -0.807586746683347 -0.601667358630229 -0.30346710644767
1.13930178872932 0.0344026173406759 0.317170219230561 1.7431012258143 1.32182849663038
1.0309840976934 0.368490877135273 0.67079600795105 0.417977516597444 0.418280846345616
0.00499990189348964 0.496819671964094 0.222404204674306 1.26241836969193 0.0220009813983918
1.60857901478451 0.482511285953565 -0.107155782811281 -0.339025997395258 1.21776184652516
0.805236601612765 0.891444954684883 0.562599117739656 -0.18444091148612 0.295144993080566
1.26295446572708 0.937947567028552 1.03438970249306 0.275709299912635 0.247730690318436
0.759666418878423 -0.402147128254988 0.0628783441678607 0.834685434231814 0.750962434203984
0.741550826805192 0.314201109541834 0.183575947409705 -0.0897106355793415 1.32262574086772
-0.330985629240894 -1.01893029503976 0.0229714126449921 -1.34456253866955 -0.822377388851956
-1.54732080019555 0.201519154693534 -0.318532805073258 -0.451637200100418 -0.553360997428636
-1.52467623847416 -1.16071215127701 -0.743209218361885 -0.496412561240622 -0.40023822313234
-0.452561947194722 0.0958275170145161 -1.71631943137274 -0.139725783100068 0.788211735803909
-0.674407912993527 0.130218044227102 -1.3353696703537 -0.548392868495072 -1.13107181236443
0.435986424986825 0.998600363195047 0.509587720034333 -0.00533405869143799 0.769349660261988
-0.25491943952964 0.757150935230744 -0.527617651633303 -0.380826741342732 1.08731079780742
0.747638185038424 0.594291050480605 1.44681834070091 0.508688487614965 0.028879670997921
0.25592249987214 0.319244445490483 0.435960692880626 -0.0745736367113412 0.00804984944045803
0.29833138461088 0.484478329825954 0.220555857556026 0.928124243452438 0.392957245854411
1.08855231129143 0.93735759969781 -0.525228824935011 1.4753779017804 0.977860582885011
0.0130679121533799 0.211074781646609 -0.284620130103534 0.220400793792131 -0.0707590039136521
0.674595707591643 0.36229061339008 1.25244027107688 -0.374319772136369 0.140949820647616
-0.220502726947112 0.336966651202113 0.255367004168453 -0.311819850931015 -0.164014914066512
-0.784231293507971 -0.147980426561434 -0.709328211037083 -0.488884410707141 -0.449176155176576
0.25163157553824 1.09618298650101 0.119294009657022 0.647804909246947 -0.203243118226905
-0.904469598127352 -0.53184707347321 -0.293126524713311 -0.389445606715188 -0.173244414187085
0.207952584033656 0.593417338652801 0.0591764092077553 -0.410554195002343 0.429874681940724
-0.055973937605753 -0.809790511780545 -0.843362513816036 -0.942780894841372 0.0187113987226967
0.178604662283 1.03750662443509 -0.137594799720677 0.448252521434676 0.368506662005902
-0.199335593600717 -0.582200822299052 0.304046659885831 0.0807336563442597 0.903834846744593
-0.203399865710516 0.412833153755957 0.539513639524786 0.621011283177083 -1.00787861352299
0.751003126230939 -0.292300549291114 0.946338562771401 -0.148758055493779 0.53048674828664
-1.17614175013224 -0.332575527741988 -1.49661576845679 -0.417098586012047 -0.648598010029532
0.478101967461828 -0.46004709964755 -0.34769442126941 0.410842544700183 -0.118612029670572
0.105665853960427 -0.326515575918068 -0.431546383095489 -0.324343756859113 -0.816855356369022
0.194229850795182 1.31069434894227 0.572531383814436 0.492644176882989 0.312400676864182
-0.909881258821842 -1.02796322454972 -0.90415177354328 -1.03460756061322 -0.660874924612331
0.274777200378696 0.117691605016291 0.271588768728884 0.510642117897631 0.0637283344550783
0.0799232741538481 0.678113093124178 -0.387601425797367 0.357243386412974 0.400614115117965
-0.0439858009126206 0.722920330841471 0.450204067785094 0.478348716426955 0.605615474427987
0.342577972378412 -1.22685402520639 0.264015610086546 1.5131548212862 0.126380005785789
-0.390354872583191 -1.29595014754228 -1.49367072016047 -1.31486165979671 -0.841268321717466
0.2604468213543 0.254204663863759 1.07945259899864 -0.0234185775426735 -0.381838800909145
0.127604994058518 0.110750067538993 -0.68676535638047 0.0600131164566997 -0.513802513373546
0.831520212868175 -0.0694635991824972 0.694842536485459 1.18942923757231 0.482530573897798
-0.152632326215631 -1.3993559279049 -1.15792885402627 0.759377544519581 -0.814850239885311
0.331761580589783 0.994020677178504 0.988129734966571 0.349838561649267 0.656171863116802
-1.09306393131615 -1.22831049861632 -0.623162630055493 0.108163180943763 -0.582137894553866
-0.353517360462487 -0.661854931914541 0.998010900781946 -0.25963073101054 -0.101892561683678
0.631096200107142 0.0708802073016051 1.02996103042011 0.84274750704351 0.327130680438828
-1.03671041987021 -0.691534922642068 -0.382844009846697 0.0444468749218293 0.474812296974499
0.170823656357836 -0.577588195108557 -0.519194865399133 0.14705908439215 0.287452611118089
0.900772385166033 0.588828150748299 0.734966749371901 1.46495226678376 0.335931278575769
0.531749075169933 0.22269783628725 -0.564783011364743 -0.272782352546361 1.03012849424449
-1.84280274731955 -0.00495233800724184 0.393302373561308 -0.462510188770355 -0.185153088418224
0.0406824911366955 -1.42034926429494 -0.574467799735478 -1.01219991396793 -0.551116397026415
1.01527839101559 0.12622038921117 0.560438688541707 0.282271361279739 1.0910998746987
-0.142820599860267 0.281136180981808 -0.317657477280318 -0.27258604913196 0.153428956693156
-0.146760874385557 0.04584460950166 0.447882975497118 0.162319067231629 0.294251169266894
-0.1253825306319 0.368601517684856 0.608245915806365 -0.145394277683112 0.880523585312724
-0.365471848668473 -0.576094649187797 0.649091883093234 -0.332173825525975 -0.0410398378734076
0.00754908964594878 -0.189450065020785 0.117836127945528 0.208597019847614 0.266872457956687
-0.334987467913241 0.185332171451383 -0.358102367049435 -1.07297427539166 -0.902484961936638
-0.807157427477556 -1.4863260779576 -0.0713507664239264 -0.330083240754898 -0.0881981200808657
-0.202206181194461 -0.627433129195 0.0953944297754928 -1.18375264966849 -0.417688511691447
-0.628680254847114 1.05137925050043 0.753690042631595 -0.0706230389703493 -0.742100589664698
-0.654235717054396 -0.380728101846856 -1.27591265289033 0.00888301183644566 0.0852478650245985
-0.463713437799629 -0.317728822194999 -0.200442553836595 -0.562973286555256 -0.747863439187019
-0.00961080934792902 -0.961851365420494 0.172378615046359 0.205647441409248 0.469273732402335
0.675744274668361 0.363404453339464 0.296552369251402 0.699527688315768 0.924294052269583
1.03131728352844 1.58748378885397 0.755432796356779 1.22533909554013 -0.166608651199385
-0.855164395287566 0.275231468765115 -0.555301329358032 -0.5407050415684 -0.776838586805772
-0.552358450307373 -0.319161891226605 -1.05561028067072 -0.987722905587195 0.0799472823778311
0.207413430403033 0.33720732182021 0.425292194992636 0.10515196097896 0.0310727304211961
-0.893134380167161 -0.535246354615043 -1.52409044015839 -1.82568747404588 0.124951130345273
-1.10982313731588 0.0354013023606714 -0.40328714799599 -0.0566301405838414 -0.705989928364669
0.551559236163431 0.345368009802009 0.706663732818871 0.0154312507548816 0.909969723710938
0.670210914427656 -0.187859760325873 1.25000299288608 0.307441048199059 -0.345654044523193
-0.414327839530949 -0.237480896126257 0.0107144381566274 -0.650295837088008 -0.75395154529945
-1.02942759298733 -0.039121566548555 -1.20657706417332 -0.265322053996846 -1.36853390725265
-0.430104153804991 0.232754906553352 0.918654566622456 0.924361152674902 0.477394008021351
0.979203438471399 -0.430488073039609 -0.00911345944338098 0.136616586324603 0.237246556946823
0.452929791170317 0.643605646481645 1.36529000400728 -0.580998467869306 -0.0433090926849322
0.390965665971799 0.0835401387198228 -0.271714631762351 -0.0688869107779965 0.382888980331309
0.41173083833164 -0.515607072129984 -0.290812130281476 0.212169683810858 0.139898165678203
-1.33642485465735 0.818757556184236 0.287461940940269 -0.014335046383505 0.518335214568864
-1.15031973737035 -0.551505517474022 -1.38257194294274 -1.02586188906857 -1.37056457022042
1.78403603151034 0.186299087314909 0.860654691792541 1.47827186176152 0.243262049438419
0.870268723551627 0.810549965816473 0.979176384712454 -0.113717750063923 -0.262684177069607
-0.846097726729066 -0.966777482288486 -1.01208177445247 -1.68703376241766 -1.60129047085572
0.828727220224657 0.936766691982029 0.484322794290005 0.609021987330817 -0.776814070697087
0.161756277037146 0.431024660342602 -0.0201817951710647 1.80740885188162 1.1030482148797
0.509611449160119 -0.915611109470827 -0.818468038296407 1.06123553842575 1.15925350357322
-1.2825474997602 -0.403982692493789 -0.245020441583522 -1.31725150482667 -1.14692851748842
1.53854394798528 1.06300688842581 0.716953532982976 0.167049396038076 0.684957893258978
-0.241603768579167 -1.01038651101195 -1.0828223596004 -1.16749395678272 -0.656046625261856
-0.274134819854824 -0.246431317565852 -1.05873864692939 -0.0278732238814801 -0.491602853040147
-1.30212855895963 0.979570845175165 -0.346912408408015 0.503689194178181 -0.68909165623722
-0.329224285218509 -0.742632325055321 -0.322746629167171 -0.280655150485418 -0.0778703841063459
0.926132558325964 0.287853159419561 0.179950497877139 -0.32755267169346 0.594859462298916
0.231244295085466 0.611207134093639 1.40457589798235 0.431757885587402 0.217365273919132
1.22415003297014 -0.149936629615765 -0.0499828661591388 0.454537451104628 -0.251755746547186
0.44612241705216 -0.87929505795934 0.519074406184563 0.129785830905047 -1.58745796157411
-1.07928304632297 -0.318252651158624 0.0224884746279544 -1.14073459212767 0.332934438944575
0.136966184234273 -0.146671601503256 -1.00123352012223 0.845263638869103 -0.508967063097969
-0.0813779438757932 -0.304528826716663 -0.5243131539719 -0.2354445836833 -0.527113199134824
0.00377508890155069 0.0264003953837391 0.649172399943257 -0.522233009236337 -0.328012282810968
0.360500704147106 -0.0643474111499692 -0.491678222749184 0.136833455832742 0.226565590741182
0.559219444405231 0.289914694385695 -0.288020120041827 -0.280784482474854 -0.563388439956057
0.385431471352651 0.30670488561483 0.628207076124172 0.237291940264995 -0.200886804008952
-0.58043046405935 0.0918936170375713 -0.596755204035541 -0.170647982255991 0.649644276162126
-0.689610461018162 0.908016772968884 -0.0461787290098845 0.218025305866873 -0.411093773106292
-1.4139240510728 -0.717441519938357 -0.421873329430668 -0.409120728747442 0.0718481193290441
0.56479026849779 0.239757665564598 -0.281287028628323 -0.161055154267969 -0.0961510363371917
-1.54776056066079 0.229408043225224 -0.160888256441601 -0.931909736975296 -0.240154624291401
0.480619016157432 0.228752758093978 0.00832133105855018 0.391781945899965 -0.0868094058864058
-1.1156947288433 -0.547353115537475 -0.973188611349778 -0.468605760847306 -0.660724195497973
0.388847187774181 0.748985044615741 0.547344525974614 -0.0294188082334584 0.0649662863396278
-0.649866146617319 -0.7452940536626 -1.39311723208782 -0.924494584389572 -0.909946381196548
-0.167859938994555 1.12991598828696 0.386478566502065 -0.0904084320939502 0.58697678900662
-1.58518803783828 -0.879056235291547 -0.388466158204492 -1.01265321084565 -0.234367332565956
-1.62733893066884 -0.812268936209278 -1.61072104849207 -1.1020150069475 -0.490865711513082
0.641034689125991 1.22593534608197 -0.751486629579512 0.619968812266358 0.740309704971402
0.38629920119855 -1.46148449350032 -0.043723967559207 -0.782552229428955 -0.710301520497948
0.334065493306086 0.332050143290329 0.808901839146265 0.722654925536743 0.490804313303595
-0.152318436881093 -0.269888075191076 0.672543626400142 -1.15397671019567 -0.455854982682981
0.0547179605760941 -0.515029145923583 0.218900732191903 -0.372649277840101 -0.461985355733562
-0.632619558270806 -1.83521488370826 -1.47177738259891 -0.38076814741501 -0.45017345611494
-0.657871094730889 -0.403743745613665 0.283500942178288 -0.517344310683626 0.359492309611317
0.317570635139948 0.354434586847145 0.964598822571937 0.061510423881652 1.73512484159746
-1.27745242910036 -0.993325329191872 -0.926052178826389 -0.354775276516673 -0.678415250938883
0.349622938078857 0.794585788385105 0.797423293783066 -0.00604870609471393 -0.508961447417313
0.749273925392966 -0.027397079143924 -0.562956584389829 0.238864170248492 0.485344147002968
0.459058150190396 -0.289663727241267 -0.749624408016369 0.977836885355487 0.0582409429208375
0.294132471704976 0.3034416699166 -1.44288439714141 0.0930862714315996 0.217873957275753
0.879661343123085 -1.12664878634444 0.213970133907151 0.394521717712223 0.294383940833118
0.156535941529337 -1.03192591277049 0.484501822243635 -1.16083907729605 -0.446276132968856
-0.77959394424179 0.209881913988736 -0.268498875400639 -0.0320402319485238 -0.573890002245543
-0.624761535154601 -0.446213508208421 0.713760282394393 1.79075775507855 0.48112566046628
0.217218415060109 -0.658442969419227 -0.302621939108044 0.560108244820108 -0.988228287837973
0.385388929169672 -0.46513972616801 0.151283132635798 -0.0657123323646256 0.912751835334923
-0.495400692549758 -0.637287990490934 -0.00972141925288661 0.174757360637739 -0.550170024854178
0.758687567186569 1.13893209207488 0.494390709536016 0.528257534808064 0.328907496358621
-0.873868122301931 -0.708269107520968 -0.854651403804666 -0.143466961780226 -1.21212048677631
0.571698949937302 0.159611274078396 0.0886325651912244 -1.25860769160094 -0.904035231671293
1.77389244092865 0.643010314681941 0.368284105310257 1.35198687550283 0.902291406557306
0.359218926030586 0.0391560561786851 0.809743354891984 1.26825838087769 2.00199928877517
-1.39194435388342 -0.752916136845234 -0.55230017537814 -1.14630370549733 0.0486111416388702
0.867107284307602 -0.0509576980593596 0.920219782585353 0.521536014323141 -1.05237116122297
-1.52526552476203 0.35877549783682 -0.826424223780271 -1.0983752738709 -0.366239032489367
-0.113370353512357 0.4607814035798 -0.0807400510135674 -0.477342094701015 -0.292899236780666
0.811165096321956 0.0933441914093302 1.43063604666348 0.540224484970637 0.550749344760378
-0.267134392780317 -0.770188193370453 -0.80541322001054 -0.710476302853472 -1.2445989792555
0.205550893128802 -0.0664287739237379 -0.436480152117764 2.08089278876335 1.45121293752001
-1.12546635430551 -0.0791669634737609 -0.743405489006902 -0.937333981187707 0.385329117704371
1.12318566401986 1.26494771360192 0.184207803851138 0.251447425207978 0.86463749564596
-0.827038249855767 0.923789338851787 0.194335609409021 0.353990077026305 -0.242274906574243
1.38897483228049 0.458511304267325 -0.61550137093496 -0.220092681672684 0.547339285141369
-0.0543629150671956 0.869801173113574 -0.262078865782787 0.417000524127816 0.57852881695287
0.220885421413229 0.863071726051232 0.467360839022104 0.919117182667578 1.28005367459178
-0.869177278781391 0.0130966764858418 0.251344917666674 0.401203547731998 -0.645383682599656
0.82000141815936 0.484349322893297 1.150399012711 0.831449645015297 1.41713950674797
-0.447525047151634 0.0149804547001176 0.410987564340471 -0.794049630248056 0.243398290626586
0.887471536775633 0.671067099979674 0.328647071110334 1.05057303555701 0.207848117161902
0.394690245768657 0.434626712479489 -0.425094139040188 0.00517351509312326 -0.11808996045944
0.674669461059553 1.14856416671046 -0.069987314288246 -0.153370846227835 -0.0192183408298382
-1.13398847123608 -0.629502690880482 -0.434948164785926 -0.655673285127284 -0.781413142253464
0.435753788529976 0.395991841019436 -0.0584368964021865 1.18747957281016 0.115701535635516
-0.374429172224016 -0.690523918417307 -0.544472594508496 -1.42114140362164 -0.599883474160474
0.0887106414379611 -0.694608936437314 0.230003796030191 0.602875029043943 0.542748148889816
0.205131994620133 0.119442691737543 0.424373612696324 0.406298057813634 -0.297875882967599
-1.36967286172513 -0.984235244707468 -0.40541664297583 -0.779361216171187 -0.74204949646598
0.0869697544905617 0.0235181252227791 -0.239711922154536 1.09216181676096 0.83205166967571
0.512178001814875 1.20408407834643 0.0388454460787121 0.388187419314473 1.62350009340991
-1.49485199448043 -0.356408644965829 -0.973807114631211 -0.0618088719573631 -0.452370306669075
1.25112996023573 0.964438681816333 1.19262769072699 0.711831781125887 0.926038549306358
-0.90131545244137 -1.01097120995774 -0.820873890451765 -0.343748399445747 0.0688004749671291
-0.206794441375948 1.36800834401722 1.13036496768846 0.934593792152925 0.405271676207591
-0.891137110176577 -0.160190471346919 -1.29909975581631 -0.711226176443772 -0.23147889550409
0.499412337451018 -1.24287686493085 -0.0290959648666545 -0.97435474754768 0.300064010745684
0.33040152025839 -0.559339175407069 0.538316287215932 0.374947547741665 0.517730454836111
1.00626265257774 0.207281213609387 -0.489243317861842 0.417294004517362 -0.308033362542393
-1.02640736691149 0.834203928397357 -0.33242773222138 -0.202212274938824 0.44771472788729
-0.244693396978348 0.161737726893123 -1.29606038337972 -0.748653540479267 -0.170685891225334
-0.811109809767525 -0.287282176127031 0.126034192085754 -0.600925635254675 -1.179512184975
-0.794320735913759 -0.148713079215225 0.804478213674074 0.966898732923454 0.238698307666407
0.403708422520949 0.671939361375896 -0.168181922272963 -0.196240802975944 0.991564589201563
-1.94366618835028 -0.816775982260377 -1.49110199744863 -1.05828199494239 -1.93328642934514
0.851813396023753 0.204598122187704 -0.312174000045372 0.197810882329039 0.435348394449281
0.316032489539953 0.106350922489559 -0.189622339789443 0.243688944423631 0.16985204249371
0.773118123647458 0.0575082571397473 -0.0328632046222286 0.224670686514621 -0.847035409037086
0.7837255395664 1.23178073611382 0.894496259609983 1.10284723165258 0.866329570736526
1.13750014483345 1.05363597740316 0.229341665172287 -0.390268736736237 1.40811896061398
0.0430024546112153 0.641724448298916 0.429837314993665 -1.11634178765935 0.65349570475983
0.426146656421722 -0.826899182928095 0.543975629422624 0.494121701050515 0.288269183735872
-0.964870437660914 -0.401330878288533 -0.691735620427157 -0.406373488214285 -0.392354392444886
-0.251577811274083 -0.149109890298241 0.468632157910709 -0.3159177535671 -0.0312900478311389
0.686702159515084 -0.385806614083426 0.367683684975718 1.31142563331921 0.454679208834272
-0.771075255308721 -0.494575543271666 -1.36940322625142 -0.815355342426676 -0.689271906713899
-0.115842384042574 0.704578505219506 -0.152944788133847 1.55376315367703 0.64852185325193
-0.329676803399294 -0.126847188193031 -0.732291537037801 -0.413076869194851 -0.128161423616457
-0.4095740909901 -0.0233804927437044 -0.549973858156812 0.0633191914196654 0.856825670218506
0.606035943726591 -0.282432335204448 1.21932880185027 -0.803494961168621 0.158500060358111
-0.0674377567908425 -0.580663550945686 0.546013451611808 -0.683849656934105 -1.30046717826633
0.61057369298584 0.181244653715297 0.247093300290825 0.0497732228255869 0.196904202406906
-1.64342840809866 0.0655756708652619 -0.658235462606561 -0.0358837543375363 -0.674269761722333
-0.207984056442095 -0.0594793370476561 -0.759148627791569 -1.96321072560927 -0.30038232222302
-0.0634735798388255 -0.0904801395066166 0.466547200475964 0.199218714013105 -0.43882514527632
1.12700202738808 -0.0931790775971375 -0.179959932136215 -0.284733589502137 0.141198798121585
-1.00449111110617 -1.30138721072035 -0.312310320886287 -0.709660179795075 -1.42919419348186
-0.950146315774206 0.22134058389153 -0.534804838574889 -0.102689623369972 -1.0866906960895
-0.123251969571228 -0.111790484181286 -1.36656932465633 0.732011681978168 0.633693306531502
-0.888470266537749 0.0156745561286102 0.339718811148651 -1.29863915425046 -0.551550983969045
-0.672933453426447 -0.402558719825948 0.326501935786315 0.0319388529834633 0.618584715849875
-0.519000290474763 -0.0300010876631976 -0.343502786674252 -0.504864214013108 -0.545806576616251
0.0977103521700936 1.22192548689857 -0.774122648281861 0.468402429174002 -0.422772375810895
-1.0560028162509 -0.980750951379349 -1.13985854921366 -0.786827621721422 -1.49788369974815
1.13468405135386 0.575194671903517 0.650209519217547 0.88846365740725 1.32494983288716
0.127475642983866 -0.812132364470671 -0.569454914410636 -0.242990653639004 -0.558387523557309
-0.504049430557257 0.228956882309903 0.216420189027953 -0.361201224532861 -0.786294847658957
1.28179365333578 0.813376188070849 0.702801931816032 0.832125507618832 -0.262736606845111
