0.00171482800872835 0.152528869083535 0.4780517538574 0.551818736252527 -0.413329544589996
0.649300101720347 0.126979485987964 0.287251055350127 0.206532493506484 -0.152044412218574
0.283627603757789 0.462355069386277 -0.0132882976798933 -0.305376792903849 0.0736351136112203
-0.768050033976946 0.084061161269752 -0.616342696042406 -0.194155039086547 0.390422035949136
-1.03630002797235 -1.30549957314915 -1.34966131505154 -0.286345257708429 -1.16400350313073
-1.6944070222542 -1.4089434173584 -0.603723106388127 -0.79099805437448 -1.39154716048108
-2.00317288940746 0.092016884799692 -1.44055299723862 -0.766751695429467 -0.596668857330925
-0.611127917592065 0.196374944548354 0.582495001843505 0.480762635783104 -0.718869499832281
0.689583847123142 1.32799840023962 -0.206918668715727 0.858189701872898 0.00932206492026397
0.245389718326364 0.0779854931971651 -1.7216631841014 -0.42399328332191 0.215751171302998
1.5607627492522 0.598397739226187 0.0142669782595728 0.451315366708603 -0.372172925097283
0.630491621312068 0.395944289422285 0.240282443692354 -0.385161008892844 0.328872519515677
0.063336972385963 -0.669974566281438 -0.565493434873453 -0.221389442363122 -1.38267550915932
-0.896523940544113 -0.0760551791312884 0.678777838595569 0.179675806185068 0.248513803099125
-0.907869601123719 -0.0505962433400169 1.12003868570192 0.453351856841544 0.396223498969199
0.55823167684297 1.18097590301688 1.21192767763336 0.461998483801708 0.251031754480962
0.962165891132464 0.706831662086227 1.06163893328348 -0.409284762349373 0.558732216164406
-0.998035511358838 0.102203758159056 -0.745544429528705 -0.991252202120537 -0.455552357165365
-0.966076851737473 -0.482633328067962 -0.764394056558181 -0.0837662375465111 -0.310307273724148
-1.4868417673152 -0.36058194783735 -2.03061477498512 -0.933158909366687 -0.286097512600945
1.24512956080057 1.58594841674601 0.420962441683193 0.993237826528761 0.996643759831276
1.20011648732297 -0.236793060620371 -0.924983641508168 1.16134140278459 0.624679792222895
-0.0605040340704222 -0.696029671818696 -0.584027340557115 0.430512632420691 0.425936433825475
-0.332918614689663 0.428513760606081 -0.720421998299122 -0.666969831575509 0.858713537851657
0.147735862510996 0.462228709668018 0.0845583209774464 -0.278130868501722 -0.614165249157979
-0.283318042300247 0.23856472194628 -0.193379470600655 -0.228012757839272 0.790911993077837
-0.902656975011832 -0.305605628185135 -0.0933523975444408 0.199326616965324 -0.102389520961444
-0.676393158488298 -0.939537923125328 0.822578960093485 0.145103239142891 -1.76232878134007
-0.818231154341112 -0.0849532511933935 -0.392064155041663 -0.791580644185009 -0.82626973978161
-0.724285315182613 0.134729391048835 -0.818552220378218 -0.145414466116496 1.08494235686931
-0.428349627905594 0.638672677555075 -0.00716133487950265 0.520294445266515 0.659572722451511
-0.170223886752532 0.126057584348529 0.607244948265849 -0.184628113887272 0.247290827669892
-0.515284697802934 -1.0418781919049 -1.15804786498653 0.0791978653355763 -0.26608078454074
0.408900748929694 0.0350294669078915 -0.206819634403052 0.461136833972257 0.249522205950878
1.29642058757621 -0.914619681474724 -0.172920413897763 1.35401889968477 0.292575496358581
0.0483703231725671 0.37325593189183 -0.0790615806868667 0.464125882535889 0.752586117295347
0.760827673067962 0.337679039902956 0.393770004791165 -0.185920608923745 -0.098348061409002
-0.597418662245202 0.463224167931923 0.25659997674167 -0.411863959679452 1.2326585909818
-0.450149455855444 0.425300624028947 0.667939969691924 -1.07528271069687 0.138733114797808
-0.0654194257087648 0.481888511902771 0.353168999008064 -0.695968781423432 0.246788858971659
1.27280474556304 0.312775047542905 0.226911118400075 -0.320035438077631 0.875762981146803
1.02636658870686 -1.3912252028876 -0.275458297412457 1.14517112107777 -0.138905364249344
-0.704903495246785 -0.68605683877123 0.0751938258776086 -1.14384452851497 -0.424627829129852
0.236755172447736 0.463418458500727 0.184034344566233 0.120070009852982 0.221860397715124
1.17413357181619 -0.159140838854872 -0.249128488255156 0.755101202553622 0.675626557768741
1.05815916439303 -0.489702471472027 0.726236523136665 0.176277513539801 -0.154267340689505
-0.940966035928778 -0.525231764290456 -0.180907203080953 -0.621904184279783 -0.984031772439189
-0.0306760414936777 0.402923195448543 -1.00089326862085 -0.868918515397715 0.254922757891506
-0.675336106254545 -0.600505569632293 -0.973703515231994 0.381070006667941 -1.06797536871454
-0.984151220180448 0.209400096055022 -0.680834328363673 -0.565737987482056 -0.839363525090766
0.246546484768596 0.265255111943669 -0.765247099598466 0.033143480603471 1.11512746199202
0.359821020766834 -0.0906417268169202 0.494254677487691 0.116468838347325 -0.675300772002042
0.624192612880028 -0.253186652353262 -0.0857042719249356 1.46190017434869 0.129501393989386
-1.15297539369043 -0.443824596902913 -0.62331342035557 -0.844029263525874 0.319294801955171
0.452957488702273 -0.385772985784724 0.650394179294988 -1.00058669806117 0.141475184765547
-0.773175406636972 -1.26079397444772 -1.69750041410649 -1.07210407371213 -0.594529096919184
-0.00224473010302162 -0.177827882781521 -0.0143567107246617 1.21245099775709 0.537714795401342
0.0343350194407682 0.265794356628041 0.00732227097945978 1.02667254556994 0.387615151526631
0.366817081988434 0.965831267557954 -0.307644615285943 -0.834721345946693 0.03912085681975
0.492592561201236 -0.0110623771274059 -0.307055582195172 -0.763437321251608 -0.925244275762421
-0.303480120236468 0.611014053559274 1.47438673952328 0.531125029457592 0.127665612217762
0.953265965478185 -0.607829302978737 -0.0495126967736096 -0.0513478683825235 0.785855020589169
0.376299567749024 0.0716019076799423 -0.308890420699774 -0.433349788669543 0.17852039055486
-0.248185830936655 -0.899996300059382 0.382949073770541 0.065367073884031 -0.605121817905631
0.929884953983143 -1.23469133595204 0.889077650508141 -0.116554103914761 0.71728183910367
-0.516902306426366 0.322994709759166 0.329318200380355 -0.713914425018473 0.269187204740764
0.973745308639342 0.704710849161917 0.629955054639247 0.495638091043142 0.653974176855787
0.872765243067862 1.50986245463931 1.03835470752211 -0.0343663545305312 0.295654402475713
-0.756800869218909 1.35811084571315 -0.137132409775617 0.301426959164444 0.167693836015606
0.756742563754555 1.01815480349462 0.269204891907869 1.07047070285757 0.944858254193372
-1.08995420092239 -1.12602526252891 -0.0929428944562296 -1.09514306432039 -1.23914614400339
-0.32215712055482 -0.566007411419171 0.00308436098364397 -1.05193515798618 -0.361707039000552
-0.62479750930132 0.313232328164816 0.323935658317665 0.0534422455684839 -1.01492960921846
-1.01356515474375 -0.655723500266024 -0.525044431835858 -0.42190049027816 -0.595516653048899
0.597413109121557 0.914993289883117 -0.556027028895038 0.296943996411216 -0.334771529269533
0.0539437310727451 0.0988899546090059 -0.810187187985172 -0.953619427285766 -0.521748687999008
-0.48167806446023 0.075512072387774 -0.275723847222739 -0.494220772103702 0.678583330831542
1.02055926625407 1.37306669057322 0.590675807148828 0.639649663897552 0.839300501454562
1.07134311347715 0.605627291555155 0.898008254063388 0.955147381589932 0.457165746791139
-0.0091977698932547 0.667158544632141 -0.125398492785254 0.799634853145615 -0.329226463137351
-0.0924287571278607 0.464964915502204 -0.624201723780738 0.0117452543589825 0.311485974175416
0.0769076083224871 0.757275714656086 0.538290979270867 0.245513644640884 1.21432602281247
0.926062558259571 0.0420387684175069 0.0174320738383746 1.18843922538601 0.0789171711630129
-0.655553582804818 0.176114442155534 -0.514719865108248 0.221475817924257 0.0107875271914554
-0.722806331922294 1.24464091100349 0.370241935966928 0.38104205807772 0.201553666259712
-0.124876222387516 0.270149761302406 0.174352804734751 1.45110598991824 0.72785683520206
-0.964972832889581 -0.798028916092123 0.0251429112058442 -0.00618168214220837 -0.45892509641503
-0.239367886998101 0.130467536597292 1.06495197346567 -0.750674302702648 -0.712797387481671
0.147959100466055 0.462555402393923 -0.426582867806844 0.134191957859225 1.2947126159178
0.404828118484255 0.473453451715067 0.278577006647414 0.00684938930308994 -0.187834507204621
-0.423095865606867 -1.26727631419339 -0.766221904681084 -0.731427259592712 -0.466520735371496
-0.419362065733766 0.378933748155562 1.14285674977053 -0.742858927209317 -1.7906778153284
1.126546111831 1.27565009199505 0.349386591247163 0.607870803052036 1.04735442159154
1.16642940086463 0.39885888775555 0.705156064498291 0.546032747595381 0.808583002950921
0.557153682576041 0.905471769458618 1.54086840412306 0.585539728899491 1.33226517685495
-0.284604261578393 0.11322847972482 0.829949396824005 -0.500803486802682 -0.6804568911591
-0.587024967090853 -0.75956498667913 -0.298763687157437 -1.41836107869835 -0.40236330184327
-0.0307068274120167 0.98729395488472 0.373885429614751 1.12767645840496 0.428621686987194
-0.73895070950206 0.0358022884132526 -0.940488588243994 -0.860292940663794 -0.091351281471999
-1.19662938747461 -0.553147204296594 -2.38071703774011 -0.768628737312182 -1.32298423989803
-1.32249792178775 -0.875248597963242 0.288543393290761 0.0575464957327979 -0.0703658537303448
-0.266407094852837 0.75541530993529 0.457490336973226 1.22360924947942 -0.3482071082472
-0.0795974373217807 -1.11142023343712 -1.46008487707485 -0.488800971355214 -0.84618471029943
0.203783304272534 -0.785759169457627 -0.0942304137759614 0.663969281980183 -0.248437140924016
1.28048070607335 1.56586261844192 0.272212360332121 0.593418824977459 -0.192234158331051
-0.141937509641473 2.00207531335442 0.325305931000113 1.81995666652502 1.14546076371628
0.947480464543294 0.792724623724331 1.72220349866679 -0.224445506522491 0.216068222359328
-0.473228909330651 0.140924525264465 -0.63574679452206 -0.28872338850467 -0.0939742120706215
-0.339412600783122 -0.243211984555917 -0.516179779766292 0.223421768947208 -0.048776713853481
-1.03596536986264 -0.22013671787261 -0.35508475053686 -0.1053127629579 -0.283761019780302
-0.0525641268451207 0.145551687510775 -0.490407981391507 -0.280061193394483 -0.563569363943675
0.0936726587765727 0.46564952866312 0.114562005695326 -0.774774476958862 0.289643957588464
-0.214077910889001 0.109487119107742 0.248050515601828 -0.358408012232471 -0.266182746279207
0.990909761608129 -1.47855214686827 -0.293100201779462 0.0654641959920083 -1.58611907265842
-1.04001949027267 -0.14027772834531 0.503166004205868 -1.35136819215845 0.479126908479528
0.28989906378161 0.251992707616407 -0.415574150352631 -0.944345150520522 0.420907879003704
-0.190037839677576 0.149347173855802 -0.773626613362363 0.324227965312546 0.374541254009218
0.393964964279717 0.610769374962476 0.00309330893730964 0.160923413982414 1.41856480329067
-0.520143820947961 -0.0593704759712292 -0.63247110225824 -0.112215371692647 -0.431897845204166
1.35114078533484 0.771896639242563 0.33262427535388 0.986898797545407 0.956114670297348
-0.541443214054466 -0.629856391529527 -0.465110902101005 -0.235949047883189 0.0749891536034222
0.20539172771187 0.467597129346434 -0.0796875865961094 1.06431132200937 0.994617754002782
-0.584925458932252 -0.612151735114083 -0.273399919120586 -0.516224485587519 -0.590009400143052
-0.0828726448901393 -0.575767129083479 1.18754396963136 0.115136637170306 0.885524531153943
0.36181514639814 0.944066760404579 -1.20113669308794 -0.519031643254123 -2.27912463673665
-0.952643244456721 0.0366470488923697 0.240456469703304 0.60303676221202 -0.516187864442508
0.103508422248194 0.829272256284346 -0.58498274565609 0.844785687631337 0.00212490396716195
-0.531086577766984 -0.405217838729855 0.0883581473236724 0.0261176421378765 0.956486715186384
0.0396779968601782 0.0824663265946941 0.463052283655217 -0.232429634758028 -0.483015970641919
1.28240122652004 0.796775561564662 0.146494335418415 0.903263525376052 0.265543078533884
-0.679946133577831 -0.381721073256251 -0.70704564329657 -0.205930425047469 -0.181199245688998
-0.274785392976471 -0.0178596910617507 1.48836333618626 1.68201963032288 0.771680751458194
1.52107994970405 0.952142063357275 1.64234603844822 1.21164221182992 1.22576337739304
-1.70296744787693 -0.791056133961653 -1.36417061709056 -1.18099541697029 -0.989822548269899
-1.24972813078015 0.0827461826630968 -0.947788354628058 -0.604786195945127 0.192547631461162
-0.233328081884677 0.345057640380608 -0.71885433484641 0.713534899684364 0.79569431408809
-0.279688922359017 0.376589120666498 1.26431319252299 0.190834420775705 0.171368631397423
0.931047369455984 1.11798650874904 1.98758418954051 1.14184668964103 1.41058624675578
-1.21566501103764 -0.572601992593193 -0.557512342787978 0.298973748949519 -0.842346619031362
-1.11694619944126 -0.49065275912687 -0.292217405994461 -1.43612087745968 -0.526672695742414
-0.111183273993206 -1.3690270911378 -1.10247172634323 -0.558129664316291 -0.62674421441299
0.682564485371662 0.818167368676401 1.17186141022948 0.990841459836948 1.4610084115997
-0.896181292935862 0.343123240855575 0.680398980480093 -1.52486183141942 -0.629174876167088
-0.134786360967956 0.777300391534675 0.720894608434368 0.397548490532413 0.868439191766775
0.365001747307031 0.683638169327579 0.254940691416366 1.47664660592474 0.94761106731046
-1.04157907956189 -0.903000285538422 -1.41399902630426 -1.7349887210947 0.352217527341337
-0.353838576735136 -0.251757294419664 -1.03920200196734 -0.615348958071431 -0.770048889545555
0.663655874764287 0.784848048255656 1.24502957649564 -0.00522417185302497 0.20478951796416
2.2533920042233 0.474323382516906 0.57836781529062 0.800555349527059 0.564239223786633
-1.03883831044082 0.430691381707152 -0.563719185816285 -0.795929537670172 0.486644508756035
-0.0836237487865174 -0.545958768626652 0.0757027331643682 -0.36687530679352 -1.19556879473861
0.402744403311971 0.304626148185228 0.392497056274648 0.200218545178167 0.261641864065218
0.351022288125246 0.971767767560549 -0.341737777436422 1.03380733686938 0.78455321271893
1.76931902237262 1.11956703121789 1.37315339971901 0.912297509349679 0.965536981591451
-0.968570370924031 -0.268380794664963 0.558472229856549 -0.327905866517169 -0.235417683661318
1.02031043111785 0.596782172356795 1.11170705298884 -0.0518340440501248 0.746001845089566
0.812733465933853 -1.03507390594317 -1.45961172264426 0.0790327766988426 0.649516680481117
0.177881236801836 -0.0184171106320364 0.00382185436506714 -0.476000321013929 -0.550979388801496
-0.713651944747785 -1.22517064178132 -0.4427057102933 0.123063931103911 -1.02082931364437
-0.503063026005224 0.390883812422704 -0.249353173777258 0.158875776170981 -0.32939696044739
-0.621221754430855 -1.20797603805083 -0.603278078837919 -0.205345704906609 -1.13303924092896
-0.509293696092773 -0.77499838539129 -0.459229769223742 -1.62239288176077 -0.129553419240877
0.0389648861524573 -0.60229708498927 -0.556671680683619 0.387548521118032 -0.0257998817151848
-0.764749430514624 -0.123096578318254 -0.103263479953762 -0.699642874513746 -0.4296003882809
0.263203169299645 -0.283748482155752 -0.308107223231581 0.47772333620838 0.541416416333805
-0.506844541614715 -0.744449785708591 -1.21777908735501 -0.733082212654922 -0.806724145590922
0.349135472762715 0.904210690125574 -0.0741446789659748 -0.598479545552157 1.19554620414597
0.348245231355175 0.401411827115701 0.871284888098964 0.171308234724068 0.748228813182238
0.272300927688039 -0.819687451833364 -0.147341126088668 -0.449566686728526 1.05088587745282
-0.258036723186148 -0.164724161596522 -0.655841513364728 -0.292705498597434 -0.481866404408204
-0.821991938096386 0.04674327729042 -1.05972371278642 1.21442015699932 0.00421624243418787
-0.267676136034709 0.124789719342422 -0.116857393651116 -0.424433155482968 0.866580509230238
-0.679246139941865 -0.510045704642413 0.403048551310731 -0.782384767959716 -1.12222462503113
0.153704489735697 0.645106338295999 0.470456290796177 -0.422805681312482 0.775295666798758
1.09058929427974 0.677394373433412 0.408968019533618 0.0296459085958126 0.787999063174846
0.814036108653048 -0.139975091576842 -0.360208914478583 0.496114524205018 -0.88374481162665
-0.480110536344051 -0.770430094474629 -0.183894502515172 -0.0560624388404631 -0.699600921527737
-0.119813725092707 0.822349372198558 -0.01291937385633 1.0065429446242 0.89488045546669
-0.584619081816386 -0.403317833052163 -1.20591571552059 -0.640863091189041 -0.168518082581841
0.631158163553891 0.436413577544245 0.690684189903906 0.621349798985122 0.0228012840959818
-0.283894535373263 -1.0329116354209 0.45065901324652 -0.800877731230203 0.332051774877711
0.238221059868078 -0.698391317314544 -0.350904410148106 0.711268193971425 0.69640853159858
-0.8697224474687 -0.409966566883538 -1.24987961642225 -0.649346194540642 -1.45605017593274
-0.585640005309354 0.382923721089906 0.0658853756061253 -1.07892820789619 0.309860675855633
-0.556695098468445 -0.618786278642727 -0.55034250670133 0.515914802263563 0.00888805440569265
1.27232697176182 -0.510065051415613 1.84184521552031 -0.756682959583675 0.766387932507204
0.147437891197465 -0.923162360553088 -0.539889088784748 0.240966457904887 -0.914942160540466
-0.538078023634675 -0.878828213689872 -0.414752114145563 -0.856678179250605 -1.74047431373821
-0.6263923186664 0.149171935473071 0.372401258697942 -1.02390253108802 -0.838432276145359
1.08638233182548 0.406271933797802 -0.088715874687307 1.21556386653558 -0.137126455929155
0.588455337596111 -0.207215767073148 0.563467519335508 0.64868901053143 -0.272110028146931
-0.367665882245334 1.54181107754426 1.35799035013111 0.55579045661436 0.880065923855476
0.902767841297587 0.81715287638247 0.539726096615924 0.45321087808255 0.488971595324561
-1.20604401446766 -0.678654092066445 0.229076563879324 -0.449937107065353 -1.08930978888163
0.362070247750395 0.622745838482534 -0.523726038616401 1.22628056232759 0.0343927339918618
-0.225924476264701 0.398408927283424 -0.241998302244822 -0.0293571666043035 0.757775512551886
0.518731053185052 0.873618072305227 0.516310489155372 0.894269392940195 1.64950564308015
-0.605144993634353 0.654131892075078 1.19545155489296 1.34504224141983 0.53746628124584
-0.102371324318065 -0.36963686812751 1.98003056362428 0.453677397244165 0.806247857880695
0.336269026550258 0.982301701090149 0.621157697625099 0.685656583937759 0.204819988596339
0.320692514846009 -0.525989586784056 0.511367109454515 0.00721083508807834 0.398096446771373
-0.499558355842 -0.121076212445009 -1.16446066204689 0.00416194954280939 0.121149886922795
0.154218294045897 -0.153710904020944 -0.458379382044808 -1.08722093358117 0.321346991027754
0.764712611760058 0.784842862306471 1.40730165101464 0.705938745879069 0.305970769081897
0.259171209760628 0.594445615865271 -0.022309848981705 0.561727160157288 -0.0321578563802173
-1.30648378507259 -1.22460731889705 -0.934965638695855 -0.630924647942262 -1.27019462442248
-0.348966156547857 -0.618465637096894 -0.318075579644056 -0.802644204924852 -0.646529950397258
-0.297980727540059 0.0896019908371295 0.334936372797173 0.457513222081617 0.0420425940141685
1.07494969574924 0.623100399699523 -1.51419217716371 1.07608417053607 -0.49694516068273
-0.693899313250468 -0.370171937677554 0.187082985553717 -0.770414348462309 -1.19439389471929
-0.948550311377748 -1.28036326019367 -0.469142949939441 -1.24480814535221 -1.25893869316873
-1.23573919091938 -0.70104585664836 -0.800992798295143 0.159722405293995 -0.355272717631588
0.925609149278448 0.359515859684743 1.00472743398987 0.0316883296790653 0.352098456283412
0.426013937958698 0.419171926995459 -0.866808408211957 -1.4144376681004 0.130819589180201
0.901760279119778 0.612516887486849 1.16863213961179 0.366091178805041 -0.407986092417421
-0.207585225223897 -0.693195461202292 0.118433605389919 0.051626511282997 -0.17537305560899
-0.531230965028394 1.13642575358654 1.62157347107632 0.715789763696999 0.0614014418077382
-0.0524187152303801 0.241555972092292 0.356565703037223 -0.301479594720476 -0.0636042083657035
0.695747910751759 0.418477097533484 1.46150145334154 -0.396591587116947 -0.0692387118119999
0.327064775545239 0.127900144332263 -0.178679027941302 0.138010203277658 -0.944436340650206
-0.373864198688511 -0.0927574690313358 0.619704785249795 -0.474748958414676 0.0492555187024131
-0.150506279841004 0.860194475330709 0.741602029869039 -0.76947107011455 0.775107823489651
-0.00463608069702176 -0.179684593727029 -0.0632378958733053 -0.0601333366061712 0.410600211988973
-0.85932690063141 0.681482210139944 0.608890822866766 -0.0908101033446933 0.482294956441504
1.24760104685733 1.63729105260373 1.19519720534375 0.355270581535633 0.171579398461746
-0.122602260939792 1.22135250444109 1.12911907377469 1.07896914216286 0.710094465831656
-0.117088541858934 0.410838617546519 0.848301650014364 0.0451648034710131 -0.80774533655026
1.15151957070851 0.341667993990729 0.00207534122074771 -0.361645621138764 0.863332826633563
1.45946436406379 0.69003235531164 1.17840846351499 0.4003549574398 1.16412773307062
-0.29637498406238 0.995681319652664 -0.637851042984574 0.0293109032068844 0.928079509681412
0.402545321621921 0.778675355798822 -0.998222962932999 0.495807585875601 -0.77931851802859
0.841160339074138 0.389287350739607 0.959430669159609 -0.784926454608976 1.18662087643248
-0.0479745186559788 0.888952751007987 0.77423207703692 0.00139780641598014 0.869232384751785
-0.0180884101359016 -1.30392514886366 -0.0965296610776445 -0.133124048805974 -1.30220242877006
1.42619730912449 0.760106940881803 0.995653671772128 0.641881880581558 0.194310392531732
0.465850709429573 0.123485239989085 0.214852693813534 1.29482927248774 0.0348615322773937
0.0513209391690131 -0.110542202318208 -0.706834540486903 0.560633799273318 0.0848364997252403
-0.955971309559842 -0.857074536262334 -0.652476350140873 -0.807279074257173 -0.584161008338392
0.766884223857538 -0.0372161001516748 0.284497505066882 0.920607275220501 0.153500799197763
1.11448734006957 -0.432710578374016 0.100706798679573 1.04645938733953 0.309895327037943
-0.0267415561979771 -0.554105381638925 0.251095931623503 -0.557119729339035 0.448526330951306
1.19274060300543 0.137171103415825 1.10648178902622 0.83043490181378 -0.386979317468793
-1.02419507033424 -0.77702681397911 -1.2351552497409 -0.784543833786601 -0.853255286972453
0.133520559877457 -0.215533769346474 0.293445736592196 -0.888526885764107 -0.410097458953766
-0.441334257470037 0.428535090118725 -0.346720732680413 -0.54437767166544 0.468648728069022
-0.0232627897307059 0.97565913113718 0.604041732066333 -0.283086489298691 0.91211793963195
-0.586566383994734 0.0088277387277072 0.294496583215267 0.445329765717232 0.101675224211553
-1.6119866794204 -0.129669265982926 0.363275411178702 -1.52593530787062 -0.67365044804214
-0.701748440092265 -0.842095015487925 -0.0304178563209936 -0.143432933611974 -0.697758282429617
0.450938161561242 0.13383604182749 0.502480416608367 0.176484511171491 1.39090956880391
0.177073719779615 -0.545663190117663 0.426889392353355 0.284815934685139 0.704981405457877
-0.382471165906749 -0.749241270297138 -0.345211081609575 -1.02254065828229 -0.531776000557037
0.644693562511542 -1.14092130886853 -0.753177008670636 0.0954693130680839 0.258580483685763
-1.34892046873933 0.23267802158045 0.222045390676272 0.0892301169161038 -0.216561771287464
-0.669709678769408 0.604152403525343 0.720951691491634 -0.422950220305259 -0.380178501853527
0.172383862807374 0.174268383648934 -1.11662188679853 -0.622064594518394 1.22433295003341
-0.709709296860599 -0.28695685761255 -1.24626196382696 -0.297579752416243 -0.371195661047168
-0.60291659130734 -0.716159549430915 -0.462791506757401 0.0925196951653132 -1.20645586679994
0.277071749806789 1.14294148262952 0.773926403373035 0.635056276992705 -0.43578548198589
0.668514420185418 0.0143333165238498 0.226686045023362 1.22981495253106 1.0071448497085
0.734193812220664 0.224046393878602 -0.31353799012909 -0.553087590946339 -0.194107517885975
0.909760437819839 1.08589278662027 0.842348361133297 0.0265241942604617 0.361327154417758
0.230172680593954 -0.822954808293876 0.0346097991925223 -0.207938562214731 0.095453296051092
0.0442675414823781 -0.61743163617958 0.482930760804761 0.16007836454047 0.40927582089824
-0.620508670691243 -0.426413995506205 -0.538027938895648 -0.747334947636458 -0.969234629485773
-0.0592646529995604 0.748431459227032 0.90784942429337 0.320126231019391 0.580374896952539
0.961228131898208 -0.691733103695294 -1.17100134674156 -1.17412518178593 0.224484225197824
-1.05173016335763 0.208235361439128 -0.509617358082441 1.11187941470632 -0.523034402751727
0.511530385313819 -0.840618308179805 -0.861482003266431 -0.418398218500489 -1.42519025397771
0.586827082049761 1.07701928140833 0.0967249145199887 -0.409451557935171 0.160307657939084
-0.21824891719535 -0.744646981584969 -0.700609060417768 -0.776626847457825 -1.05063850336704
0.718252503473167 0.127368396342773 0.827278354952395 0.169368441885132 0.113755612933946
-0.0697122376084356 -1.17006849967913 -0.443503327570994 0.0560259596779497 -0.186993386880582
0.367491650350807 -1.18544280952017 -1.08768622924141 -0.124202367815139 -0.544917632070223
1.14319525548948 1.03696145001122 1.11227169484937 0.621650126031371 1.34654667261869
1.66707704188599 1.09383795750834 1.40049890208757 1.1463220900224 0.600857339915384
-0.837531431661478 -0.197184064878822 0.301714281736291 -0.334097317710779 -0.299170174234236
-0.973214227546834 -0.292027596928433 -0.81653798265989 1.04618156065214 -0.334693677541098
-0.216741910975689 -1.10534219836791 -0.891090810895728 -0.770374420681097 -0.842196666231561
-0.678345608664421 -0.283132774727718 0.455366547123746 -0.173012861392955 -0.0304974502572495
0.184291242673711 0.990603129436514 0.612974728479697 0.0227642450791212 -0.526473585719103
-1.30548187843961 -0.818248355499025 -0.499352616898365 -0.67678568199337 -0.767998221252795
1.03463191497619 0.072664864537525 -0.56594982623836 -1.04678639245151 1.08650728698518
0.490977501444102 -0.567712076976904 -0.696010142491795 -0.51512165438028 -1.55446153902785
-0.085190725964624 -0.307732191714294 -0.336691874147532 0.27812656795292 0.400808265536194
-0.0877591815500538 0.111830222741031 -0.401875115429439 0.299725785598583 -0.679561656185473
-0.609945334440875 -1.18360065621176 -0.558657308380424 0.160305794598424 -0.477893151409177
0.47131918337622 0.77627340678479 0.568468802513306 -0.000302587467774692 0.818428009170223
1.97748646536305 0.572864832163118 1.03515358190125 0.64957996260256 1.45869840204802
0.12596371452401 -1.26065274559311 0.152460893712862 -0.415420457699468 -0.4333843039352
0.707057469711491 0.818180713320239 -1.2646701302987 -0.227429752819426 0.528370597641775
0.651247158303102 0.939335279490793 0.524965024232768 0.157369182293412 -0.252366833301542
1.44833926193571 0.477677661580802 0.258428390132185 -0.0658876456835827 -0.79039513325628
0.412270278872308 0.0718018980512935 0.985614761087085 0.251418627251393 1.36459096035519
0.0707787111081087 0.367119010357835 0.0761671977054113 -0.188753989761563 -0.534443547300359
-0.396342991625701 -0.0309810612265201 0.209228079054266 -0.833268153495182 0.377353435536962
0.781534473153058 -0.643451165881542 0.577190787973445 0.629088968222915 -0.0126747452447364
0.245101125983464 0.426074980201849 -0.262068704900822 0.854975708755426 -0.173003531234122
-0.705824907646181 1.05037456087989 0.0838130181433101 -0.383041533044531 0.0692251820989467
0.653157808806258 -0.701979048927193 0.149849361250438 0.364429405599689 0.384861769003181
0.521466955993175 0.973499231624135 0.57855504221376 -0.181137209066535 0.101004359902074
0.283715210662211 -0.940252525231987 -1.3297819897098 0.157606762838032 -0.800056669640968
0.328865540722949 -0.727823550499101 0.28349350570085 -0.167720401574522 0.335186943024351
0.273865125130285 0.871330861279247 0.324684352621201 0.0249639758101752 0.193570610122069
0.355602904608081 -1.11652199665418 -0.582252664448009 -0.146457145044939 -0.112667647129687
0.400301133695857 0.721039089793865 0.490353274473508 0.61131157555115 0.186557397722833
-0.680895342690357 0.373333345462116 0.963789783651582 -0.0933804864165874 1.28677959503652
-1.02486348035718 -0.40281418725517 -0.0354664698571693 -0.509754168743508 -0.873508900798672
0.158621039503051 0.270164436551545 0.305475417174762 0.506295879819342 0.803212894105231
0.0917644052636164 -0.0534360241718974 -0.61604892603511 0.349223174772634 -1.55842796254973
0.259298998400605 0.327243083035368 -0.248655861420982 1.09037645535006 0.232136489383085
-1.27294551065408 -0.65319265282319 -1.02707496861028 -0.998728929148055 -1.01358226019436
-1.19483525986418 -0.0164689100380738 1.17225940966748 -0.180349293301097 0.201309437587446
-1.11544099328748 -0.613737476146681 -0.112856600305153 -0.216274617167578 -0.012611924986275
0.193074519332353 -0.80432657052519 -0.301014601016349 0.0395035298865715 -0.430409294167607
-0.52472989318819 0.109943463400417 0.379210941728439 -1.0299459149535 -0.857496526651786
0.261035344458491 -0.0282674274097313 0.437651063133113 -1.23127040815583 0.738626638797355
-0.295853378562328 0.133073527879205 0.937494329688341 0.863812855060727 -0.169059702244397
-0.388601667474428 -0.409435704995552 -0.129013241192231 -0.165343372811909 -0.794696497185118
0.405326832266874 0.411082088165834 -0.462363666473265 0.874048751590348 0.0163892144695865
0.318009500652576 -0.562156914464683 -0.789811082360005 0.407214112873981 -0.642219978800699
0.417027691718065 -0.568732178363389 -0.622380486709913 -1.20852336108851 0.330994832163177
1.04434327920207 0.759251090438523 1.17917757963056 0.571595969197959 0.399473366098546
-1.2485562892103 -0.473544306891026 -0.789484378635788 -0.883542402086862 -0.687646043525048
-0.762051455423533 -0.0136037795571743 -0.64970651026596 -0.841509797320138 -1.20162545275223
-0.231938868487119 0.0653753050412193 -0.155467290120461 0.840104755241295 0.545759668903013
-1.71843541219027 -0.369361474247821 -0.911863000455068 -0.419691655650047 1.05801808303231
-0.743959688051359 -0.431742131436002 0.0133094956395461 0.209130916021865 -0.333696590381926
-0.870166869876164 -0.730705642128934 -1.09700870503867 -1.34328199580838 -1.7760872272582
1.13547993513634 0.281757267655481 0.740327269118075 0.299051779070794 0.765399258954068
0.339440244424456 1.01110246406582 1.2595411154436 0.366085880667871 0.168024461871061
-0.840544860930981 0.868958473863468 -0.714924186280179 0.84538779366843 0.292409929281034
-0.200453761938707 0.105504025308062 -0.335516105856857 0.403265836481122 -0.161612078737727
-0.398001608935147 0.155748132446183 -0.963123021416087 -0.641103409421104 -0.244279256487372
-0.838484739874289 -0.707434973764573 -0.243303754119822 0.0715475342330776 -0.33262986419383
1.34135032885273 0.338841658526696 0.162458678756839 0.710168865184895 1.12573371615191
0.051777861772045 1.56209640849603 1.4958854789283 0.234887437364335 1.14763339501888
-1.33131733200398 -0.297432351223214 -0.276202987264536 -1.16045624780313 -0.594728458713668
0.757225108776225 1.22537669628168 0.385946294853003 0.41005865951552 0.477359539034049
1.17016809796384 -0.540140508839736 0.773043552337406 1.6904388142449 0.740169005875966
0.289719292580022 1.01413365200904 0.948704375740529 0.0310979242524977 1.60331699499363
2.11045783074142 1.58474952944637 1.18049720756269 0.885518295315291 1.6480786937203
1.17690275343843 1.17125363640064 0.759165836602252 1.43367733509607 -0.293035006866328
-0.250851557168901 -0.781849872139823 0.75582181503756 0.685149377185979 -0.252694919494234
-0.00689666131256075 -0.217537637221272 0.561882391070803 0.358418860487418 0.57058186071881
0.663129354688586 1.08580393680027 -0.191838941783556 1.09759875384627 0.900608787395016
-0.856043870598995 0.388584758025435 0.939591953399413 0.0155118234952426 -0.433219016374592
0.0287653641738535 0.197272854023043 0.488080916775838 -0.96942680923394 0.56623263423365
-0.413857499289363 -0.570558832680638 -0.228867863240702 -0.401661824257076 0.266005731672443
1.50870134038793 0.952788058575467 1.46760228385924 0.419965550730858 0.886834925139684
-0.649816843681993 -0.822112782338527 -1.34248355606105 0.081193744647048 -0.837028138596588
0.267623025066778 -1.05857588239711 0.251049408471507 -0.303599671809287 0.205860226230177
0.418554973318461 0.0647585640445831 -0.0734705398885112 0.0448686453451062 0.989182637191042
0.291790760265833 0.360515401436112 0.810933848004911 1.06111785609319 1.42282647913233
0.295463673793359 0.0195823603402111 -0.54189724160842 -0.859018574904807 0.6935842579216
0.210142380953852 -0.228929737505659 -0.694604147903318 -0.511769006689583 0.366612019543464
0.0103701945520247 -0.187781893471742 0.965739508501766 -0.722086047055761 0.459971569941481
0.914612939699323 1.4588020866787 0.524333106166483 0.827862801786935 0.005106203440132
-0.385199376545289 -0.00702185568435604 0.628956883658003 0.546443927936033 0.0887648588583103
1.25091895577828 0.293063598317062 1.30852773508698 0.8156686178008 -0.0583390064212255
-0.383651976010197 -0.169154834149292 -0.39457953842916 0.167692547058368 -0.50343650371662
1.06044575995595 0.159362139439107 0.484049782031749 -0.16383859067147 1.25771226843826
0.191757305005728 0.102216258592354 -0.378634264957367 0.388798259694727 0.320456590104792
-0.784658027084663 -0.355210003750637 1.23938567004428 0.213790784940472 -1.11003977058724
-0.355156198045369 -0.476456568572503 -0.791012935503008 -0.0993147045718138 -0.597788515693409
0.912989089158937 0.624034444923683 1.26691561274263 0.302993124311972 0.490741325390566
-0.760065956932982 -0.968979475757304 -1.59239324927793 -1.28610456102463 -0.23264026643715
-0.574418829024514 -0.645513986843395 -0.883405213281063 -0.732712577281229 -0.859346975446531
1.76465771032891 1.25925601449553 1.57582940910051 1.84354398018941 1.77925172634629
-0.333463112491302 -0.268696874450238 -0.885354355094203 0.0530045863841682 0.228927876659472
-0.201996912454856 -0.751719838279165 0.0260730483481615 0.184289888705608 0.484862612714965
-0.507996448509276 -0.161649770940436 -0.440002968401167 0.0102692238851977 -0.153386653053798
0.15435004440124 0.265240578548323 0.573001910874087 1.11192346892674 0.384791160308672
0.0455605452174734 0.433233445581729 1.0336136901085 -0.924456838084347 -0.314776108280795
-0.592687635331948 -0.585364554080299 -0.251975184084753 0.325363496557308 -0.358428959874928
0.0793484257636645 0.483931015000291 -0.460057738995036 0.410246538274272 1.52567343788366
0.23031119084001 1.55066650928984 0.77937149966974 0.00399448330014025 0.953605626216964
1.21885501716091 1.62198737982272 0.268165849242754 0.624405546596202 0.694362357231474
-1.07522252859771 -1.02751032207739 -0.625672884707615 -1.72267909720022 -1.1993793421448
1.06120671343985 1.20042421135224 0.211273318247218 0.0999714670914712 0.713014744017442
-0.838710339126217 -1.4394701793784 -0.779966798754336 -0.909183320971085 -0.503388643043228
-0.383341777955902 0.535226370972268 0.0769674323125724 0.0227644861637739 -0.165856514742899
-0.529814992602724 -0.739862694938074 0.0801262642855366 0.790318267564813 0.486037777814102
0.865540660424876 -0.230477197990448 -0.585914058145253 -0.62273639871527 -0.470309246057532
-0.558606748028731 0.098255711999596 -0.40564386565791 0.770462169778245 -1.14984866370987
1.853025620961 0.845103257130121 0.830914230696197 -0.10198921081054 0.0997585540177333
0.571347281042203 0.32208831018161 0.846694514472857 -0.4331430439629 -0.302110847273751
-0.90433839738569 -0.0616847498817161 -0.782737065643161 -0.513217939692463 -0.687421411278434
-0.12308988552939 -0.129242613029145 -0.210437154964092 -0.158690223020372 0.944105654844884
-0.582302729459331 0.0439173010357717 -0.188774390487746 -0.263043555159274 -0.673238301662221
0.472901717572565 -0.582939669035904 -0.604329925560755 0.845366639656031 -0.543618668398878
-1.18195849104706 0.408314898622377 -1.00558706322999 0.850040341440905 -0.100158918913385
-0.658538510471865 0.715886213728598 0.186717094757578 0.344252512229151 -0.010672780613649
0.540310335989444 0.455564309331298 0.885219813971055 -0.239520766412754 0.715898261065986
-1.16045803999749 -1.2885940824359 -0.331591289347183 -1.14998197119275 -1.40188503450441
-0.332779517554018 0.327420290289951 0.0882052537800441 -0.202124626459776 -0.252823140456696
1.46340194545741 -0.144559740311529 -0.47739215430249 1.47371095008664 0.643700428779028
0.894977437726059 0.567622898728153 0.0434965031695494 0.499459509496459 0.847898298373628
1.41979068208636 1.05035953301548 2.10956471431692 1.303076004213 1.5478972379476
1.24566154113081 1.16734582470674 1.08658905636534 0.122398914237357 1.15492562291223
-1.01535042871928 0.0453114634686143 -0.459270254794412 -0.675752039323502 -0.851941078393195
2.31762206968099 0.856518181171273 0.217529724160013 1.0412289808543 1.73666916517813
1.11527462848114 0.544543956086974 0.379917030515568 1.24628621821643 1.43995691968898
1.57183084500229 0.659216219856287 0.786873101401234 0.731051181475435 1.69168988472224
-0.170907562570057 0.153825725046776 0.308684751716667 -0.525943982336105 -0.0913760681736867
-0.219933809534022 -0.814996146940836 -0.774335987227212 0.295178942662725 -0.27853615441863
-1.13146135457135 -0.413851901736876 -0.346644718385909 0.367725959007829 -0.490466345680579
0.703666122785176 0.464293466289674 -0.832113960584413 0.271416008986553 -0.437191224337362
-0.250450990633798 0.415843280457658 0.705093559868936 0.440589298111968 0.937257444675409
0.749272112584564 0.395891610390126 0.221335090168349 0.0450512842737952 -0.135357569440439
-0.79224268264511 -0.119539620665861 -1.0905662548057 -0.0542504101848302 -0.635210594209319
0.0408983472253018 0.524288583039498 1.32141686386728 0.888649661935104 0.829413254266422
1.27190131232941 -0.122068455457461 -0.833601311424739 0.148086730360253 -0.133452704097632
0.656106864688172 0.867706442626369 1.74656202070147 0.218354607815006 0.901287237260341
0.601411503882873 0.622627343414458 0.619169363844421 1.42298969483505 0.857623545407865
-0.587564735045765 -0.298974240238041 -0.661616740550968 -0.420588418102608 0.14520276136283
0.979834561281228 0.409318754852567 0.226975179379391 0.762547593610877 0.970520347398038
-0.653658929422169 -0.15213568445238 0.873571375738468 0.524126901648927 -0.527126081925828
0.243515721034804 -0.599312349917726 0.441523449257654 -0.810227647838382 -0.717148406113974
-0.769507147803289 -1.9061304064723 -0.478193908512782 -1.29239319071437 -0.398593136322001
-0.0380830275800423 0.167595042674047 1.1782159676598 1.52396101895281 -0.71799017255659
-1.00842711029313 -0.558990216414637 -0.491189068118853 -0.995301986718095 -0.712178795388948
-0.176309073850899 -0.5392204353471 -0.86619097318539 -0.863479384572991 0.0659489518792484
-0.807720300018642 -0.743751459696502 0.689511891815078 -0.427330197030674 0.247772364336873
0.233576114755714 -1.21746651576933 -1.10146533643473 -0.578695209313775 -0.919774318615155
0.574494185222721 -0.862638199471343 -0.385673382328846 0.138069302673064 0.10430595274976
-0.892209546118155 -0.172847326105768 -0.759926851433477 -0.677635557839315 -0.594146808309703
-0.531319049897733 -0.593811630874175 -0.137229748427062 -0.329804014280436 -1.45472476719542
-0.297002423417161 0.0517134618362252 -0.66074384620533 0.802377017492727 1.04898278228474
-0.276794810742262 -0.569296086805738 -0.316045605834126 -0.535159620757091 -0.103186877413708
-0.676803568331165 -0.0942675609893995 0.147751271626586 -0.69694259052784 0.0184413220557176
0.349143255077314 0.00960647827741655 -0.876573001920595 0.55626051638937 1.21976694715912
-0.517709937048097 0.0291029957978602 -0.546131546552801 0.0709515839318862 -0.837355186816256
0.751997510122587 0.29028793583255 -1.17055519749826 -0.0530528514212571 -0.531268974676413
1.41707096138665 -0.407254476218359 0.560410950211818 0.744911316634899 0.844280800884338
-0.396591650939763 -1.3590347752776 -0.900641991088484 -1.27356038690792 0.256066632651521
0.322996784426192 0.816399920864319 0.0575623119022841 0.153305977884825 0.689302135990843
1.11498125074083 0.456498554481013 0.259875043640986 -0.71799116763762 0.403396270444257
0.686826359030991 0.655596427668549 0.504762474494865 0.633324924986345 0.441836837756886
0.199367876107197 0.458640864892946 1.03202769897236 0.718936810414937 1.63437744047116
-0.0167757319366018 0.410195811492132 -0.60847602461087 -0.206932721228542 0.388992200179704
-0.397400739124268 -0.462514820665503 -0.0937544207573625 0.0993773700677931 -0.220834044793619
-0.735706279907853 1.01444378506701 0.399850241176394 0.0569997237702366 1.05673793428181
-0.710544338605381 -0.294799223645395 -0.565108048685176 -0.473706434283489 -0.805797947842042
0.620245361981956 0.254676343298831 -0.544617283989284 -0.164801495004486 0.306464651443539
-0.355944060195603 -1.13904251828055 -0.178110280462154 -0.180734403277815 0.752833352331267
-1.3256793019584 -1.09178578287211 -1.16009042915107 -1.36461547904039 -1.05772969915981
-0.846033951924311 -0.50770454008998 0.95809941539097 -0.523260070677988 0.413977877662341
-0.674597153063501 -0.174543025679792 -0.2721226288262 -0.541559554468863 -0.193612533446192
-1.40638963022806 0.809014480642858 -0.87453948121708 0.0945631065342204 -0.0472807913181067
-0.00270032084156135 0.43463107693351 0.017386067489886 0.745275619058154 -0.833005725498674
-0.678048819537436 0.403260925412943 -1.12207753918375 0.613045463914787 0.06671172674
-0.438033571022912 0.408841633573443 -0.0387649493604029 0.146130901361641 -0.783821072547646
-0.532995801396104 0.485438078812714 1.15119299281876 1.4935424021874 -0.00813700374085214
-0.058396006367953 0.104195786406232 0.0312623217129832 0.124563548936145 0.108673462114335
0.392706361278642 1.00753446314087 0.151220792433107 0.860944103989405 0.644895257250437
1.44394776181549 -0.349236174121471 0.506865927415347 1.60416840737623 0.650045201858902
-0.443049711309125 0.15953764653662 -0.0978089201619048 -0.0570256574493531 -0.794529364226351
-0.284994826718553 0.780514172590735 -0.0127697597881502 0.213080386182928 -1.01710734805155
0.112162087220841 -0.813736019792398 -1.18493272325248 -1.00798290617535 -0.395672470840485
0.914043596110503 -0.762928993910235 0.117439245720035 1.26140831829468 0.195136761964414
-0.877959497018201 -0.967293752512495 -0.0881538168630647 -1.34350404825328 -1.09571092076059
-0.0135851342640658 0.581272951715169 -0.249104921077246 0.548566414254228 -0.184720334542049
-0.423754426656296 0.00730755205427007 -0.524989896917942 -0.395052848625647 -0.621711433414298
-0.542334677793402 1.06568689199073 0.177732196032039 0.345180316103942 -0.552145219274508
-0.228525232834134 -1.19120033236398 -0.391782733408157 0.424069226660072 0.285011039414103
-0.51533016800794 -1.3099091073501 -1.53250030941636 -0.580212068859989 -0.74637080176069
-1.84596159723367 -1.26022613920219 -1.65422785279457 -1.44883159536757 -1.19525398536166
1.04627429966908 -0.533797363654551 -0.904600224892321 0.0792331704031388 -0.976443717522956
-0.716794767279732 -0.434263936191417 -0.400176707630047 1.03462454024599 0.195851143040598
0.366516425296486 0.209151108527708 -1.07044310704441 0.0499570153670295 -1.2042487255389
-0.5758060494368 -0.54039617816725 0.022505742987236 0.345520344558527 1.38955733183167
-0.304505707527107 1.16782231282579 0.0877768234252828 0.122528090602466 0.315760816731266
0.631109118659323 0.188933572299429 0.381713024147019 0.180360240459651 -0.450200166740495
0.892239172816725 0.01298712055419 1.00818601164869 -0.609304714642917 -0.337306011952495
-0.606292451943435 -0.925620372844304 -0.978183574444747 -0.635545662040635 -1.09210448132741
0.414488761258724 -1.12725461004976 0.124947134032389 -0.542950002899336 0.608709406322342
1.14447451176705 0.264017991025335 0.463210107182502 0.326509444746423 0.818656713373244
0.52484789754337 -0.61931523842561 0.0321648364196528 1.01314365022949 -0.333633099365484
0.755790799284828 0.664755598667975 0.723052385634028 0.391207783180464 -0.0238160763239701
-0.325300627095634 -0.43030100079468 -0.0723277698250923 -0.253844746005609 -0.197464726466323
-0.30860544292668 -0.00523421584665389 0.189781356426149 0.449634906093653 -0.241484723375912
0.384624493791105 0.50874313545811 0.319264565070634 -0.698207680462892 -0.826605426287336
1.39336745723562 1.6237343228605 1.69598265201964 0.968464331877817 0.518834566323472
-1.0797720195279 -0.63853111438788 -0.0376337575516542 0.892027748987889 0.558389446828003
-0.13377096785742 -0.377956930952049 1.08411625685565 0.0911762382021344 0.0285160188740008
-0.415265837805601 -0.749895090912375 0.490219318434479 -0.415278256682263 -0.184000299284052
1.92434562816285 1.63585655593737 0.697689711234643 0.917465924102865 0.819407146807748
0.274803504223779 0.256594303412695 1.32879959456489 0.227882614773432 0.725102001786979
-1.06886590447341 -1.05737809590096 -1.16755900464061 -0.283533955899833 -0.70098960939245
-0.671489331555766 0.246639179056353 -0.59811713052528 -0.215450540154575 0.624606113451526
-0.0798301097492535 0.808730932161079 0.7508733468803 0.954099681974768 -0.24423767251346
-0.540621705436034 0.798925581151671 0.334895419403938 -0.808348645843354 0.764974460441906
1.44118239231334 0.201659306496241 0.264961397446816 -1.042656682264 0.8581916759168
-0.344484693328518 -1.03390468473483 -0.752182055938323 -0.193534351601 0.0279439723066949
0.688409166096696 -0.209321425310862 -0.0125823526726327 -0.502509462373301 0.0306246406319533
-0.0424491368624243 0.0967068278691951 -0.599141625424135 -0.372554867361184 -0.23176329567194
-0.244009223717529 -0.869738361046516 -1.03665008698238 -1.34750246145435 -0.605902085046166
0.147801689839293 -0.0385572267667586 0.380703407695961 -0.489211667774256 0.396142271032071
1.47049196509666 -0.307280951771943 -0.665496806274339 0.8359838019328 0.50580105002606
0.466953940612173 -0.884693287884689 1.22457396341472 -0.340394630089106 -0.757594485370897
1.58447700371764 1.35636129918861 1.08552096751611 1.22414826454948 0.122784772343764
-0.632859270808201 -0.525461990566445 -0.729047064269541 -0.602016557806065 -0.601685853202017
0.0471036060611734 -0.224809037408558 -0.686977070014949 -0.637979593939794 -0.635816525836217
0.352061337072381 0.317034704651543 0.364255478875516 1.79277509982895 0.903287246993498
0.586222005941896 1.09819742954162 1.39087751297205 -0.0948711610375067 1.20470984062836
0.0658990312743618 0.166574808029955 1.33281902635165 0.181956142268537 0.970151956123347
0.107716836531494 0.448530120347168 -0.267474648765436 0.490396891285154 0.784109515740163
-0.404364538973578 0.512783849118523 0.538003369002367 1.28122382389241 -0.0419321946560383
-0.615652042902454 -0.0101321500253905 0.0363168445738077 0.901671167513936 0.373893636242055
-1.18090885529098 -1.36218419232287 -1.13691713292022 -1.05103629309108 -0.724579500116318
0.624817360131857 -0.10878557030005 -0.255652498561996 -0.0511522321961918 -0.152140717456775
0.853904803773725 0.88169006751844 0.574627226567816 1.10175149214036 1.24311328378308
0.137747618915897 0.504181135470694 0.205986811744673 0.607014584279134 0.152282923009241
-1.20618049263663 1.00330498282313 -0.342176016941625 0.195359541781726 -0.644359071550103
0.128653389318072 0.0217457173301673 1.05377811054643 0.554673114701923 -0.240359088918938
0.945227388509125 1.24426513624209 1.43594039508425 1.86849469263712 0.324976824812736
1.09346754116515 0.611574253841792 0.463835451745128 0.521487244321655 -0.793194511631789
0.106687652680965 -0.163770889262157 0.277112290962383 0.341403622462092 0.456505881858039
1.31509176363904 0.66993840440072 0.643499346551233 0.650665396562523 0.0996579994141042
-1.48060835701795 -0.735003309253895 -0.477268077754458 0.324321927703918 -0.729210990647779
0.820834906003162 -0.0700397102152842 0.0792043722811446 -0.759680039447379 -2.0164148741918
0.156251007873692 -1.06755582920694 0.656510595458471 0.275405416260099 -0.412778314127671
0.690283735320195 1.27956622188157 0.985910252786035 1.18628307509734 1.13389721440684
0.805350953588891 1.84886657066653 0.0384650740276501 1.00491551814275 0.635680472796248
0.672666458961308 -0.515283826803271 -1.12447252022279 -0.67405683827056 0.421685629916737
1.06309657512029 1.17399240438835 1.01070946756999 1.58598089863733 1.9300451607412
0.168334660502171 -0.572680983161111 -1.59730197725664 -0.776623416382617 -0.964030232068294
-0.571775174416304 0.13040138760381 1.18095142414398 0.239448133424951 0.198482165245171
0.625594813061395 0.619588795731911 0.42698832805137 0.0629999283805935 0.329027919597342
1.54665186575023 -0.00489587675355141 1.24863399639529 -0.209553408194687 0.810233193603428
-1.2590259908309 -0.254919516612679 -1.21413082221137 -0.899395603445887 -0.792969864259487
0.52824921086513 1.35477823845982 1.07830924197274 1.27292950901195 1.25462528766417
0.720115496059988 -0.302239920865009 0.155739685078299 1.31035891537915 0.898090059810252
0.436639747321498 -0.273621496126753 -0.0495060074156171 0.706125046276921 1.15040682587597
0.0998751650089956 -0.760060497771177 -0.579956294777452 0.566624202623203 -0.712432678346136
-1.18036289096762 0.437051633991829 -0.0355690855926411 0.293829495951827 -0.723592441517939
0.431852048833345 0.403380906870899 0.391691009938344 0.814297675444289 1.22338020074185
0.817985763531759 0.967729465164516 0.790940532637316 0.398373217063507 0.985459708542698
0.0214449818041389 0.601248119763589 0.8449914059716 0.818482191118411 0.436089211089473
0.170094118352605 -1.36350208592794 -1.00869811240058 -0.843295868296877 -1.3176848611767
-0.0203530800621967 -0.27347853264214 0.322805036566702 0.492909464954932 0.623558161269409
-0.110493482923349 0.590309687094891 -0.280382426080586 0.0155374580786274 -1.24936477554555
1.41750230026635 0.16597094426623 0.189622721089776 0.0782131408714161 0.357347411495763
0.872638735944781 0.420598597847593 0.901171781388119 1.27006811544685 -0.361610128707651
-0.0647223181031859 1.05642013341224 1.42090585662979 0.93367528608205 0.463682381986088
-1.07960646464173 -1.05966536705049 -1.48803742429386 -0.472035651522194 -1.28438631642036
0.394552578477471 0.401537927428823 0.509299041655758 -0.568867399553019 -0.0776697659603419
-1.36550200742151 -1.15912817004359 -0.578154295346208 0.168883844964332 -0.912156677859548
-0.879253251963277 -1.20422605298559 -0.569657519550042 -0.109067249885822 -0.267328581955927
-0.586857592078832 -0.013617978867749 -1.18017135926469 0.239202526755677 -0.348074533455837
-0.391162523891017 0.0569685267102712 0.173363891896458 0.406329730352352 -0.372288375704042
-1.01905535173072 -1.0508920825878 -0.283014868786315 0.754429036816622 -0.749600944057304
-0.173179728306089 0.583600422765486 -0.475012244579142 -0.226761025450188 -0.800637980943017
-0.748309311787491 -1.05576119142158 -0.331900584250972 -0.804952551744916 -0.552411210431812
1.12360894007528 -0.200842994447424 0.287547785898836 -0.149571374523823 -0.107591810194867
-0.616201529333446 -1.51541421019769 -0.41724275181616 -1.21954318126003 -1.33753196706971
-1.81870910476198 -1.74379896637909 -1.19549632827373 -1.50092329111119 -1.43788990455945
-0.160421193636218 1.10284379549572 0.0726216426849643 -0.0960341202086995 0.228431869680381
-0.596722316160165 -0.505580587409947 -1.36144980387779 -0.824401976829396 -0.300252404448684
-0.352302215415841 1.03267773576732 0.606811429047121 -0.0509601564694931 0.138597664026899
0.459856627531361 -0.883311842271088 0.365542270877873 0.0995700986456589 -0.588470255671198
0.290641317885632 0.83937473433342 0.884769554210666 0.744232857864612 0.332601627863818
1.05562351041308 -0.639533609519553 -1.21056696277069 0.508577799150196 -0.101769753484052
-0.685758052125698 -1.12240036349545 0.358461879512808 0.280718767369752 -0.653147671613405
0.532029451564702 0.829584827899937 -0.325083348198994 0.236687533276638 0.833216444303693
0.0643255139641396 -0.0510986573934468 1.96384085396134 0.195710545369689 -0.0361703846969763
-1.38722464892707 -1.05850776174757 -1.56628909694872 -1.00615998300651 -0.962740897644325
0.425946934912493 0.951300586942006 0.474767352173629 -0.216301540945121 1.03636090562837
0.764494700968882 0.248170915941822 -0.0746597175394493 0.48127436008459 -0.258392794746105
-0.149974234591324 -0.31690019197626 -0.541008710878253 -0.397021663257001 -0.0106003861920706
0.887933042436689 -0.273855121424769 0.150198962791762 0.666038121276985 1.21969815906788
-0.551368615270774 -0.944183590368219 -0.437661631693659 -0.00758163689949283 -0.66543227757517
-1.37384505335525 -0.283902186324643 -0.195929247999967 -0.443078926493759 -0.0415114356232566
1.50500122155262 0.37215644600385 1.01042176945715 0.451289450649111 -0.0904367742329778
0.74411414287944 -0.138473179908061 0.377958109351212 0.369177136153337 -0.935698536522197
0.631201224649297 0.127006975357583 -0.686667922627451 -0.342357534282237 -1.44163990615351
0.20056173937958 0.980503340393772 0.551011649906442 0.451132502528273 0.44574465965272
0.33031414403881 -0.80686547058868 0.437712920060005 -1.26359209870578 0.791330495292011
-0.00409389916350379 -0.807145593278726 -0.0951737248595516 0.396102239505897 -0.0295084695870188
1.59251493564634 0.357440631847689 1.5057950056705 1.527858812162 0.895071874397864
-1.01084934321605 -0.180603821336338 -0.153508163406507 -0.536175891523777 1.07862788505213
-0.566220753636545 1.0257408871118 -0.740191653543024 -0.783590908569038 0.968828817241625
0.180517163347163 0.819424297178538 -1.0025732015855 0.251603856174401 -0.713032539826687
-0.553587931397633 0.353460421183609 -0.916861005096132 -1.32907279470885 -1.10768179316904
-0.93790880495953 0.0698630635804448 -0.882170042848804 0.30600343905194 -0.247930700927272
-0.174458829248043 -0.614191007498312 -0.689201105525026 0.657585171631895 0.662896625853225
0.402313259750521 -0.718975184278888 -0.373085797303074 0.923809633827144 -0.060246529070518
-0.612474035384742 -0.339198982650795 -1.21129226637346 -0.168152164627397 0.745972038989857
-0.6260438103153 0.194024448896752 -1.00033809144392 -1.03205427873076 -0.833260755944182
0.50870030880767 1.45624404051798 -0.238021613363497 0.758107349482817 1.17643369974525
0.333855533631319 -0.596291374917957 -0.47987142877819 0.249953222332541 0.154996936943843
0.0589736637956913 1.20326804880683 -1.09756152959668 0.416564798611702 0.82185529757667
0.489855645608262 0.0474548201768078 0.34300456304068 0.717548393603678 0.852824884343732
0.386690485716129 -0.0753037224647142 0.234083042586849 0.647877478002449 -0.6819707882984
-0.530304642460211 -0.323436271475791 -0.642094614652718 -0.394172779193846 -0.737476892169974
0.201159249710122 0.519088161402886 -1.01891573745529 -0.236468052922734 -0.233833945273617
-0.255177872386439 -0.296375728162161 -1.39357368197174 0.267450742654576 -0.224706318222408
1.56880467347353 0.412917230033123 0.216475563868342 2.23780134804243 1.45695157679581
1.21249996076121 0.423247408676366 0.152798759815575 0.821097916929634 0.399433126589894
0.791710476306437 -0.33014925137879 0.90517093637161 0.231916289794037 0.313025353292345
0.149151783508285 -0.951518824091929 -0.296724145669624 0.108774223775276 0.486234413034154
-0.0425547010139336 -0.370608205150224 -0.195802092727901 -0.124000456401697 -0.526185399223536
1.29261017851006 1.44786754785914 0.553296405382779 1.32739022319593 1.12526599008352
-0.468341279643433 1.09943922566723 -0.434687217915799 0.187514208101003 -0.843583775830626
-0.655895216139089 -1.24995371547431 0.359198949718313 0.239046310688205 0.0510960610693978
1.00416296234747 0.0129391021504539 -0.0752517091653837 0.423971068671791 0.376562866597337
0.576507379272677 -0.747291506162048 0.289917545891025 1.04856524406297 -0.686373639545245
-1.16881800727125 -1.15223012051738 0.306196433033825 0.0313412556787805 -0.769158041631816
-0.123323356863163 0.443167342375333 0.0755523550161092 0.297561909261061 0.832264544744121
-0.812912050141061 -1.38497772071811 0.217385398696852 -1.35523101362044 -1.64183669618502
1.00200011787221 -0.830887447766797 -0.311951356903128 1.33491044963005 0.729022372555046
-0.297903105176013 -0.786621177534052 0.395722144305623 0.81499797534132 0.412638128744971
0.479891487309848 -0.69692025774936 -0.935735438798315 0.941192880688587 -1.52426929048465
0.277665991322486 0.667997660985718 0.35242402297376 -0.979201619948066 -0.411496152045776
-0.936655943740746 -0.874495289681319 -0.285987375397803 -1.00473695889523 -1.3483878281999
-0.474916174126023 -0.494489291676246 -0.71781632305908 -1.27255119308739 -1.17328786972632
0.117576780845104 0.598907420634819 0.917077493032166 0.1653006314889 0.00365593009209673
-1.55404814145266 -1.17664492326229 -1.04576619136353 -0.0452882368241128 -0.616698050878397
-0.690365958596692 -0.472709502047975 -0.881378523281553 1.01179449378691 -0.895534912545811
-1.292408724729 -0.600912804277569 -0.255149637605054 -0.141428583814558 -0.87282746396324
-0.636789715976719 -0.958980955042635 -0.757568959199704 -1.3741517382317 -0.192513398702803
0.502609997245489 0.183543520117283 -0.170205901606102 -1.4041637181091 -0.783585941908073
1.27632052826592 -0.525127262473756 -0.201822783927755 -0.110982086221852 -0.400626583403348
-0.644050046759112 -0.0124314908656561 -1.42152198344614 -0.473514447490701 -1.07852854902517
0.387852879195381 1.08573120705073 0.941024034465166 0.867933903700085 -0.271807251517475
0.665491643277428 -0.765689228758403 0.651836644624226 -0.453294120572854 0.143175117487109
0.339956699775917 -1.43655613046373 0.675561326785256 0.0348136108754016 0.273100162349205
-0.194497515169366 -0.54462406151273 -0.835851452188049 -0.542992647631226 -0.804983878695248
-1.49198202676162 -1.11060584988655 -1.43682297774346 -0.965849710934994 -0.955713408985974
0.0983662136281111 -0.351025578488565 -0.278224252326529 -0.594994130411042 -0.568208983256051
-0.871470654532403 -0.643181718129659 -0.321397590164856 -0.737154896902042 -0.0973756850547361
-0.575915131422252 -1.26594322099369 -1.73546887117079 -0.969337953788249 -1.19706694078845
-0.520439939328944 -0.364309652886009 -0.609466806183423 -0.711509505111881 -0.495826640440704
-0.129573421522672 -0.44282248060056 0.792697531578938 0.260402003710588 0.598376658535661
0.105033919350295 -0.703898485543838 -0.819359086945367 -0.330945877541387 -1.0508271853805
0.321527512383178 0.753389851871423 0.43881463227581 0.80628118370958 1.45831937705743
1.10413379399506 0.5339160152503 0.448020773029408 1.09931302394902 0.62766358820562
-0.45334450240987 -0.799646038306639 0.396772590362995 -0.638950583836985 -0.828351321051697
-0.344611101707327 0.412273770635626 -0.393363921133794 0.457856264062332 -0.104997160061657
-0.311247416647084 -0.289445170417075 -0.322002457941176 -0.817001531272784 0.907072662560162
-0.958209676440389 -0.998860850223841 -0.306561488718565 -0.376093354626224 -0.346272403902781
-0.33631354118712 1.07672133390106 0.364355180795309 -0.474210824458484 -0.0368417999653553
-0.71726778959987 -0.199751340475696 -0.680024122124843 -0.554805687828149 -0.734164362742995
-0.453480141457136 -0.138383318021739 -0.277989740785355 -0.232069641127778 -0.72103264599493
-0.802966347201742 0.181743824689709 0.0150639346392022 -0.0486137923493192 0.0288597363816501
-0.0860223670592912 -0.557786408902406 -0.84394283808573 -1.12776792862806 -0.303709115940376
-0.13175144370485 -0.874487726699476 -0.90710927467194 -1.21495812527066 -0.383503273880819
0.365634458632702 -0.978642618238841 -0.410811668503118 -0.584626528448459 -0.917688083474092
0.209956783433831 -0.414214549842099 0.702426385218789 1.47141220986755 0.323028928923566
-1.7294684510921 -0.621986359800225 -0.746215129415183 -0.495370205566276 -0.712084230640964
-0.381747894370984 -0.865558375285275 -1.70778733609275 -0.499343038506804 -1.23311765480764
0.32307603212512 0.813805402968055 -0.411890243075757 -0.173232584685645 0.0987261552711082
-0.846158637843662 -0.362339164573779 0.292524486201624 -0.556032138641711 -0.227161435415833
-1.10182373179303 -2.07208398707344 -1.48879119017452 -1.40022108149333 -1.84876644238524
-0.0215775073258982 -1.28211351684794 -0.948859797246831 -0.858322410091549 -0.738672103237806
-0.804107367645462 0.553866722750183 0.783048350194557 -0.538985601782599 0.760620483760545
-0.347016401449181 -0.00306586877786002 -0.175516243247265 -0.269739297563753 -0.814702329375354
0.641339051309747 -0.108046392595619 -0.596384315881422 0.311343413780885 0.363719188022309
0.923660450820684 1.15513381341731 0.958266518996894 0.198355421472117 2.14080187330635
0.410423770464265 1.01146691044036 0.218588906770633 1.68758741342771 0.452943859659905
1.40049662302125 -0.899153856495904 1.27867023669619 0.946257391951441 -0.192918577192952
-0.188573776677875 -0.508184811341104 -0.0136680172444091 0.432721432097452 -0.224414106138552
0.693517712347958 -0.727968189418752 -0.167254617033642 -0.705567946525347 -0.805008124108747
-0.050439916828664 -0.216104346662648 -1.0638319904986 0.00156028372590081 -0.642791164892429
-0.348889741432082 0.424854691408392 1.69402205907302 0.147996609363129 -0.0167539067925613
-0.39471779479488 -0.154333101675455 -0.39526081585552 0.723164635414353 -0.118400933769118
1.67162396560493 0.502246405551837 -0.353133805711644 -0.86378185447679 0.600407110219636
0.408247449292154 -0.214847096555166 0.682912772969938 1.28812569881037 0.643557193858035
0.655409383451611 0.361417950731611 1.66965185934754 0.0387135692347243 0.772547672095994
0.291958206492941 -0.840248568155083 0.623152578301048 -1.01727431322784 0.270554795135893
-0.0897714161044616 -0.51650593381048 1.13019364880745 -0.462079340123744 -0.200147929316694
-0.703179088684088 -0.558029180455758 -0.384404794995297 -1.12231165804538 -1.36537942852959
-0.634472268058745 -0.657078362201945 -0.86944765612883 -0.397053846658878 -0.198363800987118
0.632247338122136 0.585487955823894 0.446103722111517 0.905842055608037 1.63962487686031
0.66509277561832 0.345424807555512 0.472616099343672 0.0792065543286582 -0.599398027302753
0.453573404610135 0.785888619109983 0.779443550911197 0.0692760276939114 0.0851351911398324
-1.09183166750459 -1.1120216025708 -1.10987314275051 -1.29252454314868 -0.396448516456218
1.63827847640987 0.304755436228091 0.772807507002571 1.05336042062402 1.14507348656673
0.0615510653636062 -0.167416583728288 1.01848121947267 0.0181481583368346 0.0787493186654045
-0.418852878331317 0.366560101614205 -1.00194232387681 -0.272782907594564 -0.0526811276502741
0.526559488437928 0.533599373607494 -0.153409839026533 0.900935869631361 1.57597369374902
0.331456922068545 -0.0443613429633572 0.389821524050324 0.0166484681275061 -0.421886635664915
-0.528596251715526 0.182240223813744 -0.197692500945002 0.654915789692022 -0.308446894103073
-0.33816090314777 0.0165556992082882 -1.13331580034618 -1.1652020190746 0.121615822013493
-0.466130856705997 -1.42978766886556 -1.11055625405824 0.834798539597728 -0.583681950424459
-0.981446019241471 -1.1907164850054 -0.0878415012170957 -0.633713394037765 -0.218482653995159
-0.769598449491601 -0.767710970081752 0.226944917692801 -0.181308740668282 -1.08852181948383
1.53484464528239 1.001056320832 0.968118979184914 0.352662391527829 1.25906523436517
-0.0710413153395583 0.377164020846751 0.487112290874732 -0.272445963543861 -0.209992251347813
0.0652990074611246 1.14539098467724 0.455559929202486 -1.00053041824813 0.445794122892082
-0.710892739870213 0.121200406200134 -0.201738379820349 -0.136608096272244 -0.439737308776142
0.0769348674354879 0.185253631962579 -1.09448429611154 -0.247020446448069 0.508668005634608
0.063227289417915 -0.375196962185795 0.2245462782055 -0.631504019689156 1.00657084699667
-0.851982456348645 -0.23122405535906 0.0867673374613161 0.189519992691056 -0.334688082428378
-0.027297064995807 0.914623306527867 0.628267937333072 0.19151217664221 0.912497077937194
0.527478356845012 0.730532715573054 -0.377055617075379 0.524247074010449 1.57389601468468
0.240368073775996 -0.0132563367111093 0.291493838718455 0.223305096090779 -0.339537178444639
-0.210313879239755 -1.06325617637162 0.380147839805015 0.0358997238077235 0.135874748834406
-0.38836956542106 0.913812307474608 0.0369384963283353 -0.0979457172267975 -0.81674663122651
-1.26783738779398 -0.559216802076 -0.681338361602683 -0.642007646143028 -1.83563554938963
0.643471353232673 -0.462901042318053 0.903556861966051 -0.550529662936583 -0.204241375442386
0.240378222065249 -0.736786237359623 -0.598571630823541 -1.07718743919612 -1.32530747817955
-1.03053632406227 -0.0251564384000578 -1.50361711285964 -0.808748672190632 -1.72164265757583
0.395812888608598 0.583988269254065 -0.902089448270312 0.896948893981222 0.941519841571349
-0.705663369901528 -0.469374857131994 -0.765002359695443 -0.0659417177144092 -0.254142326177258
-0.830731797758126 -0.908019455020205 -0.52538865615672 -0.671783428112989 -0.583278216358097
0.977423899726256 0.27798614564577 0.907655737441701 -0.102291071608831 0.215666738032446
-1.15671424045584 -0.232297673673244 -1.37722043782073 -0.87315131131655 -0.461909219271827
0.709619676111053 0.530990388890858 -0.46429833405053 -0.609553056917548 -0.544569957237686
1.90226163908486 0.391667820824631 1.21711928541357 0.723606286290743 1.64495342512526
-0.0328073541842237 -0.103346444790411 0.348129421527415 -0.524822406980752 -0.767413926925987
0.166441779795595 -0.521717560049809 -0.600286495517086 -0.507994774017519 1.3184975391186
-0.0448792168703929 -0.524608760621873 0.152043241271876 1.38217195122099 0.223043480712006
-0.922629328430603 0.0135525622211785 -1.49630454543251 -0.271990226232765 -0.371607105029163
0.811126110069067 0.175981351885122 1.24767930888506 -0.438610951002535 0.651834431720434
-0.563636207574843 0.00406830272012132 -1.11475661469926 -0.45316702556538 0.350546387968315
0.32921435144154 -0.572397878689517 0.601022808643094 0.0866796944180624 -0.700211021389368
0.134661094737991 -0.735016219653044 0.152176954502634 -0.454831293347211 -1.3496944188561
0.61542749027758 -0.926822019587626 -0.0590559644899641 0.88158863624735 -0.166961810330858
-1.21682525397241 -0.11348466353521 0.537811049782871 -0.639366852877482 -0.399332572794011
0.419383629463124 -0.465200921140571 -0.540675630177453 -0.679925108041272 -0.39528676214295
0.937872127856009 1.45932974416966 0.135934839401524 -0.465327701066504 -0.353976204112082
0.498225452277678 0.608856469444535 1.34020434404957 1.20054718805864 0.463596197063534
-0.484022384485512 -0.0392342341154 0.841879550241713 -0.325905040806913 0.346416788634875
1.0878713952549 1.24295955779332 0.216627695033392 1.12719383266705 0.18723910058962
-1.82394997903794 -1.08752085954219 -0.466313274828807 -1.29821116645948 -1.3797635120982
0.428482439302714 0.491746262442556 0.0622489779978918 1.17917058558022 1.51943449357079
0.617672505911755 -0.353774657741121 -0.130168673204126 -0.0133333972564419 0.0663806577532746
-0.956985848833452 -0.282772796355137 -0.475633884358225 -0.535266967779919 -0.588609872860492
1.17564247645411 0.692587045890646 -0.815615671983881 -0.527779380907738 0.143827799617766
-0.218115215603132 0.376991106274351 -0.539266379352832 0.845717944705777 0.0955646949586458
0.735428783762777 0.538779745230745 1.58591877518468 0.765666404782722 1.41361464643037
-0.809235363003814 -1.15534917955403 -0.711402541655434 -0.485820738029246 -0.991391226267735
0.229104126007204 0.396264335659113 0.230170509345987 0.0170546731534597 -0.0871306995779105
-0.726164687381188 -0.175120911334462 -1.74847474772464 -1.36149933361588 -1.18671816668078
0.283396716227041 0.795622400566234 -0.805124038536871 0.0861694961541258 0.501067526345242
-0.912995148932936 -0.28098985043475 -0.536276319049476 0.287051655464049 -1.43187458408575
1.28401779512395 -0.571884103831664 0.145060549878423 -0.978263955333646 1.47853796666643
-0.49106900140149 -0.905527560465758 -0.94790400298887 -0.321907580641681 -1.23293754607643
-0.156319631296471 -0.694738890390231 0.437148758544321 0.674191675292216 -0.934029213448317
0.0396637924905888 -0.906517323068936 0.440035246311398 -0.456509038923021 -1.47536992247267
0.118105152855412 -0.338506088314502 -0.523351496559544 -0.705811768604129 0.44412685238634
0.729289299946707 -0.110613906819501 0.877375421892616 1.11285543494579 0.343768803038944
-0.0320855956836741 -0.489340500160491 0.232231036529056 0.208387752906769 -0.28023927799051
-1.01608014333207 1.12916688591885 -0.291180153644583 1.13418318218236 -0.00195231512614447
0.282496336514929 -0.263734933403853 -0.413106391985429 -0.0208548783958228 0.286621267968348
1.08794334469486 0.3685553475138 -0.0283523795486852 -0.109039986574446 0.153068377277598
0.469189099191514 0.13633667771594 -0.604427200484466 -0.824386028542428 1.11357134696304
-0.242208445361913 0.101577556577798 -1.38679058514058 -0.519890738085689 -0.222476728434466
-0.812902834155226 -0.835389358378582 -1.18842536080301 -1.00765551104049 -1.47959886988942
-1.24322654162958 0.467054390851854 -0.0515962441489053 -1.11486053009197 1.19902182359835
0.107380217921573 0.241600581220227 -0.808337821823355 -1.39574463217367 0.63736808807457
-1.21593168424197 -0.626030129622492 -0.844439840835553 -0.975499196618543 -0.231874263018061
0.465991791819485 0.568925746156218 -0.338680718733559 -1.07396277951533 -1.14068694242088
0.662163975679337 1.10480440139456 0.252760494339455 -0.827293791839986 0.737032270527458
-0.0730729094613674 -1.40900854152725 -0.027504234804424 -0.463285464278102 -0.274367118942646
-1.02187654506185 -0.135928902628768 -0.0125860157491758 0.0968598396448016 -0.110081546742932
0.157285300265541 0.247730428557812 -0.835230913885225 -0.230389397488947 -0.909576238893433
1.36521780848499 0.168279521784451 1.79920303189702 1.23775228550387 1.13000747122059
-1.03309373402336 0.031722390075835 -0.132699207959963 -1.42633900773135 -0.175577117373507
-0.509408304082043 0.725514519956104 -0.438170720239118 -0.152659235500898 -0.308404828143376
-0.356132512145438 -0.461814810991494 0.288069218374953 0.867899101993822 -0.635648258960371
-0.552753652616638 -0.462509565397834 -0.0260747618264873 -0.558697279912426 1.13356849089057
0.480275826064951 -0.285723783320731 0.615248713473204 0.709032240959378 -0.675850309795094
0.137304378056021 -0.608163771013834 -0.366699926663653 -0.640715597718895 -0.0880528258020964
-0.696291407159832 -0.256514186006442 -0.830530767673434 -0.62935678956729 -0.72887404778976
0.847158748360537 0.547810476393323 1.85503802360387 1.23530876895864 0.722990900592045
0.0145971026827957 -0.899073034141149 -0.945085141235864 -0.678361925887639 -0.0529949429052926
-0.800814305873703 -0.172878627532665 0.146527441830315 0.176507858946659 0.120844954309985
0.462354455637342 1.03185909278967 0.649983364989467 1.16430696937697 1.48269416407103
0.365974726436213 0.271737255416716 0.602748304739133 -0.726491010284253 -0.700600335497125
-0.593834954801304 -0.0639494863179017 1.07468267573618 -0.78853043084026 -1.39023179081249
2.10636176818953 0.567416257851541 0.481759883535849 1.47438949622416 0.914568066881141
-0.513631296969433 -0.0970879076120197 -0.376354154547937 -0.608353474962345 -0.678801220533027
0.0301777873597014 -0.17691018399379 -0.823350371392111 0.222253829984423 -0.242478187826515
0.486654488345381 -0.388940087902546 -0.715437149430195 0.242691647850279 0.447805329931345
-0.591485888282947 0.409485649066847 -0.171514181363456 0.104385190215384 -0.635591178950853
-0.705361718885694 0.129267503729247 -0.409371566872433 -0.484748768806169 -1.23231869152842
-0.0824046759919155 0.359262519856227 0.451367872142126 0.245953832911052 -0.775543657674817
-1.19693317341914 -0.496060501453485 -0.897281613162594 -0.400821901623657 -0.811467549934002
1.8215527970542 1.38808431374136 1.8310421120475 1.40172754517607 1.75233852547703
-0.967616248131648 -0.197595675835009 -0.506324970367447 0.223278339206564 -0.560265018541667
-0.864979041185499 -1.22034328013949 -0.670869316071546 -0.804813283300389 -0.727651451254353
0.453266033265456 -0.69232722176136 0.196689712987853 -0.593746762817322 0.905152598098207
-0.223254770205705 0.0831033008578464 -0.124313949311239 0.181895754731783 0.15957724675026
0.756943266027586 1.05926707250199 1.29720031838931 -0.705954985581746 -0.346484879530765
0.596760464250233 0.669107539930206 1.23411500481824 0.888498046161448 1.23839542509229
0.26567912515672 0.442176206073379 0.525439903145102 -0.643961572470244 -0.0288613656030856
-0.433354893901893 -0.828737738781122 0.186801069615952 -0.509812542797725 0.125629501337801
-0.630663578118211 -0.410963388819094 -0.528908753264294 -0.695744595378714 -0.614421347792896
-0.598773025315857 0.752789435799828 -1.59871988789256 -0.559204297699685 -1.17653665763306
1.58092199150016 1.2454262349417 1.93913613385053 1.33759786837986 1.06182473105759
0.744627782497852 0.562380708744871 -0.124200793010992 0.108626504077822 -0.0102507890321677
0.379031137669607 0.15410299538951 0.355548154151502 0.0413886401840128 0.299051441752174
-0.320861458130525 0.463030017271157 0.295120161916273 0.506817325923501 -0.230459126624569
-0.532817379400333 -0.863144231198978 -1.05694976433258 -0.293392942580705 0.495297941968233
-0.125794749732004 0.148356428045835 0.562474558046201 -0.429016517895885 0.585207479053921
0.501028642759657 -0.715517948255211 -0.394040596839607 -0.795521056417707 0.72937706651662
-1.06742703045669 -0.729685187689739 -0.852669805792254 -0.0335341118427025 0.163597231685917
-0.512220582950644 -0.903985436263777 -0.623334644469883 -0.58208766613915 -0.379536916572894
-0.1725645861662 -1.12030403540381 0.485015524908855 0.0975671164948495 -0.0699160090113927
0.63998385937063 -0.0311900757089565 0.263915509293975 0.0430080901504571 -0.266549880807655
0.248059395442279 0.301383493130974 0.872344770527492 0.19486708811157 -0.0622845496517787
0.245360356565055 1.22230267754799 0.188793232011902 0.103061067517212 -0.509051039382601
-0.667057779953483 -0.717663304474361 -0.992898694523808 -0.269846784651946 -0.883572922581824
-0.872889468565712 -0.735280611445283 -1.16284718986313 -0.181662140079632 -0.656945760329037
0.411044583894726 1.43972668682288 0.707418281017095 0.592508632576213 1.37277714576576
-1.01353021705463 -0.528400330693892 -1.28853922603301 -0.661135663668512 0.0377498701950306
-0.601525501129978 -0.629586677992948 -0.827315909383279 0.504636453024079 -0.932589910825233
-0.383067249470239 -0.86388936966017 -1.05180837026241 -0.964611123892436 -0.601142844879313
0.349061855936969 1.49298123788966 1.11570103712414 0.752180488661714 1.5557639693193
-0.344656976925785 -0.0248434163128497 0.291166068276482 0.207921722916909 -0.565230945692984
-0.750326826214576 -0.698823015097955 -0.103869849178383 0.308674016035599 -0.557793214332101
-0.0341209091016595 -0.415486054878106 0.432504137821462 -0.788326451559391 -0.515912570716257
-1.01253599104006 -1.70345958648751 -0.281038203927757 -0.476607602776769 -0.203719569188523
0.627376850680276 -0.190912460079239 -0.576636658547818 -0.262613103868921 0.0415771061555405
-0.0169243650685644 0.229001297022928 0.227287823923422 0.449830865107802 -0.18332775600993
0.390921021085671 0.762851855225994 0.437441703989726 0.869148890761249 1.27834288099814
-0.741248036520504 0.327395700775067 -0.481367998226496 -1.11476470266765 -0.100441724173992
-1.2625568767834 -1.36170127341087 0.0424811933174659 -0.623499846985219 -0.563921047795432
-0.0262579293484018 1.13777023172662 -0.298785313633734 0.0148809992930531 0.0182438679283985
-0.650607686964883 -1.48866725768675 -1.13281073308959 -1.38646435229688 -0.871191488847865
0.580528971463352 -0.48918079734129 0.425682011181783 -0.560694457664935 0.00716743463276337
0.124690141024079 -1.22440522549937 -0.0892217164498829 0.120633895719906 0.368250714003072
0.13680870766136 1.21050738952579 0.480989620126994 0.108490538050794 0.347085395133195
-0.211739295550906 -0.485761676532367 0.694379987374183 -0.660836737781594 0.862931147702884
-1.21931869175306 -1.1281727991927 -0.887528663428621 -0.0968336663144889 -0.382611569207958
0.0763786784010471 -1.28562480279166 0.814024544132971 -0.0564827787523547 -0.813645388212417
1.70480370941112 1.27487199185695 1.83974010717643 1.13704394602428 1.38054331169024
-0.232673638840288 0.668172411068035 -0.547949410222157 0.768944220975182 1.01385321520592
0.630417684686039 -0.241302625040902 -1.27797042723686 0.0789323966158245 0.103856090006506
0.527041705620354 0.343045422087432 0.16142079415769 0.591891546853261 0.508209401248307
0.901813092465231 0.0889663088870108 0.106435237351193 1.05952612378265 1.95683584501082
-0.40528100819114 -0.956343940815477 0.130160780920413 -0.132548886444325 -0.648809760648757
0.642867915828671 0.912265632609357 0.362016066046473 0.378293354371004 0.396861996729068
0.444352784809444 0.0888129575738718 -0.249592932732341 0.771070772024566 -0.048607184906932
0.357552704682035 1.09360168755017 0.618162800013907 -0.0305613970840132 1.57022674036538
-0.517886742416528 -1.31345306801833 -0.168172038475599 0.761101469401297 -0.769343131709947
0.64646788603108 0.0350661660591773 0.793599572674033 -0.696517010970386 -0.485492310348554
-0.149851811780626 -0.765152289731248 -0.164500588947161 -0.169392394019068 -1.04142086981795
-0.626190318081049 0.482834723188306 -1.17081438300187 0.276397111498318 0.382753738393926
-1.09962299509208 -1.00491337026372 -1.65261559032624 -1.46960837933308 -1.39916951995316
-0.8562335539989 0.00400149691045235 -0.414262242032534 0.0792371737527574 -0.762572517217889
-0.930288775988507 -0.00638280443815745 -0.350039801945785 0.10123838113341 -1.32680716062805
-0.197692364467308 1.05081085137605 0.37292143174913 1.02685328073522 1.85659109561064
0.576884294873483 0.504277287229374 0.252141928105177 0.770752732297066 -0.761857023489109
1.1656586673083 1.28598056586174 1.02853965804616 0.809085593152569 0.361266243389018
1.56917821843248 1.82944718663677 0.533120441263702 1.14807628406597 1.281895566785
-0.667561610185237 0.508065665496751 -0.0613136068700854 -0.795016343831493 0.409619268847243
-1.29871223026072 -0.802687202617846 0.0943965701811813 -0.467743380644867 -1.30648650231478
0.562221609648672 -0.269404245521014 0.123190721562938 -0.696117409777582 0.71878685974943
-0.983561033694433 -0.628107121341497 -0.661357177265776 -1.0409227237768 -0.661329256936714
-0.44224654635265 -0.701467385110482 -1.12304216924764 0.140803703086787 -0.065360895105588
-0.562094927078355 1.25413821511312 0.618927078116495 -0.879017956238274 -0.268286207535266
0.188606341201027 0.477221711361384 -0.0470147286595376 1.10758762279765 0.351313108158976
0.085045645726272 -0.225114283708423 0.95280337980197 0.87992216684224 0.318682190061216
-1.28991154512958 0.248149998008599 0.327977907694847 0.272121896191229 0.440059481873233
0.148644319187128 0.0735191776085439 0.0824146735409153 0.430009651515507 0.253526718261165
1.05649150436059 0.530577958251553 0.284180767926543 0.515184481466072 1.17549398945859
-0.895927694649164 -0.745230704635535 -0.0553283594560794 -0.651580690636545 -0.337822678282903
-0.263092570559256 -0.27927722912008 0.492604445709996 1.35129965698225 0.449737486713099
0.0353136967862368 0.0833276099760313 0.126831604780491 0.473478820642774 0.469649838837067
-0.48796448689395 -0.599062596385149 -0.613038425030573 0.131241555474144 0.370573544481028
1.38682457189812 1.12205667451307 -0.0716545789077961 1.46202617478223 0.521968722433747
-0.0562960514995292 -0.00274281809428476 -0.338071204349504 -0.247342408268247 -0.0518078286180227
-0.724178704306612 0.807545769801755 0.956368658664511 0.679265366555799 0.945491808221627
-0.719180947470539 0.222027240879115 -0.535462193049262 0.0362291298581076 -0.616353386282448
0.207080806442945 -0.735472266639095 0.408394163877985 -0.0877651044649672 -0.310586209783821
-1.76811505303835 -1.29900568255056 -0.44391401347426 -0.400172212031036 -1.33600431960888
1.08706847741613 0.35668414476563 0.0722907928901878 -0.164953581960384 0.828538961532215
-0.113452026652102 -0.843874902051403 0.572161137676093 0.52510740662338 -0.894457883895611
-0.529931339110683 0.388049003302325 0.39249343379034 -0.914954139646138 -0.622737741360828
0.84439683243862 -0.507457310772767 0.119622076072326 0.66876613591032 1.32845565218339
-0.780277028328184 -0.26370264191476 -0.983978159568181 -0.967186170405766 -0.885522768901239
-0.77476618956546 -1.06204562107446 -1.40782620964912 -1.52630758988879 -0.755184536743954
-0.915543169234846 -0.772405568771722 -0.500442522344437 0.265891458907836 -0.819736219065744
-1.29056940438725 0.162672452697714 -0.12867537500948 0.447461403326131 0.669807861470804
-0.465022264463754 -0.946871829988752 -1.10060104442654 -0.702369459134118 0.231370195133344
-0.357023597514472 0.141386922125813 0.504593999089073 1.15518717055345 0.234203039775017
0.0158181786712554 -1.09592057744253 -0.592151914628557 -0.220669686091341 -0.486487690552651
-0.694819975710943 -0.406135912564201 -0.658296657281673 -0.461983330119193 -1.30857027073098
0.803406970581622 0.581924312671628 0.831123876259003 1.15207263666258 0.679669213462944
0.469421376369116 -0.861316745470786 -0.260039022935946 0.289767274119811 0.317162681264726
0.442125439103702 0.702648549198466 0.662568194847128 -0.167846046282646 0.477477950971794
0.0981019302850192 0.624438456422485 -0.330785195044967 0.855707574752494 0.617121699392863
-0.475861588199733 -0.374886567720459 1.33078522004067 0.821183796583161 0.312107652620802
-1.73645193141092 -0.884114085578599 -0.813505780290944 -0.876698414655876 -0.586270005877376
0.258939297613849 0.292991668136628 0.701796215244736 0.664885254247928 1.04085591946939
0.0223164951228066 -0.714546644324892 -0.126046340130753 -0.558087045313261 -1.42279718696005
2.09125007808186 -0.0500092442277595 1.2650424548272 1.07255496678971 0.105080069716619
-0.657560699247563 0.703165235481647 -0.393886247893569 -0.602502801195151 -1.40039457403078
-0.398415902567332 -0.333738918525768 -0.635605331381754 -0.519088276490684 0.142685040946123
0.580444577990499 1.23076551592925 1.07828931950751 1.33243419215843 0.211288201770586
-0.782819035783036 -0.404532965867967 -1.03783546464075 -1.42865914556151 -1.00800287934626
0.426791861216966 0.084827746776185 1.27350216897628 0.50624777182418 0.551470731461036
0.865247700636865 -0.0885602460721213 -1.03331218896659 -0.599564128978979 0.0608673406572519
0.0277714302767159 -0.160718935685204 -0.239735494231321 0.982231020957563 1.54895044587161
-0.779305848914344 0.341913273397713 -0.678383042888545 -1.69852155757425 -0.638969548324378
0.697318119554767 0.493905395308785 0.128595940250194 0.907657984819566 -0.846985980805369
0.525597941532036 1.29006352080252 0.279174907299555 1.01212170683273 0.82168171557215
-0.195873077327645 0.804113739117469 -0.105278297046438 0.309314184328304 0.941818176475714
-0.370638118515227 -0.504787011995856 -1.06659616465108 -0.794075313708065 -0.328702113860934
0.0529991767605794 -0.945249428736339 -0.942669324860857 0.127853752185079 -0.020639681936481
-0.482850488313592 -0.00537970464520226 0.310170798354253 0.216193820607974 -0.206363325182053
0.322558199015724 -0.64882910000799 -0.331248480560508 -0.746941519143428 0.0288657711110374
-0.331751826086444 0.487046457928649 -0.515046898594537 -0.0573455053008087 -0.626435267906161
-1.05891764154966 1.00619987479985 -0.134376035269242 0.344162372016634 0.588883736306047
1.09857356695186 -0.509292283800523 -0.0416953719428323 -0.477611537275795 0.776034090298064
-1.14233996094785 -0.00165744721451279 -0.571094464586754 -0.873169310884555 0.197271935543477
-0.120531516413137 -1.06457898902018 -0.297597784647717 0.746434264652327 -0.151960180771967
-0.607339429366398 0.176524913941296 -0.251732652795592 -0.262436298459012 0.297335532859461
0.0987658795963037 0.889219161576714 0.379298447454772 0.737021806155441 -0.280267429731731
-0.184749113604147 1.05321811251422 0.911062004685398 0.623858793100563 -0.299157651474342
-1.45793946961255 -0.624807451224834 -1.59770897873158 -1.01216719185887 0.157370323652294
1.28440296416742 0.140661228564742 0.159861135533134 0.922682678541374 1.63363688299585
1.17660600644944 1.02891431525042 1.1529409163401 0.559977865010064 1.34121894480484
-1.26362466397697 -0.187910859291618 0.0821592423962115 0.714334196946698 -0.592621561731329
-0.252707457489659 0.379446632714571 -0.042889539342741 0.546351657234374 -0.748687373001284
-0.0449462521662779 0.270795875166192 0.237031187404568 -0.212764492512804 -0.192729518810689
-0.536018407136005 1.09306171113326 0.861264410462071 -0.00291443226613545 1.05401027864469
0.269042268256647 0.240037856961051 0.379885203357959 0.546030981889996 -0.865024182169098
0.420251243402952 0.274038474742975 0.534439243655966 0.100015202240342 0.343691071418025
1.36630124598451 0.678343541865638 1.21154459450747 -0.604801356222832 1.115883390907
-0.520723125421171 0.101716778925763 0.525444661950559 0.91531695684899 0.692394052866089
-0.646438501623344 -0.589805203989991 -0.242355899887717 -0.741733800555707 -0.0989192445436039
0.533853715915467 -1.4723790208485 0.754655496119287 0.14062525079082 -0.617008244199594
-1.10120183405961 -1.29733381128238 -0.707501985655589 -0.897550615875341 -0.597749696488477
1.21021748420782 0.203217852139768 -0.333336887904661 1.17953060482426 0.686302128939375
1.4292350423368 0.564821938957306 1.75491491917127 0.758710174099185 0.204006503157191
0.0756941092506671 -0.504879998651449 0.989145459866166 -0.693522537432481 0.421749678761448
-0.103471700766464 -0.231701633126528 -0.893743693634225 0.478657616434384 -0.0848445457239724
0.499848597559214 0.441282586929644 1.3272274678986 0.404510934274586 0.662773836859469
0.43613352993957 1.21468809453194 0.39521088757411 0.32899786843868 0.796347057414748
-0.202897388273922 0.106190606686893 -0.766507918383729 -1.49130335852823 0.187257266633193
-0.866912358115942 -0.7072459557958 -0.0552813352793112 -1.24926772744371 -0.616864002834494
-0.819095871064067 -0.305085036864199 1.12991469379813 -0.597503265016945 -0.442016112870867
-0.604333187141954 -0.967994484713407 -0.0715028291011536 -0.647158880559276 0.724313891253022
-0.928479775026364 0.802995683666031 0.875140267877764 -0.026422549588702 -0.485369452291037
-0.678740719066438 -0.431752394006843 -0.600657889614423 -1.1609710596743 0.282050838192493
-1.94321621624803 -0.716754374119251 -0.61023881585238 -0.0281048734950567 -0.132355359302817
-0.387313877839301 0.180511569530188 0.716407801177318 1.08577461849706 0.10617739307828
0.139962139208617 1.09571297190663 0.540063806118754 -0.139128912427359 0.320999939251514
0.47075214100339 -0.300345254836014 -0.175798154500311 0.200461082569024 1.65175622191323
0.058061056491389 -1.01152634531523 -0.791833668279252 -1.14127598977983 0.151896039449492
0.243988884405274 0.441003049004713 0.99641985710354 0.875620025681834 0.860135517701758
-1.38670529613242 0.438199437585446 1.31616136978272 0.337917020184435 0.594586594186406
0.091055417914181 -0.406719809511927 0.724448501384747 0.450672821765279 1.24913778965327
0.144649325594429 1.26143113924088 0.955717742380541 1.02189164874761 0.614925464989634
0.680512928275022 -0.715901801406163 -0.342987903866506 -0.567266269909183 -0.764095893606606
0.35405972482883 0.347811579664302 -1.25387012109293 0.329362496828292 0.0729175884622508
0.440056110263881 1.20525733186279 1.63130463208129 -0.067446326711933 0.10867666430596
1.05298396021793 1.54789712247432 1.01514455747701 1.91918439796168 1.08969658878825
-0.354738821274791 0.526899486497065 0.760243496999057 -0.0184932363253166 0.237121260648182
0.392872561869008 0.884586473486387 -0.177471103716842 2.19483595414585 0.618723891783653
-0.977650243686141 -0.981247084634453 0.0929617184156535 -0.970152826220553 -1.31064414254963
-1.44393789276913 1.01982956240362 0.555424137154413 -1.0457581916769 0.310922968157378
-0.185656451017472 -1.06290868064491 0.0428172932508856 0.00594390680038093 0.582843185396291
0.542210839558581 -0.121717807296391 -0.378159884142627 0.0668255472671128 -1.46577591152453
0.0873037151204338 -1.04575644732377 0.422927534426941 -0.0987604539724641 1.17884416717537
-0.108753765125176 -1.0202440541499 -0.520467762663598 -1.64186467062554 -0.49772769659335
-1.06982515415778 -0.323298338742681 1.02559243715544 0.944179236085494 0.506494271392621
-0.621997898550302 0.199363131380765 -0.946696994539662 -0.560674795832123 0.414319181507653
0.25846716581715 1.23242496210131 0.993941956531165 1.14124326168876 0.961247599099165
1.12321191257304 1.21346781447232 1.84120055719323 1.18984151424353 2.35972912263914
-0.00475447709174904 -0.435727452631233 -0.129723509013319 -0.997604311036768 -0.721639838337613
-1.28823322167383 -1.42121350274319 -0.598244724085145 -0.806238258891082 -0.564803895550228
-0.666088318086099 0.362234744011695 0.319530741249004 -1.43177018523184 0.424283616392611
1.30546119238032 -0.871795313542648 0.028061459321578 0.815654065426338 -0.0673157351068042
0.496777269722152 0.327277005316723 0.222357237658086 0.834262574597031 1.20716976087565
-0.144298795274818 1.00347454084886 -0.609700522369662 0.309123496279737 -0.145032488026248
1.94438010506092 -0.676760215735547 0.764970375332363 1.23430845188841 1.05428569069972
-0.563762377542061 -0.546785887432381 -0.0630592059825676 -0.140108736218754 -1.52585723421406
0.0996726999850162 -0.957882658554355 -0.791044664261396 0.737038435096072 -0.39553885336055
-0.47259988077136 0.00456344558411098 0.14146042360941 -0.00305212137248609 0.148346699359354
0.42532665962291 0.572006775607231 -1.15238208175297 -0.464479390316218 0.366031970107298
1.11710417678221 0.777640751311993 0.800172196472481 1.16479751153025 0.429045922790809
-0.45709536155974 0.728973645663138 -1.14560684131887 0.584166916437012 0.488950225320284
0.276291437304692 -0.741350062687169 -0.860576703917515 -0.681527319590637 -0.0160551267406819
0.690710889621125 -1.38347572619476 0.408429479226548 -0.21625081509985 0.952825081306059
-0.0344651902711702 -0.290212085983704 -0.215032170921191 -0.240282966859434 0.492630693368159
-0.656389787980648 0.192819822743729 0.641790482279584 -0.235649934336193 -0.70979639840095
-0.528337355154249 -1.32619097295905 -0.0416966529810324 -0.214919640197723 -0.393185809747113
1.07867385876028 0.712581087156342 0.849072652031688 -0.029145425072336 -0.725914369317027
-0.341989397165958 -0.691205078611128 -2.25014771667906 0.495355429162462 -0.468914444079465
0.0738238759787195 0.050752471358158 0.651198596800888 -0.780533201151994 0.40203461563372
0.559375586593068 0.947524005573058 0.510094501797886 1.05603374681371 1.62018218760138
0.162625295452011 -0.952014269079071 -0.607590903409894 0.498598214775715 -0.694124484576973
0.539217589316197 1.10813913145751 1.9711495483912 1.19462133057009 0.708821727198324
0.535323596246925 0.282798984535536 0.547411033794759 1.70875369850411 0.768989574104908
-0.0797518384909339 0.089117866807241 0.230388287119634 0.423634476512223 1.0019316500292
0.838471194267625 0.265280321712821 0.925757082249877 0.329844476555813 0.584334852090486
-0.262902165874932 0.00789029804773693 -0.742888529171977 1.59908892445896 -0.254691143539158
-0.366505385527328 -0.95971020549495 0.238541193106717 0.188934949656016 -0.217806241962959
-0.580713804998743 -0.121627477369581 -0.184591197917573 0.328513070803155 -1.07097735427365
-1.52299707660642 -0.724954225470391 -1.33719121827048 -0.820671214554222 -0.852616042091917
1.44706881185144 1.57671980174625 1.26692040554465 0.490909702388044 0.121772377049931
-1.10539848282259 -1.50547926139781 0.0438595267226043 -0.27603431756421 -0.970598693710698
1.13535228202272 -0.567454425926093 -0.171346039834294 0.548979258688117 0.0256378441941564
0.833161901765239 0.377665748539073 -0.145981994041453 0.925219542156167 0.572135560200702
