-0.184381714827354 0.37406655781039 0.0185061185383521 -1.02315277024881 0.157076452122518
-0.833631526081086 0.406849284170122 -1.43020707903869 0.165629695122789 -0.258136682298957
0.505059869557625 0.226843086521242 -0.578113880800769 0.303988658344138 -0.87358915554628
1.23532216870543 1.09952398520513 0.123112403688097 0.245591167521376 0.698508628605905
-1.32726961949957 -1.44488801045854 -0.899590974478522 -0.134775432150356 -1.65830879741428
0.664334177760604 0.07494555477389 0.612621963725476 0.375282114658959 0.747169141853585
0.564643853516025 0.93091449938129 1.01337038895953 1.02840155060065 -0.407048585677147
-0.611150536911502 -0.0329572025227336 -1.03386347286699 -1.40406959751658 -0.20287796200578
0.224965924703785 1.33435631668291 0.0847520098979857 -0.411774652839939 0.439623758336126
0.527075635639074 0.432596859590161 -0.383283415939305 0.945749614387992 -0.285203640450232
-0.159633147199415 -0.974093982049322 -1.09140654963713 0.872668106800258 0.223081712500084
0.798051274229331 0.363372922506575 0.777878861013057 1.16293776663873 0.259052961550876
-0.119132739399959 0.483923682339963 0.107694698558705 -0.735929471128893 -0.588310532857196
-1.17153390620349 -1.4449300712415 -0.368324400313892 -1.05037147239185 0.0489105197351044
-0.526842145134016 -0.0402576077067653 0.977047636780168 -0.905179059014165 -0.298402428817341
-0.0994810219821776 0.483888097321972 -0.202898902558755 -0.432437995152916 0.477462216914434
-0.905855855897631 0.121213203771173 -0.247513716463678 -0.736112345843933 -0.709309142694685
0.110418228922909 -0.768855265245807 -0.63195534217437 -0.088551953614694 1.26955899953032
-0.227282537024554 0.42406657756059 -0.088485895014843 0.431076836719094 -0.595170846468427
0.251954678990583 0.872643838474179 0.685560415814761 0.553595207656269 0.783575667142048
0.186783358734715 -0.456870976510915 -0.738404410128715 0.37243224463354 -0.197535331009009
-0.741061357954334 -0.871002240570214 -1.18344685998705 -0.937180801486384 -2.03102436209135
-0.0552638183974934 0.0746983045413442 1.15397372673259 0.294973094447485 -0.720818059266232
0.765610844602488 0.0177591935117172 0.329130866694472 0.646788849142115 1.36682077295336
-0.530901112267844 -1.09092641353237 -1.16652534805851 0.0226635100910477 -0.609523305425265
0.557688680717431 -0.206776038200962 1.63768355098921 0.53837465927894 1.19710869751995
1.16453612976454 0.246779039250337 0.433372838522244 -0.197708265865125 1.04539938719496
0.780870724233449 -0.30637432980995 0.217802419592189 1.81284152488334 0.593701840540382
0.610019849697231 0.676712665610542 1.06276439955404 0.607434700851674 1.53369194929215
-0.910947554935698 -0.831708201385216 -0.026122143216324 0.193508132356715 -0.543981501756427
1.16694401555601 0.704912146535948 0.0433864551209683 0.972840612038536 1.49516372644317
-0.840801763706068 -0.595686125065799 -0.123088868400749 -0.776179281720706 -0.612023105416068
-0.050456249139313 0.178785850223352 0.526647149787824 0.126527850652327 0.576852302229095
0.295040426418379 0.937521706956481 0.186447899319424 0.20035590573431 0.120657032304434
0.0315581421887729 0.510177989288749 1.1694977336626 1.04024166316693 0.894183747794635
0.410874500565336 -0.269094550208947 -0.0776151104726309 -0.139548698374325 -0.551365374272501
-0.242472174278703 -1.00601918374544 -0.708223352994257 -0.537643402192799 -1.05624751291518
-0.763810960781549 0.374608432775536 0.348602344217241 0.470560857047113 0.344308200964287
-0.272830993998418 -0.446059586619733 0.150468375780886 0.943784925625656 0.0369065417009005
-0.858043527982273 -0.0918353644961306 -1.25755149655773 -1.33862570875905 1.05225328239708
-1.07365039366709 -1.28564924069167 -0.729403761852861 0.136884428248329 -1.20321759935299
-0.0707855720651109 -1.08459942164619 -0.177985377548785 -0.651699241807133 -0.945011688970327
0.211614081669916 -0.0135081924354424 -0.467647751306589 0.0216390883933574 -0.486861388638484
-0.479473514359085 -0.00863474392451267 0.330525357684313 -0.604099791889932 -0.0146823683644116
-0.416372762373071 0.819940559832103 0.514214919070243 -0.215049436643664 0.812396946308866
0.78520468278266 0.551127112113147 -0.333345404660127 0.958649216439244 0.37233479244002
0.622417747838581 0.934917616608238 1.21326369155399 1.13079806504867 1.0831025371213
-0.656401132323615 -0.588239974028691 -0.848104389573497 0.0904279113238625 -0.358170222759279
0.292330767691881 -0.750548562406443 -0.0352288118493322 -0.624226948648358 1.19143469333724
-0.619934459449338 -0.964854584916175 -0.897476419473252 -0.994364677321161 -0.636458772251054
-0.0231139720493585 0.785222166873439 1.848251500546 -0.425652235544681 0.0588075057335404
-0.197833952166077 0.278975546034633 -0.770319947629761 -0.40739319144948 -0.946202612167528
-0.132151015520302 1.34895229620364 0.767590968875235 -0.117829678197878 1.06033463089122
-0.257366801867437 0.407752019556313 0.132828923122531 0.183945117201434 -0.110025155251082
0.446003568538526 -0.219673846963479 -0.775027716884318 -0.336125360791844 -0.636212523977747
-0.754958593520286 0.105387439897628 -0.280834376172027 0.106025882108816 1.15062251553064
0.949904445957001 -0.429139247161428 -0.0164204089205994 -0.29136943980227 0.299352468600605
0.00620567881132987 -1.10350811588058 0.266701059573352 0.179149714027565 -0.465002001021735
-0.0509065505271484 0.607291830276965 -0.00143075222481359 0.312212623380201 0.00517040973541826
1.10029447107237 0.701122275936243 1.48158440272247 0.282242571867857 1.50066688322132
0.167066158550283 0.374984560168011 1.03741793427792 -1.00982842499938 1.1899591912883
1.91276592911883 0.993390122854459 0.853595712414096 0.73408173568842 1.20877483960636
0.654189776254298 1.70555812094395 -0.063096466973788 -0.137967160826687 -0.677270028300722
0.999699563698086 -0.367311468563689 1.56541683191841 1.20892396850572 0.258836312883323
-0.299023347896667 -0.836575505691693 -1.72428071379306 0.243485959000399 -0.806776480128671
0.357419901066924 0.785266537673228 -0.194303020114907 0.522645825433558 0.101447306314322
-0.573313449963152 -0.971813344563898 -0.23626001083725 0.262857217200999 -0.519160339655254
0.0341710133863293 -0.68716787248806 -0.403576382518536 -0.87137595680234 0.617813977299651
0.87713814700109 1.11184393426878 0.313690697466219 1.45465560890051 0.455477044425404
-1.21333063668089 -0.190388865951265 -0.700918243194757 -0.782921967426226 -0.925701355329052
0.387858010144208 -0.383711186835699 0.213366265108006 0.918195195045215 0.124692232472708
1.00200608383412 -1.16446746700489 -0.846410281738233 -0.56065751723775 -0.335098913981975
0.19463850552404 -0.75418261067474 0.749283758141558 0.407770761469269 -0.0896995727104305
1.67665389473042 1.0575642132316 0.897725461037882 1.17890127155391 0.883878475515593
-0.758178047991944 -0.214012022375634 0.0874799749569136 -0.56078276094279 -0.301177897308459
-0.580258091484107 -0.93977303104993 0.375737114028839 0.263961704741204 -0.33202711967746
-1.55228542246982 -0.24007228126578 -0.864975299978629 -1.47077732525483 -0.720554168365425
-1.24545805863508 -1.09423984614845 -0.975895565778452 -0.814728527371425 -0.120774755389826
-0.0146657214521786 0.74255211601412 1.70976121444671 0.782542462961712 -0.123494314288279
0.851358132598682 0.5633803648105 0.226191646368819 1.41920427017875 1.10416121472637
0.389348246335286 -0.0906919829000059 -0.145821107373627 -0.874925134451567 -0.211259705288603
0.252602456098436 -0.878832299390108 0.333064458977199 0.0147206990454886 1.23944858680942
-0.481635261826821 -0.686415582820586 -0.194373175356949 0.143001372296255 0.189693587425778
0.520637864912829 1.0622178086492 0.626734944449633 0.511087811942944 0.238212836638728
-1.44970069104762 -0.804250897540926 -1.3494497877365 -0.20105540599087 0.0910728712214845
-0.463293379594836 -0.70756402018837 -1.03646755643248 -0.830622256789577 -0.226145525982276
-0.876151527897403 -0.99349979790323 -1.24605169378577 -1.01120447531472 -0.0404992633371763
-1.2326389737022 -1.10618914373645 -0.892488882066996 -0.514876334677734 -1.38244477582707
0.671102948118527 1.42276710718093 1.62688281790314 0.317474554601116 0.690740730248604
1.36333607764287 0.974239947445954 0.928379808079881 1.4434967188712 1.15837472008128
-0.289135589901468 0.497750125395263 1.41315311823231 0.554976770410624 1.08885700349695
-0.241023888682889 0.661983292494865 -0.555406003446809 0.130200810206794 -0.478465229958412
-0.4868959585753 -0.235908314461382 -0.351843608347461 0.0399223471078033 -0.517128550045229
-1.11951538317944 -1.2037928303056 -0.617202989933682 -1.08084349617804 -0.640062092841224
-0.56711766833539 1.22964350265365 1.12082597536462 0.591971825606081 0.771102889940295
-0.73013624258319 -1.04398562524961 -0.570193984890918 -0.5624909078867 -1.21530646589138
0.874527474168001 0.0426171563598482 1.21052976106499 0.737996826959742 -1.14646222716728
2.14644474818619 -0.0410109715018333 1.29026042978828 1.42351103439242 -0.144778908534073
0.535249592548885 -1.0409000070868 0.837855996573697 -0.557124309601111 -0.792594247943809
-1.2754710471075 -0.476566800702629 -0.429112625133345 -0.0544167733848564 -0.626545871242853
0.198667133177895 -1.01885122991437 -0.505864809171924 0.253145803033539 -0.0891581759314648
0.665722081912673 0.756923908467478 1.50928689685555 0.494553334756315 0.508247459358105
-0.473454716369604 -0.0923174585738856 0.0628816103627174 -1.22450493971035 -0.892631155484493
-1.07340959136441 -0.163107970126252 -0.323974733249448 -0.955336945926357 -0.0756617891770322
-0.946612499637852 0.293313327828532 -0.440113739591009 0.122459475440246 -0.530606385999771
0.876963639322556 0.417225370515782 -0.314541439352934 -0.571823884073928 0.0813678718468723
-0.696316451602684 -0.0996201828367691 -0.405580867553119 -0.31292441917729 -0.557378998307875
-2.14848559860399 -0.171005000412926 -0.821246217369693 -0.458053862674623 -1.15069664404655
0.137359732592691 0.435584887909312 0.159648948288764 0.60823510414041 -0.218718307684639
0.667163504916425 0.510898354949696 0.100609177586733 1.44784293188852 1.27586633267239
-0.322671412155056 -0.688538741044335 0.567391969009017 0.331736141068732 -0.217029585864036
-0.518701831791648 -0.53234258243478 -0.780528364109713 -0.456638605721175 -0.132872067672523
-0.378567603270872 -0.0338586719745042 0.994960383824371 0.940551270676113 -0.423815041493491
0.144559745584499 0.153503928811542 -0.160047803715597 -0.497281366760647 -0.589673918076221
1.27195818090634 0.627291116351456 0.331453908861435 0.579095352145352 0.97301927763929
0.591037551509712 0.223519980018789 -0.342829538922053 0.155181883542907 0.61845157119818
1.11922499986976 0.495568250873564 0.906734142254693 0.850075852715206 1.44065241082437
-0.385270884386664 0.0164704232024713 -0.322325720520912 -0.361326802017824 -0.943850227243187
0.87160116113123 1.55067313858159 0.456142062486669 0.818809700232156 1.35653691358095
-0.642095939937405 -0.227698208228956 -0.975730451863256 -0.374689269645721 -0.227672774914557
0.478009692599518 -0.987008954044586 -0.00155729072032384 0.289339642440501 -0.767167390757484
-0.753551888667152 -0.345866753705795 -0.397032715401668 -1.02475806853844 0.290881143323161
-0.108704857798886 -0.733363360815361 -0.180606409125013 0.150016893701723 0.373108199086296
0.117453163164261 -0.799752359622178 -1.64135200262832 -0.799004448432551 -0.0429884691361995
-0.599903616811156 -0.052815702934269 0.460695609708229 0.483058154038188 0.36436411802644
0.423406158875605 0.688423161089145 0.665447646715918 -0.367385835709776 0.001193328588462
-0.136371965862232 0.664725772272441 -0.532166714430271 -0.8858368678555 0.853562397321091
0.0311353002605787 0.883906271040531 0.365876578091939 -0.311934134253619 0.0735116285563436
-0.253403437248319 -0.464701563089759 -0.758487139836317 -1.06437142414999 0.531522891082753
-0.419489167114621 0.735464276565206 0.360094754850457 -0.391287138986547 0.859929180642198
0.614645898599565 0.682541197990766 -0.521967315329279 0.737254486987027 0.0201453655146618
0.787108028115898 0.730233607436476 0.657451676067082 0.690980714762198 0.139055271359753
-0.0674382484057296 -0.184715026870643 -0.453507576175619 -0.436932260304298 -1.41235475251505
-0.692128967387616 0.535725264561338 0.246139854567555 -0.702420283706072 -1.25663275088676
0.9303792436074 0.586882113132658 -0.512928360049853 -0.511190354727418 0.389153302859026
0.0861841586665953 0.346863342427852 -0.456403633802082 -0.374442511832052 0.946500539532221
-0.457589417093503 -0.517860588736207 -1.31484756897741 -1.12384458627781 -1.35337616200212
0.946586026585513 -0.108905039598782 0.133577462284921 -0.809880809436792 0.165848419407359
-0.372996550912837 0.335781086398296 -0.626228326314797 0.216936216025767 -0.0335344127691344
-0.493201277503657 0.463480596777292 0.0898939106822575 -0.402855239782984 0.648066687727438
0.0455741784125175 0.657571127690853 -0.0649282218261115 0.00765655843250125 0.405279687829439
-0.249881590112017 -0.178130866907995 -0.799337115240398 -0.350544976016562 0.94736212230889
0.778617825437561 0.377899664170177 0.2054252639562 1.17772138240639 1.10868959166115
0.289084792888674 1.22152452973642 1.38537712907637 0.476679949479222 0.706995551885407
-0.743053612651427 -0.650269103689193 0.296505731190544 -0.393811248633356 0.634254218791443
-0.288314090843176 -0.596714934674109 -0.685704690016699 -1.13407677388553 -0.807235374854551
0.280703060719919 -0.0337562940704774 0.222485381603562 0.584217137922499 -0.159135567454186
0.176874724607037 0.979296119988178 0.92328685911367 1.32148130679724 0.620408011719065
0.346317310398258 -0.474161613592878 -0.423118835170746 -0.609615267285442 0.0172305918467347
-0.174546925682363 -0.311456936829306 -0.633332952917013 -0.28677131309757 0.516868318681765
0.560198608342244 0.835803326280281 0.518674425875243 0.671141870511978 1.21407098924701
0.727194014350722 -0.402398011950538 0.074367393923258 0.107761896153679 0.198620548632141
0.233183190981995 -0.0500336717630332 0.0302704667676332 0.802561009640417 -0.0377525728097104
-0.741064142886134 -1.41171100540875 -0.107243334809256 -0.16098059005589 -1.18739070773012
0.0771114988780462 -0.187572886134596 -1.49003295885813 -0.782873477395507 -0.0311995204789173
1.06301085006793 -0.212612327492283 -1.17476222452774 0.519967168866321 0.0649018854341955
-0.770384622273908 -0.515339518724701 -0.48229051629655 -0.679042838492945 -0.277706199057153
-0.358518993328463 -0.402249027668898 -0.00672125199524986 0.197539154629068 0.29522253658718
0.307278561306119 -1.04063919310427 -0.174111587405202 -1.39711414230589 -0.257053954599889
-0.6711624093846 -1.02696802848577 -0.548515232592555 -0.464813476643465 -1.29910379187169
-0.448247541757271 -0.0442149597733832 0.66897686810116 0.369440711253388 0.653307556874044
1.32926854634864 0.2314072469273 2.03980046711502 0.511997362969722 0.501807180467261
-0.789087600578644 0.20515460807396 0.101947843783266 -1.0303287943837 0.832130578285092
-0.519163959020891 -0.412101245076338 1.41699382249711 -0.617983954050676 0.24312628856987
0.222001219569657 -0.412650812908578 -0.138093669344542 1.08298441162391 1.11514364787407
0.0215009075024258 0.34262609636668 -0.233860453140258 0.116060094257833 -0.373584658846933
-0.664601135594749 1.13856563934787 0.450562925538079 0.413852965961431 0.644353271197308
-1.24595552793894 -0.773194345441688 -0.252043848293518 -1.18658803377917 -0.449339356635589
-0.148481663551927 0.814743384291394 1.24563742234801 0.280513201279973 -0.0152512558000909
0.227717046821846 -0.46491940698467 -0.277520818434606 -1.26530720473028 -0.456784575037146
-0.401742725718952 1.08346193183736 -0.317341913626558 0.27214857656359 -0.30849855328899
0.984419321466794 1.4206221631285 0.291010438443757 0.411027570534647 1.22016938375888
0.774891254907324 0.602535126999829 0.638276474492211 0.722429188505818 1.07288870882361
0.317128003901733 -0.0784932989232994 -0.569479262634186 0.0805707362798282 -0.813935645913534
-0.255705376649502 0.00383719137472183 -0.0481827095588918 -0.693098838285369 -0.590375644762144
-0.516988545644888 -0.175624020714434 -0.3967646797353 0.0409166199838187 0.453523467258154
1.27577283158758 -0.0217594593194097 0.55325761612169 0.372030487284243 0.683627326202165
-1.20495299069549 -0.0754553657010471 0.0544739227828647 -1.48628091626426 -0.851008705159967
0.713179110092104 0.465553123993838 -0.74520868119201 -0.653832781380529 -0.888626801569984
1.12590846016847 1.48955785459948 1.34974639769793 2.02964369480978 0.894091677715751
-0.153768424466337 -0.311868343957267 -0.347584658701806 0.453835685322126 -0.505444656921846
-0.0647772965889965 -0.656689024983305 -0.126357197359692 -1.67168515177749 -0.186547485944793
0.333151785977379 0.879284538011239 -0.0490655054721488 0.806904647464652 1.31333659453859
0.9796573059893 1.38376974001299 0.77969129767273 1.23871365144654 0.504527285494637
0.0828750627653209 0.126030841634421 -0.316865912649912 -0.330108947259181 0.0494175294197797
0.984739887808856 0.90839020910907 1.07575540963365 1.44233878371259 0.739696343462228
0.139099753718823 -0.979107918023895 1.01790156000971 0.523310077087735 0.226936216416158
1.4826702297841 1.25592703278631 1.32904793989834 0.919244189631949 0.83192070163436
0.0144316089186767 0.633566332254524 0.827860554230471 0.47973309342794 -0.0557048483794078
-0.674003629099805 -0.0510141011443462 -0.668450122596254 -0.657556745801008 0.125589333541224
0.138371084138202 -0.496539364717332 0.323271734301769 0.999870642399963 0.275876501440724
-0.751069181675207 0.030773092449493 -0.787867915637016 -0.267873407749084 -1.53086279471175
0.791641129921779 -0.831268057947284 -0.954119070292281 0.749913991128858 1.00850967805261
0.992709945240084 -0.433654046679217 0.254620298966307 0.948439511715545 0.0302044503076093
0.0779558575795522 -0.00862716132285042 1.01308375296507 0.33888667627537 0.837877118988633
0.910746771953671 1.1919824366584 -0.236369203790626 -0.29243590703862 0.723409126025498
1.39424785084619 0.494503221194805 -0.253459326462757 0.684005959334379 1.01636186557854
0.588588463208774 0.152759757188252 0.449432754391033 1.2818878277109 0.0891806804062239
-0.922727232376785 -0.422682468590091 0.799218589657518 0.708648792521398 -0.0267083289710383
0.261917597282491 1.29572117650865 -0.23339845529896 0.14278590511472 0.585675133115283
-0.952391326714788 -0.58333931568197 -0.176460101062928 -0.0149838112170329 -1.4942973298822
-0.430345682990191 0.744686228669427 0.320858299017066 1.23010153122201 0.00458639937199085
-0.152189287594473 1.27533735853552 0.395913642584652 0.807987953087255 0.534544331273076
0.507155743822335 -0.0617444436914074 0.642349830299836 -0.601862038651964 -0.308600237784189
0.369626412695028 0.177483970294904 0.375104455305173 0.721443511123256 0.56131520345399
0.244547944796866 -0.336456938468659 0.199762740094473 -0.541828794586166 0.636672896271218
-1.15262309007906 -1.15413661201804 -0.604945616645609 -0.0756133893046329 -1.36274515142586
0.19466011021746 0.809154734877532 0.412463350885019 0.438873361436815 1.32004440925806
0.198158300911915 0.561594709683384 -0.139158939705056 -0.27840019001607 -0.886154731578952
0.087002588432973 0.337766154621097 1.37076001019974 0.717795210074727 0.526977185712208
0.100013483595024 0.301803915877156 0.421964558617578 -0.147589803282083 0.89447902193082
0.971394299872925 0.778503363419167 0.403533547345467 1.35723336208243 0.62727977024576
0.336145723003145 0.585102580719226 0.149793662931943 0.370836570699655 -0.409693411834138
0.299886397522563 -0.263396288165259 0.218295969256657 0.14244071312118 -0.214820934071885
0.153788275783864 0.772214991705576 -0.547467994319579 0.510316764409573 -0.298910935546855
-1.41767009701581 0.603781626882844 -0.160381394986144 0.439717059379338 -0.130842613668276
0.332295859634555 0.274224075460748 0.399914092253675 0.605932409095999 -0.469765730682558
-0.566003895373704 0.60375018053104 -1.14754980775568 0.217733320721602 -0.351355119196143
-1.86191390981726 -1.26107053760162 -0.80560486302033 -1.19372486988872 -1.44083850477678
0.591910500651286 0.578262897342712 0.184442160491271 0.119320944296489 -0.240276833176545
-0.321055018038592 0.0423000350702829 -0.742164926665951 -0.28629865854529 -0.236753269095082
0.486351836974336 -0.29679814069427 0.847244822321941 0.69615112283352 0.438091095561627
-0.5500544181339 -0.681640051422092 -1.11845564383767 -1.15835566784998 -0.636392284360042
-0.277634081696401 -0.922985251479357 -1.26234206833731 0.655946838953006 -0.951023116357361
0.524429809378737 0.497673750162047 0.723098775777132 0.115091561577848 -0.619828310400488
0.229900095262052 0.395761243138508 -0.118526159692485 0.693849497992248 -0.350668633960502
-0.392689039759401 -0.0129909082645759 -0.573940630916229 -0.188658325685081 -0.235540044383439
-0.213395345282313 0.303346573647454 0.285271281648794 0.256965235480352 -1.13824989029908
1.33460155863952 1.64197109615229 0.950282114083636 1.36113238520111 1.24552808020687
1.3233765115364 1.12331994003863 0.102752750976519 0.365852808367596 0.650330430884793
-0.762332581348944 -0.702189646277556 -0.69422543708441 -0.520867885295772 -0.990485988193895
0.294499935896371 -0.217661025339511 -0.103065036679714 -1.25456232702711 0.976225791826976
-0.773225616570207 -0.320614642338531 -0.64561923858389 -0.716146915170361 0.157614327190217
0.916385448719007 0.46312591160976 0.906921173902435 1.01942696235829 1.27788147815567
0.572832649192325 0.877264520995145 0.544625592573957 -0.157494369043448 0.619749657577089
-0.921768944795639 -0.00248836707569172 0.117272443315098 -0.97841410385207 -0.855851060291916
1.10785002630099 0.16437377669094 1.07236206208757 1.03692717124474 0.409174950997041
0.165264190542065 -0.277564413277343 0.0348552827699482 -0.648002284137575 -0.0800358643268436
0.0901225837871427 0.399751950050644 -0.0723241676519668 -0.603108286903855 -0.202223838294141
-0.758832370403928 -0.34837616759487 -0.549191878209697 1.33555768695347 0.751968632806921
0.104618722925626 -0.587381944569414 -0.381975616947379 0.36495340755117 -0.713736740177738
0.382301833932821 0.0592483197874505 -0.0874279226136935 0.0175738728569694 -0.723908185526819
-0.868370133111253 -1.20084225189839 -0.235793248005892 0.790457918088823 -0.175796419666168
0.708394700245585 -0.196525080883845 0.627003569769259 1.56438770413795 0.382579981429587
1.54534714491677 0.524239732125432 0.110612044382154 1.8053040453889 1.37047885406512
0.459319343196403 -0.77331581687418 -0.585115781613937 1.04935415386169 1.60933232998099
0.431060357843394 0.137685601443178 -0.849318204489535 0.941166540312599 0.270363142279442
-0.88861479602741 1.54947467687562 1.07374538335323 0.957373124901728 0.995669074699634
0.408573706522936 -0.43163259454448 0.301676951963305 0.329862062155084 0.11682010387305
-0.595448290047031 -0.359119892699294 -0.538010870184335 0.0200500438492163 -1.7810845560972
0.968485845194038 -0.127057950393151 -0.516533016807491 -1.23507227708387 0.647453385137441
0.331015915962383 0.0657313740488341 0.191481670653469 1.48173508631797 0.922567568366657
0.471632370509939 0.416728520674627 0.208984523900815 -0.583170115221588 0.16455959000543
-0.00462350460082392 0.105222923273207 0.64248286624927 -0.929650477147842 -0.809685460507673
-0.897070689366323 -1.28127683299908 0.00197674510542465 0.754725524469099 -0.153053878201946
1.6998018814878 1.17352782137163 1.2921842427753 0.832903459236954 0.526374067081215
0.394557731265447 0.460320974625361 0.586937451789139 1.92562371163554 1.58154425338709
-0.265725293542597 0.0186739635827712 0.545968857021237 -0.468015552790846 0.721396833762647
-0.294638276592449 -0.0952081650551121 -0.667819688290971 -0.249257497777847 -0.664660894657214
0.998562028192478 -0.107094610780559 0.234839275410676 0.106648569012246 0.167853874239644
-1.22179315865523 0.613186342562201 -0.0496967188665542 -1.0082370206254 0.0317530879742559
0.3276239710837 0.319477816126587 -0.248779570739401 -0.0364587222095836 -0.818316145655265
-0.0297088969901257 0.26423057954553 0.291105542306711 0.038944729004999 1.02692359398992
0.827829594410548 0.771954842941535 1.85221005435919 0.575286232526078 1.03929383182113
-0.74859306027385 0.213159180806713 -0.0893721595624246 -0.561751156711455 -1.7601709597457
0.520453325326059 0.938758305760222 0.744673955719308 -0.141939830143388 0.31216530298882
-0.26228499176318 1.36780614310757 0.592312239133823 0.75773356703902 0.206948613224845
-0.951970331600419 -0.616443985220653 -0.453805694344309 -0.702415727994845 -0.84507668778754
0.760066528115095 1.00308485705281 1.392691975741 1.09004697907577 0.501641522950068
0.808639925042894 -0.462876975224793 0.292647496073099 0.555321767903798 -0.431458137180287
-0.375810788805016 -1.55892390148374 -0.920043631961205 0.21934359690323 -1.18976321938828
-0.728503943243823 0.338788747931636 -0.960115160803678 -0.646799767557018 0.802067377351275
1.12796229385769 0.474642196937012 0.0124732844979347 -0.414220128596374 -0.576922321618301
-0.435567931034972 0.204785520223063 0.804024627944917 0.462498423850495 1.29355058813489
1.78016462334453 0.365124313586518 -0.150140085002586 0.55316678597398 0.575289258657784
-0.88478417449283 -0.690663884711374 -1.30224543638121 -0.462689230009897 -0.981242082261782
-1.19996232531974 -0.0768715257115889 -0.732365670653862 0.879257469328143 -0.268669879442571
-1.51176720621307 -0.446036252899618 -0.573300663531349 -0.776125081967617 -1.21581769270657
0.571217018195681 0.59429185895499 -0.338183650752624 -0.112213978421512 0.0440670812762596
-0.0975644509279333 -0.962391830288205 -0.645168930340246 -1.24507858077307 -0.449357889113613
0.0903108899642714 0.771414607314515 0.373953382295364 1.17780820140644 -0.717911817974715
-0.977397802531208 -0.72113199694517 -0.847764011053368 0.05243853920746 0.554242037353633
-1.39240813760486 0.468870831010932 0.00216889732904754 -0.829733599965612 -0.136586567002168
1.28812556139005 1.33475301188833 0.471614732756978 0.621437260488635 1.58758658893555
-0.911866916767054 -0.141533231684658 -0.413707624833038 -0.404777781577109 0.186844445407579
-0.469203026671591 -1.69896971436632 -0.298259279396636 -1.00941554704184 0.129428287920713
-0.340849548679079 0.65795398548438 -0.26128530985886 -0.719590393833021 -0.0420511111045655
0.824298606102624 0.655332925367734 -0.429873168540561 0.299329115880708 0.45650698941391
0.147984754164617 0.565848763430614 1.2331743716153 -0.049166326910024 0.800390909885669
-0.65688662694453 -1.08503397482959 -0.698241515006823 -0.388765333254277 0.0428226874140181
-0.380864465024769 -1.12629727345993 -0.139796529364543 0.276679485399463 -1.14012373091728
0.48381402839356 0.5231675007699 0.58500224569614 0.928728333229114 0.841553344872195
0.703965421533826 0.715140400480955 -0.670106683792752 0.300428113929883 -0.215979272027538
-1.13501666475791 0.134104231155737 -0.0850512207833282 -0.125886944271507 0.238681475309675
-0.303209530491213 0.310693337561538 -0.826969297917387 0.529888829716345 -0.973203152641229
1.04575490727905 0.584801422149451 -0.19445538506206 0.308429285773172 1.11589372459877
-0.324663904417331 0.482277617703515 1.25368472181298 -0.512904537888921 -0.996870329159975
-0.684335323740237 -1.42332728787158 0.132237552029119 -0.673062083858499 -0.784231796886541
0.419537511529881 0.715705213678475 1.07538573472199 0.974558927317038 0.551797747308797
-1.08916769843959 -0.640884835404856 -0.448552863411297 -0.829798031021313 -0.719326466959452
-0.0185041188568267 -0.497622332467809 -0.773580863237011 -0.483419422096625 -0.226855507268951
0.821296629787151 1.38333166987999 0.581504127932781 0.840464490390835 0.969286569334478
0.612941414545152 0.691599798992371 0.402002481853727 0.250502096809576 0.893030566338234
-1.90156801296952 0.0381856728548656 -0.967109880631501 -0.8124829000338 -0.0851313765412889
-0.0348316967916461 1.05892847946632 0.102873892342604 0.477520449848203 -0.887540332022487
-0.982783792109359 0.342103883702407 0.742806052373759 0.165146940890934 -0.185543362509562
-0.222657445153838 -0.769004807942548 -1.25306480449151 -0.851077688075638 -0.846371147871195
0.862386807635234 1.24186621636047 -0.00802453277927549 0.709934641039443 1.58450663725744
0.325263278141846 -0.0520414048830143 0.881424038465289 0.331534812871683 0.184818003883866
-1.46810328556283 0.325615973865142 0.342658207376482 -1.30047569388536 0.0866475856404812
0.625792404687954 -0.794010633738767 -0.785797039003726 0.357012303008627 -0.707438684294423
-1.20557777255367 -0.319766451064344 -1.49785475045437 -1.18026622547328 -0.841304637524375
1.19938084654023 0.771449867066801 1.26780699757058 0.935512220936952 1.36681032111015
1.27234789597267 0.565396279933217 0.603815997941601 0.988526293969603 0.77417858602537
0.235330633252465 -0.0283985549111733 -0.537203129695061 0.00341537985487769 -0.28197905656884
-0.0369579762328378 -0.122360503785259 0.60531039668778 0.323312349682686 0.368114868322297
0.482772013953026 1.22046925916571 0.917944145990137 -0.519744851411415 0.802370264050824
0.638000382400782 0.534289823683126 1.40910631958073 1.18343741276761 0.32187872432398
-1.28660333818774 -0.629360344197326 -0.959825943587231 0.295619021825419 -0.966069478052369
0.844650597154623 1.16544641382897 1.63124899249048 -0.479423782665913 -0.497585634763917
0.0463058296870923 0.241708538274078 0.28221426772591 0.500163027148818 -0.935650895370461
-0.359874531022685 -1.09499662021702 0.389456935554271 0.554239238772028 -0.41221064027478
-1.53711116013045 -1.06496829304284 0.402369960134099 0.0403632586853855 0.425489763386361
0.00231195514444361 0.00101414599159734 -0.195846768520612 0.646468287421302 0.357909052243998
0.714640304122649 1.37065368989756 1.36308133406604 -0.372444704911685 0.326507008943206
-0.643372396422432 -0.731672514841162 -1.24915699832845 -0.983304213904716 -0.246235908479363
-0.636140033917569 -1.03341346654221 -0.90474731282255 -1.03537158735431 -0.505720458471717
0.271672983946139 -0.0308498855859112 -0.00363940299891677 -1.0595143000376 -0.877047421616074
0.405785655247789 0.226876897899182 0.237099833334372 0.340200676537857 0.24341174663419
-0.658346409482095 0.344831483800131 -0.157647950706753 -0.376509737102775 0.324906188827531
0.0309891481443521 -0.0255386734069335 0.15477370428449 -1.1057810667561 -0.886665547620549
-0.396034511661436 -0.070442474456788 0.0183608716629603 0.971650300246414 -0.170421050237795
0.823473639905276 0.0223952299089957 -1.13492908434213 0.43371530845988 0.431401683983921
-0.162505901149044 0.327875028261086 0.201151496958261 -0.622350696443632 0.195237134338122
-1.29689350596547 -0.260847147508437 -0.994574282615605 -0.498696824706374 -0.422825113526626
-0.284137714681452 -0.923976874689041 -1.15595160721524 -1.146440170475 -0.752511059604137
-0.254955123316234 -0.325190927884622 -0.0564501182320876 -0.417791404197368 -1.3663112640826
-0.051746356754938 1.09911298383787 0.408227264991464 -0.218033174204659 -0.479534515747803
0.411033834394155 0.258035246170695 0.432491010646756 0.930497632276401 1.05988255545716
-1.0642435736182 -0.852430902857278 -0.518812028432031 -0.853545257057248 -0.344328670674956
-0.29001155801223 0.162453666886526 -0.130139259751228 -0.0641438038893598 -0.277178215275549
1.52581105608752 -0.155118051743145 0.583433916473241 1.17733166961145 -0.255820950674487
0.299538005231017 -0.402330728025364 -0.741355651719079 -0.454040455904212 -0.521198394581017
-1.39588950106113 -0.880491981355648 -1.4013753728377 -0.0375672920046995 -0.601738180840198
1.64688296403454 1.22432266749326 0.795473505401883 0.915192944511509 1.61586758498447
0.0600738214743819 -0.887506950898133 0.130487065608511 0.262596713827517 -0.43701130565538
0.299901687763918 -0.286490048843144 0.272630756332625 0.319144686422431 0.144440315158215
-0.878396656436699 1.1149492159041 0.920554599912223 0.777892128942443 -0.042862324703764
1.23554167590149 -0.509405181666879 1.41446787404648 -1.15383073162101 -0.127753871889682
-0.273471469209819 -0.0926722233584539 -0.114534673658658 -0.412606656371246 0.812653933341539
0.146145206092035 0.504578541281431 -0.539913388706433 -0.744174141531504 -0.272125751249401
-1.15190188277509 0.636325813800091 -0.221778031475807 0.491151779415243 0.654287344378806
1.80497281014882 0.480053411531823 0.699241906663955 0.0348064218166197 -0.582577072041875
0.388685414531141 -0.804233876651596 1.04230685452683 0.931240677415937 -1.0941380689611
0.196744525915143 0.283544634552398 -0.453658037806318 -0.532425079804934 0.572022260529543
1.01985891866146 0.469551824388975 0.57369362457538 1.3319910898989 -0.448702989936841
-1.90583527815895 -1.36804647586331 -0.313645935100393 -1.66074276754254 -1.98130136937376
-0.997774863295324 -0.891118195376091 -0.507200434098394 -0.735084501985004 -0.784974255108069
-0.474396634452187 0.146888311901616 -1.1854935546811 -0.379167701829594 1.03981858974227
-0.0297921009593334 -0.278375687485091 0.191534543369683 0.200347291823275 -0.455988153285247
0.403523160025442 -1.41935963323331 0.415651571181624 -0.660077855686854 -0.0420548673824813
-0.541855905222225 0.291983779827715 0.618061883878084 -0.28691194015867 0.0469408637406386
1.05906122435057 -1.20756321328876 0.363211456523286 -0.359211835722087 0.342770638048003
-0.535882986721425 -0.0138768545095817 -0.428831557767754 0.053738706816279 0.22424437708544
0.00596447155911308 0.605928645570421 0.796482599048549 -0.559133268010376 -0.837162002785207
-1.62003922314818 0.0741948055268558 0.593700443334348 -0.515143712906413 -0.735934270126043
0.103120352326341 0.292071346583605 0.342460055370647 -0.400848577948463 -0.149428935154969
1.52583804259366 -0.230089922814018 -0.0647978188178238 0.0635974569782547 0.91508590312402
1.21302906645638 0.437761151854563 -0.098053083269811 -0.29433977131945 -0.654932703113609
0.453158548286713 2.01657212684802 1.26475907415886 1.01531679851739 1.53637707895828
-0.763673739437217 -0.124529025966813 -0.0409555661295326 0.779678603717668 -0.652546600138694
0.192632690703204 -0.771501904464701 -0.785995037468912 0.349496044695631 -0.570131562945897
0.555790990901134 -0.0969830624508206 -0.0498193900355201 -0.0554181312886995 0.68452705330736
0.126878681507947 -0.648761537906594 0.588105202549936 0.171296646929654 1.20994974878439
-0.605800697670332 -0.899796460344644 -0.696114248308917 0.136347753511551 -0.649822841582581
-1.13013399507798 -0.197003996749667 -1.21818344863249 -1.5230539957954 -0.681611664031283
0.0899449384189186 -0.256663389090462 0.00199114824969125 0.0939978470008714 -0.246901916989845
-0.225916415129603 0.0615221070235008 -0.512915355563316 -0.635657828489824 0.10925870371698
0.087616796601106 -0.914477464382421 0.319780023814828 1.02628029170224 0.114619026842277
1.72505375090697 1.72979522364412 0.640257635055525 -0.038488769726655 1.0195379916863
1.15994489253385 1.07706061396159 -0.462612371395797 1.01286991666018 -0.624187917952554
-1.02776461479055 -1.49947757858777 -0.574894192823192 -0.702194296964377 -1.37067475799347
0.787574116079692 0.174190797388633 1.10234410015361 0.41079842511325 1.25989558536257
0.320859505503614 -0.249583947771872 0.689386332470807 -0.681862720751005 0.246442302914577
-0.20362366203564 -1.67367719795589 0.224015648626398 0.00120185333316508 -0.430352382951008
-0.479558329626055 0.749926136524086 0.805493822413625 -0.102858492349302 -0.896260043900323
0.428795316965445 -0.430000446063409 -0.186840887888648 0.465755426687573 0.00419518213972212
0.196368298037726 -1.23940855972725 -0.46196160684175 -0.00410085114327411 -0.570624533653171
-0.227056709448177 -0.713128123161358 -0.473467203427315 0.515385791993202 -0.101234344425918
-0.364808030267288 -1.17319144891699 0.0685964803595538 -0.463025149271702 0.520873869307117
0.672482217267801 1.41127004044932 1.1781286208717 2.0931056433421 1.20802789938936
-1.71365229752513 -0.639029962256218 -0.659460089576867 -0.59300874017537 -1.14989640970309
-0.685172515735041 0.439348645931546 -1.06226613248127 1.08858651833087 1.37048853065516
-0.353108853395953 -0.739771985961124 -0.0403729382424204 -0.889209447082543 -1.59814727745865
0.330337912327752 -0.571743286858049 0.525386243192003 -0.195037566331113 -0.401593160653544
-0.326808654866874 -0.850908193498435 -0.753587378672291 1.09445227299858 0.388685780669005
0.47789694395353 -0.0708840386571027 -0.00975359314754995 1.167377932723 -0.0216204475579085
-0.212073464697485 0.471428819797544 0.230810346384233 1.18592638608029 -0.377243693319229
0.298723290446355 -0.324434341641841 -1.25098950067266 0.392901628288919 0.689782830193136
-0.309425365355625 -1.20318273223573 -0.587484152666896 0.308874364352414 0.0380838305504523
1.65469788933926 -0.600165918656907 1.0963927330419 -0.37971888930671 1.03887093691947
-0.522477140159445 -0.243214646679428 -1.46928342931755 0.0284265072478478 -1.1206195886289
1.06376258649704 0.573929380042438 -0.0107998725770461 1.07001736871493 1.828362278442
1.04256012994803 1.10723386826663 0.831303924317544 0.682322141179819 0.251930632649115
1.23515950938833 0.47448814800615 0.241789161527033 1.10636275907818 1.51701711023339
-0.0130052762701931 0.26774099108432 1.29491686887427 0.750645394478137 -0.405244865070443
0.257986209479593 -1.04456605126156 0.425844876705661 0.340854613384542 -0.477521456130083
-0.539194385268658 -0.854524761540916 -0.79883813242248 -0.517512498276322 -0.503037699127699
0.361568502792284 -0.484056386150162 -0.335673196428006 -0.418066628055643 1.02897541887843
-0.366905795334548 -0.899379033567146 -0.39616122889575 -0.886413957073905 0.0875797662153227
-0.653410273576029 1.11512504681613 0.0414051953196733 0.112028212274799 0.174618203490704
-0.709630050886647 0.300901517806208 0.307721122043571 0.628194747059734 1.10080201448681
-0.258730187281405 -0.987106015587149 1.0522061761712 -0.177860013089306 1.3125522173928
0.435381867154547 0.213975503446935 -0.827888853151859 0.94433855316767 1.06321740469944
0.444499724269031 0.695273130204278 0.425946108870721 0.403109631699346 0.604840880439541
0.352186138809004 -1.21505303723633 -0.515723512904119 -0.00551349293653568 -0.731943271697278
-0.578329963669589 -0.519936362201856 -0.408659220562171 -0.300978542615462 -0.465105266055
0.163015369035411 0.408145972591428 0.461938865090844 0.621223874707049 0.331512136917867
-0.434169775141238 -0.257853716480473 -0.998399604037203 -0.771014694261258 -0.880071828544372
0.745080422146803 -0.557133611400837 0.413471830891192 0.313480700768029 -1.24556604454912
1.10150039006174 -0.326780076251578 1.11723355342753 0.125701859539907 0.7044084299473
-0.967377194619177 -1.40145581576015 -0.798537004173932 -0.762374433424899 -1.31616990430309
-0.617355814242508 -0.121958496360308 1.13979018440596 0.135609677095147 0.111076390463733
-0.0539795848670724 0.946832194829465 0.5900995349246 0.387338431160666 0.482620536966631
-0.560489451014228 -0.37498471205521 -0.322443324975669 0.430616330065732 -0.279242406156269
0.0959352522105173 0.54865732414052 0.705017720251111 0.342001006710806 -0.855922943799718
0.394280274124239 -0.9436877637088 0.620018592733785 0.249934615516855 0.619079890057869
0.187600788829516 -0.137778388215334 1.29491573215197 -0.421732040837986 0.294405435893264
0.218204312560731 -0.300901194327853 0.179019143151121 1.42153577668122 0.328021921068156
1.41263246518862 0.74846180294027 1.3730514785345 0.306478069487075 -0.0278873156126699
1.2883854704598 0.541026075117168 0.593407637289427 0.293834995605766 0.728548857331989
0.200726427472441 0.299591146223361 0.203328768845719 -0.023938933228792 0.17180868803596
-0.0460169925308955 -0.348410390632008 0.220054309701482 0.59735732808541 0.665914145349195
0.166754997653716 -0.661689987735895 -0.216391470485483 0.299462058921811 -0.348984095483921
-0.613114707461538 0.17882379850168 -0.819332007194278 -0.216418455396492 0.272555090242979
0.25556969492515 1.1875753705583 0.0915535196534871 0.371783790148843 -0.405952342676277
0.880465041113921 1.43973353668534 1.01749529721765 0.383397431232639 0.458410651064457
-0.157775170820372 0.368521681871243 0.49567359674794 -0.843728063150979 0.0257014812905325
-0.291980292261573 0.578158418261868 -1.26669622590098 -1.50818575034711 -1.21512993476687
0.545467532011108 0.869417848289179 0.610192131140555 0.019637603345155 0.848515038636436
1.38711606385727 -0.506415045764647 0.756206228075781 0.0227388357710364 0.25167963139827
0.809132370669243 0.554040127284088 0.706657437932201 0.396438054062824 -0.070956260637769
0.631913724039732 -1.4701515751366 0.650429409315084 0.46822721197197 -0.80482631143709
-0.492589872273753 -1.31566140848605 -1.12858953980621 -2.16805353017479 -0.140921050442534
-0.80582297698969 -0.0830940743742635 -0.71347194507753 0.0977036367553213 -0.58518640281176
0.427841094320441 0.320545241387062 -0.487943911724046 1.19070525379871 1.07916523611982
-0.843555667115044 0.0304476461640692 0.331880115002911 0.304692492171586 0.0307519991050564
0.300456919392554 0.230306406513424 0.497712477133883 0.766182965812563 0.798461743828323
0.164060627057553 -0.156695233473507 0.253476954207987 -0.780334355776601 -1.04350217679612
-0.390356058319728 -1.25499441562607 0.233546194979656 -0.886269982144589 0.302401716859241
-0.376132476241021 -0.375004865431598 0.192557139757905 0.0884910857530572 -0.125794905734092
0.396245980965162 -0.447197235451253 -0.404612504388107 -0.869728464343065 0.364803892619957
1.61076319658892 1.15573076110792 0.829281299081649 1.03419415935037 0.527361940198172
0.228309745992886 -1.11201988158812 -1.49013409754733 -0.725296181456896 0.168175173520983
0.0690836476095948 0.927398117903606 -0.194217629830255 0.939466531509982 -0.964234496978528
-0.549745723447714 -0.665664717992948 -0.0584026891647114 -0.510631368904364 -0.225012495014089
-1.10207472859251 -1.05016472517556 -0.118536206885444 -0.217283231795502 0.597215059539145
-0.751337063730906 0.963486790684551 0.0712107100657574 0.242293002711873 0.329205464214231
-0.599108551346517 -0.0741481156529585 -0.139926719259001 -0.491150634935506 0.546917003419057
-0.623140775995852 0.217053783114101 0.239745498017626 0.792921941021645 1.11806800126924
0.626800188978646 0.176623322399089 -0.558040084191574 -0.0441825231294907 0.347133253430402
0.411252838950959 1.05894727587089 0.124283393267096 -0.20308502866828 -0.495573706054274
-0.0173665949800632 0.988670255185191 0.863689430520558 0.566037384818137 -0.441508962715496
0.43435140284725 0.79655308891555 0.0117263009791384 0.646924165946393 0.399813948733277
-1.04290167059479 -0.0266250671114047 -0.570785048924182 -0.354631783041922 -1.02231363323048
-0.225999046069378 0.506142124768214 0.810392972768228 -0.504154871326751 1.20533354697479
-0.179841922906514 -0.445608137261101 0.234414041108665 -0.272831907354992 0.404822536598641
-0.326269786586623 -1.62229537770353 0.441244780503777 0.0300855373044434 -1.25320197225621
0.883975252563599 0.090773225686763 0.388689626338865 -0.277660830425285 0.290523428146137
-0.147962558647622 0.369655553109308 1.32100061311383 -0.337827936383208 -0.229773111070031
0.481473003167989 0.104751994196212 -0.166849640722472 -0.34795548353636 -0.69445446064229
-0.0842114583231247 0.99743676556292 0.249278366730116 -0.823540486374876 -0.746192139409058
-0.171105391115575 -0.690495760452915 -0.462717913275816 1.02323515490579 0.195637565375197
0.177142233101614 1.10824130533735 0.393218300038065 0.911505847480905 1.26035321031995
0.544811448371476 0.39236525562232 0.187383409638338 1.43845874221403 0.731520669499056
1.0888357869175 1.81726015185814 1.69642410384074 1.23936497942661 0.895332783693932
0.328116955726947 -0.571146901527773 -0.719140777483341 0.101451595914511 -0.338315180655312
-1.33152100964289 -1.43895541758968 -0.422020754194771 -0.467707271060523 -1.17289988278102
-0.876433696095389 -1.55967456699535 0.246136536819159 -1.97733822057913 -1.36801755300601
-0.36420634317191 0.774284867773981 0.45877122845998 0.10781499836592 0.0414493511320897
-0.985648287200238 -0.629660801625631 -0.47671685819553 -0.591437586686978 -0.673327399823739
-0.497021093731455 -1.60044916780821 -0.740390615212096 -1.07973716766558 -1.36162271314564
-0.437992560883915 0.648548636474115 0.161395502433775 0.385484592108549 0.486241470578596
-0.754316500588974 -2.10826109450127 -1.54368746327899 -0.849841616571392 -1.49449979793028
-0.990422772124779 0.27156434588088 0.250006799706455 0.119508218192652 0.416230966937743
-0.226156600962214 -0.0826988381279725 -0.598471890097469 -0.738944456399887 0.0527895612296701
-1.12533650736628 -0.686405839620123 -0.863879117030146 -0.78815405511341 -1.79843219341467
-0.449067232289762 0.809286049383428 -0.641557337295661 -1.02909123964939 -0.323680339291293
-0.702572526362344 -0.7515089873208 0.636219227398081 -0.990180287400401 0.340809755443774
-0.408985473653168 0.484005583880114 -0.335700242832709 -0.419384677916951 1.34091366747966
0.456575682767124 0.187656686921961 0.529374185078975 0.050292799075094 0.0896953552628435
-0.262036180734803 -0.60021093097308 -0.801109734563368 0.266965592767717 -0.369279695183021
0.583316353489051 0.217163722776909 0.895067354679109 1.67805064819362 -0.98096317959531
-0.589310050959658 -1.02959491903239 -0.793134453071834 0.50086491479638 0.236867282692576
1.2652720188317 -0.00431962969198598 1.62730547334134 1.63446813271832 1.30308374537095
-0.967639594543487 -0.816579879970667 -0.316673221076629 -0.380272771956684 -1.25192385396802
0.0905628777666729 0.962451847728976 0.394917197961966 -0.867505812166603 -1.31114156000958
0.423249641005983 0.1435169781352 0.467347639220027 0.642016455985724 -0.172695702692004
-0.643362042628807 0.2129412480517 0.225062095329638 -0.711808961623024 -0.87048522150079
0.21030993605898 1.0219329285847 0.466207991577977 0.164364071749637 0.93558594338796
1.2173672357374 0.993916337432931 0.932821960171438 -0.0839332252620331 0.607724865251502
0.127305510597553 0.240145182560531 -0.211682126792476 -0.359827026541794 -0.505979156136488
0.0736130995666702 0.128246240588408 0.919628911734821 -0.0325197345953782 1.24999492356142
-0.488637158138694 0.513527846230363 -0.210779413126562 -0.368839952022222 1.15640611712353
0.626520648240815 0.56750472823535 0.700248791022543 1.30320873422119 0.794622981727853
-0.149989368494763 0.00601012232779261 -1.08664110493092 -0.364254900102991 -0.530895427567018
-0.327686714061449 -0.863889278343442 -1.29632994498707 -0.0529017279478542 -0.226991961715145
-0.603516922960337 0.910692841579335 0.808493564905778 0.171397352196467 0.364036097413722
-0.0622681360359674 -0.832124814707768 -0.225332485194117 -0.430250449567741 -0.545995939383819
-0.720665062909136 0.327752347980733 -0.49156472446023 1.0292803127223 -0.483068509620566
0.0371379701271676 -0.357520617782964 0.103659589410028 0.260794036570112 0.257521148515347
0.10114476060314 -0.498530452107771 -1.19704655528744 0.757755221988143 -0.178539524559486
1.36071130794331 -0.523293258611832 0.761888956908013 0.153751605187633 0.314615127006089
0.433825354028097 -0.486788064475714 0.798695707588311 0.045794847739425 1.42302338779688
0.945565262173 0.831102418966097 0.97894974688727 -0.135141937100145 -0.518853641918517
-1.42253456756611 -0.453897070444526 -1.21282959490823 -1.20485137557707 -0.961099054064726
0.200293302668607 0.169527252043397 1.30380343194072 -0.195960158328405 0.785102218652562
0.917790761543528 0.762087012435718 0.403201978519139 0.679078109089529 1.37913882175065
0.886199475411881 0.894692224276228 -0.655312650419382 0.152532971527928 0.644758516357514
-0.55014089451936 0.00611182237217209 -0.737052688075174 -0.146831107189873 0.201276019254508
0.143307495282027 0.425615751141721 1.43556276911809 0.54154839000505 0.483134101865324
0.237837340388265 0.809944352259093 -0.25821091382382 -1.13476637698703 -0.750517296783031
0.511366521188225 1.19358364199256 0.510322660448988 -0.91683224199477 0.334458775195686
-0.265412070240226 -0.441448443313407 -0.4527853699863 -0.0610839764486547 1.00860882022237
1.41362470545064 1.0899434279775 0.319314255145369 0.737515504954608 1.73629115268085
0.406516531807764 0.292956635239648 -0.789202875036466 -0.476568985272107 0.0775350346584449
-0.632649781151844 0.516958026777388 0.0262752427835296 -0.119185317831058 -0.0505145364973577
-1.38621416827982 -0.836065874482852 -0.590927264109905 0.0516527963013755 -0.197449215643662
0.287162116743182 0.992917877118619 0.853209185722583 -0.497392742329901 -0.509952302129963
-1.02978007955623 -0.127922987604889 -0.132960558562864 0.249848588109346 1.14624774390926
0.337445811985382 -0.157432918259541 -0.4063290770457 -0.294691667688186 -0.483924387547171
0.616636371316762 -0.846811970452088 1.06941262705166 0.260135406356996 0.300445909762262
1.12251385817668 -0.486044320529624 0.47559193539691 -1.09178539045175 -0.521376258079092
-0.403508461994338 0.299733233635424 -0.481545475877242 -0.734726989248705 0.187714608293301
-1.89130177953145 0.198710470662523 -0.2598830051873 -1.20183779711631 -0.246895067070697
0.786830210292668 1.01491685152199 0.294199868430659 1.21667469743185 0.562435115374995
-0.251456312872672 -0.494646582623091 -0.141057292662299 -0.193173051887595 0.591966791923819
-1.15666340598654 -0.0772524192401743 -0.405188659840378 -0.00891834115311116 -1.30015080625742
0.407483392223323 -0.0280018884357828 -0.523213005923831 0.766973664533394 0.145841633301897
-1.3852153971977 -1.0614655882174 -0.716864581758523 0.225988372762601 -0.658958671168564
0.336555201124165 0.714036271652141 0.146212313476372 -0.0953097317369006 0.681597217585153
-0.439328953661542 -0.434665092582596 0.443095755636881 -0.398824893065345 -0.0464628874125571
0.769453415778827 1.21117686825823 0.800289801765531 1.17903247499017 1.20298852675029
1.24260429998946 0.3510487933898 0.919184296482573 0.468035649216921 0.918491148479831
-0.04199809199399 -0.503168444041575 0.375126965679288 0.740281781666536 -0.943255642094546
0.100754323770904 0.654217595009319 0.239986529843665 -0.0423337879116392 -0.242401259926494
-0.549016797622244 -0.783744010304322 -0.546776505934201 -0.811179640598007 -0.496479175525272
-0.386523489124034 -0.300615599807712 -0.78587969006904 -0.158976826456961 -0.129367052390811
0.942308206332079 -0.0766106764663672 1.33351458190343 0.713269090823914 1.32557746051542
-1.28452242501149 -1.33894914087114 -0.982172815317092 -0.643041471986183 0.0248000146300956
0.826457833104642 -0.3924100907377 0.16084355078591 -0.437735049572483 -0.626349476992933
-0.816257134002405 -0.302657004991391 -0.275816529719738 -0.710296421778424 -1.34452519566302
0.0121038548503772 0.57690553508814 -0.383708010715449 0.48404186295487 0.39899860613998
0.30618684426477 -0.833966439376734 0.843566297976754 0.383064097926725 -0.510266890327706
-0.143073352012518 0.480331090049345 0.930715745991298 1.04655336074697 1.04988905893332
0.298663829612587 -0.601792412668072 0.0320422970040728 0.225410212117706 0.0539688573435096
-0.854120294735268 -0.535565612490883 0.0482341245507394 -0.601256890453147 -1.04026231640986
1.40353142744657 1.47259227616931 1.32888801337226 1.53948914903425 0.621679843680475
-0.0748325731878307 -0.53600580953717 -1.02769520905725 -0.778764460566927 0.375187006357478
0.0496987900603519 0.176675271810423 -1.2537184973642 -0.703917529475764 -0.461452771048067
0.0773603133149487 -0.703301954736426 0.0924867297414596 0.436556409507927 -0.340277326730101
0.252664599593138 0.473955074302126 -0.654224019861723 0.132651785377498 -0.829932766962416
0.474697900374149 1.73185010267641 0.227830155947634 1.98886595561666 0.642654805091784
0.836417257635776 0.730102572380169 1.60242768655465 1.11699835382477 0.99873299249598
-0.863037045983917 0.267113637251374 -0.169951090036614 -0.93545642977827 -0.343594749783285
1.57368252869984 -0.695758480852967 0.0911229494960414 0.446718923042199 -0.194619129966521
0.615287463441318 0.23594011563346 0.513158339907057 1.00338118301283 0.172357350462792
0.998411088514849 -0.723822124779648 -0.524671280360742 -0.083437523734116 0.495617466304493
0.408441133112856 -0.74068267544703 -0.365386728661035 -0.00175568615665049 -0.364048474632174
-0.694082419198563 -0.615201080637351 -0.851403970616408 0.00245238885072236 -1.4204409346907
0.436373827534355 -0.414661049140124 -0.899577388458793 0.770151280363097 1.13554365521317
0.213311012206644 0.32434842781103 0.0559809452071166 0.464206214888768 0.525535550458354
1.66608629898344 0.0491006507186129 0.227954840583839 -0.171950248954951 0.259219995721277
-0.775039073467028 0.0717170607596427 0.481239123074782 -0.207773729891365 0.540329888932891
0.116487491735625 1.89122106000357 0.162423084666276 0.835557813833782 1.11374722989819
0.549138544053567 -0.424687920092654 -1.08609894458946 1.03850956038918 -0.786130280329997
0.0174863414878271 0.398562453694622 0.738822181562219 0.443448261696187 -0.485555557950827
0.189465410011595 0.618687389744284 0.440885375735017 0.574692256516841 0.962054811939694
-0.714882690840986 0.593162795351636 0.613455958827743 1.45704534014999 0.994454962976411
-0.907292329676834 -0.90354556915076 0.158511947304611 -0.582808495425781 -0.860709757915701
0.426759695209578 0.927705126596838 0.673676035699891 0.941012773315751 0.0382875133679383
0.212963441540521 -0.55341415332604 -1.10529095365208 -0.148581816760447 -0.195819822916823
-1.14859485006024 -1.07877056868816 -1.02471109945225 0.381418813481295 -0.949662426483909
-0.245661560620635 0.396652376189525 -0.775566190503297 0.0335888909472773 -1.33953171217011
-0.0731789863657395 -0.380393210626111 0.934361392574472 -0.687338071515497 0.280814722390965
0.163781733723118 0.205124055894071 -0.744762547776663 0.972778599627601 -0.634232853112777
1.23206207079854 0.421502522255504 1.28597413969289 0.616654479062306 0.904707056161279
1.57274943817157 1.3381125243593 0.691339575400474 1.02515446382217 1.0962160260765
0.573400783037213 0.626103537922561 -0.831166549240557 0.61382772480049 0.545062192041392
0.345529853327847 0.687292984263229 0.615880710595341 0.0954900033957558 0.00755392415940823
-0.55756169047341 0.319796598681489 -0.404314996321728 1.44840337380051 -0.158801924264638
-0.308827194427588 -0.488859440872078 0.0328100276090972 -0.591899560310119 -0.292694185175331
1.21813017120547 -0.360879650162409 1.28383652046794 0.507041752696131 -0.885020530539637
0.479520050907172 -0.544863459182921 0.248760507229784 -0.272599054237402 -0.0368660935276231
-1.2812944584284 -0.946257850717503 -1.34696335401574 -0.374420478141023 -0.458350517523476
1.0033866978404 0.329308648887074 0.914469325805773 0.730042733282973 0.760974697720483
-0.688404357855468 -0.947927518451217 0.112341334667581 -0.191007696784053 -1.11068220368067
-1.18388091150094 -0.136109526240111 1.08503417639708 -0.321729888067094 -0.352579310338904
-0.833658746234635 0.725071427821111 0.576743000434594 -0.448324019504246 0.405332067593482
-0.531685035910704 -0.950439896488602 -0.662346027056925 0.93788556402015 1.03286917056838
-0.895796099540844 -0.676122540304973 -0.879471076338611 -0.67393833037924 -1.80160836792745
-0.0498262721506098 -0.189189001441629 -0.396774875276952 -0.806690496328 -1.17815371152149
0.294595713091085 -1.29548093910805 0.204304608868601 -0.398949954271354 -0.449669718149175
0.259231816331921 0.239909233202685 -4.51494384143444e-06 0.230515718167528 0.469839752160192
0.237811541927678 -0.145487610973326 -0.203740249268975 0.0968877217842303 -1.23394363850338
1.28080302630566 0.363351749123949 1.14299078473041 0.242872823118728 1.14204375572349
-0.927476797543785 -0.648683658289888 0.0404506722011397 -1.31745245872837 0.474409517082606
-0.586782225146586 0.573050516814193 1.12605916970449 0.530009698012392 0.737131777134257
-0.101577024468362 -0.212251417275337 -0.866071778754391 0.108840476572218 0.171784759314641
1.18447960247927 0.682932919269831 -0.218792606440406 0.449271050425228 0.250521801335406
-0.423866446097924 1.01955835916371 0.194192795485891 0.292397447807945 0.421313527765145
0.118120267758138 -0.259430962935236 -0.48508570231045 -0.179699639534788 -0.349032824344356
0.472268734677013 0.410021068815569 0.269473873265135 0.653518090820224 1.06515571550746
-0.75944523717079 -0.205526982525204 0.102664761742415 -0.413867778187111 -0.132892383763965
-0.815189574349636 -0.847718040210672 -0.82579612028534 -0.985332608967502 -0.921266416904374
-1.36671985508471 -1.18684316753325 -1.54395476599249 -0.562251614245556 -1.29211491582664
0.171602386084602 -0.480272826030929 -0.64944844922954 -0.207990985623385 -0.609122749049461
0.0626517720056113 -0.422805350015004 0.679722329443416 0.335556332899551 -0.721948116591376
0.491260866816292 0.677652616760823 0.374487557614716 -1.24818273438331 -0.206977759732059
0.0303861967917259 0.181963871327574 -0.0989186992380877 0.0178875764199163 -0.154603368296406
-0.215233529954419 0.511775642989912 0.0248065467132188 0.6756216383726 1.0227780386006
0.0609182532140594 -0.615509861761909 0.637007861322446 0.131142122936461 0.57236201940517
-1.08549204675549 0.160599912785845 0.254741345267625 0.659169694873678 -1.35745408065251
-1.18076653610822 -1.09277218165263 -0.636479119485353 0.214388444463934 -0.530478608169513
-1.68920007823447 -0.545559700560848 -0.300909001154695 -0.798695715710627 -0.421922696885737
-0.218375948854542 0.869258500710869 -0.889464111341904 -0.118416798467188 0.436901334149749
0.402229411467446 1.93406072751605 0.574471286268687 0.918605192938616 1.03025891123123
-0.611593645489601 -0.762929097701858 -0.215879608008932 -0.648429515101624 -0.762905228297958
0.257853507260453 -1.5337988564368 0.713898185132191 -0.231118087701449 -0.36893046709214
1.75055315939928 0.0220013410174523 -0.212472135392996 -0.0487583048332947 -0.138033653422544
-0.859285422018046 0.42905569236148 -0.0218327736621207 -0.168327937837856 -0.340593060613328
0.00637039360204148 1.14621100039627 0.468001829526025 0.865409852064964 -0.21042279944237
-0.257632979235754 -0.74561226359576 -0.222234959117831 -0.224748430320858 -0.409806556848019
0.990699796702069 1.20095858303671 0.556980356943862 0.215464419016656 -0.132364028387567
0.780519872171115 0.700748007192367 0.992322153140425 1.46801447683328 1.05930088042746
0.446039466474932 -0.862463167278859 -0.166502552411108 -0.0890124596517433 0.544148971635579
0.413925595263282 0.369620055698778 1.13068244436782 -0.926014058827168 0.339098584602877
-0.816160597926095 -0.686324401678452 -1.20222230852818 -1.34578296110108 -0.464389254406038
-0.919458445607441 -0.624935391426998 -0.450112457502472 -0.538754841420548 -0.468432945807465
-0.176354556798312 -0.052144317923338 0.183719156649089 0.388964611830074 1.10308023817644
-0.722385992458148 0.00809514301102725 0.505765538555135 0.169194232770096 0.543604036554375
1.24232473245419 0.336578121903312 0.546126659017243 -0.477814957772811 -0.0983440786254827
-0.928415021639341 -0.353507398727006 0.402881140824147 -0.420539660955348 0.304975690917808
-0.284580511086151 -1.38596535070666 -1.82574600484309 -0.499093090120512 -0.91511333779905
-0.0965886068871857 0.604223387211539 0.328397647742062 -0.126013173112028 0.55168183367279
0.649296904200704 -0.126691763233396 0.570406466398185 0.601406662669938 1.37823937039532
0.603890499082464 1.23693210864537 -0.13900522836539 0.694976407343856 0.0261035665469184
-0.247907587745507 -1.17963742037614 -0.619784095340736 -0.457984949943046 -0.935867219194291
0.893861043318476 -0.321832095688638 0.528164694915736 -0.392911679396681 -0.541042927420564
-0.269814233784461 -0.920124161075416 -0.660996365933131 -1.06875836375716 -1.30432989355346
-0.914604037798589 -0.238136507431359 -0.618739385215328 -0.325760681775087 -0.572134968227254
-0.501299057179788 -0.519227890100852 0.617160345241226 0.30480808550791 0.14403095302182
-0.390496614709412 0.344429702777874 -0.887196001830645 -1.00061478026061 -0.427272367382232
0.0434370282242065 -0.252102782721829 0.500261266116269 0.586234311217216 0.720898645577636
1.54595163394734 1.57377516918502 1.24983336362773 1.2102967820031 0.486863687639822
0.0703572833265032 0.576138972570151 -0.792662738843927 -0.11523570888576 0.728770728685807
-0.0716992375441577 0.355343008859805 0.0596288228371028 0.717144660413124 0.464992584865057
-1.36605049323904 0.51261629297677 0.0290913647158692 -1.20449069263625 -0.901040834669913
0.713279218611101 -0.896219509326193 0.228279497317482 -0.0966175737885169 -1.38105579766767
-0.776899403129413 -1.50751157120653 -1.40267173780179 -1.06067159625364 -0.37410474985806
1.51514323811707 1.97813588186981 1.32076857152208 0.408765964523038 0.616754031729152
-1.34387060209037 -1.26279067757101 -0.872967661892238 -1.12458327321838 -1.08700290072781
0.736523688823587 0.865059208549336 0.420695438128208 0.99005036037267 1.06451864661171
-0.102703157947475 0.63313336046761 0.811769451065958 1.04457028084153 -0.125023388647192
-0.300784088055442 -0.452416196959486 -1.87664231561463 0.183746833174397 -0.839614491292068
-0.645614520009797 0.194180159236776 -0.0962941857157754 0.542877866487954 -1.48542991192602
0.188300204464505 -0.729303304134553 -1.14255433556999 -0.0331146727700117 0.213486208872925
-0.151764392611376 0.707468012486154 -0.425005154697145 0.15417027738194 -0.415580189956908
-0.0463384754781054 0.0689043941912824 1.28552848604704 1.18392078700768 0.17235320597776
0.746701648478116 1.19065327120009 0.767826149814657 0.865977209474652 0.42407834332576
0.945981764100233 0.134241518413019 -0.0690792374263583 1.0405345324271 0.46223497121397
-0.994313732170303 -0.88912148058412 -0.57422750400374 0.380856596980493 -0.315721047175974
-0.118607367529645 -0.559399706849717 0.289822486640029 -0.553175435854444 -0.528479904788591
1.15642494094567 0.481935956245113 0.0216380762710058 0.00258265215848723 -0.0423125332726873
0.888067393538779 0.111269169832668 0.824855636607641 -0.322520394366807 0.408102003079775
-0.153538462660658 0.846378098049556 0.485033233346275 1.02488094970168 -0.432053791762469
-0.0186995265299069 0.256830683110169 -0.920546689612072 0.482413564707278 -0.0807374283143931
-0.995176233614828 -0.817834583764092 -1.03313198162915 -0.110957039380766 -0.692766841898673
0.0700366114734762 0.410212741803179 -0.559497652055201 -0.227047501395448 -0.595611963810354
-0.156606611913211 0.0281350182679069 -0.338225685707254 0.314024214793528 -0.220554180262618
0.839300985341844 -0.643619341608401 -0.932863678257806 -0.262637607715727 -0.506078968242161
0.0205623370099315 -1.07636494039244 0.437464306390726 0.239480105526679 0.29018277725874
1.02440771566983 0.662181391391937 0.727734203417001 0.514703082286729 0.026819623215395
-1.33411142507999 -0.873048555210439 0.25060953126384 -0.720336942246016 0.340647220183097
1.0038082993833 -0.447577527105668 -0.118122590850915 0.641144145425186 0.165929069938014
-0.444148964507551 -1.77707523269959 -1.09461081018824 -2.24912791106763 -1.04176194452185
-0.0440380713342015 0.280394930479725 -0.482720020413664 0.406164882587257 -0.374343990612904
-0.525880118700956 -0.580521515270684 -0.0573184967252054 0.14868391589004 -0.0429405403765509
1.19273341214216 1.15132226123564 1.42791161929848 1.32114986114168 1.85375057856575
-0.245820354101147 1.01872683770569 -0.154167307239515 -0.611527369029325 -0.0964784825891067
-1.27036238068637 0.591674541449957 -0.163857352471531 0.462222101238123 1.18674757654576
0.0961443808890143 0.56997791253703 1.14899976678134 0.0542015319616374 0.460918413736996
-1.43498364651169 -1.41663341910956 -0.264712037876568 -0.5792620640908 -1.13825013074907
-0.195983359510441 0.255102651070511 0.494501793905222 -0.600761822739434 -0.699017114640481
0.209728082826792 0.13458153666098 0.746909552489566 0.0841289191847819 -0.590503474821451
-0.320767470361946 0.154188560931228 -0.336387341953343 -0.0848284354807527 0.11860735589435
0.981688777452037 -0.100905008274968 -0.519302318262506 -0.188737828259936 0.452377909637084
-0.146472447438909 -0.128854270867237 -0.293937392796385 -0.570848931619655 -0.0183084675810309
-0.565598654231656 -0.58055522883661 -1.48154736765588 -1.27634579073804 -0.294116788533405
-1.54439742793622 -0.560623951180906 -1.56079918200466 -1.2625809301868 -1.23455175512754
0.293218031925931 -0.189951381753714 -0.40427500625786 -0.819994220120649 -0.429518699218733
-0.509420816856626 -0.412461619814066 0.223298304565349 0.907747083227982 -0.204977055400933
0.924820867452109 0.837314072634893 0.678914293451331 1.18213787009918 0.165012265381783
-0.471487708821596 1.42818663950947 -0.540388687936153 0.589971681937231 0.194848930892241
0.790130791168936 -0.858667872713689 -0.153147571939298 -0.0164156261304993 -0.292846311633597
0.0958635736245712 0.591384261450951 1.17033518775167 -0.145264224379518 -0.956404783548763
-0.0272982544718682 0.000109569765758232 -0.781493901007535 0.191131162552823 -0.24139257435663
0.0887764270616526 -0.671743139570018 -0.225695282933463 -0.649900455348967 -1.33503843050144
-0.365125195970332 -0.741071985841019 -0.364135047482215 0.479442097102287 -0.00394554262877377
0.113805870931124 1.38757477635282 0.117776616345422 0.341474467904922 0.114265907961248
-0.164840374207841 -1.351253948884 -0.580454047598227 -1.01103304928855 -1.51911619301795
-0.76462502900393 1.97479602016389 0.51721436662238 0.213335021628375 -0.132610538874938
0.236040768178057 -0.652434635588854 0.242264921649484 -0.982629016147146 -0.290246967727051
0.359630080248428 -0.146291920445387 1.02549775217667 0.242996702254889 -0.654620720900969
-0.413521688282813 -0.623456658317042 -0.764809231859069 -0.206265509845601 -0.0852711818734863
-0.271094297315677 0.22198722851473 -0.192394531468854 1.48752373757392 -0.409980990171778
0.477944445816817 -0.0939316603756766 0.543798014330756 0.727424182158035 0.310636623821053
-0.665636738140177 0.142618969449168 0.206752199033409 0.703872544609107 0.744191861832285
0.73420143351226 0.507848452234478 -0.207277412730785 -0.485613741519542 -0.300910157497503
1.66191967014723 1.49097764307316 1.20598011373182 1.7248770033325 0.517872292265875
-1.4501209627121 -1.76722104962708 -1.05373191749394 -1.01620890641024 -1.40431030047012
-0.371979183972801 0.108073158436975 -1.50965620676583 -1.39662770295191 -0.699023724351528
0.321974302652913 -0.330935253433696 -0.339798073665699 0.151886636380242 -0.724254928449012
0.043316844196893 0.543905033809448 0.593887101312608 0.236057968126531 0.221399503918323
-0.975930814027828 -0.59782774114689 0.46537045555564 -0.493800894061554 -0.656234632345133
0.087509827739905 0.622103883227196 0.0564154745675838 0.419159018385964 0.577329940195235
-0.718647342674728 -0.497709608707688 -1.31781720003192 -0.836515820926332 -0.552306063501182
-0.799019518951375 -1.14251484581661 -1.29715157013203 -1.15779692691674 -1.45083038057226
1.21864162341779 -0.47997975291137 0.0238181853765476 -0.898200172703692 -0.320652812407326
1.25881250237836 0.148163054557327 0.442050744996091 1.39520897008768 1.58094230550741
0.751514501647966 0.336195336720869 -0.775477779139969 -0.576752129667049 0.694363019159803
0.589022268459794 0.198884152449304 -0.472058170385972 -0.667201101992713 0.0674900798574842
0.704813628376841 0.185226812134961 0.559020903063316 -0.132181313561079 1.19312115101855
0.0333171296480156 -0.305397274375794 -0.507502115682257 -0.781105648581228 -0.52524818466031
0.686856116898708 0.457280022178656 0.475435636523901 -0.455866618110575 -0.745421394473807
1.35885297968001 0.232283764330234 1.57969747622354 0.989397184202034 0.619799712281423
-1.26807826108685 -0.994922508856173 -1.37636046465542 -1.94857854188602 -1.46394387885234
0.365584248692095 -0.445701696095711 -0.165227819340672 0.20048387230561 0.71262424536892
-0.405299004028696 -0.0386286248737091 1.24361983401618 0.149354917268496 1.39838031874895
-1.60552395585178 -1.3347921501642 -0.624268413168046 -0.00644094691140043 -1.62045286374183
0.611133195349028 -0.690461186483482 -0.451656565570441 0.220951154026125 -0.663395093555478
0.208230718909492 1.11783196709738 0.959665674078432 -0.026884503551608 1.35122022785077
-1.22279546237084 -0.781283033325536 -0.508145358009809 -0.564240263469049 -1.06203381015613
-0.517053167308922 -0.0970732642472811 -0.018849178946346 0.794017554193987 -0.140130365613852
-0.485905653582126 -0.854512203014008 -0.831007468260181 0.0205532701876001 -0.284120239452034
0.160867835584216 -0.263893132892959 0.280847052170986 -0.638221291450498 -0.764411887994868
0.303321406387794 0.329619812206072 -0.984932200324474 -0.691188131843895 -0.313918399601694
-0.98021515407315 -0.105302861879155 -0.213782323488018 0.00176991509758156 -0.0685957384392546
-0.739190121628099 -0.938464849575289 -0.950335930318483 -0.845600495498766 -0.411609785157485
-0.0773994882791633 -1.64573865501015 -0.944906784156057 0.076447619604836 -0.078321645509287
-0.289044291308087 -0.459311947243055 0.199708857204952 -0.0359067844043585 -1.05447067462873
1.17732673780036 0.022690741117488 1.14677375988222 -0.291451184547121 0.0221214553107654
0.596719817244065 -1.37638833498418 -0.466757877008155 -1.24557396381985 0.834826771100985
-0.0294094738670694 -0.344562702476097 -0.69277362443537 0.659650405327085 -0.506404607320078
1.41110059856804 0.504398188622914 0.997514651023912 0.727374326845271 1.40343961614981
0.101850297116829 -0.145686775730538 -0.934176742948368 -0.782042972684876 -0.74689774008478
-1.09499561548301 0.250309592633636 -0.627621755295399 0.236856848725241 -0.31141210516468
0.81729216334372 -0.285071674106534 1.03967119286944 0.0631730706360355 -0.839633592955602
-1.25460581491058 -0.97690990531532 -1.01296970511411 -0.173622954229727 -0.67944346131876
1.1357453987202 1.79771178099244 1.43486707562345 1.2714705925123 1.21537209419727
0.752335051069993 0.681567812695688 0.346315196447324 0.187574442886965 0.8086451630944
1.62456775108326 0.43715446689169 0.199497819383029 1.0139612508392 0.779758560838333
1.29439484025706 0.417511557030636 1.23769125912488 0.401401287629447 0.632333395111723
-1.15916536911055 -0.364733875630955 0.00599856595574066 -0.58944329323076 -1.85070247778258
0.154768802452315 0.0859704252886551 0.276745906828052 0.17424183334664 -0.470830104624873
0.813395642116866 0.389225170289159 -0.411409187705909 -1.05063107373772 0.0993577779480427
1.13230979355428 0.549150922613159 0.612966478340087 1.2584526429155 1.0130586790185
-0.361464365010116 0.477640616923153 0.19912512405326 0.759518624324682 0.251424809207728
0.833817302583899 -0.227189746890264 0.223162494733848 0.0323412204585325 -0.858684455140065
0.721726424269236 -1.21726276390015 0.87151635995799 1.1440107296002 -0.749559586601684
0.896449752798441 0.739155482312355 1.17084472280297 1.50836849231151 1.78611626475719
-0.0965848427852949 -0.680817744392051 0.0496590904456961 0.625258931093983 -0.61726628088933
-0.509983146085896 0.41816722557512 -0.490954836760163 -0.689173350441888 0.0906894247507242
0.27617037344403 -0.563202293207222 0.274625748708478 0.385507202303061 0.364604934968975
1.07265701911699 0.380732653485372 0.463830610078764 0.831368098940668 -0.841878945132227
0.363578994342752 0.0982136572725072 -0.309057821500597 -0.156138320918957 -0.724011510172307
0.387691171800502 1.4239350485405 0.518536329735343 1.17487644425241 1.1101166143986
1.15988242415803 0.643153688599818 -1.09010033943277 -0.845883814101548 -0.423193938669218
0.279537780282302 0.328219309303511 -0.548037144365704 -0.863399539728752 1.14271574879229
0.789273745489474 0.775188353207488 -0.934828275648685 0.406445320662978 1.21109694134658
0.0659450081907812 0.268303656380694 -0.0865399394540746 -0.310347010465631 -0.361655084587193
0.487787011932562 1.74929881132121 -0.0567301891943554 0.0104925327705297 0.0436228631187459
-0.322200607700289 0.320752263120286 -0.0229303425545277 1.22941359384791 0.184844904104961
-0.332808241351133 -0.623866736102906 0.971645012427217 0.42710664961692 0.00184877002256118
0.5824114021365 0.452724118315537 0.188364735325809 -0.51362902409459 -0.520181797960829
-0.00652734581832965 0.435602613843536 -0.616517102038434 -0.110607248835444 0.533952428229791
-0.238597442648808 0.0443728896510946 0.122777445423888 -0.908337476970762 -0.419883814508027
-0.703339015601444 -1.87776503600273 -0.906609493570947 -0.452368987810081 -0.977776995141306
-0.581510200400745 0.323664172017681 0.449220281767468 0.398749042148822 -1.05245464908039
-1.36264301271883 -0.670546734166756 -1.39936753908397 -1.20144639554288 -0.224986198475486
0.6024571975281 0.381730761394848 -1.33440592622077 -1.32755966256099 -0.347197028319791
-1.00090178642592 -0.627737168353038 -1.51646865408809 -1.92667516385751 -0.768522307076615
1.62708419386613 1.3343762082497 0.64043206342255 1.14799563985805 0.774723280642916
-0.893572159358258 0.855749437741517 -1.08969075749208 0.985002830799239 -0.517565539934806
0.476243462180667 -1.06013256215459 -1.13460662480816 0.224727856427615 -0.496352749947294
0.994669741967022 0.0999842389478511 -0.471181246221152 0.746699659655163 -0.509159260366577
1.24918762681895 1.0179777314253 1.28952722377586 1.45940962181164 1.30345768292021
0.0492862255636566 -0.412229096829487 -0.959574333275591 -0.55087499118089 -0.13668638910299
-0.749127545749125 -0.135048086446307 -0.976027760324293 -0.68762566373659 -0.806494688775218
0.0802553478557038 0.500140498787126 -1.16598452861427 -0.344184748805897 -0.644325697163943
-0.412149293419443 0.839297091660104 -0.860101703025608 -0.219675895618216 0.0168119720406
-0.237843649107178 0.081780375642552 -0.432090844417778 -0.02722982953013 -0.143440012761075
-1.09646522364773 -0.703728565200199 -0.257584350328979 -1.14513666588792 -0.278507735619908
0.173860184852598 0.741010610123157 -1.25706090830277 0.290757369670362 1.13126377808988
-0.0574481938437369 -1.78699210939523 -1.05005357563399 -0.0919218683282333 0.481768775233352
-0.644686038578882 -1.47707858841927 -0.658382972354135 -1.17452780952762 -1.50350935930287
0.216392481331305 0.405060819078712 0.317154986184125 -0.568303083000005 1.21444986539102
1.4192243955913 -0.693757856248517 -0.484462150005898 -1.59593526465263 -0.673527595625517
0.123103261976879 0.76139207907343 -0.0439513819523422 0.456307308662197 0.303677330991965
0.209247078675607 0.840028969480527 0.0202194334252586 0.0511268020249751 0.605495270858599
-0.86796654726401 -0.216724139620137 -0.556648161472697 -0.417788055311104 -0.694874661627121
-1.05020704157086 -0.660807133035471 0.0215958057397088 0.375670041771632 -1.19918378927158
-1.21928202438076 0.485760515321505 0.195932011488609 -0.319290687792542 -0.648789874712198
1.63055560906587 0.481712934106651 0.177310834914857 0.619583649064718 0.813376440179252
-0.644790958345387 -1.38838305758121 0.201159335613444 -0.11096332185404 -0.655086255503799
-0.717391855599625 0.240802281167685 -1.23249608260512 -0.908824796377774 -0.626672075142944
-0.175260946692848 -0.748686190050245 0.215122499264037 0.274327255187187 0.0840565846170727
0.448220216489908 1.01758010066309 -0.119267758966024 0.156978349255651 0.0617567906879211
0.772671819052596 0.637756846462219 0.38640269962261 0.658437991677462 1.03746281234359
-0.736737180665426 -0.171805480610249 -0.0733792343866454 -1.15416967878012 0.39188298054204
1.0865780763586 0.72253313433853 1.06691355440047 1.17420934755692 1.44368665077828
-0.52582056930887 -0.326587793434838 0.90742355534112 -0.293182129014471 0.368470867989603
-0.280976497663954 0.0190674855201121 -1.23444352245586 -0.0524456088375442 -0.786671803263431
-0.383938684821289 -1.32755120687265 -0.0341458551786941 0.327151192518206 -0.583628100354212
1.42393567328585 1.7014527726548 1.36026732311308 1.46034747557643 1.01738392718025
-0.100291149890099 0.482182537378294 0.636620919971207 -0.637349859335838 0.468884656508285
-0.058569859689645 -0.0476558205795743 0.00279973336138579 -0.747111725309307 0.568515210215672
0.772750102006219 1.00896054012551 0.952482386595852 2.06107578215898 0.0856009444507174
0.0758857187123814 0.469470516874656 0.414788963372135 -0.0866728498061522 -0.270326394088367
0.78765985006636 -0.0288088610528923 -0.392211978156924 0.34372128211502 0.38190206384236
-0.395692105515754 0.531836196201637 0.0818272141092505 -0.481165465078574 0.420455528424308
0.256152120220913 0.0807765821603137 -0.819088870936438 0.178863241033965 0.0133580090152823
0.778581318765539 -0.276236054550446 -0.054043327308161 0.87970080846442 0.11474910488206
0.600026401641536 -0.128745224251274 0.625133682528887 -0.00127159674292009 0.954151336061382
0.100258736221514 -0.244303950366844 0.542268093385125 0.960693311219837 0.0933038686429286
-0.0370378317031895 -1.11033981671385 -0.845229290104352 -0.504292710745644 -1.44355495532063
0.762573450927547 -0.277377683652044 0.551414259086095 -1.00944396652602 -0.743679011395885
-0.122506457810221 1.18543032676979 0.616121249278728 0.910982416214388 0.444245236012935
-1.10091942943778 0.279790849453209 0.399547046449471 0.265483310612733 0.267201153462194
1.71744833017237 -0.749427554966581 -0.12118817529664 0.410525076821301 -0.137062557814953
0.404572081814004 -0.334068930211789 0.136672754314997 -0.690526884114905 0.0839109815849984
1.1996417302791 0.0229620611489021 0.34922124885165 0.683814543700609 0.310402746355881
-0.061500189968418 1.19745210537504 0.0299461649893917 1.22436773539676 -0.42194901258368
0.0471185484923936 -0.496720406438456 -0.882394457959294 -0.402608137363343 0.655385813039675
-1.18321705142168 -1.68581831861429 -1.62368659657267 -1.32353915398999 -1.75127131676225
-1.59475097313822 0.0179164807283958 -0.748849837035755 -0.998376602321168 0.335397816257425
0.177837666796476 -0.690978855992541 0.267527950388302 -0.641461354772963 -0.393426633565959
0.769886815145723 -0.51702653518875 0.227624383476779 -0.245239463113618 0.65952455520712
-0.616238761684881 -0.0229856276680867 0.97287803595848 -0.38308347428221 0.00789244103670423
0.538267880840241 1.41958692826029 0.235173513489424 0.540274237270562 0.98517948598986
-0.165039232515646 0.045684129788169 0.559949182943121 0.434479319953194 -0.0555186569120778
0.0828387684659736 -0.663424552012466 -1.35574236395503 -0.726716897823704 -0.917170580634408
0.0429248778946096 0.322477995231296 0.680594817067831 -0.401694199486286 0.435745589398182
-0.392348912074593 0.308201453994647 -0.0914627471914975 -0.383149847385655 -0.755981256887224
1.98805578100622 0.847918711541191 1.13271445028663 1.49921789005263 0.74156386553629
-0.0910938219600177 0.0545594050842021 0.469976304428574 0.679287878201721 -0.437622333926623
-0.125647488293124 -1.38882362646747 -1.01002524793178 -1.06705340838497 -0.274006476418289
0.870079367067639 0.214786677933684 0.29622411573023 0.693224081701489 1.26331211660327
-1.12489262376985 -0.559879604503149 0.153506361778616 -0.763842491746019 0.187286102862513
0.311203639988292 0.399191579120363 0.764873986741076 0.17772845101705 1.25799498344658
-0.58342574671659 -0.501298450011781 -0.517575375808162 -0.271799128210904 -1.23784791197873
-0.122575883474606 0.754041968488601 -1.38237518549501 0.392912219134113 0.00713227662616319
0.138919678482717 -0.603602182848649 0.507382126261147 0.0284491037294077 1.00464070527656
-1.10067587846134 -1.01281694673928 -1.1335306046138 -1.08826336170345 -1.41868972335256
-0.153533504227942 -0.0461414867784224 0.323767148439926 -1.13911705828027 -0.51777219604891
1.17409595172044 1.08223537085199 1.17316589570847 1.20439575139193 1.61442619699508
-0.435187395704058 0.239072374124441 -0.277016704196364 -0.263618169589223 0.537792814347917
0.241781813965424 -1.44949815221383 -1.33845267089672 -0.129646110241589 -0.183246746339634
-0.168098173634284 0.761879810284385 0.248322879962124 0.246163314620478 1.12343943966968
0.314624140144806 -0.523152329776956 0.446244177223901 0.470814776225125 -1.21416246728792
0.460020361842664 0.737912605260087 -0.165922167173674 -0.0411200046528984 0.436281648419732
1.25454828839631 1.90028701379631 0.775318936470919 0.627291150461458 0.277887932950478
-0.0559889095690042 -0.0489247515797152 -0.470482839736853 -0.103679130589519 0.476552156729114
-0.960856024004977 -1.18574479964692 -0.38584072065967 -1.04260585351854 -1.2691184042059
-1.37812673743278 0.467882010403551 -1.07083407900815 -0.738749937346373 0.967951993346438
-0.126672222685305 -0.00367714598986908 -0.837106376826878 0.341284940563587 -0.488663198079285
1.07627668318127 1.09514814777672 1.20277215276968 0.45124241542214 0.220199474551685
0.122295836848507 0.225742071196021 0.570991691007667 0.921866911350336 0.428947672327452
1.64581983275339 1.33756241180823 0.852220627733211 -0.677623447999376 0.562196207013698
1.03352579921626 0.41417166722381 -0.294219282887077 1.43091494942215 0.46450702286761
-0.801923814906632 -0.887116665052867 -0.604314926890998 -0.735703518163805 -0.277930740375742
0.898408319108261 1.15168249317115 -0.299712454861385 0.269759204917274 1.19039230275829
-1.5688850974951 -1.74939207465957 -0.679553066402392 -1.39182005548517 -0.669886090428293
-2.08990142734482 -1.30645441293746 -0.561144833767941 -0.781941881119109 -1.38431140366939
1.52023864394021 1.12249136428489 0.231545200489467 0.171886136151079 -0.221905365044259
0.757752433629956 1.00001332013392 0.454886543940979 0.974225232971768 0.753825553826151
-0.179514541586291 -0.6559577895886 0.112688895342674 0.0939194471055795 -0.870257740591183
-0.166100666443253 0.844318926939291 1.30686370137073 1.64668916401481 -0.430285352968774
0.189185121627362 -0.373253944072932 0.450491150447388 0.623467815067569 -0.290444517291794
-0.748150216454451 1.28238931338919 0.0414430432780133 1.46412991016458 0.405625384200989
0.438582265097468 -0.095786216518205 -0.0570590570606338 -1.07232321303064 -0.640677812045474
0.181239793784983 1.30171125952165 0.352372639192785 -0.538542308502525 0.763801497182396
0.254136024236737 0.849934855696989 0.0976676509451845 1.17962237557071 0.305149812793004
-0.788061163927212 -0.104107009066012 0.354446766870125 -0.668653545213942 0.300052708142496
1.14656761558895 0.921438923559847 0.697381128950598 0.0124311181452577 0.889671260367789
1.01668133442805 -0.721941644675997 -0.364633852994431 0.00267080398096748 -1.17669700429964
-0.669292524120493 -0.244489283223797 -0.450736927740777 0.0450544286577775 -0.318252480816421
0.0243901295399537 0.244256229329248 -0.161967511060009 -0.329295144975934 -0.770490835515262
0.00903144913763403 -0.151003904671461 0.207924348054879 -0.768628011796317 -0.0231094317424201
1.31790982244838 0.427299926464979 0.567488933353715 0.75152789027036 0.55640986147184
0.638885739042328 1.27520814968202 0.637971045337497 0.975366878233819 0.787434335621403
0.371953293406616 0.79093138318894 0.228133114636804 1.19854708611603 1.5539630494821
-0.827284600551739 1.11307881905261 0.331199405487123 0.0507083549701655 -0.741788972588735
-0.85921630546858 -0.599405693625339 -1.09920570251656 -0.394828445152794 0.464402824857745
0.0740700985529665 0.0203221299253859 0.125739782540189 -0.387606567665175 0.171133459547494
1.05153912615394 1.13599684809187 1.06880413913689 1.53953374531766 -0.066507867634565
0.2324358598353 0.386803602558258 0.613120115453072 0.743010650519102 -0.19104013705494
-0.370609826771153 0.0445207206919535 0.253759448936299 0.433378491922211 -0.535491826669535
-0.910113034678614 -0.343373725086572 -0.396887884910091 -0.421899279555498 -0.955165041971639
-0.360668323172496 0.181046179353792 0.30853173074961 -1.03311610487979 0.047178712632842
-0.457138784350094 1.26004723526954 -0.180735145034832 0.41703789665397 0.3983642301343
-0.331856817239922 -1.06919277149187 -0.605657480451463 -1.3647578677347 -0.47189046234589
0.181284739151701 0.00933156604380751 -0.509553429545035 0.269386773813643 -0.0941516786190731
-0.373125706597758 -1.20761500554281 -0.410947938800663 -1.42950040557418 -1.29126319045144
-0.651580847665538 0.155159803109737 0.732075628665852 0.319238407358746 1.2987361814052
-0.496005703155612 0.458702935936316 0.0487692046341037 0.172955324917077 0.629122751935622
-0.0331329963230154 0.332574632585274 -0.307532874244026 -0.11926510363631 0.404543756823295
-0.837223272945843 -0.222263453227236 -1.83735095405629 -0.907212359799844 -0.105410126269242
-1.25389636272276 0.275639260296872 -0.431152959140783 -0.470751658252485 0.336131180791661
1.29303410161411 -1.32049394055068 0.692973307509997 -0.179998644297469 0.758706524598112
0.300798039451051 0.130007358700044 0.841693820532032 1.53496596222056 0.197163260566261
1.3168153959551 0.145495157977912 0.0392627682440061 -0.315899252762729 0.284360031955797
0.608051334030474 -0.884792039861152 0.0874676066375407 1.10048841473219 0.668844103832625
-0.373865719269635 -0.180071313511617 -0.55913000773057 -0.199245987945936 -0.797060779434808
-1.11923853723932 -0.389940159487889 -0.880834997052988 -0.722754080513143 -0.728339275957536
0.78818944619939 1.73519144852963 1.33822403323253 1.10017248577514 1.66303923737332
-1.38458943317807 1.17867885411645 0.142210307333848 -0.442408143637989 0.100952023199142
-1.37641807530397 -0.16628704672159 -0.281531375991133 -0.657701965392222 0.170635423694918
-0.661318129234458 -0.513617412211614 -0.747401289232308 -0.897259571426743 -1.22923215157969
0.0140504715022103 1.16903269247025 1.16530946371805 0.817588029113161 0.2394067288104
-0.470070473250186 -0.494812137517766 0.0503859894636213 -0.253733634112676 0.155419458116127
-0.620161584692592 -0.378930464409467 -0.492173273206652 -0.454898217887004 -1.18185877036534
-0.986276112644258 -0.377167922418684 0.415157955000252 -0.643229709708141 -1.22195297394937
-1.23324753677333 0.36499738570202 0.110390700278551 -1.05430167013704 0.672913390243216
-0.321517036123726 0.498392625970463 0.279969269534277 0.568730272037432 -0.451631633585207
-0.000223035094837625 0.493810021671706 -0.904860367099408 -0.210469936394643 -0.442845055466018
-1.4074038460667 -0.475444535841945 -0.32246369238224 -0.952781008225476 0.0947393390063195
0.867774999432405 -0.45640607264013 -0.381845545388555 0.0829486189390483 -0.209231003841007
-0.719333584976414 -0.404613530840919 0.533643996299475 0.951233254149258 0.106989987353228
1.26573474313309 0.323478718691416 1.58918482945528 1.44935146196662 1.00085651354809
-0.713056384073877 -0.091066902063575 0.537661947421454 -0.531702383218364 -2.27460701751546
-0.334833136827183 -0.543493777079778 -1.03552203357623 -1.1236501479728 -0.186636922691135
0.48142882388883 1.04038376248965 1.25495512585141 0.850786345313695 0.096035767537331
-0.791001583456622 -0.588101759458176 -1.49857740467656 -0.98880128444654 -1.21266768280863
-0.92077875667854 -0.728518053309368 -0.646523364068622 0.133936003118293 0.478404763597837
0.636308244230473 0.453213086692331 0.947511570264906 -0.969649395952947 -0.391668468153748
0.94833695448825 0.468204727095496 -0.458008553816815 0.0939622011403358 0.632055623674453
0.101453082088127 0.759247573182794 0.236748237003305 0.584088299969769 0.245420655066637
-0.125199525072164 -1.35056961553172 -0.400986626706306 -0.516268570973815 -0.24449316622851
0.452646412281993 0.42887641740172 0.148260259061033 0.794255317530333 -0.491103375209422
-0.0897506960535298 1.10763477039604 1.37226439192113 0.00311688544686948 -0.0693658105123333
-0.0789495477368722 0.652651873803373 -1.23813322378843 -1.13947506937816 0.277930154266971
-0.256429877039649 -1.93727289272256 -1.46397986786053 -0.584727168437781 0.0272237889855225
-0.33848737224728 -0.810966790239064 0.0301289294697356 -0.250453673607941 -0.191470661344708
0.240018193111441 0.31668053055849 1.41258837489707 0.247274011817562 0.402973958129932
0.169829655427295 -0.112528623168961 -0.567881523764941 0.889261446159533 -0.169588080423807
-0.271457640854663 -1.16132686831751 -0.373223953178618 -1.15778928542733 -0.736334463555601
-0.749347828439459 0.127739216792314 -0.603929002614064 -0.900117610119482 -1.4443456770256
-1.88592249934081 -0.46607371051997 -0.960615786825403 -0.892162642112891 0.424533735710679
0.351115322277231 -0.0285613626756678 0.4981464723858 0.259217291699862 1.24938825170251
-0.0125121970113709 -0.357189207608809 0.0840427133183157 0.380852956810332 -0.283009007570656
-0.474999896211244 0.03623881790974 -0.545796121004506 -1.08375793584161 -0.112713536134048
-0.474666089816046 0.103487764136566 -0.601881330576463 0.171990196068193 -0.248831087690177
0.158020588605711 -0.142769167386459 0.483129792937477 0.662116833429292 -0.852043784294371
0.0788698883108629 0.160535532753509 -0.512273895762681 0.456172883074335 1.12927010656258
1.13159620664288 0.316159703676586 -0.550845851905897 0.809692976119444 0.982292649736187
0.511307040501939 0.127895005540432 0.562387870400167 -0.700999801000176 -0.0471129505654499
0.389459339047527 0.116208316725984 -0.610462897549234 0.581556420262386 -0.141248166115447
-0.892616044999442 -0.187003772950931 0.160093461034148 -0.411388579687303 -0.0845006219876754
-0.934166686924177 0.0392733366038058 -0.572960297385726 -0.689585440990159 -0.693986411064852
0.888097145332501 1.55494705247684 0.865215367733493 0.497987087712747 1.00171989088441
0.965655285625549 -0.426741516715712 0.534385401807998 -0.459092409482124 1.02589268157703
-0.623116056273047 -0.292890237476549 -0.342740083998103 -0.67781349892482 0.141051035196166
0.47779479140124 1.00244828900039 -0.0366721067814364 -0.134604577787196 1.1604642151253
-1.30147106228553 -0.970770958771147 -1.4180660267598 -1.34992658932802 0.194625600948546
-1.24971872048697 -0.799677649754571 -1.32613570471651 -1.33618037983371 -1.38489313649945
0.0600497000487857 -0.296037538220803 -0.656425070262994 -0.202761392017997 -0.51442727707414
-0.921849852796243 -1.11965981358691 -0.81327324032616 0.312070643027662 -0.254283890686282
0.139300690967398 0.0753343518377072 0.148374126564161 1.12192421134202 -0.011142857638116
-0.492870246047957 0.331235369595926 0.165139651436584 0.0924002651832309 0.406540740621926
0.0350356354600124 -0.390568728910068 -0.80627031246622 0.214315233281606 -0.523350061216041
0.742020570662276 1.29494988917188 0.639417381678145 -0.419275044690108 0.0275167254493829
-0.887507756131805 -1.11994176381961 -1.59431212520447 -1.33865249446882 -1.78293197307653
-0.194547245408484 -1.05825512674194 -1.29337412478053 0.140993655372026 -0.421310313258426
-0.790111854275776 0.00441944080953342 -0.720780539507996 -0.645895651630046 -0.0970586657756178
-1.75561116192258 -1.86169854185356 -1.42693058573974 -1.27460245740495 -0.561477243645227
-0.204565517862969 -0.289405750043715 -0.551024129985564 0.165849777051759 0.782324314035597
-1.26950088738345 -1.08716542277322 -0.734297873817706 -1.36065664522113 -0.773570568473843
0.99006830268771 0.689201260458115 0.282194174059039 0.910494500487304 0.250130230833793
0.312624110695572 0.275412951946183 0.511461770718827 0.91934612701526 0.658770855793171
-1.32109128061505 -1.15969774737946 -1.55613139129959 -0.96957016731041 -1.04055258060332
-0.114867852293172 0.341398031433314 -0.910805272075287 0.190556088585151 0.0535967418738201
-0.67665290862408 0.282661209272528 0.886683348199111 -1.43819417609815 0.847819535189454
1.31531640263926 1.35774389531543 0.588715819110876 -0.334105608594503 0.647204992051151
0.835647949781428 0.573229909604974 -0.0948789787211808 0.541465698487783 -0.517452325530588
-0.358146505572392 -0.748230983176534 -1.13598645815806 -0.446627446677148 -1.24260813695821
-1.34622523790938 -0.496776894633102 -0.0751095619764419 0.443603222306811 -0.699311441461669
0.246850896872127 -0.517277179645834 -0.0122923066749407 0.0327573480497704 -0.378622133277173
-0.374696352314758 0.382268352572814 1.29368624178021 -0.200503607800064 -0.151122296989511
-0.306273531296872 -0.443436671591335 0.19767367236003 0.837408784069233 -0.0891137095568619
