0.188179154651271 -0.649157768389452 -0.334486578340876 0.903967061791623 -1.4401634194649
0.92692940219843 0.053225966085149 0.497074295738333 1.61628790921293 0.444950300601976
0.593245099516857 -0.160966331064723 0.670237345027102 0.623364844072475 0.236877092333321
-0.6950643943339 0.556967721118672 -0.245630797759605 0.335607663512423 0.0747787878734561
0.331382035665551 1.23637996509437 0.618501946512484 0.266102983752811 0.431891022755664
-0.536004575649636 0.0978452225997652 -0.921161739718225 -0.741026640305398 -0.936731575465568
0.905436580528076 0.943151810127977 1.30868940980795 0.811420151623775 1.54744880363966
-1.06114299780244 0.567113394091984 0.106289219980781 -1.07039401275253 -1.37919234684208
0.104282002264274 -1.32623932685814 -1.10399350419364 -0.394427825255873 -0.407199578731229
0.908927680803065 -0.533096565912726 -0.569056100282073 1.45775282350347 -0.879244573453054
0.2994349456957 1.0851775828884 0.90580902472592 1.05834899576836 1.1709894477456
-1.12136894647422 -0.32111492953677 0.0217254826892775 -1.62513052411705 -0.69143193010915
0.818541018885104 0.956325968288183 0.0377066510406882 0.273774200579997 1.00261542439411
-0.674745723148647 -0.665504633729453 -1.50005936336489 0.0216262855182475 -1.71687807801748
0.251466581590696 -0.532229337116097 1.24554181569401 -0.290037575377824 -0.906661685636587
0.918370250652523 -0.0684682732586356 1.38411073424998 0.0771217697874025 0.212540677987105
-0.608127970752049 0.391467821557344 0.240119350828374 -1.33198133646809 0.0803030320979766
1.05479943454039 0.92580387298888 2.16223540682569 1.30031658539022 1.13007698867895
1.20422992056987 0.412990440308093 1.2301745725269 2.0433508693442 1.27744287053564
-0.58527939016645 0.951561871981346 0.516399207028688 -0.0855394567641987 0.206022792197618
0.0207711442287814 0.156598418042385 1.4650239648774 -1.22675105347888 -1.48351787820483
-0.586190800441352 -0.306907691469598 -0.625879691162907 -0.725960516854392 -0.609947194714836
0.170844841623021 1.24000963628397 0.998419938522781 1.0099436667672 0.902195744909945
0.872809690864401 0.158678278972913 -1.02758966934451 0.345226696275749 -1.04713703990097
0.698266475333435 0.793871962723431 0.362711603098425 0.410530793420052 -0.057397911694132
-0.792751692542367 -1.26700565862023 0.347289330294464 -0.740461892117582 0.0657214610625321
1.27016821082878 1.61886164310917 1.18436359875548 0.592590779533244 1.16009751107474
-0.954111058166777 -0.249678267045607 -1.34818466652749 0.451732185891471 0.107627384561632
1.06013534416251 0.322192664617972 -0.163245940155894 1.14174900388877 0.887225183582388
-0.232645825720451 -1.07752444172106 -1.16543877965229 -1.14582178887699 0.00139541462426214
1.39689322638416 1.30816569166963 1.08032767092503 1.08800052507507 1.48883564366868
-0.925697232936196 -0.554986537355845 -1.42937534349602 -0.730926500757481 -1.76303211356517
0.250527757640441 1.55485113372684 1.31210423727463 1.42677141689489 1.06164205709672
-0.66828207902976 -0.0742912742657552 -1.45959900597018 -0.479071171356365 0.0211725836053675
0.09750725598162 0.96276623443992 -0.330937221120768 0.871965103053464 1.05654023008649
0.151629378899602 0.62069010899726 0.983949483984919 0.986873359099442 1.1038272479203
-0.230575073774765 0.0310331538608295 -0.0755355740278044 0.393034945298631 0.158837832907335
-1.8504288827978 1.07922391132929 -0.442641446694227 -1.06911758260982 -0.154927660404591
-1.08298247231831 1.40128165737808 0.57769280531958 -0.345555266623365 0.51981243843085
0.381444349547862 -0.0230814665756745 0.779869325348362 -1.08217689176749 0.812677722977837
-0.610423344859939 -0.211815176540901 -0.410999394727318 -0.660966637160271 0.333465136883355
0.558375396547345 0.520215680929031 -0.62124620562518 -0.584635695463697 1.42212791992207
0.537148905254761 0.868751634277558 0.41927573524689 0.92722854933394 1.12111055340027
1.61236912137979 1.37182123345968 1.21623706314102 1.29294173440734 1.16056376021717
0.571439127752666 -0.677071555374483 -0.251664646303791 -0.626170177035636 -1.16458122130006
1.4945419778362 0.822552184805703 0.534867376002712 1.44446035037865 0.887007360901037
0.178826191942181 0.175185824018472 0.668915922589154 1.68472134238794 0.0466154450941698
0.247671031379056 -0.10894251098213 0.555529867771247 0.0511346738445796 1.50333543333707
-0.841400778579169 -0.953976051164146 -1.25965410777385 -1.34244541109528 -0.0100208809886451
-0.0945040884573648 0.686035773747354 0.720814997390514 -0.439302737770004 -0.533018872610853
-0.298505319256183 -0.616772252395715 0.490590544546002 0.261758144244825 0.146351414512626
0.437835914922575 -0.389070243179155 -0.599615793219846 -0.541219133551316 -0.192939421666858
-0.374830063503501 0.756242947093991 -0.176235223645039 0.305668914718709 0.549707364052362
0.43604808250379 0.53703031269791 0.885443203432975 0.044111159281322 0.166418822195701
0.517201311043368 -0.187076559797876 -0.52215445354737 -0.32556894405522 -0.973853828817941
-0.52594083267435 -0.955318480496633 -0.515350092327944 0.00894049603127277 0.0708275608122427
-1.40076491724938 -0.691467915677017 -0.262015310934216 -0.945031207066693 -2.0601335075465
-0.373528257482896 -0.0309937202854736 -0.447212894405212 0.350340254761675 -0.772035917306888
-0.506587354912318 -0.363344109435212 -0.206615409892099 -0.0078240494488841 -1.28067358741803
0.273050780731323 -0.114637051012952 -0.275506448748173 0.767226021887488 0.501560825888595
0.526670953250486 -0.0611444639788756 -0.0461897425126058 -0.473850155535569 0.308930584358134
-0.28254349754119 -1.66214139152874 -0.176544850530358 -0.416125514148615 0.149874823217989
0.25711923133199 0.382459062002249 0.724592255501402 0.793487723682471 0.553213470823076
-1.43327501116931 -1.51314909124527 -0.246126265647117 0.314105037504164 -0.697411621128448
-0.493557771400022 -0.344379177336967 0.828948995080815 -0.181022249473042 0.901811800690905
0.418612523762248 -0.424098417413966 -1.21039868210025 -0.271865306794909 0.088241405591257
-0.223454070399733 -0.554172246718111 -0.10060856193125 -0.125093592000569 -0.861138245728493
-0.748255053797736 -0.303118679671219 -0.607067660465832 -0.426474204150801 -0.583400821833253
-0.851076892198026 -1.31958766734686 -0.996671533193116 -0.277686616339448 -0.461066921589386
0.0607809383915254 0.150329918158026 0.240248908922232 0.965126240185009 0.551185089885585
1.34247817879548 0.423217117236366 1.12802074050986 0.797502756793337 0.260417846967657
-0.606407277171143 0.0971235387264891 -1.08120587749356 -0.225363721296597 -0.352724969737839
0.112321212823531 0.868028047623675 1.29159133108168 0.504316198262956 0.440028805196242
0.401204385799954 0.890652368266944 0.985092666886748 0.333840563382765 0.215056102770071
0.945843033751192 1.03641016296177 0.183192746129167 0.352739682557633 1.04090852270861
0.349155322597466 0.0526944976470061 0.220621638133642 0.00202063775394489 0.762321510866598
0.101450869942824 0.553912887245378 0.994641770715136 0.424432496498742 0.294007222507047
-0.752121664495154 0.0570026570851331 0.542355777077829 -0.247191453719143 0.515993731303484
0.566622584309387 0.486429064753992 0.00966523595645686 -0.176223990725657 -0.805293742025208
0.324200776882573 -0.731083317880893 0.298233092405121 0.0311916132518436 0.808293816418373
0.484448527420835 0.311597502566188 -1.41959844936901 -0.689983458060502 -0.26354755174356
-0.465504509452067 0.855805710729788 0.862415627387693 1.23275093310648 1.39749173673684
-0.694809108153748 -0.176176940672164 -0.538639476355282 0.130973606504764 -0.925140096373913
-0.750822648050319 -0.00671210542636169 0.684137712787718 -0.557579552151453 0.165046331428454
0.0849001616609253 0.372172928755026 -0.355919205048634 -0.220479304523463 -0.556011631793692
-1.29264420109136 -1.51717913642308 -0.482896074709274 0.130073429628541 -0.908050566170678
-0.374688818620077 0.428252009820734 -1.05011916270566 -0.802038416919878 -0.0229997287540478
0.126354308929059 1.1271725861938 0.214728698020392 0.683188258063925 0.335386323369313
-0.404564679045859 -0.75666314456792 0.466565025078181 -1.39742854716657 0.0631023905926238
0.993155635902762 0.988268901966381 1.42379638889267 0.114314145780536 0.573197162410762
-1.448229724813 1.17860714560905 -0.359489651041063 0.22690100272256 0.743747298036628
0.173659844157439 0.31259259643671 1.11795903042093 -0.953769895739071 0.635618766918815
-0.86172429370033 -0.764113723355501 0.281311141738697 0.199086423134895 -0.775594779504874
-0.881008039985991 -0.710553251503233 0.05764074440015 -0.709744127080019 -0.539573107677282
-0.227509362609099 0.973648970424977 0.146206476562018 -0.0752495074555855 -0.46021440977654
-0.349760504998222 -0.227650685321628 -0.628163409093699 0.159283512512801 -0.252816383450786
-1.70531711015028 -0.642265844215992 -1.29144600432725 -0.270233080521337 0.541581244392087
-0.603971204686784 -0.752672666369746 0.64975648548422 -0.566378680797167 -0.220652826734195
0.122051886031958 -0.240635206860823 0.246125496135146 -0.619765965289136 -0.991874155286701
-1.92136158805804 -1.54965658153979 -1.07632981558337 -1.19304093524227 -1.04832525717264
1.04874209540872 1.328747729886 1.2147684272929 0.634141096925488 1.37092473057517
-0.807889636947902 0.901067169174178 0.228986889125615 0.492589029403446 0.274096719878269
-0.126440226688563 -0.208014017541064 -0.56833711300142 0.191695152307147 -0.712650238268182
-0.572658615475212 -0.267488079505214 0.546684561528506 0.762043571337752 -0.458485197003829
0.526832763416523 -0.288957127061245 0.290509825059627 -0.610027118046651 -0.286473357297491
-0.233754311041324 -0.444734733379942 0.147621581245182 -0.284478214617325 -0.727920648762892
-0.130415391194569 0.606920613710446 0.231256526355676 0.395479277282494 -0.356300739563694
0.0693780819589344 0.887270890881131 -0.0343438477135038 -0.00059417764660985 -0.710245630036967
0.239605723859908 0.0787288660796106 0.474724787750469 1.3027072393743 -0.512396798941724
-0.584735259289836 0.537655336088463 -0.725437198933664 -0.692684632685568 -0.137555858323962
0.108373906845009 -0.566501822454194 -0.967610126902594 -0.30644633272189 0.286601544306807
0.350125262281841 -0.930441796546425 -0.959927747389849 0.464436340712212 0.402960648779329
-0.190790682154454 -0.0941348137699006 -0.0326331334628067 -0.716231670904974 -0.607385915507447
0.412137588588772 -0.476159359219703 0.748393966184059 -0.273818318750913 -1.52977037243037
-0.28557085734863 -0.589635231202813 -0.626606405827668 -0.661853523717818 -0.209791245485259
0.779234087701251 1.08973266434992 1.72306057279589 1.62366739620705 0.683054228601204
-0.675417283214616 -1.80382654956045 -0.7587847200818 -1.06301881795449 -1.36737578759711
-1.26703737702456 -1.23534367240503 -0.380244162169816 -0.929167735344484 -1.24199770065451
0.980826030752335 0.883043024107967 1.39259581030161 1.09081846728526 1.00004893241323
-1.00250676007914 0.219113835310865 -0.979894096166892 0.342595755123351 -0.810174609738102
1.24321941596248 0.303234705950292 0.966415077266758 -0.290696857632966 -0.593883516292235
0.102612893091037 -0.0359802817042703 0.969025008340229 1.10671472340161 0.920544104173044
-0.140356976289504 -0.29002131541413 -0.93525756723688 0.309502311879798 -0.777040028306142
-1.37932499619541 -1.24427273752482 -0.380328690090884 -1.25653415147779 -0.223805080743151
-0.0620649715508854 0.584930845535104 -0.0733295716082305 -0.549768789636924 -0.913812222081868
-0.887188894187263 -1.22873460305455 -1.69851314443034 -0.174617447887476 0.207226825993275
-1.05007270900065 -0.706202711556702 0.669485796502716 0.341757182530137 -0.0926988328967163
-0.663659067010353 -1.07364860417177 -0.83863516865567 -0.456519551330305 -0.788819174137426
-0.353759439929689 -0.318828877545411 0.318981844584757 0.154752058375109 -0.550489565671187
-0.560790405142764 -0.498033975439592 0.128703139098406 0.143107960129515 -0.399042963248414
-0.238099552960304 -0.747330566637558 -0.809425077785114 -0.684304480803309 -0.139680308309562
-0.902266857246768 -0.395686085935992 -0.866045395260734 -0.516481496767923 0.513786495508634
0.779548011662658 0.478771289754141 1.04122253763349 -0.448575473101335 -0.216975108968296
-0.358764728298927 -0.590734974145523 -0.189767789526765 -0.541109913335271 0.286973648572161
-0.502934003148245 -0.627613254654849 -0.835500174814308 -0.190441801902999 0.683683567804843
0.897528635835866 -0.199374987277517 1.24083664813628 0.608626922311378 1.60134631259542
-0.712141737550924 0.723035436861851 -0.315019735305945 0.484257739510088 -0.69134478203282
0.140841807746653 1.11896548416633 0.161957717370671 1.01504895857347 1.08844928025417
0.0345583248188643 -0.138959736938991 1.4168911675694 0.625205681600829 -0.175176169661031
-0.542370638370523 -0.444621116472145 -0.971094646807632 -0.211217536433207 -0.748054442849748
-0.364221503749213 0.532490849033501 0.0697719991048701 0.845245993822068 -0.309266565416136
0.718713878528297 -1.04379566365253 -0.143187649516819 -0.651500421947761 -0.695971296621306
-0.217208092459997 -0.297601580337819 -0.418829571897438 -0.0625948308656364 -1.6313605751852
0.172579388955038 -1.26353006478611 -0.106315006638558 -0.556041448903155 -0.695731278445795
-0.815586736695671 -0.208273848306826 0.0372919570657987 0.33712009542052 -1.22723926758915
0.618909606604281 -1.24358339348184 -1.49972962725642 -0.580236675053313 -0.382278332910642
0.508194884338831 0.353413834607344 0.529849694754668 0.13503003213988 0.303543533161998
0.497301867062841 0.164525688752823 -0.69512956301492 -0.289378787015136 -0.510003204270697
-0.594357886649818 0.283982735759795 -0.821808358280884 -0.451295306223789 -0.524319243776025
0.102933060047692 -0.943689854786989 -0.214071653534157 0.447386411900266 0.425866788890585
0.570467847759462 0.659754404611143 -0.278280523467929 -0.0494857115270569 0.673505089215024
-0.99074788641589 -0.866883965911537 0.416360006878544 -0.365520908802152 -0.134303162774339
-1.1494749654976 -1.25237176090879 -1.0122917405666 -0.559226580772432 -1.12703581297258
0.961791768227725 0.199758621798175 -1.1987927693998 0.956329075981935 -0.671782986531501
-1.37641531116579 -2.06944953514684 -1.27582341505897 -0.901303099507021 -0.812820105850447
0.788668240053339 1.35268331676716 0.954435271958522 0.487368707639585 -0.34951781648189
0.343510196681028 -0.424286376085407 -1.42307931067029 -0.570318397036684 -1.42162980518261
-0.486529360105481 -0.0599836112249706 -0.449205400111517 0.408559320570064 -1.25018264316447
-1.2680125008493 -1.48611371961833 -1.22852503490138 -1.02883289621613 -1.41636141324278
0.538121633125088 0.287193606389373 -0.200774652550534 -0.209959342514323 -0.0845886106650822
-1.12043333149666 -0.174756218370436 -0.421199467643055 -0.890177884960057 -1.38314139545203
-0.618541277867766 -0.551886116501366 -0.375185729361504 -0.665780109614386 -0.788084471597754
-0.437857830524147 -0.575689954473154 -0.972178475427579 -1.29321629823762 -0.617640994569604
-0.702375780662788 -0.968312908105884 0.65702269109049 -0.289601354371156 0.343541473337431
-0.211522357929511 0.269505699384102 -0.666586173211152 -0.200956816207942 -0.126083664352151
0.0216386714395782 1.19876752178688 0.977373444141138 -0.588300564044197 -0.417584428473939
0.872909333521582 0.220131272092831 -0.197922971936527 0.114440347517558 0.734505009261628
-0.505199920818684 -0.580928745048816 -1.20688980891992 0.103857969194571 -1.46624700445613
-0.135939789891924 0.123759631163832 -0.228332125270577 -0.628178498975354 -0.210183334068915
-0.25405915949173 -0.694696557527164 -0.115693271003305 0.129860648635273 1.30112887066575
-0.540241599630916 1.27399416838645 0.469995136532345 0.258851640307069 -0.751597670860373
0.352351259630956 -0.246709842924298 0.337301519105553 -0.7963866992886 -1.07075222807149
-0.524866269404317 -0.150317555186247 -0.810868101106747 -0.425672578132331 -1.06289235663855
0.330901058818189 1.13734867056818 -0.143152686006775 0.405759012335828 0.296587139436124
1.01425285928684 0.0292810397651432 1.21120773280217 0.785665243516697 0.809756238739551
-1.41946374139636 -1.31492724352916 -1.39948961159725 -1.89668440471979 -0.780129461602247
0.26033952937545 0.0949008016662002 0.481416945038417 -0.608013898912711 0.122676515681006
-0.671426449257592 0.207357762542674 -0.548082966040299 -0.948014048921403 -1.50701389586425
0.713714808096268 -0.634694629909488 -0.262442992617112 -0.103491678790331 1.08346180851269
0.778175689844646 0.785769012280513 0.550988411477768 0.0985077905833986 1.07479129873945
0.547688380955985 0.965545943149696 -0.175664281381632 -0.516421696481485 0.391406258783603
-0.0282530024961077 0.494856185750151 0.0612913323526543 -0.474451205469865 0.28696406153854
-0.194253066652479 -0.746965072365478 -0.717905226168803 -0.646784847524587 -0.741336955197405
0.123035810975734 0.0231679348804381 0.508682706073983 -0.692531913070079 0.57632932288869
-0.275245571339663 -1.02966889921317 -1.63752180796276 -1.40807658242632 -0.366406167271629
-1.07986909783103 0.205701728006686 -0.116669261819449 -0.791456560162352 -1.23726835620784
0.493211222510796 0.809632371360526 0.818453961574528 0.888631707044843 0.747044069267189
0.791483255684455 0.345083287351467 -0.693467256737631 1.22415405144692 0.66747012207585
-0.474402818350089 -1.08233953293619 -0.164585146730856 0.485567528385306 -0.035379592913431
0.242493622134137 0.933229980634818 0.769509326367136 0.135486182822844 0.276129690047939
-0.632289609049346 0.544730381958335 0.329596921716384 -0.169018829983192 0.670134271311908
1.00789774580594 0.278734862694979 -0.112036431509916 -0.717140897980343 -0.00888868516804269
-0.741218036538379 0.265796236579895 -0.12184254843622 0.34481870770019 -0.377475788234196
1.45665216030981 1.66742507475315 0.898692394911924 1.10726666317565 1.74127406478417
-0.762206811449604 -0.0835063945911949 -0.237107689229705 -1.09617547538637 -0.13716240692862
0.557117931435998 0.823186542860203 -0.527032487465373 0.625361510232502 1.11954064166066
-0.442956899490338 -0.641219445272082 0.100779628097801 0.409759009295367 0.355468045443415
-0.612193888566741 -0.761143871183233 -2.1023626467153 -0.742961310599691 -1.02298948944257
0.331468386868385 0.67382366031433 1.03501366604177 0.675798202382422 0.249158743956725
-0.864021217200799 0.120294702739027 -0.534004226320422 -1.16674970094372 -0.182691257255361
0.128899901754347 -0.356750313975459 -0.886169812271318 -0.980529720281951 -0.281455715243968
-1.65180965516566 -0.24803905041969 -1.26586269457274 -0.766930803213183 -1.1030185286157
-0.915422912837936 0.107251579415296 1.20830051381041 -0.592232022697935 1.40395648097485
0.0680848595968403 -0.106686252163983 -1.54402335342327 -0.51090920550099 -0.220610826038356
-1.20478041361837 -0.292020282999643 -1.08458396003897 0.545221385129863 0.418757446688132
-0.0756887366848551 0.219424761887161 -0.534532502039897 -0.532077313974597 0.333759020808818
0.736496776593398 0.592987701382567 1.68598047648036 1.3850505137611 0.60053232348292
0.641320375406671 1.0939546458646 1.0979732518181 0.674005521512403 0.616191487922047
-0.676236235385666 -0.482785845218639 -0.717193456726153 -1.1519107417189 -0.607289720991421
0.21255183628096 -0.110875225330202 0.208530548378882 0.102488465135756 0.328487244364623
-0.753227548391385 -0.929455211666158 -0.516301892006883 -1.28588560464748 -0.503922559801622
-0.703393408999323 -1.12820877554218 -0.540316159387132 -0.0802753456200209 0.178966809845652
0.834770234917757 1.39099565755162 1.5577023070665 1.30319860449913 0.758036727068316
-0.599639271207812 -0.781447782406674 0.588780952984338 0.0423191316637157 -0.0394124756233444
0.188572482879175 1.30923446305319 0.656134862128687 0.499568847533975 -0.700327127968318
-0.334927205407775 0.811239810484553 0.229020726609345 -0.907784442475351 0.336425439877062
-0.225576557961127 0.975286774848594 1.26732784703535 1.73025973800879 0.0409275604443753
0.153220676883516 -0.849097483479548 -0.33851770397548 -0.777568774619933 -1.02587256957533
1.63405007397544 0.375758446280325 0.170239025856542 1.37514162807252 1.13403316485945
1.42934798779912 1.01961878863982 0.974491051554702 1.12678130009759 0.483491655922523
0.357642715782672 -0.647342785102558 -0.144437567374822 -0.337479204551081 -0.975875581008544
0.99244350942795 -0.716045303062841 0.996040989413429 -0.324901586917698 -0.281735210308711
-0.520060126727963 1.24416353142211 0.354250141560124 0.71644981225649 0.742362518983585
-0.0146913210201642 -0.895883762939324 -0.788722213887827 -1.4273641433412 -1.40364328627344
0.333218636883713 0.192229048761962 0.292459389815038 -0.1433576582049 -0.830666255573189
0.378217776926975 0.00177851139871087 0.557512707862589 -0.336413664853302 -0.448130806605142
1.20544637628115 0.2976306889446 0.492610486440134 0.1529263122666 -0.547242228165623
-1.70260814622414 -0.785098928358125 -0.996155702669077 -0.476416993474695 -1.38060768212017
0.932204005474882 1.33177460924261 1.00186025765975 1.519932595889 0.575828300010026
-1.13729432324619 -0.407021711979611 -0.678942426117304 -0.269065734382287 -0.0310284755770115
0.372884484733968 0.521921999384487 -0.00434841678527463 0.0065139817480171 0.72699935087589
1.16393876248707 1.31083930528892 0.619475256605562 0.157699820558817 0.801126061723649
1.23165589008061 1.15068243173716 -0.141287126136329 0.815399197724297 0.276647699188937
-0.587678986841778 -1.31475324449782 -1.85189558995146 -2.18513480783579 -0.839918521308094
1.78858821696295 0.696592384655594 0.695625197849943 0.441555421386896 0.591718283410329
0.409873449176427 0.622187305121483 1.27583866022844 0.916561340816063 0.315460015739468
-0.0225394620833558 -0.0737895077611994 -0.34583557306493 -0.0455365711087756 0.315950135365487
0.0109633793210237 0.347624107578591 0.583036475659694 0.57521147900283 0.65487796412785
1.16253638648381 -0.0187829064136183 0.50218963088491 1.21538082110783 1.01779738263979
1.18600055157234 1.07393421601469 1.80563341197221 0.699607786998623 0.698173414521229
0.987470192278873 0.239974973869409 -0.0627267380470515 0.911775422526595 0.187992118417478
0.306706933762635 0.883385061171031 -1.0390786901738 -0.375373985150916 0.644035306473135
-0.0574501334023734 -0.363336621662342 -0.705750606070826 -0.289090910725425 -0.441255637101932
0.243358737819322 0.554952923534701 0.804958369037664 0.401515658198099 0.63527812204951
0.535696316351897 -1.24970285221607 -0.893550984616247 -0.505202308201777 -0.0530607510337975
-0.132727723782518 0.0127494436092914 -0.328456333495582 0.0188100563847099 0.00114243590873732
0.603820737077673 -0.674150521398649 0.0241794564954989 -0.213148319772195 0.637871870319248
-0.846472427627899 -0.416037264002998 0.100659970149773 -1.07196200146077 -0.642706690170249
-0.754117361355155 -0.509466866252098 0.0565640406292891 -0.455315649260482 -0.726969470601437
-0.802065559010704 0.034446551361401 -0.552351613930815 -0.503709666221131 -0.0837983716224436
-0.846454249455658 -0.0303800188392998 -0.309818146199929 -0.32609566793496 -0.240274697606554
0.975210135407527 -0.910820580802689 0.19023702598458 -0.183768728745387 -0.241551270893727
-0.537706264631468 -0.635398708742304 -0.496930183522813 -0.237731919987457 -0.617280099397275
0.101629091660312 -0.114215071059892 0.501973546107195 0.308156061740056 0.569070468365907
1.09780935845994 0.129556128095516 0.546175033597001 -0.6508422232236 -0.951091546750234
0.438582853213414 -0.731512980912745 0.0374521461590859 0.420236722350128 -0.254484584592299
-1.43455194069311 -0.247903240142443 -0.230428199236639 -1.47256969324005 -0.735111933815467
-0.51620451068116 -0.537625529555917 0.293802216296358 0.813278805574461 0.822262550944317
-0.897110119460166 -0.47873273795506 0.803137874159526 -0.434215979399375 -0.868460223127514
-0.292385856822867 -0.182838325085755 -0.939018536320327 0.212190172724982 0.269448746644788
-0.643822070239716 0.958103752828173 1.20390276628707 -0.115052438357088 1.02145255419522
-1.05643047419603 -0.94942223438664 -0.619871045263407 -1.27531446994958 -0.743712838750203
0.707431957052824 0.497087587777019 0.709980276218347 0.439393822960756 1.10088654906008
-0.49608530578229 0.341854315546298 0.652239754981512 0.794639804808187 0.7038776421638
-0.608796026289298 -0.649857055648993 -0.0370531431189635 -0.0668855993432858 0.699724184348575
-0.133718003648439 0.334150598790487 -1.13435489297405 0.338923884636947 0.609315847827657
-1.23222331856438 0.115546891027645 -0.251628442872287 -1.05192293353148 -1.36753772273992
0.346235690842346 0.392765890255521 0.0283681066805856 1.13459040560409 0.234695499213745
0.196052224777362 0.498030201316076 0.381950566606809 1.33605381361852 0.262159472168149
-1.27622529218906 -0.567138182134586 -1.00973215787858 -0.854902117204071 -0.915742135955638
1.11535512783753 -0.217830434079537 -0.0643007473532337 0.826398624296176 0.0339855293149315
1.29556607629302 0.994160305542448 1.58895424427005 1.29597282216584 0.955553409325944
0.231266285409491 0.851612345559083 -0.0419871140611919 -0.747001512580314 -0.430924191147985
1.20313403719252 0.612901102510572 -0.384432390322924 -0.0957011689174388 -0.31735239855552
0.02856055412427 0.496654091285584 1.52697895652309 -0.577063748012935 -0.00388744955429334
0.0469211914026358 -0.943705720490231 0.419512992091782 -0.205574505244095 0.2279605960721
-0.253863432605152 0.244351195846672 0.435853798777756 -0.496153601036507 0.156247876734542
1.47469582143091 0.735133892567254 0.657403674407282 1.01154280283577 -0.121915404198388
-0.247221072188437 -0.560414176373812 0.297897268445817 0.286852613656197 0.309409273679361
0.496607452900198 0.144337636803395 0.510434820530641 0.7687757307601 0.0679271289026261
-0.235572392954779 -0.56022245807525 -0.062988317115762 0.263333941711613 -1.35539879979295
0.148399888498744 0.363897936091021 0.174917906701482 -0.174603194962676 -0.580788097320365
-0.0879347020109708 0.0890809472632147 -0.180921742777049 1.0813387957515 -0.481081685586872
0.995542124580208 -0.723130028914097 1.14166043869083 -0.958627089300888 0.667242133056966
-1.43223530953661 -1.21763625278122 -1.39094596074966 -1.10457140004475 -1.15403772374504
0.721972439872925 0.302690488023999 1.61780758096831 1.60401169235854 0.902929657040492
-0.375611974960824 -0.590986784302523 0.494257284530543 0.433791275565072 0.376484309520614
-0.403365453829249 0.0943418580656841 -0.0513660178586908 -0.420773427290906 -0.885719164945463
0.734749209594229 0.40778382275564 -0.583762763539454 0.585558126420301 1.13381627409158
-0.391617490935631 0.0595650729595844 -0.662175221939917 -0.948183198456792 -0.0972833229478391
0.701305544538675 1.34107568317663 0.766920189203338 1.40701184753712 0.407613891554071
-0.186675547476203 0.295318726435256 0.0720839093243965 -0.197572041913243 -0.0235264392177026
2.00306572350638 1.03954783260925 0.942098207071861 1.38854035711803 0.829366360103544
0.0661105050793863 -0.326748064540411 -0.279714704239938 -0.174683739751844 -0.0349054842419102
-0.305650479704873 -0.0457041975302084 -0.347669263180132 -0.0168134240880621 0.40629280638896
-0.150106295278392 0.417395936122359 -0.313299800578399 -0.271488601777485 -0.399940229717281
-1.08571447315957 -0.34716756081658 -2.06231059222084 -0.00724200438864397 -0.70636756325815
-0.0533458439008409 0.34938944510061 0.218208372542947 0.554285470154222 0.763095974325875
-0.780944397599971 -0.948466016220005 -0.68171213826475 -0.0916175036203347 -0.726554118587009
-0.0609186405952985 -0.556260128489512 0.136966960275956 -0.0939887840041784 -0.4535902219121
-1.20183705763641 -0.485536094380701 -0.834188251889009 -0.612902235800008 -0.842517102950897
0.192622229082558 -0.416100159034442 -0.0384899646026693 -0.189075109123275 -0.0104044143540281
-0.463263766106851 0.561722176557585 0.499481074139735 0.751361811786092 1.14841532428671
0.251385391470746 -0.855610710821277 0.018269049108382 -0.818992667171576 -0.446604587414345
0.543424003398668 0.805669566354635 0.697507027873346 0.392613582978498 0.885464143982269
-1.2409617587437 -1.49706675302915 -1.22837036016679 -1.16637685452587 -0.749713377468428
0.620213692893109 0.259777244614255 1.46735459033039 0.442961058877691 0.506522334407518
0.545436114492696 -0.20113568942123 -0.212297851969619 0.664456768581807 0.17201850111409
-0.39062006193273 -0.467605089310109 -0.63795335041732 0.122240338346809 -0.707863864855638
0.490087398026599 -0.122123173677584 -0.130920900082388 0.10704416879004 1.23171907129694
-0.644653408689192 -0.667990681087412 -0.306398459725934 -0.777058924404112 -1.01910160647546
0.118661238020698 -0.0635894768711456 -0.450941298038654 0.635073181755331 0.0262267893487904
-0.252586157139201 0.985819464659117 -0.963508156473015 -0.0936111415118786 -0.933767646367823
0.849417379943171 0.611364991969451 0.511084141872599 1.46335251902394 -0.105032862101739
0.473633834518731 -0.678642189815914 0.241952046274965 1.53155006385051 -0.323657205554246
0.0171132830902138 -0.0836398660500464 1.04253114190365 0.967617407101519 0.587446549496448
-0.45910750426578 -0.960591730800662 -0.872321113955182 -0.102235674173879 -0.102513164371325
-0.152455484582781 -0.527612178828408 -0.0873785631773036 0.317517007680887 -0.488251651532003
-0.0592606889582834 -0.349841043616453 0.747956503003945 0.245414986844623 -0.488328899929276
0.445976888072791 -0.91668966423798 -0.9976378517977 0.3138099426969 0.454384958832642
0.990273489300909 1.15740994224867 0.456991978501445 -0.415193545134467 1.18737645606016
-1.19601588509273 -0.659357797340089 -0.779475027718443 0.169101810685285 0.451641390013174
0.264707823169874 -0.368621860570793 0.13790441517154 -0.0726767938762137 -0.503065392247393
0.175250105125035 1.5093698014338 -0.230303358023086 0.402487174673148 0.48591655631208
0.241986499208953 -0.587942888007588 0.829081252703821 -0.563478854857337 0.571122913667668
0.130322477453063 0.0997403186306169 0.612560218524908 1.19342515823168 0.333444189113235
0.812018340456557 0.582806669305677 0.136867858446253 -0.256082387351748 -0.145980892762323
-0.0055816359061876 0.171345941828377 0.268693315997093 -0.374076085139845 0.294010036885511
1.1910565162795 0.539065515028827 0.898908794449341 0.903883418621699 0.836251357794309
-0.680212059809299 -0.00622948719333821 0.394633376721637 -0.271565887481526 -0.845896645210731
-0.0525506690969382 -0.208740912927284 -0.0849540656001544 -0.541143875101802 -0.420321149985492
0.505265043694789 0.68913237443784 0.287330950937537 -0.147848916806575 -0.0329604348154605
-1.18598805518448 -0.656710673014815 -0.781666483402227 -0.703007278413392 0.08377711011678
-0.479005495610888 -0.725982172460279 -0.864534490728963 -0.510291598363335 -0.500258124792136
0.259547820778839 0.530401410584829 0.908223371091262 1.06261027689675 0.0191256629520034
0.159033463104238 -0.244264261008743 -1.63895547232766 -0.549652852397169 -0.467345203809757
-1.38996074586842 -1.24552398022441 -1.30140124039409 -1.239955331839 -0.15057047087696
-0.356278696881583 -1.09730007504466 -1.36684704546424 -0.973623657348386 -1.02124983357345
-0.64501353629696 -0.916778200882502 -0.658402658974238 -0.0570717516786444 -0.276683925400866
-0.238628093118894 1.02699570623614 0.404869267203614 0.574005403764239 0.750020178583747
-0.0969851262720156 -0.323408921223485 0.38697145625573 0.199840950894671 -0.230157805182316
-0.616255803795269 -0.81549781988951 -0.0265549747292182 -0.185733009248348 0.680732436503011
0.567132556157159 -0.728390092674784 0.0394112388776628 0.576895196773482 -0.929245626996162
-0.385364396797049 0.316809890119589 -0.465986109603067 -0.682052325055893 -0.48373988720791
-0.374103720327227 0.496626029444934 -0.665110562661297 0.423237750220615 -1.73017732643757
-2.47971506343059 -0.0820725410193921 -1.50133336583706 -1.51121434206627 -0.946405753379532
0.270438409608086 1.87157627552894 0.515303165437011 0.30554082956737 0.0157629213763228
0.743731937053796 1.09297326526119 0.0477495265795038 0.632887004937933 1.04626970687115
0.364002001014583 0.764962738454703 -0.618316846431526 -0.0548218390393534 -0.0334712103878047
0.101658850648262 1.36341688329946 -0.0483039954660859 1.44661927090264 0.447164592211207
0.475157166372888 1.2757492731781 0.908054764301746 0.73490918285406 0.481161308333374
-0.396046725616937 -0.602013199955475 -0.250354167427478 0.0833640465641059 -0.802345474519133
0.70297055873506 0.484790499545691 1.06675092310417 0.777245585266447 0.954366697616548
-0.22797687734003 -0.769010083052926 -1.01832478191419 -0.291846743513168 -0.052184171253596
-0.950383788938644 0.0701755473673442 -0.201891173442656 -0.920883121879985 -0.492843473154442
-0.538745064959186 -0.494512167054283 -0.470512835267161 0.331691148141842 -0.529411146133513
-0.0142015279194246 0.440963901707701 0.351512921917983 1.0953373736894 0.807488090057735
1.08428378898461 0.606988456839294 -0.0205619544687045 0.2963466453385 0.176155714640891
0.162678724584944 0.157703636594872 -0.694934678429144 0.431265373526216 0.574659518642133
-0.613291559239139 0.267133650025922 -0.295527282299347 -0.468469179123668 -0.745367802881526
0.354184374712157 -0.370446442935463 -0.339736367080768 0.217078325631085 0.500478176060439
0.55560702385826 -0.893004271670759 -0.404979423934182 0.316489649180398 -0.0913614329217325
-0.0198646936971256 -0.257713103365744 0.388066650203249 1.05320075575365 0.829364132354121
-0.418141737823966 1.05029276786043 -0.0278477008198312 -1.04213031144643 -0.747576869166888
1.26435672551245 0.609085719839675 0.871523710059516 1.45337042976963 0.288891373757282
-0.937494528976932 -0.37947836427274 0.381996781468204 -0.681938360132575 -0.303204736593621
0.509776063120316 -0.0834162022751538 0.402143696888306 -0.461914038651058 1.3230204932421
0.773963529610483 0.315381075285141 -0.997293547741081 0.893199051946001 -0.291536576255132
-1.16165927621374 -0.48554802861083 -0.671086707672328 -1.06830607510526 -0.158170370679771
1.55772610729631 0.316185523271077 1.1505162102905 1.02342961407985 1.3187521329385
0.263937261496108 -0.451465823741555 0.637820270298741 -0.985661144089076 0.255757951843534
-0.0409882396479678 0.657713389375081 -0.961688484883239 -0.400137808606504 -0.168362927017337
-0.0517822212757575 -0.665795791619374 -1.24379777533339 -1.01947528039725 -1.24385642419152
0.559039336861743 0.183594260838864 -0.453405329106684 -0.107463826414523 0.132388150826769
-0.914013658151206 -0.577196819179767 0.115171378568684 -1.13847386825427 -0.659988874345345
0.563864230327913 -0.589093145698369 -1.47050625483715 -1.53240095660435 0.433116282242284
-0.43876603628908 0.533367404913172 0.2422850514613 -0.528368568060111 0.258222187842511
-0.594927842736479 -0.657272180576051 -0.556887551245046 -0.673279322167098 -0.544713500138348
-0.189515911256252 -0.417320803187937 -1.1842719856914 -0.789265840377279 -0.114837323593909
-0.359064139655748 -0.410056909693704 -0.77952706322506 -0.705269909430143 -0.159163942849793
0.877197335076029 -0.76468963739673 -0.00789311585034953 0.187516396913819 0.178606798264755
-1.2962668538961 0.374545441569732 -0.0352444128832175 -0.507725932205793 0.156562527039146
-0.0157484446888111 0.256555236290197 1.38332245407262 0.678415659304508 0.782726941337994
1.13505001906916 0.18639359258903 1.39960001356498 1.22717291570379 0.0299215462522155
-0.73523079222908 -0.547565962601007 -0.558272179235669 -0.831067115618063 -0.358571933530223
-0.00286756248747323 1.38209908742415 0.0695887239543471 -0.241105707974719 -0.894282126422858
0.0799216016433009 0.574302647357636 1.17135793095089 0.508173152285204 -1.2523371205479
0.526987770388082 0.561887676480245 0.127966440664275 0.414347948760581 0.802999458167294
0.385534193172936 -0.00286968034610553 -0.10051419347947 0.220593776096635 -0.703527779894948
-0.490823531662221 -0.641400498042429 -1.47069590779739 0.146136415134779 -0.707578067680322
0.510509474695299 0.359384127095977 0.0344076415100508 1.26045164953549 -0.0791234597891272
-0.241387484438386 0.0728883790399706 -0.440946138847839 -0.154537035086005 -0.683701267566251
-0.454991105847682 -0.557215887093153 0.0368631369089826 -0.505941590225621 -0.294151954254542
-0.0382482215593512 -0.734349988632385 -0.367455397759265 -0.0620205688524695 -1.24844386077492
-0.671033448779377 -1.72845756224066 0.0412358507851184 -1.1242448943313 -0.328639831550356
0.697428713283629 -1.06691098235031 -0.30441498416901 0.191141728023961 1.22418899091153
1.0118350384579 -0.564013707173368 0.21273897828879 -0.0773596626336527 0.130789638683617
0.395217891873953 -0.465700362162971 0.0689933409610417 0.0199347644836303 0.20631288173463
-0.918167139660856 -1.24746008672737 -0.88996305080261 -0.624295077121375 -0.580151066518476
-1.2024283980673 -0.833781448813218 0.409621882253361 -0.180845692852412 0.0411160595113939
0.987362491895336 0.534465496200244 -0.459328085019776 1.00981069707512 1.04630122538527
0.65499478089967 -0.436276469147774 0.353754657977645 0.428754064213986 0.588548708278043
-0.2778350720678 0.000300486176549222 0.309426325281119 0.14423983800974 -0.198336253619139
0.53227738155259 0.00260059694746547 -0.419274553889006 -0.148621647317455 1.03482195456759
1.14489257093611 0.953095408854252 -0.782973402511363 0.677795686933744 -0.123125202417192
-0.0261856951080318 0.480170814509042 0.597170525815888 -0.0756047564250562 1.38844334220098
-0.752666053023141 0.821375408812238 -1.2693899093743 0.443193171491711 0.166919305047176
-0.220952124477286 0.657676101742254 -1.08492204686533 0.220160841845697 0.352154811541777
0.376781676979436 -0.885785379607711 0.427552619284476 0.67210074163877 0.326026938327429
-0.434650253824235 -1.13467136048438 -0.739698509127892 0.662389912894577 -0.897471054406694
-0.508649418993886 0.233451573775603 0.145362639709829 0.871199205055964 -0.641586989490305
-0.48084335320602 0.453381319481725 0.275200296220926 -0.0223237374611732 0.34278839894478
0.641821996447789 0.881025823254314 -0.122744418613249 1.75197422115531 0.76040062918837
0.568450751908933 0.468123652442107 0.389039353285173 0.329921946246221 0.671431761016062
-0.283843621815799 -0.563443378604812 0.568713354672206 -0.730824616340881 -0.929893320062822
0.31182155727951 -0.817064063432068 0.00771379663648525 -0.176277428624831 -0.719773017570746
-0.278771995003021 0.0647003627405308 -0.256154823979307 -0.28345429389027 -0.5563475771825
-0.74407371596986 0.387268272278776 -0.189566263108588 -0.617227689560007 -0.575308480050792
-0.774571176821208 0.887023062275462 0.225974673297158 0.858444421327837 0.461998805112375
1.26638982184765 0.907683785489865 -0.305427050544573 0.966934617558716 -0.863661571190304
0.0862130718933494 -0.292054750195639 -0.224248254163802 -0.455559933930242 -0.580064799035605
-0.0473912778523598 -0.532713638138976 -0.180349499165336 -0.455634013156263 -1.34688124311824
-0.155583651275479 0.748151518017943 1.15218983955516 -0.0131169793839859 0.416505635215903
1.0830036180734 0.757223397770126 -0.271592542466613 0.478342295854816 -1.37392561501312
0.53838906070633 0.197479375291063 -0.522534862653834 0.625842798303126 0.46793462945697
0.0462961699825444 0.0693294799829749 0.0625680027887357 1.27387601217114 1.06731255572587
-0.112180789883573 0.107372260047563 0.56868428807183 0.859466459962768 1.75270810659832
-1.12985827486848 -0.84235919268045 -0.245902549006727 -0.0471449037347245 -0.859501470906133
0.110871895140295 1.07995425202339 0.202199919252317 0.267376662037869 -1.08870846192924
1.29606496935023 1.23721680746798 0.575568248565281 1.18292700075119 1.38382216840783
-0.447103444379459 -0.315885971612075 0.263853923483967 -0.255102142189767 0.442252667170617
-0.367083067408258 1.13839978791974 -0.132704047229068 0.169584713542226 -0.816340599451489
1.03609827604891 0.734812499250204 -0.00789922260249944 0.950910183731374 1.06021821712482
-0.367602123325791 0.549244955535168 1.05618727680547 0.381409938698425 1.01401380653366
-0.410907975434433 0.282702235796632 -0.107027846477236 0.468464766368322 0.455801194681373
0.719833859419694 0.509850829710949 0.0972934800076387 -0.344601742848359 -0.124608031125117
-0.339691827877462 1.24935582886483 -0.538294019920436 0.0763239341087694 0.481372609289802
-0.352334695579114 -1.03412053011739 -0.544996738348639 0.368060088746727 -0.68317342061624
-1.20927743717484 -0.483545070513049 -1.03618672160916 0.695726835294091 -0.0978789861574525
-0.0907895113019746 -0.236103387641425 -0.186147441983891 -0.569441524682346 -1.33191122293689
0.713303534483731 1.01117125535321 1.16574234809297 1.89854859846556 0.624393364974693
-0.381069714261167 0.524133374644642 0.709147927864052 0.698273685762089 -0.0999400597481581
0.0533147465798017 1.09274553608933 0.0185006694038059 -0.957881571665559 0.497405261447386
-0.470722004398576 0.142728759870507 0.59213230730231 0.255064496214299 0.314409522862368
-0.305995815755723 0.935404600807005 -0.915941733717467 -0.261091242848164 -0.866546077530124
-0.893181547554845 0.192406443401063 -0.208084102119089 -1.01148303280834 -0.905923341187575
0.484315931091533 0.0650223049754755 0.5452930789938 -0.386206920825928 0.207548771335917
-1.48123709030831 0.489597384660101 -0.231580493563654 -0.300637250654823 -0.122292338670421
0.781715710662412 1.14404182060138 0.903520332819515 0.476716636014414 -0.459518612084224
-1.19144543598174 0.354752503771333 0.188890181913856 -1.31911277206453 0.948038724472408
1.20418379531187 -0.126047341712175 0.425562636641997 0.569008945498612 0.714867021729481
0.572625505746281 -0.349303420322943 -0.461551865845012 -0.118598904159317 0.74067595297651
1.03338213290484 2.19845236138641 1.44764345058883 1.84507498360134 0.586185331657879
0.930420623985906 0.0125883690041684 -0.208076630875327 0.583642324845364 0.467673849377986
0.982418205685958 0.937247888008153 1.03133089137389 0.349611122612079 -0.760322522294364
0.712350303867151 -0.0265738903565224 -0.363647210391001 0.347615847027175 0.731229843800907
0.209363845751029 0.339436709542942 0.746517499824746 0.997594227602301 0.552959576003712
0.00881570904964905 -0.958580341206491 1.11833296187802 0.267838845021799 -0.643120519160642
-0.860590570377302 -1.02080810292103 -0.706864483107193 -1.76116958125162 -0.698550153780667
-0.709872595614465 -0.771182941182367 -0.758525246075301 -0.476953110445858 -0.0844184450977414
0.192483770645558 0.323062560246332 -0.782236097850822 -1.20589384043561 0.473464865151801
-0.613924439298799 -0.652966826432438 0.541184336557281 -0.952608080960579 -0.015520261719964
-1.02795180262022 0.174195657019388 -1.49754628756722 -0.80272381721187 -0.231736515282771
1.45759967101362 0.376211135564827 0.25310417723523 0.854855991451118 1.3089583285937
1.21726765568515 0.237994091559915 0.593373992995714 0.855585245685545 0.179495863860372
0.210193161987174 -0.700778192505838 0.217602437262918 0.733646494046477 0.890989338199632
-1.10388787719323 0.763817693340069 -0.573744152344925 -0.994874535749549 1.10004881674749
0.0580786620120509 1.18432539630847 1.38168253286952 0.556427989761073 1.04562333060322
-0.674656387495435 -0.0752897564425215 1.27643325821655 -0.127289428329507 0.564022930297129
-0.192844575870728 -0.96288765503289 0.125509507983774 0.211600471379338 -0.620754816664945
0.297478391708163 1.1187853637698 0.171790838744333 0.788724972385819 0.985068145601982
-0.0368415747307397 -0.954687020718437 0.0963507050631264 -0.0298808301489727 0.183030390002133
-0.803132227991375 -0.405031614790137 0.018540576265035 -0.409780093784056 -0.610662755616631
-0.641353753706413 0.100035327473076 -0.453071741174099 -0.886704034498207 -0.108797591952952
0.674718733863523 -0.0103918540808043 0.350192781718245 -0.139412147412508 1.72536222185011
0.484666483685095 -0.543932238284198 -0.203500493328998 -0.252733911166066 -0.620812963649545
0.220957858988883 1.3392302573666 0.831873267484337 -0.0143950605029839 0.951042068350973
0.325770084959731 0.711880076075207 -1.27540906073774 0.226476676444038 -0.441133211392945
1.4725144604609 1.49682355283269 -0.14033311032156 0.0977195942349657 0.0923918444428014
-1.27699766802536 -0.15215515715977 0.700947057599291 0.219191322013262 0.224142963795746
0.474184994771661 0.111243223482782 -0.540991977426692 1.06012122165481 0.357965746869893
-1.54521182416865 0.733221723999841 0.22674670957978 0.721952601905257 0.301673284853958
-0.236414735596688 0.309529830262634 -0.503347653681472 0.433937485868866 -0.0995256311861979
-0.851649533902884 -1.05502974709698 -1.05356405782001 -1.32658538632461 -1.80519058307325
-0.546629862049974 -0.529491997411552 0.695710680050946 -0.185131794315187 -0.674056586281721
-0.327327161815772 0.216744946714407 1.00855705445351 0.925828119679173 1.71775937100431
-0.364344776408913 0.519620897834942 -0.0934850138051996 0.206238203785453 0.0547930141030414
0.0706691824935956 -0.66550679867717 -0.652709090727082 0.479790947103075 -1.10246006013154
-0.341177355656599 0.109484003405044 -0.298699096462099 -0.856071000915358 0.296306234279756
-0.733561739499246 -0.736442966458095 -0.179187001454845 -1.70854726114345 -1.43581276612156
0.54431970035518 0.0266346777656543 -0.336215684282361 0.108291335435906 0.939597300848558
1.90065501706089 -0.561088453805438 1.31071483544653 0.625116533586708 0.442652399072182
-0.487825594604515 0.151753548274822 0.330889112610966 1.47355742408179 0.622761488251862
-0.570553621666933 -1.02939912076792 -0.840605629869143 -0.77442289612772 -0.848526591027571
-0.175883463915284 -0.938080070040608 0.23244591001369 -0.00500189334247204 0.93960634577157
-0.0132039764655606 -0.257194606745205 0.280253829324752 -0.587992445733207 0.924335694638724
0.301476998002941 0.647177213699729 0.875836070696123 -0.362511563962599 0.0891014883644333
-0.452273465416383 -1.20395660147524 -1.18693138437669 -1.12315105739359 -1.16069432976872
0.0576822437558059 -0.413326175957542 -0.346551752551983 -0.0380277861599451 0.317176539120914
1.32803879667941 0.0770912253621225 -0.158104829584575 -0.369273699942973 -0.634435752931425
-0.345014754323468 0.224424037813779 -0.731225939268579 -0.192167676894704 -0.959875423395338
-0.660073478127604 -1.55698031341519 -0.638694300921422 0.690282958602189 0.271681711928532
-0.122050279143249 -0.0962239757704062 -0.0283094897645512 0.045345945176563 0.806330175544158
1.37367273318076 1.21202682776135 0.791295759264884 -0.410725119413969 0.259677843414719
-0.490201713627921 -1.6451942541677 0.00396023717089434 0.243891083206789 0.13463353262174
0.0802261133389696 -0.462772845687016 -0.39141163719784 1.35243080394502 0.842916335018616
0.659404936251996 -0.811224537163763 -0.586884724889722 0.642450966450449 -0.753882044387507
0.218971000027405 -0.438953354067083 -0.42568589896106 -0.180355354908147 0.887614537343415
0.850198024521791 0.0587206356053209 0.461873512124772 1.22276137832196 0.320816396754202
0.573435890624506 0.38197867739661 1.01426752427458 0.513288447788742 1.49206527959195
-1.36314267360454 -0.426725972945508 -0.843946990439949 -0.256906357913504 -0.699929150297113
0.350963658534861 -0.573499063336486 0.0112038250251491 -0.0250231423780463 -0.269263617716372
-1.24900131181298 -0.672843087973759 -0.453028834199921 0.178964934922856 -0.479353835368727
0.934588845617533 0.995103586901386 -0.620681419813677 -0.394419943093828 1.16652799035492
0.222034027628926 -0.451868569880002 -0.706290840467487 0.0251472508621536 -0.441485923499936
-0.110300324105818 0.369916569273369 0.574962124677702 0.602749633987905 0.161819667822039
0.337340811020839 -0.885864543244686 0.668622482673845 0.101730886893192 -0.653758265483775
0.277978639547726 0.361423151116373 -0.0273244295318402 0.250283039084531 -0.102544204123332
-0.513383892369168 0.617133600153395 -0.609349537067929 -0.834384480071501 1.16637404111153
-0.123868801598744 -0.608628463714986 -0.557751571927888 -0.367449760190456 -0.712644604864233
1.35275900785935 0.538066776116355 1.50081988623136 0.27181821594351 1.10570009641722
-0.14544030502717 0.270832276832846 0.00388618877444695 0.425747385067227 0.916424946183822
0.210583962005097 0.680849637292217 0.636380742682065 0.331907638744434 0.831897987208352
-0.192520320113542 0.136100184942585 0.74692254018672 -0.741472376112301 -0.685264289352007
0.137304398907979 0.161129812114544 0.173226498454294 0.209280268047944 1.70392779159512
-0.771749561563066 -0.258763687189736 -0.938682303226648 -1.0258675796527 -0.778310895066463
0.490121250716903 0.628024095850318 1.79247906214031 1.07538927434562 1.34682546158218
0.173813072952718 0.138723570784272 -0.0505307313135055 0.37052453645832 -0.534980196530219
-1.41538502804603 -0.591545117835708 -0.56361778663955 0.110895267887829 -0.447486737216072
-1.14498729904153 -0.616462672393164 -0.732939606574249 -0.61182669863708 -0.547217056990378
1.75203506799276 1.78110488728532 1.27224257136891 0.859229698284639 1.28739837310685
1.6426854802488 1.26265125316316 1.41820053345126 1.72522415185336 1.51671121183378
0.428598675472077 -0.257749958276226 0.770988147507149 0.507862084618916 1.1241728686236
-0.913164500734924 0.584209246379185 -0.768108899823501 -0.401833308286956 -0.82962738606002
-1.34038363044639 -1.11226672519358 -0.369263895609355 -1.61130981151765 -0.837452519281211
1.01610659386975 1.13879013918357 -0.0248426137098437 -0.697741191096265 0.0566850971907043
0.145056240123404 -0.426214329509257 1.13490233918341 0.489023293206977 0.433879029006227
-0.675564137297236 0.00309522164982126 -1.42271052054583 -1.11816382093994 -1.46004450370052
0.533673539498633 -0.131286111605278 0.151863677168952 0.0202477991334814 0.532120658884699
-0.656848170773416 0.835357745020921 0.38977729975893 0.420362499029326 0.611508507764079
1.14167701968539 0.75576145242277 0.667692024408762 1.38532452598846 0.947011734843163
0.711867545407335 0.25613737353613 1.23664106606205 0.540980647744265 0.664580824482106
-0.450000138708003 0.722543726440142 0.288362008971181 -0.296628760779132 0.623561721704988
1.65716188339215 0.587047328213853 0.888258020793661 0.654776013115159 1.06930739096269
1.01963529911424 0.698953797504605 0.379492187901771 -0.498184468838076 0.452764484161004
0.154185598781093 0.494656862898274 -0.349206000817322 0.584105480095044 0.132329513232229
-1.56966068724811 -0.586819135570806 -0.873803424175592 -0.139672372538489 -1.43104040972724
-0.295971374890004 0.0866277728234279 -0.00586513686647335 -0.207449008789833 -0.222399617159854
-1.02409700317064 -1.06697898892629 -0.65304263472451 -1.25491775789013 -0.0822705027207636
0.712487080094399 0.426214253966626 0.518034180587584 0.932773386668248 1.20664350228329
0.958516840328609 -1.22259573144667 0.447406160807002 -1.48492492933059 -0.676559952959027
-0.672958471880495 -0.295001717892158 -1.43596946337592 -0.747117907425716 0.209490027310837
-0.136960698533329 -0.278734888154803 0.602564128799995 -0.423819152195672 -0.131775109078753
1.39973286767591 0.314262414259792 -0.309212947118126 0.219398683118261 1.45213573260676
-0.697860228711347 -0.0319974972794576 -0.137202914559088 -0.393476917456777 -0.278910141267403
0.231395338028211 0.334636755156028 0.409798878913015 -0.25303240238554 -1.35921075124033
-0.314161551305528 0.127481564143341 0.537547575427515 -0.28004424598242 0.396660604423712
0.552346543564112 -0.445007001557297 0.264329616465032 -0.557707909969294 0.85671482291746
0.435394700464777 0.154401936440855 0.49626199039064 0.938418030070715 0.25728369945463
-0.367801780542486 -0.497536496249009 -0.531615633392752 -0.246501977767693 -1.04629502234097
-0.0955511899694233 0.567832724987721 -0.342868126569841 0.278325674163189 -0.003017294432185
0.838310662652284 0.0196580462407198 0.670780589636093 0.664296774909989 -0.395630680909504
-1.00513008850825 -0.899346366167174 -0.435249067551408 -0.880540872294096 -1.18358782673264
-0.44248544558973 0.447835946679063 0.217710557557496 -0.418456057347373 -0.31926203325074
-0.777260678268445 -1.09905526509547 -0.309910270063044 -1.59058357551307 -1.06050225373081
-0.818825883914519 0.2468733743682 0.110371741590328 -0.514869356154905 0.396569047312487
-0.662860676928881 -0.336576373679583 0.126651230000745 -0.120286836883902 -0.727358050158631
-0.342074080192408 0.128403274413988 0.346600649929954 -0.402237750720886 -1.07064386531706
0.41830479101041 -0.584133824784584 0.00529502311617106 0.47271761578633 0.740213149943891
0.197891924746853 -1.12833452317863 -1.60697957227899 -0.234710405700744 -0.0836563837347608
-0.965827615782563 0.552112326772893 -1.08312300031456 -0.603105444329874 0.0797945265315241
0.888430912865242 1.34440966171289 0.966861368593122 -0.236942766910633 1.29167755124994
0.234337390318859 -0.295740104411317 0.77078438315061 -0.465455651942072 0.375456677354059
0.437726489494 0.911989113047755 -0.132099497924181 -0.0599261367179268 0.430684809698489
-0.0973489688518349 0.193284170361753 0.326725235902176 0.857228099703877 -0.0541715977140229
-0.565014801562707 -0.527312448025135 -0.605063421716787 -0.657722314925643 -0.737437081386888
-0.321958847135338 0.520937470592036 1.31063412740526 0.846557640187375 0.899323979176085
-1.32823334509287 -0.674429383598686 -0.538815956976401 -1.87343612717374 0.0292943620360361
-0.607663000609569 -0.595655580486198 -1.14148712403984 -1.10832089187624 -0.0851988905402025
0.652989812213985 0.875220961655347 0.480912503775242 0.58387996296024 1.06632657104661
-0.637864155882763 -0.323256503604976 0.337883695030676 0.255307012470264 0.653645248558517
-0.717816142626062 0.282113743263671 1.23188247379611 -0.550320469575646 0.0443521538549001
-1.87618158735766 -0.447780520999635 -1.37372159337752 -0.214269710113227 -1.04864512237603
-1.66464402314275 -1.03115024861723 -0.139569861758404 -0.355886895679844 -0.404656428908793
-0.0729820546894359 0.113546809361447 -0.0968082777691469 -0.218520064634429 -1.32594894205033
-0.511362355047073 -0.191071904307542 0.638368898539608 0.0899375465080271 -0.0687688476469
0.161206284456134 0.141012680062606 -0.154053250738782 -0.527746685318177 0.298788524104554
-1.20062982228137 -1.41078754245738 -0.793330958302346 -0.793408067387881 0.098601931236611
0.0948312459765433 -0.236993010915986 1.1084475003084 1.27725296717148 -0.231331154369954
-0.898213469049021 -0.212908235287016 -1.40995774540801 -0.3149987386107 0.457877860366673
-0.174249053816158 -1.03039633998611 -0.778914348988129 -0.371369675696801 -0.15909981957997
0.357132243069793 -0.58310754858866 -1.6008547399163 -0.159358647136913 -0.918780867285042
0.621606785179698 0.157495602287323 0.310393048802354 1.6141913654856 0.628141085226111
0.520300582723989 -0.122137801558665 -0.338756649867289 0.218559422817031 -0.0416251183854383
0.28610322590254 -0.0217005018951584 0.49608998841326 0.583555600847725 1.18786442814532
-0.275660194605084 -0.27684409993518 -1.01939121323687 -0.366720111532476 0.063395295583563
1.63637266431551 1.61723254298222 1.75519828948718 1.34033910761393 1.36326765028895
-0.968780251579606 0.0277083473954541 -0.325147866719769 0.340586443143436 0.369240783950177
0.455395234768037 -0.112416853566599 0.112667112584621 0.769497933503972 -0.0128237818877428
0.592491526774958 0.219492990780937 -0.471428028509559 -0.581954178070785 1.10258159687166
-0.553507852633522 0.0270187944869745 -0.541994022411641 0.0232510057050355 -0.106967583151397
-0.992727627129755 -0.390356601201447 -0.560931686453846 -0.389400132036147 -0.79804843195326
-0.869583759106649 -0.778311441881358 0.0241633498445417 -0.603593747617053 0.490366605972272
-0.439380028505035 0.12974632434913 -0.529098028720591 0.89409863917831 0.12909333684753
-0.0202078045183802 -1.45185326870334 -0.263503301538635 -1.36358594226611 -2.19328909448737
1.29922422570074 1.31215873194151 1.49469709896466 1.01114628649693 1.72412877326412
0.252291765290344 -0.772756473722804 -0.18537251106643 -0.412390657888289 -0.264091733405659
0.38752976523166 0.921803062412915 0.101838039100875 -1.02057855778938 0.917800468110347
0.823520723120052 0.955495112569987 2.1763701046042 0.410148164206648 -0.139595652706479
1.36075802877843 1.14415340800622 0.823202603242956 0.423657511448317 -0.0924269923447557
-0.214252174958543 -0.88939351419884 -0.197790298493943 0.048539569433092 -0.403503559656217
0.081386139592371 -0.0242869264050018 0.531989588864632 -0.374142614022062 0.300490708114788
-1.3522515108313 0.692270628060503 0.121175371661066 -0.496495798198129 0.273325561762025
-0.858380051072952 -0.785168427697192 -0.454119356923593 -0.466235781259834 -1.34968080362895
0.0658981035838044 -0.616221717154143 -0.277130215658157 0.0235304610518054 -0.540550924564782
0.667185390207988 -0.0914310325144549 0.294266237250909 0.588347474051419 1.06578327453155
0.174417396080302 -1.15024888004001 -0.295231746525078 0.224552683765597 -0.881492775452715
-0.0214559271603826 -0.0649039748816817 0.417995185162504 -0.704381944782127 1.00953361277497
1.0755307996104 1.27841412053153 0.643114656143789 1.93107773271384 1.41806119399937
-0.893391412699016 -0.451102621637553 0.0281661344556298 -0.556749351357738 -0.954816914563679
-1.04663268174472 -1.00118509461497 -1.16779971343859 -0.78467352437418 -0.599403065570447
0.664903023415546 -0.521447221332431 -0.74365640495555 -0.00986306194211001 -1.52635792319523
-0.569361430554291 0.721522254460718 -0.816747151155848 -0.0117370711630013 0.0617116173893257
-1.0361050817496 0.629199655216684 0.253293711077209 -1.14640693545576 0.17290340381196
0.893599661755338 -0.881689433567294 -0.463126379205083 0.450793109736895 -0.852179921080749
-0.179854813976815 -0.425941403015292 -0.338983305677337 -0.520228383259886 0.109022191228172
0.956731308369746 0.137370846439466 0.565943517128888 0.590098202124121 0.618256013126775
-1.37527520676308 -0.590003539523194 -0.274545388498586 -0.47928626317892 -0.539177234453571
0.78726204340631 0.455846359222656 1.65173407604129 1.44214592629681 0.385352389608551
-1.16818413758983 -1.15295066413882 -1.31763057810107 -1.18243366500043 0.0747467350744349
0.591709633303884 -0.654942109998113 -0.84613591199852 0.16977094104053 0.273943038050174
0.519804105463148 1.19887459925304 -0.547672567200226 -0.201520141257112 0.0311255907083995
1.58522530554882 0.798265627786554 0.408160291930902 0.0120726518305575 1.17717343725802
0.84930847252523 1.1438556378881 2.00539273329553 1.18885197011072 1.50510325267594
-0.148455075266272 -0.621024656939924 0.602592233509648 -0.176908819362893 -0.62088654991956
0.985346434795032 0.566033966062607 1.97623658798855 1.00456485274997 1.39336549731276
1.35652840194396 0.209303530944296 0.97900172931768 -0.46746685717785 0.257965112765341
0.840470277095535 0.762546850890404 0.0941652520837784 -0.169855394534599 0.199124741991716
-0.4307587427194 1.06801722770658 -0.945347441411 0.0201058822991038 0.261115885200233
0.857337621891869 0.804088637666848 0.411758428108015 1.46821466890195 1.1065773358209
-0.648441937577063 -0.142706334688915 -0.173008732334012 0.314994316567587 0.180607594588971
-0.561406635332474 -0.522989210841299 -0.645417454896624 -0.284690147617603 -1.69345165676808
0.898330581206402 0.903082334439174 0.478460260156138 0.464818293534747 0.0287818299737698
0.305342069990803 0.84676013499597 -0.374060018491571 -1.48183120271583 -1.09442165673279
0.299787805048019 0.429145437992746 -0.545813302478281 1.05259107051545 0.191179161722325
-0.0404325618741179 -0.811588476033295 -0.582351561531868 0.173244559880538 -0.648269377473474
1.7070907685332 0.10307812380496 0.994008293260834 0.932134115654393 0.479181915089902
-0.175419803526864 -0.79886254351605 -0.474979007188224 -0.68774430887122 -1.34603966253033
-0.761080558653427 -1.81687597743887 -0.720648167690339 -0.796905749676569 -1.3984001484861
1.19025190242468 0.547484067860822 -0.224350734878023 -0.791461388306861 0.369139354759923
1.31227469689629 0.677355525240922 -0.0820782816783606 0.47549058215384 0.96935951239568
0.518284310763059 1.43732009507749 -0.730613113150475 0.70080401405494 0.708616347283262
0.854443517673495 -0.17576746964347 -0.107680221427409 0.507859573755742 -0.600206327439131
-1.38287836223296 -0.406982839112327 -1.06330923897267 -1.14770448932041 -0.458472662922452
1.03762793584094 1.02930708281166 1.21598729394249 1.17631417541145 0.138064335485909
-1.33474773136606 -0.235576351684703 0.177175736082451 -0.408272216715454 -0.860372943772042
-0.19251777369018 0.108595607640291 0.403075838773094 0.190590019605839 0.497889916580368
-1.19343049305796 -0.137931965341164 -0.0333756491381857 -1.54362348429695 -0.328616071553654
1.44990806155427 0.456346757950046 0.281273776943756 0.538880371599608 1.11170875579264
0.339924533555011 -0.846757556805642 -0.794643132733663 -0.606338319902226 -0.00208551088397645
0.539985424765739 0.982740892569662 -0.0522239109423158 0.591967590374743 0.491101025284789
-0.00394195613984939 0.0358194154078214 0.406178278347079 0.0553105824199948 -0.559351235339992
0.049102430158533 0.396031830622419 0.535695387247718 0.145827081532007 1.08185159583651
-1.32850837947175 -0.712061129094461 0.561533969866363 0.079362845260077 -0.711027203320596
0.0860554028977694 -0.190640295779205 0.783845514143263 -0.144986246403004 -0.437071823446133
0.524179643965609 -0.276281468965819 1.15178765993149 1.37453810148261 0.145463793782986
0.173099188514688 1.18135324120201 0.422812650019389 0.0219234426946169 1.34780152667933
0.565957595890028 -0.389527710789876 1.25629670398188 1.04208165997447 0.540326008846112
-0.294877088314328 -0.417458081872056 -0.456575224493537 -1.02397802991516 -0.743129133510302
-0.573679986910131 -0.766266863717878 -1.10136453957284 -1.15089181065656 -1.18724151656365
1.0006942609625 0.41810280630927 0.196767340704598 1.25908625905202 0.900698749157132
0.090996478980501 -0.462468522234007 -0.728266618736365 -1.28417934566929 -1.37019181268481
-0.275646711098263 -0.654070992481979 0.975300977938466 -0.584358217495955 -0.279068968859026
0.0471257988587968 -1.30239814385798 -1.05162246316154 -0.737648870918204 -1.41136781919064
-0.562825399810011 -0.265636809817116 0.0341980086129711 -1.76155223132165 0.0693422145104278
0.889588545578853 0.818874023949789 0.728970359399882 0.16164001781282 0.340487619796865
-0.779662925569788 -0.677401862298374 -0.729020219481477 -0.292067968111723 -0.436150228027311
0.0254777322164806 0.0430814373215193 0.273402809181192 0.522608686015841 -0.512567597868079
1.21203307848062 1.11491764903739 0.637139691393225 1.35700066007333 1.45469179276282
0.810275270353706 0.938355773247377 0.162540536486581 1.37495925559248 1.18776173759908
-1.24965747274728 -0.0199555636201143 -0.569814081262686 -0.855697168339372 -1.2602417254786
-1.18791632241639 -0.431967674061129 0.273614775857588 0.49011921735544 -1.02979245813323
0.856885655153471 0.200958181833175 -0.450650939415407 0.300351019068095 -0.35511394519165
0.431296500296008 0.137591608117702 0.565539787636296 0.0958305015113593 0.638634236898214
-0.113261834953919 -0.126992623369758 1.27134503822071 -0.810554446106413 -0.430459682582871
0.762929517108167 0.609927647878574 -0.310905831497852 -0.0474710805169955 -0.549248360318837
0.121037656009513 0.97474286803312 -0.162549059110711 1.42965211812207 0.537518073997456
-0.0144544919700855 1.45507174170192 1.12197757852111 0.104295718641621 -0.500568854515747
-0.544228201476101 0.411042033793427 0.895522254621444 -0.114263110506334 -0.975657743867863
0.349773320591514 1.28444118767156 -0.128189735543341 0.523358464909255 0.610526185357192
-1.31579100750822 -0.720377192008477 -0.577783482360986 -0.704128280195423 -0.44665213833068
0.814490539709136 1.41530606785728 1.7328781026545 0.619501014127488 0.254743336203926
-0.876991333404424 0.572255847863545 -0.950180384405851 0.704394743134283 -0.273849272178923
-0.31486494078648 -0.439304170159106 0.815661613678116 -0.63834551255136 -0.118204180489112
0.126906623710244 -0.967561152506117 0.259034724266728 0.518291989809826 0.965746981452122
0.631243667671914 -0.181018106934629 0.6367566197833 1.24019259896231 -0.780615039864173
-0.0840072098194662 0.135364226137313 -0.232064654351512 0.815897561091494 0.348479334987181
-0.0704015133449473 -0.621393343125498 -0.271080929067313 -1.49827968028678 -0.705288258631383
0.995690378717438 0.315001540430057 0.434597184717558 0.976350333110841 1.17171437035418
0.268998376787684 1.1508252442499 -0.526502273187578 0.436905941830936 0.419686852997178
-1.1418642274068 -0.973207677261818 -1.50308006721252 -0.300592354045841 -0.844612985199708
-0.111291277458872 -1.20911296061488 0.623888871170933 0.394909395822759 0.259039408255642
1.1558057250353 0.320602949726071 0.206574393020092 1.22018936649925 0.226371380075044
0.856508652883376 0.0405424287194825 1.20662419841624 1.52600058738445 1.1962504870397
-0.786828288270411 -0.874737754114826 -0.625427728236598 -0.478241874485429 -0.346659897880849
0.0321180069336962 0.225180496297256 0.232149891500848 0.726179689386774 0.570134875873372
-0.525507422844975 0.254678336194518 -0.453172346634074 0.863883991385136 -0.540920705878744
-0.510562336870616 0.68579958758217 0.969246409149676 -0.927979378549335 -0.927736819189247
1.15194570083686 0.43509222758763 0.895936917910713 1.3407520885768 1.93899050728878
0.662942729705436 -0.0929449463534559 1.07297966750701 -0.34930540770876 0.98080529644558
-0.822686300535379 -0.353515143704498 -0.521364381561945 -1.07451162883777 -0.547263314093392
0.097050084451392 0.511115725571037 0.120848333310912 0.552135955111971 0.686965380328232
-0.606892669013099 0.590177061295559 -0.151364540128276 -0.659441016429831 -0.486129268416365
-0.4537274556206 -0.262343376721118 -0.308301279442142 -0.0998454042868877 0.168401079566417
-0.17387382437901 -0.492499375706001 -0.50036742219643 -0.18891640716836 -0.11721772324807
-0.3459525319587 0.440928720371746 0.310138815519392 -0.129217109013299 1.18323594342069
-0.914837156435983 -0.0490558059812334 -0.794163701878215 -0.287789540918677 -0.733396422602934
-0.311495549363218 0.207414043227513 -0.628258423520347 -0.0525982671334528 -0.596050695782504
-0.359968092867482 -0.841022537014008 1.04166826050327 -0.00970158989492318 -0.603453885810242
0.582800042095851 -0.534554694767776 0.75949849025909 1.20270884337435 -0.0221773966835707
-0.23229378576963 0.493909473574728 1.02691760942934 -0.457826310950346 -0.582343673743634
1.27575028667046 1.44863290265013 0.102758955503665 0.237907799306203 0.667244821607057
0.407880785363765 0.431409393142475 1.16369218886672 0.281143782322551 0.175473051489873
-1.47815136382579 -1.63233738597988 -1.22451165037092 -0.919605264043805 -0.668555109368471
0.631930752121265 1.30275547842765 1.00907945312546 0.306540220697848 0.396581419394992
-0.281436989055333 0.00865364414095117 0.429835785467781 1.54668606207774 -0.958848951127771
-1.76962010413664 -0.829111716998438 -0.640391192506267 -0.463455982419903 -1.24109482522159
-0.264361934857012 -0.501968239908904 -0.0528771703922219 -0.839912646149016 -1.16328943406484
0.0992790992867101 -0.0128589137524569 -0.929105871023336 -0.827984381486334 0.192874432597003
0.946993455391713 2.23346126278641 0.945595097033748 0.32862907304418 0.889872495414288
-0.761080253454664 -0.421078662378981 -0.367351210606153 0.743730570730543 0.327302123225719
0.943765588676422 0.0358557085065092 0.760902570381272 0.129162816136496 0.814477354154157
0.189909968090549 -0.804845001206393 -0.197389738289676 -1.07448162496947 0.0293503056371182
0.866531680796356 1.92777711697333 1.48228899485831 0.604213820837003 1.7289918482987
0.147489355428427 0.175632727268196 0.411050428743533 -0.153339196567062 0.342871316009111
0.115271997708003 -0.481286430207904 1.25522204030204 0.555546539701338 -1.00757660669106
0.902228363463266 0.630960056582691 0.707224119575621 0.789904833920059 0.541666255527169
0.402301826006207 -0.425306323451706 -1.12060946236538 -0.787623532077642 1.01805027178425
-0.935355426263027 0.495360414240049 0.956640997159288 0.5093306818502 0.0308885021562882
0.824148300184768 -0.488136905163373 -0.0740362833405647 1.09194109067967 0.181331636064409
1.32743425901609 0.65834098806334 1.01415124141057 0.79579187858128 -0.23089713904867
-1.12492692932051 -1.07711235666379 -0.671597220388442 0.377973246112186 0.37665263682469
0.940099024828277 -0.0920213144043369 -0.0887132059414016 0.108357166826698 0.593885688664721
0.125515153036829 -0.864201414869178 -0.005749552259089 -1.16409279095723 -0.41342911347897
0.393082468859181 0.854815056443044 1.25759773915785 0.676900814148891 -0.0137790335168672
-0.329857193903013 0.300612543422583 0.97883422248959 0.450293521821233 0.80640797617871
1.08526552186199 0.944122823542076 1.11318170042422 0.476746066191033 1.15077329906314
1.38527874120117 0.60583283191217 -0.423667197158609 -0.818260891504029 0.0563879642031434
-0.158170533727547 -0.376187619622686 0.0915995569598405 0.188148209739465 -0.878662862190802
0.819110957501525 1.41212555623615 0.651677438712975 -0.071797515467957 1.30197391766596
-0.406466073761692 -0.468461496181532 -0.610323776518206 0.0156188897852606 0.100382526284537
-0.946665740638213 -0.506308537796992 -0.79397806836274 -1.17317079759181 -1.24053713209624
-1.00961709888947 0.641768789383131 -0.787142500553134 -0.1295215069161 -0.489976797262489
-0.75499547211957 -0.350254164555176 0.655571571373167 0.139648078939148 -0.494094012364359
0.261804082901851 0.469818259475691 1.02639251004476 0.148584485696081 1.6619953636566
0.622919907228884 0.447748451850102 1.17358395856763 0.273679043928543 0.46676200019707
0.654632526012312 0.50915727120662 -1.02473551523392 -0.121254182395191 0.322098742546476
-0.193412400923596 0.910525456479652 -0.970265514441234 0.62937901663357 -0.244424423423301
-1.39168442143679 -0.4321267103329 0.0171297551287727 0.00984272500324071 -1.18542614945063
0.37075152937954 0.823237472716383 0.353616030711206 0.148056353247969 0.322782152493228
-0.539518634963828 -1.15002794613783 0.622999550811004 -0.00809826871806452 -0.0856697904746613
0.295494016798024 -0.00993581494836536 0.432012282773573 0.776233245465086 0.143804528070791
-0.606715632708212 -0.62088181524498 -0.850815342103276 -0.703787147727945 -0.995576285190533
-0.648400638915184 0.353180381251436 -0.0524588547623697 0.0020013596949419 0.372479177353054
-1.83927530548646 0.718440327164466 -0.0761880916303904 -0.712556385492414 -0.106663414053221
-0.413523311129725 -0.600614452761676 -0.701795992349813 0.0262419900248351 -0.35794823020306
0.317744834631229 1.10031130312444 1.47046870456219 0.633943499671328 0.0512290315516547
0.560075728232191 1.79616870066284 1.37154044571592 1.81954607567717 1.23487377955437
-0.880442969723158 -0.801529687950261 -1.60873847684266 -1.26640937015427 -0.833495359115189
-0.702178323892292 -0.236909971216959 -0.986487231243996 -0.718769539893021 -0.892342670246602
-0.647971725188384 -0.159586766446759 -0.22710747416765 1.44127080908598 -0.303325715035527
-1.5514632315863 -1.37439422361465 -1.06085207299814 -1.03109189481216 -0.0401254355899619
-1.14844374964042 -0.780339304933495 -0.400853873010065 -0.0189048053082536 -1.51231030299116
1.06728667319749 1.62105781739751 1.1593284364808 1.10951099899432 0.961888556865768
0.946843396405438 -1.36585044910889 -0.448078849937381 -0.404100112298805 0.286564828922331
0.856517192113309 -0.57558945858709 1.03315902923379 0.555209428770055 1.437709006792
-0.702660235727031 0.248255344806593 0.976408881401262 0.0220141648539822 -0.485257636951909
0.517464100701644 -0.0660892595047959 0.473481629056363 0.282943584873975 0.0287252454556621
0.313719323426211 0.598385558700898 0.989678354575252 1.17506581396497 0.478232663565127
-1.2135148437642 -0.200117686247554 -0.254661228217423 -0.410158121026661 -0.707224778152435
-0.312000000591321 0.946876008527473 0.869226036481899 -0.289628573428377 -0.750721537151742
0.722555429969992 0.711630897610639 0.424950718755403 1.72129942776939 1.00037087821189
-0.474138313246257 0.0229846599710229 -0.325211150869107 0.0433084452053773 -0.445296682190821
0.112985415033256 0.342537748385566 0.254272962564356 0.974378566383836 1.045725058835
-0.338747566691827 -0.0553442380420929 -2.00157922710318 -0.816360453456747 -0.436478599407039
0.221035218729924 -0.132617225449806 -0.165209392358825 -0.248296912578273 -0.666033251837806
-0.598696063954602 -0.108979151396664 0.902910355103299 0.502194422649165 1.15267915405657
-0.87755164262843 -0.905863641818897 -1.28831283477287 -2.02098360532422 -1.10676888724193
-0.278397253419604 -0.365887344751914 0.272259370958782 1.17317284257986 1.15426820390551
1.30508123895957 0.176651522276389 0.527560730297242 0.373913435005536 0.67721220319777
0.650282868324367 1.45949878041652 0.893625796075328 0.864740357425818 1.09515151042551
-0.501563722617841 -0.635352933066147 -0.317611117765732 -1.08203316659486 0.0909100334056136
0.0095044189139547 0.840283084680089 0.364769122248362 -0.275942581245953 -0.261481922656025
0.748403632368817 1.48406952645449 0.327099486874596 -0.168293687591207 0.931398600221783
0.262293610109862 0.82316466145958 0.654084629049785 -0.113878034206593 0.333651197335147
0.930971818593843 0.150081153904117 0.825496981467307 -0.707406438139317 -0.848572785174633
-0.588589436656607 0.318520025034939 -0.920206164146434 0.0089931063171698 -1.16471767766141
-1.31592427501632 0.214321135758605 0.0140988123126083 0.405772642981456 0.734401743895711
-1.1291264178589 -0.907024951987009 -0.386253737940134 -0.0864709812262695 -1.1727699280646
-1.40139946138224 -0.159601260929249 -0.466657657778145 -0.807936618543328 -0.470193805104327
-0.297059861019758 0.383371897352449 0.134334309948533 0.203648266914437 0.594614210191465
0.0739893432247026 0.826998190720093 0.791250453405976 0.997464910682673 1.80442576175867
-0.606702340105692 -0.793658366541746 -0.407533669497918 -1.04629682892741 -1.16797868408088
1.01397659710953 1.28902600812989 -0.174396548887862 1.2865910344005 0.603430139144112
0.269556666942123 0.256021657151627 -0.459431160325951 -0.25485866704689 0.134463367798776
-1.03371545827264 -0.500887205216322 0.0887375344743288 -0.882058632099972 -1.2553175740368
0.0530562522610646 -1.66639364153721 -1.05829305606421 0.195269408887395 -1.01185041313979
0.482675833598211 -0.46919057840812 -0.0358307055389179 0.895917349527479 0.59338393252918
1.17123403843062 0.166581199741109 0.99756907660301 0.470413685469136 0.809213806740283
0.425959021939183 0.215751350197042 0.781625677501982 -0.535301758586341 0.041386554717937
0.479467590517007 0.636652931486765 -0.201670873925898 0.193679116324561 0.353725420946265
-0.010524558371232 0.623210795829106 0.726654018749169 -0.674226388691765 -0.109566568037897
0.541381580567568 0.395294659930694 -0.801346760976533 -0.804410546986089 -0.196801241134224
0.704573986495184 0.860514181581428 1.3989211215328 0.896857573633323 1.61902626443158
1.14318252599151 0.40265244269237 0.693595291959038 -0.097375772984184 0.500684055425076
0.547995606552398 -0.800825218339449 -0.0526357732430165 0.591780135650308 -0.20308533898134
0.865810087296025 0.098189182957725 0.130273445803006 0.755055285907793 -0.104753725802236
-1.30459376624169 -0.812232428471391 -0.714971152170982 -0.53801668989247 -1.25932788699262
-1.65894087779912 -1.06622851928713 -1.05658928775038 0.108944032562824 -1.56484374386541
1.43095206142931 0.974382532596693 0.773431667569232 1.03189365418476 0.780824055939503
-1.50557619669173 -0.880202657409713 -1.22059055723684 -0.402210136995731 -1.4761857067987
-1.59931568572412 -0.32423360360006 -0.945140404714167 -1.90802363114047 -1.47941938863554
-0.218254147330182 -0.0216961384563229 -1.77860970360049 -1.19476571005156 -0.597065291090794
0.49092034322865 0.513184928632219 0.0339318717812882 0.286598975387128 0.253328453234518
0.353826181609184 -0.174152969293731 0.0272045725639975 -0.812698991434406 -0.154658606037771
1.01258298548189 -0.568572063123007 1.1131933022642 0.405676260606175 0.179304047703382
0.341904878725339 -0.198450964013514 -0.381690928356707 0.941622011122555 1.16842930853014
-0.742988480039932 -0.673797076443964 -0.820612098082256 0.197906033670436 0.135904445559731
0.47944298058269 -0.0715519656968312 0.496246543818673 -0.644860897103893 0.674915289736786
-0.525912373183757 -0.387612630018602 -1.11676855447127 -0.00601355375765049 0.680154510693182
-0.540162271270086 0.52958271326469 -0.138314983845339 -0.132227073345875 -0.547713969502038
-0.284901838342614 0.800612566370056 0.651689714671694 0.0407043450113364 0.692767091486257
1.25591854195051 0.0669959493565579 -0.421880093722961 0.462069650421606 -1.17660923238397
0.847623277566198 -0.1560716312028 1.0457663026525 1.16890322511822 1.13423778920917
-0.28906615895612 -0.418044004329347 -0.879553639750465 -0.656642297660102 -0.5972094403306
-0.599151565142943 -0.0326330093884316 -0.602925314591177 -0.319328379596333 0.146129668522945
0.833102623556484 0.539246040494929 0.20535371202324 0.634408121027822 1.32757416762037
-0.193336069049161 0.763734963800562 0.49692946659866 1.11119213508404 -0.0925505164360814
-1.26436097712952 -1.6590862496063 -0.777434925129258 -0.539974914813979 -0.541322717667667
0.417860689647169 1.0448263712721 1.46822262404906 1.55858931131285 0.944257623782547
0.898815626311762 0.371885884631985 -0.306528642958716 -0.213910122468916 0.308667786724491
0.697807051997174 -0.376455140714817 -0.646337348974798 1.26574695716873 0.0418315257453006
0.704068086534823 0.0894163691970844 -0.241573102106378 1.86754109120011 -0.454197613382224
-0.61462418798847 -0.601881535598288 -1.5278015389985 -0.434749113081687 -1.31507456908345
0.24601131818395 0.0969921963019484 -0.212600613141838 -0.665320443307774 0.111068755697048
-0.599856530035607 -1.02238881334493 -0.683255847205492 -0.975344389132409 -1.21880454178688
-0.447096175370931 -0.673762694799695 -0.559048753746349 -0.621984990270213 -0.493114499362596
0.386051062965938 1.23872871241514 0.420479958866312 0.891631061996789 0.925489497596853
0.847581591503453 -0.818269864603499 0.507248248901828 -0.640413019418112 0.480993714792194
1.13393146543016 1.19175811485729 1.05222105113183 0.893138455583331 1.05397824681951
0.346818034291784 -0.807411667282133 0.621396922759737 -0.765647046734744 -0.468453709532043
-0.124497235342169 -0.571478642314619 -0.441861598548033 0.0116668229352606 0.232472933056055
0.848545885198501 -0.680085078588549 -0.103933884616081 0.393470570139347 0.625042732399537
0.760994362803903 -1.0958110027112 0.407219744084271 0.860263863184189 0.0201939471766951
0.480886303433204 -0.753307042034862 -0.106526555419707 0.984097093658985 1.18087917109533
-0.649637624462003 -0.380382826589347 0.561794447633134 0.108749752196732 -1.1440810535737
1.39005043185016 1.15310313643977 0.809942041328815 0.903253061713503 0.561178698610924
1.28840200319746 0.497952688046928 0.652904647859382 1.26209273507177 0.595654302268853
0.790940258475419 1.08978907501213 0.490560648111517 1.83353225223091 1.00346414906421
-0.197961178784519 -1.18760838680304 -0.713217811533585 -0.751461254422845 -1.33582331730027
-0.108989941041914 0.412689847694015 0.82953105281026 0.268139487953688 0.257522233118546
-0.530153260382865 -0.479400170807416 1.06679706754811 -0.53369881958005 0.685693922924389
-0.0878915901778633 0.0728419384575323 -0.082045517096035 -0.701252284786254 -0.4181779119727
-2.42419176470239 -0.740992840926854 -0.435521772492905 -1.54954801697189 -1.37692451270047
-0.0209723944874381 -0.405447876541643 -0.00422352845121063 -0.408654082875178 -1.63910296414603
-0.639886238131105 -0.736698348817113 0.391082104650479 -0.732857545401513 -0.662280343166149
-0.827531949095807 -0.657270238483824 -0.280077301293485 -0.796589715196027 -1.08452410147817
-1.36263991919585 0.586674951188445 -0.370255136352946 -0.0176973234571869 0.767218511158694
-1.27738110001929 -0.850049590919456 -1.35749493522785 -1.30622226812272 0.16648609042225
0.293419075543563 0.861657274371978 0.0716144330494713 -0.086212250122697 0.41614328073798
-0.17356934008977 0.497998911767084 -0.679392415888255 0.277218660228539 0.0653785461314287
-1.49067926683598 -0.926292695281489 -1.19355664345533 -1.10448293712827 -0.666217954678094
-0.909806509543548 -1.37592452897883 -0.91511109787221 -0.527785799758942 -0.500188455618917
0.108720278269769 -0.285631276930134 -0.021633520712504 -1.1865647655307 -0.679738588509729
0.446391473262519 -0.798824176849632 1.3753212999994 0.439545849065767 0.565799201274405
0.301327687249463 0.539512726116081 0.800203690364086 0.113087305644393 0.354902341810723
1.26495438874323 0.954083939376214 0.609731853785414 1.56857830523411 1.03043040082056
-0.0141325162429859 0.423932427417882 0.548235125496053 -0.4074691179895 0.468446960016196
0.0884632414882766 -1.12702706831293 -0.360168954619962 -0.465643520179264 0.130600025084836
-0.620041698049858 0.117219547266607 -0.657270372506862 -0.789222851898331 -0.943154880733198
1.17959409039603 -0.3408098159282 -0.398576415969091 0.569367137618036 -0.641211523412073
0.315398500340835 0.00222129558506468 -0.458732514237207 0.228937353399066 -0.776801089726187
0.410770945715994 0.0663894232642302 -0.690768558424728 0.541454362281836 -0.0206541195825553
-0.768669604989194 -0.321916648415323 -1.17037063459159 -0.396810973773245 -0.85150988498935
-0.746850976114746 -0.616693577083444 -1.33786254977179 0.238005372590008 -0.613328806134922
1.11994610130135 1.04223329524648 1.81344584141503 1.40805323596752 1.49748124196794
-0.136911652489666 0.331956102564865 1.31388655431882 0.139095574830225 -0.774964576192575
0.870537791560989 0.222379605685696 -0.305035562905047 -0.459564714280411 0.2090816512821
1.42945492142011 0.689469029658175 1.06287389880393 1.02997270679231 -0.208435844075888
0.145534554474738 0.21864475885704 -0.126239599247876 -0.526388018450944 0.623164243900529
1.00708245982778 0.66210369784164 1.18295591147055 1.5362436056918 0.0120705566115243
0.392045733659854 0.747356417941984 -0.184126904945822 0.397780932947931 -0.797275481631731
-1.61544152007086 -0.662881344964832 -0.848119762806532 -0.104592474744529 0.229079469122211
0.811207558279393 0.845883813642144 1.06783665660897 -0.501929046637729 0.989481576500712
-1.02620625812955 -0.765081053036463 -1.00355852804239 -1.75803691110696 0.407112580815573
1.09900855836469 1.21070827150336 0.7184310174969 0.924478635685548 0.650506682574968
-0.841117087124888 -0.473446327493621 -0.635428636389567 -0.602658309442075 -0.0640515262505022
-0.813255117978072 -0.859813648979244 -0.824059705744977 0.286235598878186 0.0205555878679229
0.342737322349973 0.354362838357686 0.837246519707226 1.22134412194772 0.238661251487603
-0.378709808544725 -0.81886070835933 -0.546672041623916 -0.230464012522749 -0.251917697331837
0.319868689739696 -0.0372022248543739 1.0192450352426 1.41611877499557 1.26702971226101
0.261942343268487 -1.67888133684924 0.226754819947344 -0.590532820809402 -1.17490131186029
1.05100043034687 0.602081526915891 1.1013530104254 1.15568846878933 0.437690612955298
-0.752187372832336 0.097828193679522 -0.218650813074676 -0.39103545950636 0.903829943451039
0.918631448736883 -0.00208999140843004 1.05500835891269 1.53884111375995 0.665636962304542
0.687313528553543 0.562485539682468 0.830963655509519 0.0469673651640332 0.544974812270593
-0.78102915233128 0.357765807147436 -0.554794282664873 -0.712488289031128 -1.05725538695896
1.34635322205721 0.616937049496183 0.760925173855816 0.381708712649632 0.632113298155796
0.57934633125483 0.0385867048137726 -0.198424127172285 -0.556955889925449 0.376624303083769
0.396338688528609 0.57129416899638 1.81220982643673 0.160418444705452 -0.198615870247264
-0.327303540807248 -0.0213462933150656 -0.374509770065502 -0.869560277751282 -0.34050736797002
-0.21711639116292 1.23462582750564 0.688509416390255 0.930810046255423 1.74480055837567
-0.407237986594289 0.763849719463396 0.593493528748713 -0.275047263206936 0.596055885698759
-0.0822909415371607 0.304733414024639 -0.202339958893589 -0.822078876050073 0.192331694806104
1.83062126771981 0.394372588053507 0.634122897611459 0.576512626764979 0.992252089554243
0.291219935669873 -1.52589991604594 -0.340769647519606 -0.81914332547344 -1.23679342464327
0.0706373678489714 -0.624820295983717 -0.360802014064389 -0.611534498564628 -0.669739933078568
0.510634091820634 0.721835595712221 -0.762792263797132 0.774383599480277 0.400313662130243
-0.1900277382556 -0.635772512494075 0.86853654828445 0.721050314409038 0.517414766223795
1.19686231197528 0.34661262876927 0.679471543684148 0.0660554790450822 0.406062656118542
-0.162261079074982 -1.05636945659605 0.352419451991085 0.7648262360659 1.3302343263846
0.095973922745716 -0.108040835216588 -0.699629464313376 0.116984776229132 0.438844388763542
1.18893465681519 0.682689350943153 -0.986807411090791 -0.972751393020879 1.10123081250341
-1.12033223022523 -0.574636074520708 -0.450515043427515 -0.429355189260945 -0.812270568690122
0.261811686644039 -0.289697829267873 1.97030404664068 0.433950499108854 1.15824437782519
1.43110720031331 1.69561094322032 -0.154209097591881 0.800894772788684 0.558931026160563
-0.720074995200793 -0.226683391452746 0.143452156067957 -0.282212190531634 -0.0602258815288975
0.974680242631413 0.106850507126272 -1.47865732986242 -0.457914649169969 -0.796865673301882
-0.194048830069355 0.0171036847180463 -0.273811457697853 0.705883475706539 -0.569712613542722
0.104876666594225 -0.0569394348528376 -0.673066642040129 0.775531444673724 -0.0288519344946823
0.427338932823352 0.280243840763968 1.44307233411716 -0.561694600527863 -0.251955090054271
0.911133731998002 -0.969588264115217 -0.541334692367944 -0.36327695849761 -0.612189188564168
-0.0568258051461014 1.15459286660422 0.820681606074754 -0.256900235225387 0.821304936896237
-1.01433345310209 0.197169460295013 -0.109173364573291 1.08282426363007 -0.25971345062001
-0.436412793482374 0.0615723979393581 -0.633919921167363 -0.764816776172271 -0.129508791290292
-0.380293204017756 -0.583771392347483 -0.527104052680326 -0.664375438183732 -0.767077642646358
0.995847057312306 0.460258652436576 -0.549519859222922 1.45568978980821 1.0301208616215
0.625590347063024 -0.812383749788639 -0.427592872053849 0.111722268513884 -0.478899430085781
-0.664327550513301 -0.653474098022757 0.0336821547291067 -1.26435034705335 -0.843609802061122
0.457401744978922 -0.227634065301447 0.151163346363617 0.284508358664007 0.176882770504579
0.528316802696706 -0.350555293236735 -0.224568722855082 -0.258805334048146 0.135237510219197
0.955963233910237 0.00185857723098433 -0.677507691103548 -0.844213303504476 0.277629658309183
0.976146606257464 -0.228836161416806 -1.29799661778359 -0.628080013496648 -0.239682777737412
0.195673610406392 -0.308680133186126 -0.343729127173186 0.948346244406432 0.386206333222328
0.436158734565243 1.04456342467585 0.851953229088364 1.36236946708457 0.646731859501182
0.480267679592849 -0.0173219957347433 0.0171012854676855 0.144284285046795 -0.955817602162416
0.990928212288248 0.675755072115594 0.681597283261488 0.701774181758863 2.25532396613125
-0.726153333752188 -0.844738950063634 0.166045492935048 -0.221805559183785 -0.356054358522939
0.555331960595324 0.35784917090897 0.843461199821996 -1.14587811441304 -0.191547606906762
-0.164523784165057 -0.305972443921253 -1.14302835141942 0.731691895281752 0.524718898323266
1.02829100236971 -0.339885344565411 0.274512956001882 -1.43087266669853 0.848818548939037
-0.0783886820138999 0.528498348485421 1.31070778569621 -0.733685919191984 -0.209922470453832
-0.112297778835111 0.470384049595962 0.0131743571530408 -0.166790599656501 -0.448388194859697
1.46720300680826 1.61348429844895 1.07284889990584 1.0036691718657 1.06487301362933
0.465264584845471 0.373421468966422 0.195071098590853 0.315709270470273 0.567876854308116
1.38377297444878 0.798104943727354 1.19309226381196 0.897907683538933 1.22952451185049
-0.913310914323132 0.0489964794495684 0.531523619470891 -0.450708757981625 0.323372269510015
-0.920412862349631 -0.12082089875089 -1.17966345868563 -0.636278737931217 -0.302434489093498
-0.292103673305257 -0.414576196611013 -0.319885470505646 -0.0317765176507543 -0.624076199800818
-0.0780918130662984 -0.498872283960432 -0.143917168912887 -0.744390336098252 0.581480022342608
0.508484994677844 0.378034732117255 0.578655695705245 0.744408201602246 1.04592033968041
0.0514496497280766 0.876038711765316 -0.67252116339628 0.395057159094234 -0.174881004952716
-0.140145700458048 1.17792605594177 0.412288061286058 -0.0968581355510504 -0.895274711711323
0.401448971400238 0.879673824644759 0.577057791110582 0.801803186711245 1.49405461819077
-0.72674951187906 0.212531823103092 0.157424858236838 0.965190390593945 0.464720847036598
0.191145815476147 1.07910378678686 -0.649588219757911 -0.00500564994384583 0.03260870961865
0.0308848592883421 0.0290454416954357 0.187783687157157 -0.672120512818076 0.100941127710788
-0.0538341626964202 -1.08317031922523 -0.731771091033255 -0.234240943321685 0.33311135766553
0.107943756656824 0.337834345145911 -0.732997780211717 0.380820143581745 -0.771601688871149
-0.281725942609995 0.890484662592359 0.0725662162956161 -0.00332198695613646 0.629478623677004
-0.491348360892813 -1.20540246213797 -1.51850223480371 -0.662842558911792 -0.100041905561386
-0.681670401533185 -1.27417471131796 -0.569885557576863 -0.63330897444973 -0.270712064483476
-0.170533039770564 0.919301081787902 -0.389020218083284 0.353835087404022 0.16263761687406
-0.140563000081974 1.61177202463839 0.973900430542874 1.36976421669245 0.982196845921128
-1.00416515738968 -1.10406574227926 -0.867961222413032 -0.477902552267843 -0.718686089902545
0.250096995387132 -1.04988714746027 -0.220112905601422 0.0307091797675966 -1.84345220403119
0.289822786046136 -0.373965936365271 -0.600232393547566 -0.173159905632424 -1.30815178786707
1.06141609565373 0.831894255741657 0.332388286583511 0.943036299361193 -0.185396952399973
1.08356555046265 0.191248936824459 -0.59948373277594 -0.379069279388587 0.272792865538661
0.571643603519957 1.37579720248915 1.08863712579161 0.993152899415261 0.949659577256785
0.207978808363739 -0.993759466189706 -0.167025232642543 0.54756202480298 -1.46220155689794
0.131100044371901 0.368939920433155 0.360711242746427 -0.193043116473349 0.46904666926379
-0.320188084545045 0.620004987820302 -0.706739224604711 -0.245526039195473 1.23384961811725
0.572642796155202 -1.38863271894749 0.834143931136546 -0.748545329821216 0.866025904692169
1.12119558264657 -0.237573171154468 -0.382718650791477 0.145145389354309 0.976601648067475
0.440107884410471 -0.0218383892372185 0.978463283881545 -0.891978106919182 -0.771696866346491
-0.954956095410118 -0.530678198465499 -0.370248087239754 -0.647040024333509 -0.757832036968548
-0.146711372158738 -0.688104590540564 -1.36309367031053 -0.190109139688867 -1.05617507638405
0.6320661636396 0.259578073321685 0.136883296872498 1.0743533221945 0.819858702092521
-1.28094406609464 -0.145686091181444 -0.69831111805243 -0.0173725915243894 -0.788604494951806
1.02689899406846 -0.306522825755727 -0.177603470854814 0.209454842921988 1.07208396806511
0.863194977163826 0.906646924451841 0.0294869378682152 0.433217329595786 0.89783337527554
1.12150533294839 -0.340636815373216 0.116675316121414 0.374078414417539 0.498628011439536
-0.499178222903372 -0.8799678511999 0.0929833603121909 0.207723807347183 0.462907620471626
-0.0852788008022358 -1.17717939707184 -0.677846608537969 0.85722673837755 0.310349491975592
0.167592538544096 0.880699786192518 0.821820320058064 -0.569443294014092 0.350397291585152
-0.123178078970975 0.45726474288968 -1.32247835268046 -0.715183837496693 -0.00470818132057114
-0.455224285411565 -0.81969443195143 -0.761006062079728 0.441210888726899 0.512570105201704
-0.335383488770252 -0.388714086498127 0.304033826649291 1.25384741854186 0.172157461661964
-0.135272496287416 0.23963746998397 0.156646288452689 0.748088902894912 -0.527732386145682
