0.354273769407566 -0.521391129818562 0.171480041799417 0.644289589170192 0.215878831519425
0.3637146168166 0.00699873633149351 0.609608783397511 0.507505485288769 0.292228488697334
1.0179735389726 0.47776929615207 0.14705761060663 -0.199769924449932 0.171164509139786
-0.48433607418662 -0.814235240269531 0.201775293742529 -0.786012849420784 -1.29114276479385
0.0270139716350126 -0.514049190512113 0.503468419160522 1.28650220501881 0.748238053507354
0.832170088052297 -0.296955680750698 0.198161442772331 0.815563415008643 -0.816321977439665
0.458143259268805 0.900863286672548 -0.027724574040768 0.95716077770771 -0.791156195046684
0.110564452073494 1.11982891023996 0.540525569557502 -0.0440081755725631 0.0422986166770556
0.401931644494098 0.497116549701051 0.011471606968995 -0.288822326726689 -0.885370542086373
-0.237783275155101 -0.118330205414795 -0.424648424134887 -0.993642268507712 -1.10502525234718
0.524612113104237 0.363849024886627 -0.353093204518143 -0.885258338812446 -0.528849821134592
0.142849290321984 -1.09139014531868 -0.710090279810612 -0.299580642627275 1.00162721000691
-0.113007798906553 -0.906210515290047 0.0399050678600417 -0.366858036242036 -0.128561757964393
-0.521292749368671 0.977168759890283 0.319025420768847 -0.427047358969956 -0.524718425790054
0.359729064155327 0.0258065621107214 -0.626952269984362 -0.0754368967597125 0.25298036903181
0.200329823187416 -1.55781053151005 -0.113840378881365 -1.19340406204753 -0.5055100472428
-0.0510266261420834 -0.81085481948811 1.18056524090164 0.255078842427494 0.150280803403907
-0.187501894680202 -0.173091364789809 0.0534635359361741 0.0571416631368277 -1.14141209949512
-1.12725970672667 -0.31390984372602 -0.715797112784156 -0.599936007152072 0.19598272284061
-0.653229016491845 0.139913524332051 -0.456586364717343 -0.684310222430382 -1.38178394948578
-0.658319204415946 -0.701947004754987 -0.907166593657946 -0.834768685586124 -0.475646612126405
-1.32846318698189 -0.349204562623781 -0.0134689702570633 0.28264324921496 -0.367518793025337
-1.26883956675241 -0.94985946237795 0.48327326873748 0.390559515731323 -0.136899226943938
-0.794388589759384 -0.764724450707049 -0.73594959867133 -0.796565596505999 -0.465166646294519
0.357174166819473 0.476681272211847 0.444726185485664 0.159341739189301 0.817956792041092
-0.324000371412276 -0.784298324320289 -0.236552259545189 -0.761590657283794 0.357580127729144
-1.33655313342381 -0.711833915186921 -1.20720273655352 -0.0984702973143833 0.464233410876344
0.959404935700038 -0.636557032724756 1.63747589462062 0.873559059236473 0.218163647196457
-0.444928126505638 -0.0996556291721843 -0.225300596946284 0.0498772712546759 -0.110001655433276
0.00628265695082212 -0.555563325843102 -0.452411520249395 -0.0166891873551065 -0.527542831488381
0.00182923351628515 0.559847299323891 0.926331329742366 0.543209100968283 -0.778544209367112
0.358196963675536 0.0270331099722759 0.461232203198117 0.582241495677123 -0.799076219201398
-1.08333400563911 0.224986565892487 0.659737546600843 0.370222018993489 -0.00729899658541344
-0.43375589067129 -0.128837323896379 -0.023172612372091 0.526790256193542 0.257959870863783
1.45816508197473 -0.849833424395538 -1.28626097231462 -0.117621244999961 1.03811744947139
-0.0987724062006985 0.244321128555789 -0.510658122991683 1.58743612991673 -0.0756455637527777
0.121811420759397 -0.591842318154938 1.2946838651317 0.912811039343189 0.923389192228701
-0.0130320292730866 0.580373338030372 0.77291966548878 -0.775618394561505 0.181907611366904
-0.044777830980178 -0.0481640966067547 -0.181004561496636 0.647933721136896 -0.164679245564462
-0.707285111423433 -0.45341436523256 0.166208612497421 -0.947052398459188 0.601671851447228
-0.0242133289839107 1.06457313566506 0.909493324725264 0.682460164983695 1.19061571988964
0.355675967166271 0.0441005592279268 -0.906536452024962 -0.14370182537862 0.208787013139943
0.163629616335063 -0.0124705743291354 0.265676613278656 -0.302354470711265 0.312597899685341
-0.526551234189396 -0.0495069028971997 0.164843689347226 -1.20524781914634 0.767433787666533
-0.480021169244423 0.16060641653478 0.36023817210376 -1.25215585045213 0.260801164345276
0.321294994218513 1.59811147332221 0.422740856711894 1.13840349031309 0.528187961695068
-1.35601060680258 -0.614233412478125 -1.14144385114299 0.510535154028849 -0.364355265581944
0.497361833528367 0.381112479684431 0.107237466358772 0.494018320158714 -0.314799800667193
0.249023646005801 -0.648124891314352 -0.023136670207547 0.0342927621366421 0.147888816549988
-0.0270571979844483 0.551199019021883 0.080550755677046 1.16196813982014 0.566974341897335
0.711931025226744 0.58012375487908 0.202619142466481 0.814456424533298 0.311198992588469
-0.486956272954637 -1.32996203175959 -0.190666530803809 -1.37633078348855 -1.76376676184768
-0.580372889336481 0.375498686589839 0.152595338203773 -0.427538893421839 -0.262719824822014
0.750915362254215 0.395348515619223 0.383155864325967 0.0746942910330343 -1.19053571019612
-0.0672857049519364 -0.542203739610015 1.14357304465677 0.599487473924287 0.357757084420574
-0.985343357968952 -0.766595066323601 -0.574550393159419 0.237302081908364 0.209518406116385
0.757495237747877 -0.426099116439573 0.0318212956392996 1.00664721071174 0.110370802318154
0.10110445455458 -0.337840716258289 -0.875370393607251 -0.300660996960876 0.286211216662552
0.280995139522963 0.253432269195558 1.54743343248601 -0.0883813664441334 1.91267756563868
-0.615768471963326 0.479759131912128 -1.62235614772561 0.0562653946651885 0.124804043772283
1.0986836847983 2.14205166478592 1.02237271095724 0.372932515538184 0.142054842465795
1.05642381392301 -0.284839270471552 -0.564126217295912 0.730290918633327 0.0836059629310687
-0.514781936275496 0.523759393055448 -0.95881533191225 -0.132102186978083 -0.663970592803202
-0.0377514299929199 -1.59864251379648 -0.369698833564036 -1.44929591300863 -0.387614756746657
1.60042568009788 0.514687777079625 1.3597418529499 1.64876705741676 1.33938830071392
-0.6213228555742 -0.755704004201785 -1.25145150471296 -1.26632835942106 0.369031998400573
-0.467541017296529 0.173134461619446 -0.102289870779186 0.94635205848262 -0.75000493655022
0.426520995312563 0.114635318088658 0.846679068249388 0.586067768177632 -0.446888025011941
-0.375442094317065 0.271556568532829 0.640944648813485 -0.815379272375976 0.461419073168583
-0.757137153792752 0.768330422230845 0.70517753337426 0.248745350059543 -0.284681490434989
-0.74580763834486 -0.186680210161512 -0.231551398111912 0.790169099314785 -1.31077683071994
0.0361661042637475 0.0405812955438248 -1.55102240959617 0.862627273810537 1.1571223012062
1.25329575074599 0.616611651102273 0.900317809006804 1.15417152533739 0.554853431851876
-0.542443911292489 1.28926865104531 -0.416542794068101 -0.126553156511879 -0.631647842035752
0.0561947338720293 1.10896645896843 0.258233326146808 0.723466939378775 1.60419259621572
1.29567451452945 0.541028522981557 -0.509732444705396 -0.309167405081457 -0.841157308989048
-0.222298582927905 -0.0195155987334431 -0.684956406455968 -0.567704762126386 0.22882579532009
0.352226699675163 -0.409413686360348 0.174211008233585 -0.919379247378222 1.20584156921728
-1.1503378301957 -1.11900203914934 0.138179261628447 1.18433416313362 0.280542288044142
0.350489473250447 -0.593197180430347 0.551149304389695 0.343254402435121 -0.140319730182721
1.27022963391885 0.271476572412191 0.912832384469998 0.791313324985166 1.46148277034658
-0.627555181434548 0.994481950767281 0.910635572842263 1.20280612683389 0.788419079919757
-1.00589062945374 -0.0564191198420577 0.537440432518185 -1.00222822661751 0.71252326500114
0.46947805914134 0.438398260175532 0.25390789151594 0.746426700290997 0.143246327445991
0.431501495714381 0.0516551559699987 -0.316801348258379 -0.761319189556269 -0.699274848498205
-0.537390715736203 0.381022395070703 -0.673245224277199 -0.746040469743382 -1.10675071337536
-0.204656394904192 0.430480335716686 -0.646621656415197 -0.0638613289092495 -0.58930157294885
0.701477952828057 0.507832059030753 -0.0462456278273399 -0.118732811121722 -0.214709565862702
-0.305837939220536 -0.598372929367029 -0.694868695332014 -1.00366234262349 -1.95450149638556
0.704154868394762 -0.394255279456767 0.51291413155947 0.674175645196678 0.95855877655857
-0.496726757122625 -0.193239260277322 -0.552273520278339 -0.276035320900085 0.265834249089213
0.524313457756986 0.344396368235452 -1.37622516860613 -0.681754437159035 -1.43829468230524
0.925772733820121 -0.419759901869657 -0.615558170297023 0.253646704997998 0.653016579319069
0.941150815709132 0.450902550660038 0.633388660757896 0.209552964288571 -0.448634651890073
0.21959458525164 0.546130484066913 -0.364853176146722 -0.727020682716724 0.330767213950544
0.604998509390779 1.05739906530554 0.690874295786271 1.41224009447921 1.105784690236
-1.3470526375404 -0.627844859683296 -0.0216451880050223 -1.16496845369872 0.336373118278204
0.803195647977547 1.70923278663318 0.778192194321275 1.53574157512915 0.65034319787148
1.77539069684261 0.238402004493937 -0.384554708866537 1.0326393980011 0.595252964982909
0.648002978576683 0.885705213992793 0.848849835460776 0.92847344999674 0.489888763953358
0.996325109486169 0.110409875491511 -0.309920270934573 0.969808894715065 -0.288525688286845
-1.25531486503979 -0.566900412486237 0.492445453471638 0.0623855286576091 0.490545875914827
-1.89850954393497 -0.61775088214837 0.139953558321538 -0.127776016830712 -1.13444170580506
-0.509947177448843 -1.12426024736881 -0.627023600129749 -0.479895880219211 -1.03165462084593
0.0381832986722074 0.0375307436244591 0.544279924768934 0.425167574758906 1.17430233624076
-0.233183994789217 -0.687190110579584 -0.370338568596325 -0.665904886960606 -1.08628067520055
0.829332914728235 0.368016505219608 0.657758494379012 0.556594618090327 0.465564471255525
-0.527391930869156 0.129109814443023 -0.880652910412658 -1.40407055579179 -0.902957399338204
0.0120953090177245 0.124737448336741 -0.187366966171365 0.621225191746633 -0.324905476773053
-0.504437912486022 0.450053544521678 0.0888125091629746 1.23697248809274 0.748634270220074
1.02690648207601 1.08822485212669 1.60588739643963 1.36016104210987 1.64740663733542
-0.26521120020788 0.569719696776782 -0.0445151168058272 0.00144375791276859 0.317618227837181
0.280026096675049 -1.08571220420963 0.534923790802643 0.369110230445606 0.00200059309600342
0.807500579477755 0.0174247975785565 -1.19320864054765 -1.17684202320966 0.149713736331612
-1.04922875453802 -0.748771432456932 -0.459391372448327 -0.262568346372321 -0.500465160500017
0.297606199857492 -0.0471867386184397 -1.00769016249601 -0.776699818825074 -1.33526230103066
1.24891506309691 0.206606147530934 -0.295871885359409 0.330212824695902 1.26237651570849
0.0904088857393605 0.347776639633858 0.912044984343965 -0.622927438960594 -0.129929512260064
0.868298405499083 -0.0919508963325291 0.424344403621012 0.875267052685687 0.662537021111833
-0.106707031053854 -0.247966974518021 -0.807959012853588 0.636046187066934 0.217175343112485
-0.740310605053388 -1.50177650760981 0.0148500565605162 -1.30760850843809 -0.292341280803447
-0.136021147417127 -0.988204290968419 0.0540486842945174 0.403796026770855 -0.52118854431808
-0.619901326478097 -0.794085625997787 0.448897263259056 -0.258523315645296 0.0109344591199501
-0.449867674560113 -0.535201051863576 0.334349377312206 -0.667231819412691 -0.473923796555777
0.557196094231874 -0.471905859362025 -0.049370220304591 1.2168756137646 0.949607222218399
0.96804007291553 0.193466694848038 1.36036797714488 -0.108256252030111 1.41596490494027
0.200574755156496 -0.887858361058449 -0.1585206998901 -0.805644515131764 0.549274861705954
1.3825868495369 -0.195935099655035 1.2480926035479 0.863902536711512 -0.742950584700361
0.603624855228229 0.632360690615061 -0.152059752752582 -0.954122263169079 0.616098482370921
0.3364189515648 -0.0590191310640412 -1.70077769354602 -1.28970793806177 -0.861657027478914
-0.0472775885173275 -0.170494665347612 0.0397029155888846 0.698549932234279 0.500588051881966
-1.00313852375081 -0.649698457221231 0.180530855155036 0.434667593947444 0.00446157984589351
-0.669642105803116 -0.964335407829532 -0.360330709451286 -1.17979914364751 -1.37736923771749
0.504581015781881 0.852753835326462 0.743606966369351 1.2306468279475 -0.654565247582236
-0.51768018106191 0.255917672185788 -0.368240852681152 0.320004423024016 0.357918525617351
1.23869137682675 -0.102385227964136 0.72549012714996 1.43150037815421 0.771983831627389
-0.137499045711413 1.31461971844365 -0.202161942041967 -0.778394241792144 1.09015020533017
0.887201211152755 0.248733282409527 0.276679619664311 0.15505113737763 1.09834938456907
-0.0261218015310327 -0.494028685786597 -0.295780288726089 0.123767827996861 0.347613884219151
-0.860431490089548 -0.138108695357108 -0.407837973474673 -0.839453520285998 0.188551520527064
-0.529046062606303 -0.792598502852561 0.0233515288917748 -1.49356688123784 -1.27244068170906
0.348316235930779 -0.394895651833633 -1.23016876609193 -1.44585569669067 0.388142662203755
-0.867793307747412 -0.438173438562809 -0.408737329713885 0.319121802835731 -0.525473052170648
-0.255814972477836 0.396122528329051 0.523717606951609 -0.256953165293432 -1.04636797898887
0.953547738482145 0.619367421342822 0.530224279742212 0.4566325429919 1.22901807695287
0.616197824832101 0.152624738200826 0.554144266713705 -0.383964095566273 1.70545081578781
0.753322663182992 -0.178317183409319 0.461279614798882 0.621869187231531 0.069312821380808
0.82232266234049 0.506276912766129 -0.0717597822972206 -0.645955501071685 0.239663171868956
0.0458258102544126 0.398011484985274 -0.00995830454722548 0.0278826504702802 0.561156928498396
1.14153188584644 0.987875122731916 1.0166059505556 0.285923335520667 0.0407745647286315
0.718463328997251 -0.372230479717747 -0.129363054540763 0.366165527277328 1.09125454796479
0.334779582331792 0.928635882640279 0.357921508208254 1.51770478629728 -0.784214079481015
-0.198601106877338 -0.994812476517257 -0.873589483311454 -0.12221978439371 -0.427323389389329
0.619436904529403 1.08597516552527 1.69404444315758 1.25937841145105 0.0749498763128452
1.23922528912128 -0.71318624535287 -0.204853100150131 -0.0281570371764811 0.323615937126848
1.13228890706505 0.59116385986723 0.766274718127896 -0.604745906317393 -0.639274624061862
1.37118022621986 0.954704269152329 1.59153870637896 1.31327719434433 1.13790489862875
-0.95731862513166 -1.23472913428082 -1.15604566007341 -1.09121480146015 -0.722604077106243
-1.09332820367295 1.40615571901623 0.00402474597479791 1.04681329859939 0.552155148742161
0.622629832312654 0.0836396324482328 0.440716427310708 0.208702768143533 1.1391309123391
0.397286313093377 -0.264732993160158 1.53756192415235 -0.781560931914559 0.00739306761043071
0.415299717036187 0.851866174375206 -0.677986898108741 0.582207602363783 0.0170334835264327
0.669697209246849 0.32598457223955 0.136040863333021 -0.598746572025093 0.71000431357656
-0.401157661060912 -0.197291336858154 -0.100424507502552 -0.608968708710097 -0.543239480031715
-0.301497807387262 -1.00381724284259 -0.851585650458727 -0.349786298421752 -1.13535715637002
-0.634373071992421 -0.680353144227102 0.509406012661637 -0.551510484025301 0.492236768138827
-0.440714537758739 -1.28840118017106 -2.01480626166003 -0.530602863818535 -1.01504653640929
-0.462966401176104 -1.41804882232076 -0.000530638846587204 -1.46963650467907 -0.773449039481667
-1.15937127573982 -0.934784446856508 -1.99199987338371 -0.399554227134853 -0.0334116064420644
0.27417360434832 0.874053410034128 0.0977297082114516 -0.148151321460746 0.426555375188048
0.116656164915643 -0.183993996664267 0.0912049675717415 0.130064384378802 0.884678576184211
0.843422943729393 -1.07891736893007 -1.21707623437773 -0.374032488889547 -0.705717450800047
-0.540267364229456 -0.120520091162847 0.71796185150874 0.74514307856476 1.148823743134
0.186700253435036 0.133887384737503 -0.934917029336162 1.1254772536526 0.164379321031386
0.244645780552195 0.366480826631187 0.257542044673127 1.75659869246682 -0.497479197755845
1.3629767694734 0.161399821810375 1.27008096280937 0.141440037775398 1.4940508546294
1.33204110091031 0.235253446588977 -1.20364857718593 0.906479071177471 0.181690569313831
0.321377674043655 0.368693494363069 0.796535342586295 -0.43669144593689 -1.40610082827714
1.50811561565405 1.24817067087255 1.06820480718387 2.19486589851847 1.2505953187683
-0.220918757745093 -0.668882117132328 0.385320602982377 0.343742150978277 -0.58564569084742
-1.91741482086195 -1.10870918111636 -0.52541448546226 -1.3867690982444 -0.243634827523067
0.341459902458434 0.382028194993107 -0.682002017365911 0.836693564218435 -0.734687250358506
0.326061620491172 -0.150601114828577 -0.361407677884587 -0.0403167477932022 -0.146493347004605
-0.58642371587459 -0.130018971076194 -1.20066514330583 -0.512532518904272 -0.0218032889861697
-1.26731120596681 -0.489748358342195 -1.48206154438815 -0.602895613530433 -0.856696439950435
-0.602485683298019 -1.08366591713586 0.000987385248745337 -0.309503737754582 -0.381241994974697
0.548336039956199 1.40828929724751 0.522467527550718 -0.0282848995390159 0.974248644547936
-1.04969306297135 0.250017549219511 -0.744023876010876 -1.43443883279768 -0.540675944021203
1.07546413915061 1.33557208247726 0.728835917246915 0.620860839380366 0.535917462171509
0.784534293526534 -0.261352313380975 0.789806417907277 0.159211729676499 0.404471538881424
-1.05615607927082 0.628427141748907 0.357848350018827 -0.35053033726102 -0.0626375102064534
0.789657382668878 -0.0956243625868446 1.00198268188876 -0.0105550814960596 0.622470019196068
-0.420938035192273 -0.0166835565297667 0.492671160386785 0.0764947640970389 0.184346950341111
-0.807692621108102 -0.540491378145537 -0.401901234864903 -0.109087219595297 -0.726864539188904
-0.664156662158355 1.08783672897721 -0.847776578825299 0.764869268716683 0.992467448997792
0.180050948540789 1.47223684013279 1.19957774741363 0.566856750361437 -0.674787169768923
-0.200121735042097 -1.34342515561043 0.456036678531044 0.382386814005679 -0.944778298535837
-0.570234385396245 1.22802199412318 0.321418862003983 0.0700363434091448 0.0447054885769881
0.280755873490707 0.66281217592298 0.57959193892424 0.369884614857944 -0.33180137688282
-0.390889421480769 -0.872217172261791 -0.811582966472053 -0.2844767357236 -0.884824432186107
0.520900901953388 -0.299518351869406 1.44646209687885 0.205410242616776 -1.18688683698858
-0.0255481957936393 -0.161329671654695 -0.533566165473103 -0.205826260927757 -0.276961329052749
0.915058861629834 0.493518428297464 0.0387057740711716 0.57296885044078 1.05505629793021
0.614571969531046 1.15630652605962 0.538471508210906 1.29362368638941 1.99609337376754
-1.02718540391717 -0.755612815408238 -0.916872646601701 -0.793610668164384 -0.897510266156635
-0.734574758647934 -0.349837503706314 0.301544081360841 -0.298964535544549 0.154638063680085
0.221564054105533 1.32426999293881 1.55266756885366 0.212996016753117 0.301137074533629
-0.155315709327415 -1.03561441006106 -0.538498688035598 -1.30353331289286 -0.890559509048999
-0.909240363139711 -0.618429623131125 -0.00567617870945616 -0.76996939343305 -0.877819832012984
0.645973474103618 -0.590266217594096 0.137504844595592 -0.305178426559747 0.38656808949186
0.245936937119209 -0.922042517570443 -0.104840028339305 -0.745216475674169 -0.00277434455143231
1.04696150152679 -0.175796963277586 1.03429408608633 0.258141814032204 0.00443257392523476
-0.440871331725348 -1.25379642337715 -1.11790667129219 -0.337211617170104 -0.798260844097537
-0.194739687016271 0.305149670680058 1.33485193200206 0.516355366103077 0.0343823866977091
-0.780061645509447 0.385410774770749 -0.0505624586984249 -1.40487837007973 -0.813809821854715
-0.100420274109461 0.227656741374757 0.287168491834097 -0.803198824028348 -1.01922726391932
0.447745335570687 0.153553919248966 -0.771156329924829 -0.616317963042552 0.892893279591095
0.00830673434686965 1.19613952510411 0.778990936958593 1.42898338850496 0.313735064470406
0.00355336033412552 0.258697499025789 0.211705288532737 0.115815278979721 0.414268541439603
-0.845469703906697 -0.0380711460404532 -0.576223637727535 -0.413621121923702 0.107241103336094
0.160258222882674 0.781344153184698 0.216078989399028 -0.592551387742412 0.443406185428092
-0.111285726520159 -0.955319317790597 -0.815820291520699 -0.58485604908134 -0.730889608638588
-1.23713813551705 -0.620415030485696 -0.702500587172203 -0.991858526311705 -1.21916254689187
1.0255971553595 0.773086833013365 0.713468430523316 -0.0491682037014226 0.295644935464509
0.264551582748079 0.749229868714387 0.199859146624705 1.05278956449649 -0.320434112914562
0.551584180511294 0.255694215477072 -0.915736473125172 -0.531664888288059 0.119549236985229
-0.426875754722785 -0.244917403620555 0.15041857740462 0.755855637778706 0.602901543479251
0.0955750470753046 -0.272260845806292 0.842504232305716 0.309970045941661 0.922529478083351
-0.862539186445094 -0.539459340787149 -0.0087259545004491 0.129736909833799 -1.33416108209705
0.485224744093737 0.722016479484002 0.161696040852906 0.230200898003167 0.896040611596815
1.12995903967385 1.53356469586958 0.588968842132032 0.884069895611591 0.20981433138066
0.412749958079725 -0.268687197160496 0.939783097651948 0.355165102156332 0.738547788448377
-0.485270824060708 -0.712861718471977 0.652326713965081 -1.05130173555068 0.336481086602217
-0.0330356335214114 -0.247872996111931 -1.14716443073978 0.0263751863836293 -0.693245946055081
0.231654982130219 -0.622647465758163 0.165205899612513 0.459503342602322 -0.441824315418113
0.381607276506792 0.162622740293368 -1.3481965082376 -0.728532389541249 0.21900882744372
0.66186073145085 0.367438333744288 -0.417871779896114 1.22515771939386 0.253010346925186
0.694780068550401 -0.48643998624999 0.161253521539499 -0.745441946116847 -0.599587528426687
-1.11931818403434 -0.759985064382402 -0.43787939077633 0.473138791541647 0.229941533764969
-0.175397385941418 -0.834283169973172 0.332600408136876 -0.379198801980117 0.369194013542863
0.938357358261256 0.998143100991617 1.05573346395257 0.23184240135512 0.203250258200108
-0.374855506465903 -0.386258386940801 -0.378920375193333 -0.602581505333829 -0.00314663974756407
0.0870875207182814 -0.346508155953883 -0.127292510468541 0.361959910879945 -0.0340926420990181
-0.00604764791992702 0.400207052945921 0.72744714155192 0.450275643468101 0.135645470661942
-0.0795564985995874 1.00724745152194 -0.10029428138198 0.361344333871795 0.626029736908357
0.971759022397837 1.05463105001125 0.91161742970515 1.24631417387489 1.13869000725486
0.419911403441175 -0.428956454015284 0.676964598325847 -0.230013791026594 -0.0665849929205432
-0.209135178637039 -0.316043103795976 0.877746648814604 0.398846473909087 -0.10779630672781
0.699346010319672 1.39945679236506 0.103520991199132 1.62952698416829 -0.00990113623557056
0.407818840289626 -1.07641310970866 -0.117211461017286 -0.323311390023153 -0.452282169744648
-1.00875338803338 -1.2047011526938 0.0235315887898081 -1.44788714762262 -1.02333911601045
-0.307125798951931 0.791308420019256 1.44664357214954 1.1461137143839 0.433312369931745
1.49755358915462 0.094110489439716 0.684752017790581 0.587211376330627 0.925909913476742
-0.0715335900864912 -0.655532420388501 0.00778225792709221 1.08482909554281 0.495237585752504
0.441562811115213 1.16342096787201 1.03495688648181 1.43172986114902 -0.258678509424649
-0.136760546335513 -0.645976437215374 -0.330371003359291 0.346717115452736 -0.35988309935411
-0.738403759497672 0.0280199744310416 0.0488911779853641 0.00868148669572403 -0.219805574048292
-0.0200713188735532 -0.0928501798311654 0.361458571707365 0.0829726257106997 -0.156533889185303
-0.224064830503308 0.258043759792098 -1.38896869021984 -0.388357812349475 0.920306427306654
1.42850539891621 0.384684948842963 -0.546117983880756 0.255701902202797 -0.363689523345624
-0.367928018072391 -0.76929316330633 0.445356346971618 0.577078061925593 0.0585400404222685
0.183994497646157 0.0531459365156008 0.0638779854998026 0.916178946623002 1.36457284694099
-0.208270315835322 -0.836547695201212 -0.516032378196808 -0.582788790987436 -0.425356681111287
0.633293668989772 -0.108991149002546 0.466025930782325 -0.378022638598205 -0.827329155379058
-0.356821868424272 0.0146868833622309 -0.0373155928855262 0.50932615159209 1.42482190766421
1.38437773234495 0.557543239544602 0.782915037792851 0.754111751293857 0.930231194774113
0.562725185767165 -0.214205346788843 0.182532233380225 0.188273950986292 1.0451226706654
-0.00270656155049538 -0.836882997959059 0.504892041160588 0.149859753869434 -0.407319023734424
-1.15142813783282 -0.503482266099025 0.0170318812610173 -0.912767623300897 -0.998960746865959
0.408616122752449 0.994846163812432 0.372803165263552 0.906469717868366 0.0732440687036703
-0.573068619739311 -1.08724117903899 -0.381037714500002 -0.560119323578884 0.671608993820516
-0.694856651486143 -1.13878253793662 -1.55171243840284 -0.0253441679541589 -0.52129151355266
0.987479206928341 1.0059709717809 0.0894847443146954 0.654333244599538 0.422437968946594
-0.585541661783367 -0.719654315211407 -0.293776844172467 -1.38701260880166 0.15296261406825
0.253307613619792 0.282878501668949 0.286932927364785 0.954838713885825 -0.0187884771004794
0.720419870156163 -1.46146488743656 -1.01218322556346 0.459605611649512 -0.336470987131374
-0.438082478624852 -1.43069333515771 0.0296357329628973 -0.149240025584967 -1.67610222703777
0.407382382394782 0.27536835816785 -0.482212246021143 0.281745905244914 0.289187967266812
0.460982025734743 0.491809349934719 -0.854690779139773 -0.549821653056883 -0.520019799083558
-0.571324915325425 1.09204539024619 0.433559599448781 -0.645271181071766 0.380470917049395
-0.0105098758357978 -0.839453138469407 -0.884066113367681 -1.19958853268829 -0.268633221687704
0.295838788795951 0.986462408606911 0.650773268216161 0.30731532065095 0.353463401043588
1.25275223390658 0.927320621930131 0.751844002657686 -0.190773243070359 0.358695302383583
0.297106000899294 -0.25460420766493 -0.156627038301531 0.328424721718983 1.19924290074678
0.176096848510965 -0.0577490204034329 -0.642402130258437 -0.297844168847493 -0.418383951163448
-0.114569978159507 0.606785355380899 0.341958028662864 0.378646452512844 -0.494869137896501
1.84864659857111 0.604315801458725 1.01584489467545 -0.343275094293195 -0.665310033458797
0.081927194707808 0.314578586785504 -1.38948136495757 -1.12348092275092 0.47398101959473
-0.0135835601653813 0.476047795492382 0.52851896231121 1.10783692947303 0.156553653341641
-0.360877706230043 -0.885277916610313 0.445783325220078 -0.753228308553614 -0.636894012574856
0.850261344382682 0.868512572958254 -0.628668521129134 0.0632228885363089 0.615847521416029
1.7461033955626 2.15110665679047 1.24753205463924 1.42169835335214 0.342385184595828
-0.431933721407267 -0.597700972092773 -1.03481372076299 -0.11186223054905 -0.96406320325248
1.37525604517708 1.38195697977498 1.08417345965812 0.10857492815437 0.653271712323959
-0.516564862242764 0.294622533581784 0.243083122805559 -0.182790667593549 0.934067087408236
0.395450990391266 0.692262137380207 0.11202746401076 0.829329464917677 0.60208552309305
0.16430243622539 0.27449678977799 0.20466740294659 0.584143493539177 -0.43954412233917
-0.204258351636197 -0.789762778101992 -0.469163910830143 -0.317172898597267 -1.33955679909883
0.230864453834415 -0.823012487177269 -1.26520436727411 -0.353318464234083 -0.0385768366774538
-0.269244332241262 0.533762951317877 -0.300341418811072 0.0473661664299596 -0.725634202181261
0.588354055734253 0.786613545148678 0.308467717257988 0.816696734167525 -0.011875510620648
1.25357634758801 1.25719701102831 0.575725015824124 0.253532779497887 0.973641532595557
0.176018583297875 0.117111158916301 0.14282656531979 0.37151756097269 0.98767950706653
0.337695415222671 -0.610654949008379 0.0419681250705811 -0.461577911688873 0.728181594388593
0.510395553040928 0.418396997212521 0.235349067439609 1.20398773032642 0.0241985503151757
-1.21332060587456 -0.269743536612125 -0.327437410751074 0.0948143817231834 0.176022087825866
0.284838491775734 -0.31272503179564 -0.612756475819372 -0.0458517650808182 -0.772059518974598
0.393000987502707 0.443360949773565 -0.729326081366852 0.767007817412611 0.770331632072526
-0.811088445489263 0.0984143922087815 -0.809808232518188 -1.21949053371617 -0.268982337986247
0.346054134424678 0.0140086283867025 0.193975478579699 0.938220575628611 0.6538594406486
-0.290386848771943 -0.611165973862275 -0.450089191961295 -0.721943463030594 -0.0195606666897861
-0.371951440980554 -0.778133096088261 -1.28363939732086 0.200641354113238 -0.684093250074358
0.460371702303949 1.49707217222065 0.185602685487989 -0.261971074829105 0.167400247381249
-1.66477250775412 -0.81928055516384 -0.557154994023847 -0.486066808986619 -1.30789110141979
-0.816606974054335 -0.774666053911467 -0.560223402386605 -1.33440507243906 -0.782702704267256
0.873143496744597 1.72968119477483 1.04204240367068 1.55664622270808 1.38136723739027
0.161594717235725 0.127362159312855 0.408659382967001 -0.458466253784993 -0.164526265034082
-0.113606323697216 -0.2198813974919 -1.14839493137809 0.378110449958438 -0.228814223340507
-0.611077580415318 -1.25278177979913 -0.879354736248922 -0.696002909087494 -1.39256682424371
0.826103531828841 -1.0195037328912 -0.490318529296283 -0.122268773678991 0.194318265259487
-1.04217298543833 -0.204799263905761 -0.494963761626166 -0.640511518437306 -0.411600521423756
-0.103105773784039 -0.215668175740173 0.290514473881856 -0.138263677994694 -0.094546023035834
-0.527914625514371 -1.12714871578946 -0.689330159480906 -1.08280089848481 -1.30559223791573
0.0634839475004432 -0.063168522317332 -1.0905771081005 -0.595162686675946 -1.32446966500339
-0.779021632090689 -0.340665542364182 0.0370029684054957 -0.802679155219675 -0.56707877146108
-1.01358836001064 -1.57667796996836 -0.108751081132844 -0.802889819858101 -0.775871104142174
0.760028753169681 0.170734720999458 -0.635129466978368 -0.358622262998662 0.0356482531636037
0.0920803119170976 -0.119636270929834 0.0922242009168892 -0.298234033314819 -0.19391140815975
0.160254316717912 -0.691525830955336 -0.671568193235925 -0.216360237997126 0.502006588295661
0.0495641726036188 -0.556286499655003 0.41330819184461 -0.0930780658711914 0.666783042063357
0.179494564630034 0.131998156311719 0.23125694438408 -0.896158512002548 0.498854667629347
-1.14013888904855 -1.51249337100694 -0.105666124583193 -0.994868951743359 -1.18300685166592
-0.275554397257527 0.509458708283548 0.214451272198362 -0.0109165665065326 0.00471561682058225
1.5742323415876 1.38372164674248 0.456343898446933 0.816526288973629 1.02575343817836
0.206527325813946 1.03128249159672 0.91869163874091 -0.0522495786488863 -0.426245187962528
0.564710818985645 -0.242226076427499 0.576367271221077 -0.436866071949513 0.959319722022217
1.03709874280274 0.181696446522445 0.429792902103907 0.861292216890568 -1.22582286180694
0.298157236672591 0.604515248337568 0.784829654439083 1.06633345013045 1.23399138119564
-0.308869233853344 0.121975082610037 -1.022798618834 0.161376086511589 -0.456995348332942
1.18823993949898 0.266670424925144 0.435346130297298 0.386993374519588 0.906946469407374
0.49482330591365 -0.178047826308499 0.600075463513742 -0.429419953356373 -1.56412724709351
0.839554028437688 0.977574151926758 0.732762551251032 1.03551039279937 0.624036337936857
0.455993558749886 -0.378387112206397 0.202241981092901 0.327769687402185 -0.12071944368524
-0.0226308472648221 -0.456837972819554 -0.936057459247464 -0.53390769355755 -0.339503639003936
1.04017045865311 0.830601975394431 -0.360714380071323 0.502182394148169 0.154239425734839
-0.23705312760472 0.965380812355895 -0.826255660319617 0.130837676505373 0.341557534762195
0.439536046969282 -1.36929277506903 -0.383435206797521 -0.00719614594721678 -0.301599726095649
0.380474419618864 -1.85272876333514 -0.318330410902808 -0.119744915748328 -0.193440336528583
0.727772534360609 0.182292460257063 0.582842416017242 0.818854115769921 0.145413351310737
0.180481997927443 1.36857901037197 1.30702998281669 0.9273676720505 1.24903087513335
-0.218196433375531 -0.972286893367183 -0.745674423706292 -0.272378500727181 -0.706953755304977
-0.628915595299265 -0.037580538029921 -0.632546975676099 0.069935286593922 -0.59620350942598
0.86000017892447 0.450844778821968 -0.513743455584915 -0.418410627269134 -0.670547661258892
-0.59486722805611 -0.329030641940922 0.51540438376067 -0.0954980400202806 -0.827029763280291
0.0647583759532044 -0.39185977107272 0.453615470527832 0.096915592298539 0.514902961771166
-0.844810014323029 -0.638899440730447 -1.48817283204347 -0.52750682055769 -0.199490777943537
1.4462299899988 0.343131832244029 -0.492074418513872 -0.32613982035949 1.23520476633037
-0.260769468434173 0.39018564338524 -0.0564560582435821 -0.209434526216234 -0.248480915355515
-0.182428021415295 -0.435977920310382 -0.274890640702265 -0.6608411410184 -0.632259596513491
-0.0967738455823971 0.249421135066258 -0.354039011321427 -0.99039820104564 -0.573979875291419
-0.751535515314034 -0.082882290270997 -0.107051451497865 0.878587184571991 -0.385541363038743
0.233044001788143 -0.655436403485249 0.371314409894908 -0.364088785963836 -1.21055779605645
-0.375316855687589 -1.16257990482468 0.048566276479195 -0.714309836037836 -0.458733341619929
-0.268880877409489 -0.609368968679882 -0.917565512970212 -0.413932946742745 0.185520056254352
-0.981644153206685 -0.0232101086281592 0.14745591723759 -0.715119625492757 -0.564753836717509
0.446608975757289 0.634508352123134 -0.195887695406172 0.343247659836214 0.0444093726067138
0.196557629762407 0.186441855592483 0.393658554470402 0.753539140881836 0.928898789292862
-0.0173386021801078 -0.899905532145534 -0.264645184382107 0.794026354468057 0.916485854599677
1.25992603857067 0.701459289774305 1.54403438218001 1.36909771229214 -0.0340320610278255
0.471079039971718 1.35520498938281 0.780980917666868 0.253950329745736 0.394504531328732
-0.316728206121449 0.322872172487893 0.127124701043016 -0.132802308167849 -0.609233799258571
-0.692624335786733 -1.22801170510886 -0.617376766641307 -0.443029350043237 -1.47290075226075
0.75208222585505 0.554089707732176 0.0664358490602614 0.25079831347661 0.547740300298441
0.806195197041789 0.49652126896451 -0.161266043734342 0.572169368269529 -0.620071704691507
-0.590566140520533 -0.735746448183364 -0.48273223373395 -0.0849617839768171 -1.21954040158245
-0.741193624382068 0.337697887512298 0.232004616903389 -0.545313576145596 -0.915278161056092
0.694207872143763 -0.778126239569065 -0.507137418963249 -0.451734535429476 -0.223632456537135
1.44688403012697 0.64390008678001 0.397650881414196 0.869410103859483 -0.140707095160853
-0.297026606097698 0.520624458056929 -0.787570421497553 -0.66278273031482 0.454825425358568
-0.53510603690086 -0.133359075687132 -1.51644279616595 -0.832682509584032 0.473399561666713
1.25265548966379 1.11800930945716 0.533068504703056 0.437323051854835 1.10880280957791
1.52062083603298 1.39268686619494 0.921388672935752 0.366657746208316 0.670254456725222
0.712285324033453 1.20992564543999 0.804879046072647 -0.0492583898730105 1.45239648227487
-0.0851355937507062 -0.335336050429036 0.537209047422731 0.278685713345061 0.213485523405165
1.41589918879486 0.445099914551446 -0.577413640150304 0.915618410907797 1.83328520297888
1.44151974856454 -0.690102443728865 0.441596495844766 -0.440673984237854 0.392204594041136
-0.656535827374452 -0.674061267440727 -1.18126487738237 0.131376282647146 -0.688193322556282
-0.0147518748038187 -0.678570483114934 -0.196691035454107 -1.3269903025556 0.481543167193118
-0.529104763188609 0.771909995826874 -0.286500119516102 -0.533844154705458 -0.145665015951713
1.11653646871175 1.58621076515831 1.20388048356367 0.64261040057295 0.927721485401996
0.816938604492289 1.38709604099052 0.0645084860542706 1.57808274032209 0.89763901849478
0.885312827199847 0.0782340018054709 0.993538238716516 0.606985669981707 0.460457318389259
0.500427588125379 0.0731288817985074 -0.218192591694116 -0.947616532562551 0.437882238845955
1.1113114274375 0.187829054173068 -0.131183550770039 0.262928240428638 0.0842859830514255
1.20032513289855 -0.436697401333846 0.385414776141339 0.391170314123399 -0.0252858081243664
0.716223153458797 1.24477404791104 0.595264166496316 2.01854050426011 1.10953117954833
0.338332798124966 0.199789425261768 1.4929114631777 0.0259973166378524 -0.286792299269542
-1.16140521100018 -0.785112920365244 -0.929209153177786 -1.27404894121989 -1.14344532694099
-0.406626488745269 -0.644539540495684 -0.298300919148603 -0.703343235461033 -0.181209319974268
1.20907321786039 0.592279482876615 1.49160666505213 0.197712118785129 0.92852795742304
-0.183618177888152 -0.0698551483299664 -0.668036600364079 -0.0853477451280853 -0.0490374164547219
0.685843568199575 -1.3535860021975 0.555289778450797 0.682638167149535 0.240216156968069
-0.532952622976318 -0.511216361771271 -1.59584497286056 -0.474538416188432 -1.26916972042476
1.30138885273585 0.203697589549907 1.09045141052855 0.475696302322676 1.274123040675
-0.198805477684054 0.189776326392719 -0.584343763596852 0.59126381811419 0.036692121078546
0.0579034956070524 -0.117759185928849 -0.158431163508924 0.373806683786947 -0.277140745790269
-0.143373981569203 1.46303644470618 0.242152758836783 0.931382858675206 1.41853051386319
0.265950237971594 -0.092703787008381 -0.352091549298449 -0.0567624320496671 -0.0806458036217675
-0.00324712269094457 0.658792388420599 0.155447744869611 0.324275731943831 -0.394815338546858
0.820301075813853 0.280997107927995 0.479007656044376 0.90282581930699 1.33457320995687
-0.178201697196641 0.601492991765444 0.556727395868154 1.03347603439244 0.212233954208603
-1.31862886995012 -1.25758690009326 0.183573576380825 -0.197015160922018 0.071022455063256
0.667848783173637 0.544724614999194 0.936797516945349 1.52401245558942 0.200400769306661
0.265324048069811 0.686851782991945 1.1191713595816 1.20529014619005 1.9200609638489
0.0534298962512008 0.0306592061728969 -0.0963371646252747 -0.18913413021292 0.249511729680648
-0.637491647202952 -0.820898564270724 -0.505020900622795 -0.856880846106081 -1.00470829943315
0.423126883024171 0.153298629845818 -1.62873487479743 -0.394802233969869 0.202751533818337
-1.51594475778463 -1.69897912727697 -1.71813395485361 -0.986833587382762 -0.76585350563844
-0.066440153840136 0.189312562401083 -0.315062750515047 0.514270354118594 -0.475038772102331
-0.475419753527783 -0.531469623553895 0.0433489202344061 0.11620951108905 0.532413597277529
-0.277039094322025 0.354548000291104 0.305782454456461 0.144448442323341 0.0516124708141079
-1.47105235338964 -0.120644463314388 -0.502033800860643 -0.840033161438445 -0.737202346827575
-0.987315417463094 -1.03932401279525 -0.417401044630733 -0.642565480481655 -0.976668016453284
0.376869602145198 0.314865574586263 -0.57541702229797 0.461914763855493 -0.431997943498697
-0.630389484168779 -0.81005083642536 0.865805465062418 -0.848521497810475 0.273024394694151
0.00619974862222903 -0.814981880101498 0.0999810258022638 -0.106291014137652 0.613178181760994
-0.881128571026384 -0.355781673737997 -1.2819294536368 -1.15441864725164 -0.528766682614192
0.392792549484606 0.113480689895201 -0.157414976725419 0.854628447138587 1.17084339384775
-0.334621407195366 0.444705580834847 0.830960089914478 0.190581231474377 -0.0384834943619862
-0.556753501028276 0.597381539712941 0.0543790024636281 1.14105201266691 -0.286302391675896
0.0202135104657693 -0.878719513889043 1.09864664197894 0.665262280005473 1.12673837639695
-0.0835500357403423 -0.498802003640418 -0.529540445758795 -0.407320575323979 0.352613090684469
1.98485248997456 1.03155359133271 0.570369745886059 0.917463173887413 1.43102627738502
1.14049012391995 0.0657112234027541 -0.679112426689526 1.27620001920449 1.00851745259816
-1.28571637442694 -1.2033346916856 -1.17502587655267 -0.656981605177804 -1.579296024535
0.160204554871453 0.238279162249 -0.578240156150928 0.97323082145967 0.608233220927801
0.333623735122289 -0.847513665233713 0.279525026091451 0.194186322869991 -0.267884179035139
0.012072521773547 0.189184871302304 0.437844468325755 0.849426700148997 0.475259554319623
-1.17522866444908 -0.946610774476231 -0.182212378516427 -0.577652570632439 -0.795323128664212
-0.215713986501364 -0.132948228994467 -0.00876891681018461 -0.546991907667167 -0.125614502642548
0.349430855016341 0.372260405283644 0.236790578234458 1.02954345499653 0.729433149310176
0.570391297235497 0.823007851343004 1.03316902552475 0.434995370121129 0.402700763596462
0.913827488511386 1.01369017477235 1.16655818985116 0.697109965695871 1.26493145558174
-0.0780084354364579 1.47927545336929 1.22442907092157 0.214692682729323 1.821204209372
-0.792248812857592 0.189063627305995 -0.076871532200348 0.146861827980704 0.200053974107358
0.436529084107845 0.213426171020996 0.411341530973872 0.809047958918539 0.808669273389665
-1.36638141525455 -1.65327009389414 -1.36716036944521 -1.70261386757057 -0.597772856924273
-0.720384141127833 -0.674958409186799 0.222055090319243 -0.0868549283352593 -0.439585609973646
-0.769778655268031 -0.706239976101285 -1.1175323519634 -0.688895292184046 -0.41410330141513
0.258810182526957 -0.786610142717775 1.0008659378837 0.185612295303917 0.687017095032281
-0.11401567832121 -0.41122664057717 0.431778830448168 0.283882313771048 -0.839742070192746
-0.783777250082905 -0.352359572332594 -0.450154907478301 -0.341175753299061 -0.823392723221336
0.0450729043683623 -0.106560909483359 -1.78932969523061 0.280775501929983 -1.1701284548545
0.0334544145216265 0.926614659464061 -1.34881519620854 0.462783509789778 -0.0454786169094498
-0.880682546182306 -0.133019713212565 -1.38174410624294 -1.4808785924917 -0.512061430546149
-2.0701689110757 -1.03675585317423 -1.04825191620062 -0.291679529421161 -1.28328715568387
-0.408374501429299 0.0155990682707333 -0.569728588097996 0.145333011357394 0.349115678900014
-0.704206631385766 0.21695766647206 0.364838743239913 0.320210747447205 0.950990120896748
-1.17881450245054 -2.03672694383835 -1.48757802559242 -0.343757728507893 -1.21226841320227
0.302425129817619 -0.985183311239954 0.231575665308741 -0.688620702429468 -0.947090297956317
-0.519007106880989 -0.215066128364251 -0.744388648304312 -0.194493035848241 -0.358843992071877
-0.0794185963228284 -0.120183399750203 -0.90977396458993 -0.860015674964341 -0.379503883884239
1.51091511756203 1.40145345135258 1.36019630972266 1.54470124884995 0.757433934149638
-0.274120913389902 -0.236951313915243 0.463100678240413 1.10560747523566 -0.157097945697976
-0.798676496245719 0.385073395457746 -0.349286836639042 1.1383010367013 0.0043088916070906
0.45672792581595 -0.172207607402252 -0.0516274966467976 0.280767906154743 -1.01993147666587
1.01858707182661 1.38345923570997 1.0314706557034 0.686866023047146 0.793078430147942
0.299636014507614 0.119137088136485 -0.302148112147299 0.453156411437331 0.134328547215383
-1.18052447681911 -1.26331664904794 -0.384097303942416 -0.512166663827782 -0.832971653876068
0.764317889278191 -0.901905469084886 -0.708034438484661 0.50295034953485 -0.422853201023401
-0.252418368550596 -0.675937324226674 -0.974249605722672 -0.113634009184863 -0.364971387870348
-0.927728193847726 -0.583321114828813 -1.08819977124961 -0.0624117554744698 -0.614663662262393
-0.253234810928402 -0.195917867362309 0.168388399928777 -0.0137338013525635 -0.150638544992266
-0.676194381583311 -0.671303524565195 -0.363191689883146 -0.0804684044420499 -0.501811896148716
-0.947086235792646 -1.33324207602169 -1.18554024289531 -0.336438373007813 -0.678170799738471
0.198148745479007 0.0282847720564764 0.99198978936227 1.22397409004831 1.31719913661131
1.45885228968115 0.587913169252481 0.215110977416876 0.721817526747559 1.58463007742205
-1.2466881243561 -1.27369383118356 -1.06485470008306 -0.900559700440411 -0.912531685121378
-1.05465182682354 -0.417232903245911 -1.20618171961644 -1.14754820895832 -1.58897201031287
0.359323463368091 -0.837482941924956 0.0462900508235231 -0.406930048678548 -0.193003412600267
0.933248664211536 1.1556391618809 -0.191150345180799 0.748112104863933 0.392724023912659
0.795824000610263 -0.59976557040949 -0.17753117914561 0.29112446082441 1.05908325790491
-0.0947351170743092 1.11690432813004 -0.780760301130602 0.58917243783926 -0.469100975682469
-0.707843150764621 -0.652070571970492 -0.232901505941884 -0.580013418851888 -2.01167153821813
-0.827168609206122 0.0653203101639723 -0.448099693166186 -0.867206285748344 0.0298416912118735
-0.217909445178692 -0.784974286919659 -0.712305161208245 -0.916635242159562 0.113692554436797
0.175962981271293 0.0154619512026554 1.15688006010746 -0.797123644957341 -0.157212063067402
-0.275247885130107 -0.937965402276889 -1.36869126573008 -0.276882254969266 -0.894541808385306
-0.44918717426993 0.431492406073882 0.974315831307414 0.124312286682872 0.151319471887759
-0.95880016717676 -0.0901782212614783 -0.102351496909353 -0.0521308549040827 0.1467652656639
-0.65246496420425 -0.681426309043553 0.454597032962428 0.050619515439705 0.643408599543666
-0.0756495706433335 -0.280044886261193 -0.486787528941624 -0.679296783495403 -0.254132751375081
0.839125863746398 0.0873014687775788 1.3868568330746 1.00886653776 -0.36543541332688
-1.11816806150779 -0.835858728249834 -1.44071612507232 -1.35043249713591 -1.29146902571685
-0.00940186286431925 -0.56921832235122 -0.40573737148358 0.0613766033326752 -0.523766651919704
0.249406874187912 0.511057115839755 -0.870480644891878 1.56158833324362 -0.0197123466455192
0.819086520837919 0.975998148550854 1.58503324904835 0.528139330647177 0.896640083356432
-0.889357697848345 -0.320316845538227 -0.299437506123758 0.00637398692707783 0.678057831324211
0.537867453899203 -0.806744271482558 0.160814619458013 0.935245681964292 0.598441669844237
1.33066210437357 0.345106262890848 0.45664239542861 1.83099651125301 0.76623103728169
0.235965216829488 -0.010295068558055 0.450624834332913 -0.190718580495891 0.268802308071189
0.423223157208518 -0.368114635920265 -1.79793615094602 -1.49677661934818 0.343357201570788
-0.626493871963649 0.232765565355191 0.0641516488509647 -0.905639511175222 0.565567871372087
0.0510392509465221 0.113940460689493 -0.21333074598924 0.783182918808134 0.418591408191915
-1.16081869893346 -0.217245675097207 -0.199368957410013 -0.911377176847111 -0.519392262065978
0.747809809235731 0.191700409579477 -0.323215648885451 0.794292223224209 -0.108945939741179
-0.258153164887858 -1.12329926505907 0.152121566298173 -0.629666204636606 -0.287254567513229
0.226963464772253 -1.68546626675856 0.500275702999596 -0.083726240487413 1.5534895558242
0.330080044940259 0.527948940296324 0.271375683264483 -0.406027656065955 0.53894779292138
-0.936180816095791 0.0590041447763584 -1.20069084149596 0.973518802371916 -1.08711357076889
-0.53550191143068 0.92324594836989 1.25482390195615 -0.620444180566711 -0.185982870608289
-0.707504227842481 -0.371706722125146 -0.258426115448082 -0.0322586524453523 0.0475904519631892
0.296197826237692 1.30692515041931 -0.0644920533963992 0.758376662633511 0.289525519345935
0.905467741546288 1.29107636207556 0.777963698782415 0.643442801878271 0.414236481462047
-0.105450008974092 -0.577700715910475 -0.455517669084792 0.227081819830698 -0.992057330703854
-0.367484847657681 0.0841526044468903 0.383964032444567 -0.460427112920263 -0.627091733009033
-1.6800799187639 -0.202900311652161 -0.845624026075982 -0.338120323848907 -0.0425157453566763
-0.143113647214622 -0.101663813627532 -0.275185866191675 0.730036291528975 1.33270950273702
0.703968576260897 0.744427053716659 1.41363615432439 0.659663679890701 1.04197507635805
-1.04329539932911 0.0112325444487571 0.324524907534269 -0.683017987269469 0.112213454372047
0.205236101452556 -0.977782202673772 -0.244135959955306 -0.506372436017557 -0.973521156278193
-0.0176331579532325 -1.71993643975226 -0.822141374381152 -0.712714895573641 0.632506516000627
0.117155072271875 -0.0348767815263549 0.287703347979445 -0.398872332037609 0.73073818973207
-0.944632750778106 -1.30535958961227 -0.726860866889737 -1.2441154896172 -1.4802587240222
-1.6864658031825 -0.078818109255713 -0.11504432384268 -0.685067982389896 0.287425582482583
0.0311165266351785 -0.00733196316769317 -0.051199130860925 -0.825860237364917 -1.6331521731933
-0.186792091942467 0.148714042149491 1.63139094779682 0.664623683319834 1.22314628483759
-0.820726300137003 0.291550057850125 -0.0637552259377757 -0.289816934969242 -0.577478203207451
0.275832992296637 -0.169604482929344 -0.352011295014705 -0.884452728338108 0.176134418257813
-0.698984812939381 1.30916546824361 1.14633649299989 -0.40930141504469 1.18327154504105
-0.66073309182188 -0.504615765627133 0.429217255915447 -0.87303568704946 -1.13983407506491
0.193862054064626 0.687366013385894 0.585217277482512 -0.598444132672506 -0.420208800824019
0.455073347006842 0.822874699164205 0.341222070277195 0.0430187916265228 1.66480978932496
1.07977713515805 0.0726757510120674 0.219387875257887 -0.162146288923462 0.262516237027499
0.212032015221532 -0.597775948871927 0.23806287704846 0.167312620439453 -0.46820893816259
0.0988279404346961 -0.753137885438797 -0.793083075112431 -1.07932354367781 -1.68816377017944
-0.514802084449285 -0.557645769938978 -0.453873516770068 -0.699436910780763 0.0617044879770441
1.27019656501559 0.229847620484075 1.11683643310929 0.22190156679364 0.906812973438356
-1.34836279844928 -0.742434616309573 -0.280463290969898 -0.436153728977323 0.0671130095376576
1.29162988533374 1.41546660713793 1.16709509699311 0.259872653871426 -0.382518007874842
1.22681059377199 -0.567979673055331 -0.712559308389973 0.511521045882802 0.930276111619889
-0.791788482979517 -0.114387536385662 -0.960161795231991 0.165868582222019 0.506182074000815
-0.323806711299142 0.253102994946568 -0.531048495890678 0.237009337997198 -0.517881985760546
0.842009727172464 -0.652451918983811 0.774321372923477 0.609684028124704 0.74409048592363
-0.605023166620523 0.138456160793394 0.392504797949972 -0.104569956781258 0.574149605455234
-0.284889819836823 -0.136080984341492 1.25320147069546 0.129157520426115 1.07613260684252
-0.0594266014548833 -0.819137049323573 0.640958566125638 -0.539405581396334 0.192436746005598
-1.77972090766083 -0.253850605237413 -1.03977982368803 -0.247467271158763 0.239041229935822
1.34304892520552 -0.199389793877314 0.0200848370371781 0.411921212989866 0.419744170506943
-1.17317910321227 -0.794109648837746 -0.0939075786553089 -0.791535397800876 -1.17240691189159
0.639501667244712 0.391659830625422 -0.828425176280208 1.79498875552534 1.43013723166986
1.94727051295806 0.810241738289395 0.648629071664831 -0.390951413848719 1.05711202522171
0.011177638116023 0.287908555519703 0.449008529490823 0.425955042625902 0.016515963292048
1.19787068102947 1.03253195795078 0.52380999323164 1.43300567359096 1.49910629229415
-0.450098167458745 0.153241025841104 0.22771303009094 0.104817212423537 -0.642995000112044
0.539893217844627 0.870270505230154 -0.278259918543075 1.26291662026602 0.414363509601401
-0.545883149193327 -0.844881340299795 -0.516663034195731 -0.689621546918779 -0.64494432150738
-1.28589452089826 -0.0128044122629438 0.246802865701912 -0.525233254004753 -0.602425341151873
-0.990201037139654 0.377234856149831 -0.192053553209155 -1.31761634024686 0.13646217789616
0.625928255471143 0.688161387645897 0.207044940066005 -0.169539214757948 0.322823266297925
0.197819724134395 -0.343507293287407 -0.941808816884359 -0.340723281584393 0.507270345547816
-0.266318851749761 -0.863326344970302 -0.565961398428383 -0.888589119663896 -0.210301634485304
0.73089170098274 0.458955755077912 -0.40620875504858 -0.432793995464422 0.772453844481438
-0.0342916458598846 -0.809685450822969 0.78501673236994 -0.584481333681895 0.483021509756138
-0.202198335650635 -0.356813748835955 0.328379826220514 0.345248097659094 1.05505983493499
1.56117245617533 -0.0208791840390639 1.2199243397826 -0.0565484809670303 0.770787596620766
-0.670199837142886 -0.108088678490803 0.22970647856909 0.815533413645433 -0.208322623606448
-0.283080990091782 -1.31176120055078 -0.232771978915542 -0.570918005344603 0.637018724072169
1.10286993321179 0.117400984944508 0.506876353316054 -0.532934410976002 0.834758747488572
0.803777866981501 -0.141837682092099 0.794232236063123 0.726054969775834 0.952079188160942
0.0536229236522341 -1.64331804519487 -0.0916701523976396 -1.34711530708898 -0.535152158862746
0.0577428207949559 -0.0687452695567774 0.748905024860102 0.312976920292711 1.67454257771398
-0.520254293386757 1.26961285663419 1.09237330147774 0.0645046473205133 0.535030408881006
0.359255893050921 -0.328611538187029 0.0648200534093953 0.151918021826769 -0.947634571631552
0.927028722573947 -0.0422638727053472 0.143946238347365 0.543680735969628 0.336363899005165
-0.709672211565257 -0.349937335831189 -0.760397468047856 -0.363473685525037 -0.476817743784438
-0.781314262605141 0.441369723449949 0.359535010016782 -1.00395255152499 0.438398555111981
-0.396469193197205 0.328651081053344 0.0304247924057036 -0.692244537547828 -0.496804566373462
-0.152390688988782 -1.17193433901059 0.405634238141302 -0.316856165399269 0.363848136128343
-0.260112448941471 0.324542932533289 -1.41989598140789 -1.12129796683328 -0.801975686471633
-1.27552711515879 -0.338421352184936 0.465225201818101 0.0003315483468402 0.078907919804439
0.759154500122527 -0.147453420407448 0.939381597839449 1.07365506478235 0.500213342885464
-0.598452126347466 -0.439712218233092 -0.400360052804764 0.191254261970541 -0.84041315354316
-0.727707931309716 -0.553212415435482 -0.0833205901651459 0.591792808237088 0.16186071129796
-1.51915071446148 0.164308156060055 0.982809456567666 -0.248190865772238 0.0456100551034543
-0.732353488641255 -1.39611430066592 -0.467731631709652 -1.12142736372155 -1.24019147486625
-0.282982067552111 0.350326559774475 0.0103797857187675 -0.0807704466523573 0.442403685584644
-0.280442688685209 -0.691901807679335 -0.847729274773921 -0.693068641276733 -1.17366218802883
-0.40389067520098 0.0938783354049826 -0.876983815599212 -0.79037100977133 -0.482346259486894
0.207793749919109 -0.887492633339163 -0.456445975126575 -0.246740770537395 0.327616977186827
0.572063251120563 -0.296649511345368 0.101169224642234 -0.901414068892812 -0.263291184797522
0.244309476554018 0.546890374097213 0.225476068054976 1.03998803658641 -0.255482639774231
-0.243699704183668 -0.144375627070628 -0.575399525430918 -0.0777066771675324 -0.91432901260966
-0.319945774767742 -0.570477661070495 0.085844568438713 0.275345686652543 1.63837941141438
0.157023760657796 -0.108347878119061 -0.0389349172434829 0.114691270577666 -0.121405999465801
0.367030125863729 1.1801647130546 0.0936158257592449 0.015245661955288 0.457371125565007
0.800160703404781 -0.43600067203739 0.295739862157282 0.481343532111429 1.12984226094714
0.320124379031229 1.83119988746074 0.749315984762908 0.278671479653381 0.671003071992404
1.32918326817544 1.09854355799691 0.578946394806598 0.534035367550698 1.53199825094245
-0.744049477408802 -0.47358767492001 -1.46902307316737 -1.2490193532044 -0.883962597419571
-0.605386822277181 0.15915721783511 -0.593593687519904 -0.0767590455418814 -0.324136069724741
-0.882138692957038 -1.23977578053083 -1.45684974738634 -1.18872108705513 -1.21014619433749
-0.739983789441415 -0.0892708580069422 -0.477488422274129 -0.173560754275948 -0.873901257014955
1.15009455340907 0.483540090388048 0.534902502257558 1.12882304786266 1.36231036810622
-0.453387557100088 0.729373943958938 -0.197106984171838 0.36522824772548 -0.970246480848239
-1.06920286524974 0.225838103202931 0.386690724783862 -0.867643554244773 -0.969193975848726
0.748303669935023 0.326033256762692 0.268256931999818 0.926124891859056 0.208959610546412
0.545699407332703 -1.283820100874 0.250456533396286 0.229526692916365 0.742981909492838
0.146155939732282 -0.256287516937244 -0.552083594655665 -0.711763835636999 0.0125664643462285
0.444208852034468 -0.539538335302301 0.713334614809687 -0.871385084192839 -0.704249331899991
0.712568518099694 0.230500465986602 -0.496272197615094 1.45953739215563 -0.638953694929609
-0.0861012216858006 0.591543098059083 0.0163327346432579 0.409252775454241 0.36991461554071
-0.0606244075798852 0.924130444169474 0.377454250610731 0.0675787657151201 0.410048292666808
-1.60038615781717 -0.634984618194578 -0.0546929862137311 -1.2510407416088 -0.857681327571265
0.550339879506108 0.574451622646967 -0.793292768458805 1.52035353018762 1.55231367204471
-0.0617227604929105 1.32792363004739 1.58215207682915 -0.111738461564034 0.563586960607641
0.108549050974754 -0.0776219065327234 -0.172470143748538 0.507281812342696 0.479168746236353
0.927220252124331 0.176862900191505 0.332651011485357 0.517973505282309 0.0128224558987393
0.467759760284136 -0.376191012551494 -1.37016916316487 -0.453413236746396 0.291139004278871
-1.03115947734673 -1.0860103809717 -0.447843190668979 -0.630500078446373 -0.833588346076806
0.968311068866844 1.02075580503024 0.832149152823926 1.93587077274364 0.460962744678135
0.233436588330344 -0.620893506995003 -0.754520880806164 -0.650465487385223 -0.398306662624182
1.54824493584082 1.08200240494233 1.22133095585401 0.948208559652038 1.26250618461273
-0.303283014035662 0.621382135394357 1.7177288914472 -0.442086763632933 0.719231039952733
0.342043819459766 -0.224926963384019 0.0307641084001711 -0.220708747353567 0.544768014271309
-1.08748132756255 -0.247603103154467 -0.0806287391154561 -1.1870115254996 -0.785566712305942
0.0443021989651135 0.362099794340744 -0.526079454093816 -0.696872364241222 -0.616945563542204
-0.210520799961338 0.14123937951523 1.07362005714891 0.453726104478986 1.15608982390927
0.362575638090136 -0.616000034791438 -1.49050901529121 -0.596367640958768 -0.507804130783613
-0.764179221910891 -0.852016445170136 0.503872601829839 0.757273676161212 -0.33580952148688
1.04018981256905 1.17038178905584 0.656201127872289 0.0660141527189284 -0.423779171538249
-0.205686312529763 -0.533203807633427 0.163871988357469 0.856221046713716 0.207356706388228
-0.337288236606541 0.138739244146057 -0.289718355729436 0.4018485029146 -1.20553154201203
-0.110885763860345 0.607908752344088 1.0422053864671 0.338444436931488 0.415359582984874
0.291490051919616 0.217510403869632 -0.0607335399958898 0.946123638188213 0.53077886348196
-0.68732374664512 -0.266637929212466 -0.255740058038761 -0.994140524937659 -0.150506553876611
-1.17049665722739 0.126942375306291 -0.126031757745777 -0.724447972644171 -0.0910296759752189
-0.710700043272084 -0.535004554736612 0.160363761604087 0.837828482076402 -0.11127074296535
0.593095895434032 -0.343655758263878 0.0511388538621318 1.02305401783036 0.87451304988318
-0.26813257210923 -0.872556897060814 0.411855149149017 0.358058220952703 0.40001898004847
-0.199614819507014 -0.546234953945334 -0.734487072707462 -0.254214824841733 -1.05563905503711
-0.244456712189971 1.36991947254732 0.459926740045114 1.18581204710608 1.11965125569877
0.242039071503523 0.294533013951681 -0.396561439153091 0.116122288644058 1.52781479694414
1.13828769819364 0.225909780137766 0.16172745280894 -0.502675932177181 0.712574656511143
-0.401604077740064 -0.669090756085782 -1.12866691163459 -0.051676226421677 0.496684425291028
0.24900181988049 -0.299003009556037 -0.256102462781966 -0.531255984170836 0.211748986779889
-0.126344952664801 -0.419123240662763 -1.25986857928784 -1.06462666315449 -0.89394483653467
0.468836851736526 0.0106243501547921 0.428353922441584 -0.464145019906155 -0.423445599897405
-0.737389535408044 -0.0102359042732447 0.660655107207382 0.148572368591487 -0.739767213636952
0.437339307143479 0.742342083087837 0.768294412465685 0.797380264470832 1.34527197013178
1.22149614359614 1.78998484390396 1.41252110139936 0.869713794538998 1.34232465905305
-0.766121639363047 -0.403081590206149 -0.291662955558743 -0.948776361225567 -0.642978770485814
-0.56372221267452 -0.686466860122219 -0.0498016112813085 -1.35964833610228 -1.26537316084818
-0.523917287512285 -0.280010027062469 0.555364003111099 0.998415654538757 0.491930005456332
0.538175921302258 0.311180627596392 -1.78292958624691 0.705074805987414 -1.31348546106012
-0.0408028505724996 1.08695152097049 1.49470202568436 0.823993518234423 0.177595747822928
-0.489882832197671 -0.384665528483879 -0.345666506495974 -0.705181287088697 -0.655754634647465
0.803500818886974 -0.477154230953854 0.544852928979503 0.429470966221081 0.425729197170166
-0.774185945955132 -0.623721505431528 -1.27491988483061 -0.870809572330611 0.235696779188468
0.503151079356159 0.126645636314773 1.98322121078602 0.0343434056586274 0.487061403024062
0.495332259224197 0.265057653572537 0.360017114557235 -0.115026465558594 1.00049426725903
-0.427683393525381 -1.0830022740378 -1.16495581211998 -1.2900898773095 -0.227038695349465
1.74467905969023 1.83578377558041 1.59609842485435 1.07259759339205 1.56931353959759
0.910208469902094 1.24822551036228 1.13691693555891 0.233612275162704 1.76185713689105
-0.35266307437453 0.252675401837833 -0.0885920525696382 -0.0534244406489072 -0.114785017172751
0.487453311214401 -0.250589938103943 -0.231092278701826 -0.309876358801276 -0.673458582799653
0.369797829495575 0.640280631601105 1.24576064192125 -0.595118906469075 -0.416060020931901
-1.14796527994635 0.222093815962861 -0.613607127664685 -0.955857903706563 -1.01272707326863
-0.91391838562596 0.150912224966781 -0.0980389215115449 -0.529145721261177 -0.020975273274913
-0.338751205360077 -0.782322590202861 -0.250047063838219 -0.897540658509445 -0.724577993204895
0.502126864271691 0.599312682225041 0.609144956488133 0.644156468475787 0.818360461983869
-0.966777110957708 -0.447579500667848 -1.37915816915675 -0.620268963966112 -1.43549816933769
-0.223195550836905 -0.658865494051774 0.000162201823222519 -0.652200764917845 -0.425138069531655
0.539190024446503 1.49488444679057 1.19679896418765 1.0586837545046 0.517482551071146
0.52575139538942 0.52798339824395 0.92946588154792 0.623473666848486 0.696752842628095
1.04827909628577 1.40221742252495 1.1144081474557 1.23457287749428 2.04802725624236
-0.407452569770847 -0.100851309104734 -0.979890400813411 -0.670825608643884 -0.873226434643464
0.47503032404035 0.624024261122272 -0.0817665571231509 0.454553776605337 0.141411023548229
1.09293080825964 0.930161616898921 0.429364323584459 0.420829052623095 1.32962979916656
0.67225496560149 0.152361565452985 -0.00932570881070529 1.2823178228709 -0.59636922101499
0.113588611614143 0.402739631562299 -0.0739342615411511 -0.50672755463539 0.0898999504623698
1.20030699074053 0.42477011384376 1.82392172123605 1.11463150090386 0.836431282035696
-0.650841035947073 0.457720800844076 0.385267090659561 -0.498867532404677 -0.600219536368884
0.683660058629781 0.282515803723525 0.499098097276808 -0.950357033819577 -1.11654381791681
0.326693025601481 0.0172281668049464 0.155278046672198 -0.281990405789748 0.0738421372871858
-1.31396817061589 0.212348960271892 -0.760598685856536 -0.558636892773404 -0.407325156718143
0.0952631101441338 -0.0291166812250519 -0.66120413647934 -0.350872964983346 0.0991149048194132
0.00700177122103092 -1.06328914375924 -0.785458733423413 -0.262009493663774 -0.697235379876389
1.81661433907963 0.605692202409569 1.07430856525497 0.536484876945908 1.30118462903042
-0.142220781554514 -1.27127545926182 -0.695609654942033 -1.06627625771658 -1.14904750604779
1.25533664353714 1.5628729971752 0.793189628326091 1.02190640066405 0.327758666688397
0.915323674203737 -0.403066410881849 -0.22212861509279 1.02417507501367 -0.471569229234271
0.263876678226405 0.319829997001791 0.83724027612936 -1.13818799438999 0.0544082949171299
0.145409687841148 0.357311915736204 0.720999531286411 1.18864270136005 0.176410475711058
0.911932591834527 0.215859297668187 0.514196238506946 -0.684362319286879 0.604168938895032
-0.984125692450783 -0.785326876863198 0.40124287772598 0.882261844445979 0.179262154172308
-0.114431700692255 0.139882580883415 0.0621330808657655 -0.709972784340776 -0.441485982163836
1.50534075604701 0.688520211755025 1.77153537985027 0.96159311294237 1.57970298489687
-0.90704610459749 -0.718376104136619 -0.866663224247442 -0.275284961315942 -1.05593573743835
0.111152724700489 -1.42859452750644 0.640778010824657 -0.10882788191044 -0.547832261220419
0.990674304673998 1.26188013452062 0.959962052958541 -0.105355165803174 -0.269855608530813
0.201842208225076 -0.307019316268814 0.693730449439425 0.576585604191753 -0.809405406468432
0.220278435467688 -0.471637765351535 0.087983009923268 1.29591961896031 0.232485314703408
0.0145650344169801 0.0452452903747098 -0.480969288829889 1.18197843385694 0.628356147217752
0.0761353058162881 0.424572341327612 -0.11324591139349 0.170363497441638 0.228572006879036
0.304784180904302 -0.163548536701073 -0.251277680065498 -1.24635089328925 0.149484868925432
0.742223332748641 1.10922158350872 0.754858402511903 0.237176064209645 0.536975428173819
-0.355769142073972 0.797702315371207 1.07360598195165 0.0976061795456408 0.470081283748338
-1.99796945642818 -1.14633105897094 -0.410558912903563 -1.25696867659163 -0.416701584784026
-1.20657164194894 -0.419832561531013 -0.22737172764585 -0.643769961028 0.299751040068061
-0.445063992582057 -0.787795870141775 -0.983191712821389 -0.457005325538814 -0.59324734309025
-0.0547130569655181 -0.90884141341225 -1.69777967972608 -0.855025400085619 -0.357389351239383
0.144038982494145 0.530625399815301 -0.157697089243034 -0.196123394530738 0.276924943904924
1.32482852335827 0.849519207595045 1.88673740968094 -0.0391846742388019 1.09237075668504
0.352855569858748 0.471381254761741 -0.0251908086604687 -0.944502264468883 0.215839199456548
0.684690929178983 -0.150041085321564 0.611983345172403 0.445120765090774 0.767712094736763
0.888272182006944 0.103999107453804 1.14484830753531 0.505562742051613 0.586339445304387
-0.867683795633877 -0.272716606663003 -0.546243133840724 -0.920992620581921 -0.89952526175716
-0.168079317239305 0.0158338767030094 -0.146158947352485 -0.171296323111784 -0.569205450759846
-0.15743573263184 -0.194412231195743 0.660153502553886 -0.189588614317843 -0.00437547376381243
-2.31743688079695 -1.62279721049651 -0.484556496225182 -0.422964313923413 -1.37378218510967
0.146251721842319 -1.09651262103408 -0.525802144499982 -1.32609888431738 -0.437567360035897
-0.32091322053801 -0.425524642238705 0.559061375936642 0.237568520733187 -0.905759463636355
-0.134386550390294 1.01947315712087 0.932465683644229 -0.287253547471034 0.868314435501206
0.0766492776391708 0.80282576209915 1.64756409203644 0.249498739663483 0.43230936350643
-1.21759251348766 0.465736964019298 0.258379422988155 0.0187264850643625 0.0435319956930453
0.397825913462594 0.696295741107946 -0.506077360317958 0.299696965349702 0.0132681769118995
1.42198538671929 0.533808100128473 0.247440984346633 0.846987598741151 0.360763242156073
-0.769056566239224 -0.450731663827981 -0.360883719159177 0.549384029140535 -0.693708468495713
-1.00255097189889 -0.375207738842893 -1.03651864994474 0.167977901693723 -1.39886318212159
-1.09631265264053 -0.147761262960047 -1.39911331002523 -0.760915219399273 -0.116714272465671
-0.831916207674804 -0.353872598329932 -1.15765468573306 -0.617485818301428 -0.622615088347619
-0.202695355889182 -0.114793577224156 0.889367006650617 0.0495134836682652 -0.637693821209874
-0.570387554980569 -0.893816741155002 -0.00909786962446279 -0.89216550084253 -0.729815551124948
0.364148393526181 -0.65581663739755 -0.0310257216421252 1.10797782600694 -0.366450574279912
0.586823923889414 -1.55611718377892 -0.123364545814047 0.0319017648297961 -0.699607956473535
-0.837057925213275 0.0707038701073864 -0.872020482159439 -0.090014365391747 -0.649461494739517
2.12962869326952 1.27680578785065 -0.0434474447888026 1.16950871439292 0.632674640386063
0.0248244301878453 0.145167089016076 0.114420837033308 -0.376225571233433 0.602070916473559
0.428343299496633 0.568863786921019 0.317395042462288 -0.647684730740413 0.366999918467512
-1.35063966214662 0.233091768183717 0.827674160376584 -0.601757218675893 -0.7355863728315
-1.00261824839944 1.43371451268151 0.463429360542131 0.390634963000955 -0.79700228877991
-0.00303551712436782 0.205000626116922 -0.430744816781415 0.970362069443252 -0.409780867125666
-0.497282240454884 0.881619411914171 0.39330967459075 0.468365145092856 0.806725503944357
-0.367255389165728 0.233310655262026 -0.849866313660057 -1.04082405760188 -0.847539602004543
-0.277136755864717 -1.37112184182257 0.353228667423412 0.714861475767333 0.403914443995241
0.827672327546152 0.931105030890469 0.63502164152726 0.66958768839962 -0.457358548462317
-0.854829320861774 0.0489011626785799 -1.19160321593087 -0.471339640849702 -1.70412247367486
-0.663768856744668 -0.733446636460257 -0.929571071840129 -0.488348592979639 -0.886077188672138
-0.649603071132024 0.333492684469192 0.934368769434978 0.536893562029173 -0.721236611350274
-1.20191274140408 -0.745264938974857 -1.28486826926414 -0.526823133373496 -0.960533892083362
-0.174795308483055 -0.173000643690118 -0.229589664591215 0.245198832313661 0.723461958262207
-1.54507389611923 -2.11312157901594 -0.429771000776692 0.753484435219151 0.544045264903671
-0.0358254160305752 -0.520864595651247 -0.00012082577716422 -0.197508272546793 -0.586033431148999
1.41187485561233 0.514840444566773 1.02487810279196 0.895901595928905 0.741605536198294
0.301860487677376 0.055838230553402 0.169520971086808 0.425407031947022 0.178732981323447
0.865522643420835 0.287442541890364 -1.32124625292834 -1.30484951442992 0.934157273744165
1.53393081309159 0.440382346474466 1.30962437712125 0.997629482287276 -0.533906866080438
-0.734721980156922 -1.20122839774976 -0.322054779591843 -1.22259864945843 -1.00640946857563
-0.0111553921795115 -1.21218427944457 -0.413813611127505 -1.18478555153963 -0.574528053593984
-0.5668876819306 0.330273298674569 -0.250306701718271 0.289070602631145 0.257257894720642
-1.30866500190667 -0.469665164363005 -2.09434647165358 -1.49499487581019 -1.16645257525121
-0.678902540149915 -1.09818652064364 -1.30186016601991 -1.10464255076405 -0.785763018832452
-1.23972815527982 0.56425354333013 -0.767600704439439 0.561795718812698 -1.15573120261315
1.12090290295758 0.273935307974439 0.461419734782204 0.888974945755232 -0.144800437504066
0.393118735115238 1.24650599001375 0.804194969200462 0.32575292823888 0.613138971716507
-0.720684363632994 -0.360716811912136 -0.961289318955349 -0.071872655907281 -0.61285433992683
1.36216760077047 1.3113786287178 0.530392523540767 -0.061488723696802 0.688566965458862
0.66142135812791 -0.799537488910416 0.0624335149871889 0.364527983441773 0.335075906041669
-0.0490140964077123 -0.600566069914849 0.145896109336286 0.0794316341493989 0.588319198211219
-0.797214794094259 -0.730914174659565 -0.588980161459566 -0.758573915141317 -0.542396894617975
0.147040060867711 -0.901155973940356 0.392861555887448 0.484018172227452 -0.491846975399267
0.0754024988545629 -0.356555442543678 0.643016397454049 0.40051879895475 -0.296965234084412
1.23907757820654 0.450698059200372 -0.015369818821541 0.742316074173121 0.0240663821360969
-0.194508674611255 0.691976241417547 0.294434942007928 -1.36961040829381 0.753447887409232
0.27612449362824 -0.131437034269322 0.18770661585739 0.360726931404703 0.418600321936648
-0.213690615681257 -0.892478715459004 -0.430034228491562 0.232691141937378 -0.757619760161047
-0.30394169663117 -0.504606345958024 -0.471996851370362 -0.663031058415649 0.388496267434802
0.722882289149421 1.07552399268868 1.45924665636528 0.804148689874898 1.05808753965491
0.241128639103588 0.815973898299051 0.223918303048332 1.00031095687919 1.13716866087891
0.120592553033883 0.195596996412866 -0.167169383387585 -0.441696786912951 0.948424138209279
-0.860662598560624 -0.248438911980206 -1.10025186645654 -1.02915554142414 -0.489865542796508
-0.247794062198655 -0.938836123060198 0.515136646967671 0.788229904196845 0.105574782898189
-0.00257715063565044 -1.25278596524586 0.0403960496735918 0.427670965016372 -1.45272206036255
-0.157055630541224 -0.567864284055992 -0.488558833110529 0.324526679456067 -0.462359723363543
0.440634295144425 0.0147874549845934 1.50026637476122 1.23710711111479 1.13160431724063
0.00887486637403182 -0.151674571890587 -0.15792987313252 0.614217915811116 -0.390570886007419
1.25507626534808 0.485818326740995 0.16191213362283 1.73058718941392 1.15065011265465
0.903176673471647 0.919849547479339 1.22483218434502 1.44624555514561 1.36824787628694
-0.507719189429401 -0.24812310609075 -0.265461122615933 -1.32990944685868 -0.745820969877724
0.129851643268256 0.0986855295915096 0.377193482228452 0.251696949542083 -0.150919066836106
-0.441327298833639 -0.243374644962729 -0.0389906779024827 -0.0413766111911053 -0.380900919981295
-1.37685938036674 -0.888924241955809 -1.68395323013453 -1.27563549881698 -0.579919417170208
-0.630417744904762 0.187112904866134 -0.717660005758204 -0.290017739555065 -0.200695704023607
-1.45625793662772 -0.928207980781747 -1.36669488447628 -1.13316807515052 -0.831930188239989
-0.846561581798951 0.216173189978482 0.133751743518695 0.446397950936217 0.000963131771923662
0.679506338704446 1.31989780274376 0.597805954815373 1.72548976712188 0.989898062062166
-0.333934513390884 -0.242468493246048 -0.664960694370727 -0.95328277786273 -0.351305983584229
0.532009871786165 0.283638999115552 0.478865502097852 0.140747630759064 -1.0192804298995
-1.09775375955195 0.140220204567342 0.493351258023811 -0.864031796408581 -0.834491622019276
1.62292679165289 0.631350014586098 0.823282915755913 1.12454671218678 1.01689940368784
0.315781052986954 0.134286404256703 -0.396757703688014 0.691584563774392 0.220324426685204
1.26758258494084 0.85865743968796 0.463322175880145 -0.255404766273694 1.26363338174776
-1.08485092160622 0.210602308315746 0.441612183533008 0.137063098233062 -0.636765510240145
-0.370099408316776 0.0448910921782053 0.307439769571752 0.396792940348979 0.518557394560163
-0.0352456195508961 0.533357660744061 0.352161015887572 -0.414644763493491 0.269173559726994
0.944756192241696 1.62481921550057 0.883587558786493 1.34619811291973 0.351422982583871
-0.336537177648215 0.101914447014647 -0.883227658805151 -0.125061487937863 0.0704463620985359
-1.24979244701615 0.351521990947255 0.129370580247327 -1.39785814847344 0.173304733582003
0.0354951592415441 -1.29289986975293 -0.525472468266248 -1.38467167177715 -0.717578212002457
1.3063742243113 0.994540935372831 0.450785466641249 0.523404241344912 0.716302531342077
0.557730093563336 0.796127664813665 1.46777969920393 1.16113759146454 2.07442727531403
-0.659807742152449 -0.146967470939355 -0.282830938356935 0.547100074405534 0.628889366288557
-0.526510250754396 -0.346615657635934 -0.427064707700543 0.228051488032981 0.274883882894702
0.193517588062492 -0.280960568973253 0.246783209978489 -0.15507138233188 -0.579491999015889
0.627204291964775 -0.155529243302467 0.146844540253322 0.285554021793315 -0.202350090367347
0.815670874950391 -0.689908370576208 0.0263483304766465 -0.790085908680787 0.470486394245892
-0.868833534956078 1.02967214766102 0.119118639603259 0.762143779771046 -0.0537912113487626
2.27925570561275 1.38379208448386 0.941406949620644 0.84991389904141 0.501039609936034
-0.896983785784828 -0.472783496248061 -0.412775576336813 -0.767933361985049 0.074226529081995
1.02635092516265 0.538220490109976 -0.178075768815889 0.844927811668454 -0.183598745396129
0.559166906461849 0.442292871066069 -0.544907986274011 0.682642005063839 1.68368655892781
-0.717421132960228 0.0390152401811464 -0.238176647749172 -0.365273494258488 -0.982282565019413
-0.294432987346875 0.166821362113042 0.0811960259574024 -0.16804231507037 -0.172310458116881
0.880562274604169 0.520134963813257 0.268912938516842 0.18088436813763 1.08339692840967
-0.421365013891415 -0.549721463505616 -0.736771523554957 -1.70529161742486 -0.479859929526867
-0.610241766974642 -0.688157463877507 -1.13408289294402 -0.55287083112238 -1.3409213062786
0.187782456816732 -0.63484598850888 -1.05810901401821 -0.79608503038186 -0.634117368440206
0.488362569192115 0.313174282979432 1.18807099030129 -0.670450492417927 -0.42359986799556
0.204382879645523 -0.649986637791142 0.17891881239533 -0.142965881197323 0.0916987424988857
-1.12475149746038 0.584041323458904 -0.614526637410978 -0.411729011800942 0.290679043097479
-0.776810482397634 -0.505276126487544 -0.428956843330603 0.983499150174302 -0.815047109675588
-1.35372949142241 -0.591324243500479 0.117061276196329 -0.058978474832945 0.521328881773946
0.653161108793136 -0.542844951713022 0.766901303685418 -0.685362551216377 0.270530099363617
-0.0298548892781098 1.22654998472763 0.192419805569173 1.05606955210038 0.243267556078021
-0.703693245164768 -0.402161600079002 0.398575011033548 0.485799431202054 -0.446445599595156
-0.236190834333189 1.03316020638407 0.517644125891986 1.48072493911343 0.550393586124326
0.901849492936522 1.45039271181535 -0.550429046312944 0.330986966547102 0.0732634642852672
-0.749328905585297 -1.84844323671927 -0.598390613485627 -1.09268125826109 -0.807515961973403
-0.748709359276121 0.678650706271752 -0.683880688447563 -0.187743044360817 -0.827214093322723
0.230244137527822 -0.051875524509603 -0.325646328161177 0.474299151209539 0.948171384114125
0.567004861921183 0.806573212046691 0.546197039814042 0.136558804340295 -0.897310510226249
0.130182964827183 0.180631046235111 0.572972846688713 0.845171309357648 0.543217431819413
-0.820406035494297 -1.53615448426368 -0.309396431723456 0.0298298441800498 -1.34387333956226
-0.0387665812332763 0.163274307746845 -0.290793312957135 -0.678485011190516 -0.190860572335958
-0.120884439458702 -1.43944890490759 -1.335892558326 -0.00559660009020508 -0.593590319078087
-0.90051750617357 -0.0370039683318909 -0.462371214104742 -0.463673884335933 0.153778660249324
1.58787242945443 0.304861980099426 1.11298157863203 0.758768833751084 -0.246414524279451
-0.653480161104828 0.537072544013507 -0.297820218640836 0.707651352498807 -0.33394678928812
0.394867871603565 -0.490328706864999 1.02069876655482 0.278786068737215 0.00886900883788975
0.30068642010105 -0.507119368869029 0.764775807741732 0.573825214097474 0.278529210711548
0.555025678044737 0.99112139005481 0.0923857312610691 1.2393161681987 0.436429043010209
0.391135394072108 -0.592288591221989 -1.27641658932876 -0.374874076878427 0.110450523864979
-0.818087905966222 -1.06262260813282 -0.763807291060871 -0.381859288222627 -1.26669357708035
-1.77352135248161 -0.821930487947443 -1.40457158497114 -1.31761570422901 -0.61826777072976
-0.0428419620726058 0.154513573483021 -0.435259129178133 -0.35807663381452 0.236408905716317
0.988257803084045 0.262539494168848 0.175839879659501 0.894394938712581 0.197772830072591
-0.786753466538756 -0.308275170655353 -0.690562348606809 -0.572730802167952 -0.686334405015829
-1.61224846238129 -0.940457233729681 -1.15455988170831 -0.580351560142398 -1.6312694645591
-0.21780233293037 0.0407857209617609 -1.00361077509563 -0.513552147867841 -1.0179981200479
0.0816159571703948 0.948857165202261 0.359912577964085 0.495342402845087 0.988100638044037
0.523775608939142 0.352303895205531 0.12911555345776 0.997000534164487 0.14313561185752
-0.0126063021376716 0.534850734873789 -0.664338917539983 1.0697408849627 0.768672101229133
-1.00774959716888 -0.549971867572998 -0.828348223887878 -0.198027854663232 -0.247151527782938
1.26111977949368 0.633080313004054 1.37398803684565 0.748333044195789 1.28946999687336
0.045298042764555 -0.388054517063233 0.914085795537644 -0.221772467169008 -0.536884579060623
0.889617039855856 -0.5535485346291 0.647403309622384 0.398796556401804 0.616128104933981
0.868954087220507 0.170650898066483 -1.39784276658386 0.512274407087844 -0.439887619704449
-0.118519951102235 -0.139612713757044 0.52817025158222 0.711872738724308 0.453957636078593
-0.573625376277363 -0.0732446832045536 -0.321169236558397 1.1999601933813 -0.299931948662266
0.196742809694138 0.157229415038701 1.32008739568585 0.318265632116867 -0.90922094801759
-0.80899929788507 -0.762525768327323 0.437410741317224 -1.22338399781117 0.329036170223238
-1.33276381181528 -0.361966301172459 1.1078969415595 -0.363510193978627 1.50481099230217
0.114994164335173 -0.211966914161841 0.0662955778221592 0.272429237429279 0.456001571235769
-0.0522392271262245 0.752926429833809 0.474772640578406 0.768621174883393 -0.709405765995644
0.826761273392454 1.33180543163282 1.56928298300767 0.932249471769985 1.0478177104203
-0.638934256342143 0.528596078132177 0.0293952603875392 -0.114040680264409 0.319288215367658
0.00877284044030325 -0.877408661673941 0.626975716043278 0.219948429473374 0.0740847716975472
1.48771092036325 0.697040801022304 1.44097879598805 0.651146472955366 0.878118017998284
0.163281973116273 -0.57746614892423 0.510974055919719 -0.249936653355025 0.0614994459083408
0.316386247121976 0.563986406440107 -0.333536350070706 -0.572250906151235 -0.7073306901813
-0.725758529217967 0.117057999024335 -0.220735543402155 0.0698650900076018 0.184647005158173
0.102652558273548 -0.512089795133693 0.0786439192441879 0.714955221987883 -1.17255951098191
1.02917492678842 0.124641848321775 0.921164340837286 0.798581995197799 0.907735576390376
-0.193298982025583 -0.793672735635335 -0.262750745726768 0.413901044380439 0.326090948156144
-0.52932767549409 -0.943338839032613 0.202585849986551 -0.557981527540419 -0.647027467640381
0.511808023045713 -0.407004736465304 -0.626147691220411 -0.0134856067862517 0.0346328655734847
0.0596832006865031 -0.138551105947514 0.313585207424968 -1.07482189398621 -0.909468848744162
0.412974957952721 -0.387332074216583 -1.02149865364118 -0.60266505885586 0.0917692758713684
1.26558293122336 1.06106096286066 1.16100081936926 0.18762239344397 1.22406555374936
-0.0298215328705739 0.0334603442302263 -0.880226463122994 0.0329134311808528 -0.307201370712759
-0.798028019150326 0.28373536136258 1.147072672381 0.851517581960258 0.476337405007066
0.231958899176271 -0.787111413422028 0.614057532375796 -0.154392681665665 0.351610715653497
0.167045320562441 0.147889204130287 -0.356490595039137 0.406252480173113 0.408436081306319
-0.0888500217968774 -0.0154050295262017 0.238966425879205 0.239296584067708 -0.443246639424521
-0.675141634134124 0.536251591064455 0.394663845797256 -0.685901133322486 -0.852792247672647
-0.0757413542759144 -0.1974187442959 -0.23697031006444 1.00431369945033 1.4455495172885
-1.54787880015645 0.379846034400623 -0.519632017681032 0.206685049315159 0.212893844847268
-1.30818296370063 -1.02539246238151 -0.661445129346069 0.526303538950017 0.334587582091684
-0.259176825628098 -0.296910295241592 0.114230219446205 0.231926088983 -1.18399577518462
1.12304509897155 1.50053417904474 0.460250333039826 1.36193820021288 1.42329979517776
1.49799417016545 0.473835561647814 0.100639029118686 1.31942897322216 0.333259377861879
0.673761807953478 -0.321674538548481 -1.27155877451162 0.0593496608695138 0.293061364521924
1.43559481142631 1.78222670423197 1.94252252577603 1.61381461182963 0.945018929110727
-0.888748853760497 0.509552543666881 -0.212806975936424 -0.199656589343792 0.438155306014764
-0.694419684754995 -1.51396780294411 -0.130696516015071 -1.14882248268326 -1.03226477748799
-1.31101849363545 -0.296337363277663 -0.782398915494675 0.295972959219449 -0.514747245923379
0.255103557104184 -1.4279038966937 0.283871100705646 0.256909414148725 -0.186649715857858
0.267985487632847 -0.619650106611912 -0.999830657313462 -1.18256050751936 0.51371187537829
0.303044131241031 0.948507091431152 1.12451672558657 0.842523470219625 0.473944382769194
-1.00428855765369 -2.10242602165854 -0.864565344276095 -0.387201590011691 -1.61184217323854
-0.413697015064584 -0.636831813474245 -1.0052495148076 -0.116649653525224 -0.543773214228138
0.0969490456511049 0.825230683136874 0.495650801326932 0.534308696040066 -0.457100637542094
0.802295086990731 1.92322034277639 0.854058296286352 0.560717444207066 1.53227835028413
1.16358057066362 0.0667334417370671 0.524449062193448 1.03376739976094 0.65007088504357
-1.03587034898673 -0.343272456705518 -0.307207523288361 -0.797673066437074 -0.273780886062316
0.718533663217223 0.95851219443973 1.52080707016235 -0.992292768307536 0.246334624247857
-0.0335240771732194 -1.41151387501468 0.212492877554223 -0.556474211961736 -1.08439924379096
0.824706161089535 -0.651678697794455 -1.39510660516912 -0.498808328616168 0.0828126174533313
-0.577013377442496 -0.840846500542084 -0.150684255353655 0.168415808999116 0.178635585830196
0.685106223065207 0.098028383910871 -0.42892821259334 -0.573924793439115 0.379765888541209
0.521386740583747 0.615910051153798 0.701051041139559 0.145827579539543 0.776584190748829
0.345940948310232 -0.324630633232027 0.766850681490435 0.262051236151937 0.165655894155325
0.558580342104088 0.42928607258892 0.0106314833733693 1.08267268977319 0.424822781263067
0.112150361806286 0.444490023500587 0.769925968659523 -0.290860065138573 -0.23838157424757
-0.353429735706288 1.00939526827124 0.122201538990168 -0.596469313156764 -0.038194552195259
-1.24747393707639 0.256428539636096 -0.423305938621243 -1.29309255188266 -0.549811735910427
-0.246877386086951 -0.0122695779314653 0.803391199079804 0.154277833093275 0.625841225338225
-1.23108203958604 -1.24554796159756 -1.86765200452742 -1.18615045419821 -1.6761352539234
0.465726122917969 0.952649889790952 -0.372742105376429 1.26369496359582 0.972760721900968
-1.48151319616761 0.601374714815955 -0.264720595534469 0.0556688892135129 -0.22202614062873
0.414412416886125 -0.207118432792358 -0.61662894178582 -0.80529150411765 -0.522138533548185
1.79407461524711 0.267173950687684 -0.230107980012808 0.419188328040448 0.347112437656351
-0.21334032366607 1.28406127444933 0.754230414529428 -0.150240233587805 0.48860718846561
0.0362372044348898 0.924864929672316 -1.11480989555535 -0.480959243659878 0.301834383279876
-0.975594833680363 -0.608746052496837 -0.0040107243476101 -0.88622725883575 -0.928084102767248
-0.599063973967255 0.234395176390796 -0.616667379594079 0.101814843790523 -0.53658772007154
1.55577063587191 1.40981108237714 1.37815195271039 0.552820588503941 0.970242933996578
0.714010117754784 0.189390616622576 -0.315670994065577 -0.0578345512666297 1.34579344549179
-0.935471159374515 -0.0782695024467171 -0.786724909166485 -0.37964526786448 -0.151298910256243
-1.64541037467202 -0.298674930924373 -1.02185425796387 -0.270411269322841 -1.02040294825578
-0.134215252619308 -1.27665646170277 -0.546534265515411 -0.7908116134141 -1.11713507876029
0.0377781951449274 -0.509620323544738 -0.260991838640378 0.00746353931301326 -0.797104502755354
0.18278579920284 0.236229797370883 -0.249548215019921 -0.107277325038043 0.225241850886836
-0.853087026112204 -0.693951048472192 -1.27168874685419 -1.16330564181781 -0.523176748411736
0.266665504083279 0.108632604892958 1.09148740595772 -0.219220253245502 -0.304096758173161
-0.0589744667901926 -0.828333916408906 -1.04794412082717 -0.0309751498629564 -0.373995267481014
0.117484272751438 -0.725839085122132 -0.878007632416832 -0.31121982277315 1.19543823485124
1.03281358954348 0.0852027104986335 0.708467406388216 0.367233970294592 0.481612248877796
-0.497792035111782 -0.273211992706457 -0.27229837091469 0.402995432006003 -0.873427402953563
0.484437290657337 0.615099403218836 0.893303750162001 0.0766416449795912 0.863324843840899
0.0731203387760254 0.0880696473827943 0.277250776127093 0.59105495119167 0.219076616498683
0.378011995737835 0.242616811154668 0.31080214811905 1.78997168388605 0.0670132466864593
-0.76854962662715 -0.289212971091011 -0.491785598589142 -1.48224344833538 0.37838187583276
1.59714801571676 0.535197006481923 0.252529877090233 -0.294100529381183 0.251704683062688
-0.731220250603915 -1.1072627350619 -0.768912191969817 -0.672816067866377 -1.10196121682328
0.458557243571436 0.657511342413601 0.197224248107886 1.06409020945278 0.277936472847329
0.763677329218929 -0.0473287525716031 -0.702484907654779 -0.316183889142332 -0.393119917299499
0.29967246978294 1.13149909687063 1.93908022790759 1.47267076312561 0.277506173052557
-0.168673890790878 0.648268608871833 0.227314361739844 -0.362530348443762 0.940264417886872
-0.712065393613816 0.101931661837054 0.301653236892351 -0.625236159308128 -0.72210111670522
-0.0553564752316057 -0.506521574810944 -0.779039487332901 -0.106930983940663 0.0804807701012403
-0.895084824338283 0.387352122614798 -0.0131787846890313 -0.671335058070498 -0.639981410868299
0.722016522543619 2.00582220541435 0.884349486791469 0.958980747499993 0.0985664693292307
-0.568382113646618 -1.60965127499478 -0.641176208027003 -0.732474917129421 -0.406077154107713
0.927948627289905 0.502701174668026 0.966235530529841 0.273085018618091 0.455273761022524
-0.828028629512181 0.128477414539689 0.32801496949458 -0.512777687531469 1.28156173556154
-0.247081962787411 0.698426191363907 0.545248449699692 1.1607941208733 1.36873876585581
0.194497257398175 0.384067792048205 0.237762175543049 1.2661165319939 1.14488531368163
0.981240520401782 0.58882679442296 -0.694137722779443 -0.176414788893236 1.38715124177878
-0.698635774426058 0.678503068823157 0.155445072013208 -1.18652650566943 -0.326921628597406
-0.222213126754759 0.383518768162886 -0.164952544645903 0.0792960635225825 0.0846625439410947
-0.211183900034698 0.1204030568483 -0.170906097662875 0.155152341287422 -1.00485591902125
-0.426176373630843 0.00126342685303839 -0.0748689794827459 0.421506907197657 -0.861638807736053
-2.28920136817844 0.176109954877784 -1.12078310425894 -0.460011966749202 -0.887182544029453
0.446970732692774 -0.407319838700895 -0.66364097146822 0.210046783764804 -0.715126234467
-0.0537484487251436 0.430786192593117 -0.026933721595759 0.703801836531023 -0.599284196634934
0.674275492258608 0.535676192694795 0.310314059816669 1.15778823795854 0.652719481050703
-0.641422706039766 -0.0997457854218867 -0.0361078067809389 -0.324870877569622 0.890857340813533
-1.40275176142646 -0.516781177458466 -0.568147040944439 -0.234666723427414 0.711095276353451
0.393354489095259 -0.496317098116244 -0.806461134813042 0.0141694019444876 0.040098597724768
-0.0640465864905445 -0.268864938063705 0.165342650592677 -1.0870019728978 0.535815755533743
-0.283847157094176 0.546341025722983 0.685826788535701 -0.503014175564295 0.201596517179072
0.297339747366421 0.255071148397837 0.855190930886826 -0.736092139253757 -0.880964213221441
0.533258371317894 0.423084433027084 -1.32282683125287 -1.32413713727797 0.337305544947212
0.807835012080775 0.215445345920637 -0.31234847535822 1.65634561770359 0.312148679928368
-1.03548481863034 -0.772265184986097 -0.198655638483287 -1.20074684354382 -0.481671834388366
-0.666145478538705 -0.941678870514879 0.294452897227593 -0.263151966209865 0.0557398140602736
-1.14856444063081 -0.325174734941384 -0.601198404671934 -0.238168420652994 -0.220394818962165
-1.20449380160193 -0.413921568983269 -1.01533917432444 -0.470225186454156 0.324815590965338
0.955983283037649 -0.879554439106859 -0.207940515785628 0.428463185093241 -0.834069366808262
-0.0879129794002657 -0.509146202384087 0.454931125698484 -0.384740400788045 -0.905772580965127
-0.803287426443008 0.137787668971907 -0.75286371497127 -0.362079086010622 -0.639085785574297
1.29665642154431 -0.9650430107398 0.58894072423948 0.517777386630182 -1.08829719032037
0.273061738494697 1.75349876129709 1.55136242074588 0.230477540345369 1.71659151302908
-0.199159267588176 -0.596874739700893 -1.03573233737279 -0.839473903679112 -0.466471156360331
0.283320709981808 0.0531433662572873 -1.15220891043034 -1.6203856372884 -0.0669142475472818
0.821450746566211 1.44285715268977 -0.801429911458944 0.766668267434658 0.477595635068343
0.352685455107689 0.166347336759288 -0.7106061010429 -0.915682865859929 1.31986833203404
0.49943246200254 1.11467488414915 0.848640957903898 -0.146267984794318 0.0589050871394077
