-0.872674199734457 -1.4873221004902 -0.447955788209453 -0.459768671050305 -0.78133291199417
0.676914905150966 -0.636594251179298 -0.874212707223277 -0.105802005832272 0.160760787264126
-0.356424847852568 -0.389238727935167 -0.509221747647326 -0.531976487259985 -0.990009094777517
-0.926443577646362 -0.469326498360374 0.578663746435395 0.636651813650865 0.174828803114652
-0.368689993199711 -0.00720181176740124 -0.42799078560978 0.295774293992172 -0.721331357274345
-0.727451515796902 -0.544699616106189 -0.547234818973732 -0.502699583137138 0.499988218700497
0.514032220290935 0.250955662002163 -0.404422066798736 1.55220408186779 0.0677728511902961
-0.806528354936076 -0.258750665544265 0.114780266788957 0.754951280920207 -0.115881676188978
-0.824041081384635 -0.337965369497388 -0.268235318921623 1.22354879932697 0.70152567992025
0.907952554133861 1.01106890931656 0.39851047313594 0.544776318395843 0.288880137059111
1.10754753333979 -0.295751659448182 0.0729672351954579 0.0817421785151148 -0.342635980310264
-1.27665219383757 -0.75174350765212 0.173638975035252 -1.51431419869105 0.39258286921928
0.513779481977177 2.0554092965952 0.802409305406703 0.976850374134287 0.213869713155665
0.994190982643257 0.0683873491066856 1.47185457435314 -0.514363214700662 2.11133066412031
-0.256880974641477 -0.190197057178462 -0.483379331343228 -0.331216160575357 -0.95090507446665
0.836564702929425 0.0634052772179283 0.201708640841723 0.706734359851044 1.80253760549542
0.551097375146522 1.2975304612474 0.794509953084426 1.25745732378842 1.01954433434684
-0.490866208402476 0.355801657595 -0.59830257540303 -0.85742322133542 -0.488706023151241
0.0262921673542153 0.780087073628177 0.850026008196311 0.25410917887336 -0.442917641826315
-0.648751708390729 -0.60654319652887 -0.475203075130792 0.230919021578629 -0.853748425446252
1.26864141913008 1.18103367573577 0.479963596349452 0.681675836448498 0.99038476178744
1.25142026124781 0.343321864971673 -0.174079097832288 0.376053985572209 -0.678626389471691
-1.61677356319136 -1.45928568870997 -0.596810601459883 0.00594937666358937 -0.244805895271116
-0.196513682657201 1.04908609151805 0.380444209206274 0.127679543914563 0.813062849378395
-0.924355181923647 0.176061642342465 -1.01195421613043 0.240068811673402 0.253865869042334
0.245168620424461 -0.829176342725806 -0.871538434863008 -0.332373230890736 -1.46490304677914
-0.544871962808699 -1.49699491920504 -0.24495514708209 -0.670644727956737 -0.335460152160406
0.207727785405042 1.57848504800012 0.694144407271262 1.08600535254345 0.508621591979248
0.0896059527704804 -0.341185551630846 -0.164802085796473 0.281251165442324 -0.350182237984593
-0.36614916456471 -0.573366863615211 -1.42881627085326 -1.30096474898369 -1.75438634034009
1.55474230528559 0.570467851911667 0.161757412041393 0.353285787541406 -0.112812457801806
0.881716288066887 1.37439132007433 1.60965143505221 0.260328571816283 1.51044928303069
-0.553103419210544 -0.0253879878941474 -1.09095285926647 -0.580493103094033 -0.537332352745078
1.36503940353673 0.566421610041132 0.387782656942438 0.471606421444213 1.55747101465797
0.573026023015868 0.634723259147298 0.0537854095078374 -0.756296017964319 0.860028612109344
-0.79519411528595 -2.18178946288313 -0.456241361534061 -1.40616404654738 -0.741538314930721
0.204727597094093 0.429034605546418 0.902723845721974 0.947447591717741 0.962135162016129
-0.0151134107426912 0.961721639016363 -0.501267354553681 0.97765043373697 0.561054000495828
0.465404050349712 0.108597312273076 -0.494935090086946 0.0952024846650683 -0.703343867225073
0.213555917467171 0.7565315727304 0.0589492752526175 0.388300267677491 -0.581661572940255
1.1336693721984 0.442952854161199 -0.116121193607617 1.7831724470673 0.569028106789403
-0.119118800888218 -0.658148299150622 -0.407941628874488 0.0545927373481222 -0.422505499488132
0.913714143768888 1.69101059570411 1.53420644964314 0.88210547324243 1.60964388417555
0.87249053814398 0.359954263127324 -0.737905613751434 1.57365735761234 0.964584450459706
-0.232743464338246 0.60899538092182 -0.0997975564662312 0.646149195545784 0.196859086567137
1.00119069389038 1.02956174098014 1.82528197885757 0.782130679155191 1.3056143983858
-0.57187198148207 -0.959085114101536 -0.534758893089225 0.216525274747958 0.0711482150478235
-0.631275902578705 -0.559526092707886 -0.87577853433606 -0.766927998219606 -0.606536440915768
0.0673545406292815 0.329634110064873 -0.442777687563834 0.223310144342638 -0.0170695966148771
-0.500577001444465 0.334827965148422 -0.772661493952724 -0.00158280569923638 0.371037023081787
0.770477123663745 0.324831797625156 -0.393706029744455 -0.381805034499496 0.46743837115504
-1.50668531100242 0.241762137536413 0.137976981844002 0.218386513685698 -0.0194667102968026
0.391416934597004 0.297398060235882 0.398245653428441 -0.632510328989336 -0.759077594861842
-0.984150737259647 -1.00038623962095 0.238745304224495 -0.546174093876363 -0.329407642427954
0.650491421122356 0.0293518473813604 -0.329370733884847 1.18129246095653 -0.143818899495447
1.53647611487565 1.17011018188488 0.409132965915647 -0.220609092942875 1.15208596543492
0.0547820051063065 -0.481856509235236 0.234508617646047 -0.0152546666608723 0.470877754404662
1.01629627443913 0.492643312274446 0.222379447471716 0.630595857386264 1.12858089460674
-0.676813439141891 0.380204286674584 -0.296739882893646 0.396505583807845 -1.31855616062467
1.15892692347189 0.1326523603537 0.426806304227667 1.16725928951676 -0.343307469778354
-0.423357718011933 0.974432928195656 1.16836378502061 0.664227925907638 0.126406460722864
0.0117329474096116 0.556369167594325 0.492489349493004 -0.68193269864263 -0.184162263281754
-0.127781949080455 -1.08156495058388 -0.459698803645415 -1.44899537626397 -0.321631796648427
0.886641693405288 0.784216759558185 0.612360423331912 0.552015134563115 1.48946396313067
1.11577474884816 0.876030594436639 -0.636229447460213 -0.0752121872714609 0.954965588179494
-0.0768367514816102 -0.186692744195507 -0.182369547309673 1.31946182725284 -0.218514087709594
-1.12504480426233 0.255745202284453 -0.158009659277826 -0.603108368741308 -0.836629012722928
1.33637940726421 0.775793662331826 1.01808756647046 0.534737433659003 0.426358389443213
0.839725540884963 0.9760192660296 0.240349517770342 0.0620844653318668 -0.446997324989042
-0.0282141460552269 -0.569831787337257 -0.598514197200789 -0.768352533772084 -0.21566922079756
-0.474452429777076 -0.148373003793268 0.902238132118102 0.460775384927207 -0.133039037170972
-0.551376697049573 0.453669645750253 0.61545504597519 -0.769349367866579 -0.637423266609808
-0.326513630601612 0.843531156038993 0.943262526505222 0.642334974901261 -0.0982985878764235
-0.29736840667602 0.488581525797386 -0.140008991834978 0.200482992941574 -0.838077674769847
-0.233759899140624 -1.10683328159158 -0.592372809822029 -0.745101177674245 -0.2355174387995
0.373244708567211 0.0742661110976997 -0.534729758233297 0.347642800820179 -0.0027450149395112
-0.257215970726158 0.265856360314491 1.44808293418099 -0.0383809811870958 0.0528110111499852
-0.843900468630446 0.627007224392661 -0.0991195090586402 -0.720784957177318 -0.056288255257357
0.0996991005880512 -0.810805863294364 -0.0328454331852981 0.0813940527985566 0.776301673201441
-0.846001437136586 -0.133762869061651 -1.09861210283972 -0.497301331051723 -1.23110499922651
-0.491510805073234 -0.410327519294781 0.147638140616066 1.35058295571223 0.82123149038003
0.847358050093635 -0.0255033252769814 0.206754559167678 0.056563018356954 0.582992947487504
-0.594325747884663 0.031126072304603 -0.5068389409616 -0.226121533089824 1.04459142579073
0.143160933205544 0.302357615367959 0.168150701211375 1.17901996095052 1.18224418083434
1.10205416426512 1.39588843494329 0.939766718444647 1.19095611195407 0.766227410225731
0.451816453185784 -0.297248785794522 -0.248481146689574 -0.46430016577542 -0.215121199930142
-0.230097487119815 -1.44787120786956 -0.216571421513292 0.342606950219723 -0.729636980615592
0.51779544901553 -0.541649009210071 -0.044763983141146 -0.144344028333848 0.151843463645503
1.61421440846073 0.984677595643159 0.141510078404636 1.34475492659486 0.922870127498579
-0.415974208481259 0.262216601976986 0.6390393489777 0.842536389402195 -0.30935877826448
1.09491034046658 1.24310157155568 1.44803993984276 0.518266761040066 0.885073404953943
-0.511782327375803 0.208298132141064 -0.202389905211287 -0.388448683389733 0.637998157404901
0.736665891070706 0.0342778996905232 0.590532077339449 2.1180992696047 -0.142242440919968
1.3134530766127 0.384063939416426 0.48156881339555 -0.190219425844161 0.00165692554833646
-0.528237821331624 0.353181166438521 0.0982619226321623 -0.192349050354922 1.16954947250421
-1.17673037806156 -0.455054903010571 0.519525006020194 -0.332310405777854 -0.751947302170291
0.102371054994665 -0.50598556865744 -0.215595476131269 1.13520905746262 0.600212231183946
1.25331386296567 1.14241040299479 0.283023415766522 0.658706063130888 0.968354851908347
0.201977241016103 0.953514014414694 -0.602607754725242 -0.407015277805621 0.116627579608186
0.540580806191421 0.0135950219808913 1.042963030967 0.339961393796725 -0.661271629079344
-0.635441407441782 -0.137068835049535 -0.651106346696856 -0.649280363620212 0.379026673680502
0.416238593006895 -0.314652950313675 -0.770546090490668 -0.601599682882663 0.281208163690071
0.336934301460428 0.191708457743116 0.845076636940538 0.358671920901436 1.29299550765189
-0.229714594690508 -0.888943150695383 -1.7747145369482 0.520768908854925 -0.816670449706308
-0.471424533583798 0.602081175089335 -0.916452746418159 0.111543249483819 -0.51364358470936
0.348907422662661 -0.0239176750212235 -0.344636022902018 0.123491468259512 -0.320493167221621
0.0692870266950655 0.234813516575517 0.121193763496353 -0.286258842371031 1.10260334790365
-0.722419112613501 -0.947290081252675 -0.381777892223367 -0.107645889081893 -0.0774691543992945
-0.104038129540811 -0.560792242482201 -0.580096692434674 0.278745056464668 -0.238581612354104
0.787095919878818 -0.0396312081996502 0.562354162086979 0.504834175889573 -0.258063711379258
0.227812122995813 -0.101240961405032 -0.355039373907753 -0.843344863053841 -0.569467081562566
0.412050630435492 -0.182482879224571 0.885688212876753 0.791852917956619 -0.516059212751873
-0.672993127939775 -0.709752826045496 -0.446014505728472 -0.251056966237335 -0.645271789922429
0.164457426156976 0.113878697085746 -0.97966779446765 -1.10497005383283 -0.762248294128612
0.492488636055392 0.195768379428595 -1.02258957595957 -1.22577036729294 -0.681026710130213
0.55031669593587 0.29654827851135 0.0159703400682022 0.529343836789998 0.18325774089865
0.754651490660076 0.700099400309481 -1.19925381586705 1.31608513580439 -0.142110815119346
-0.114654713717704 -0.242196775402689 -0.638511143650205 -0.871737423067517 -0.213963659632822
-0.000110286111713055 1.0773150930489 0.418968722951034 -0.58288654203588 0.311153794837114
0.553909194338457 0.88676499908716 1.07616181870134 0.774693448668775 1.43627688960067
0.12027191384003 -0.731095105872895 0.106660122446348 -0.343581719065984 -0.354818944301344
0.9658407199959 1.31330807043691 0.57687602680524 1.2098430393863 1.77998629303821
-0.881363583318775 0.743743413706552 1.36151093466209 0.889732775958545 -1.17321902381835
-1.00844671192483 0.225147436295142 -0.253876941370362 -0.294139197433461 0.812218080491209
-0.0922369390709049 0.42227755790014 0.717567830130089 -0.253370790960353 0.656531060191864
-1.14056600700594 -0.645207354216271 -1.21940719123265 -0.288376676173794 -1.42796467825634
2.03463268166423 0.737478446940631 -0.60932138145067 1.1091445845166 1.06363988583198
-0.373051877960518 -0.932812227919782 -0.213174957639259 0.800040082428375 0.113797041180764
-0.393797489790251 0.815386569987661 0.689705741133304 1.37919654924144 0.487998373373962
-0.592939643807243 -0.543337469417231 -1.35405875946258 -0.428620334289207 -0.406709079983439
-0.0651599775082935 0.0538895011754629 -0.36746382221764 -0.303585070674822 0.116190227341569
-0.197013656393329 -1.40996842416462 -1.18336660401595 -0.882372607096559 -1.29763704405453
0.0885747927180974 -0.352175719255806 -0.924186951785247 0.848842848587568 -0.00789601294853237
-0.0193036758692322 1.16634710997474 0.908989376171456 0.587143545124211 1.13847500826875
-1.3201131263469 -0.544862208107494 -1.12597841710969 0.24084978730928 -0.221879936236906
-0.562760017206603 -0.483174521882318 -1.45110759605008 -1.15348994868476 -0.0992726230451223
-0.907245291642444 0.284192266256085 -0.619872889785457 -0.46107927466097 1.29532633380545
0.995040175236957 0.833060869319429 1.35435840890186 0.925350894865569 0.832305218608962
-1.18682582119491 -0.376268354385892 -0.214540909828516 -1.01895109700941 0.355626210777821
0.606894657469343 1.13910785580265 0.424182139116815 0.67260756362212 1.21188123558187
-1.22923808768901 -0.488063788096669 -0.512884565797086 -0.474211138763272 -0.29404197268151
-0.643790624364304 -0.824357750161809 0.0980725654269677 -1.32441909889639 -0.90215839454071
-0.484324179140181 -0.891677970835833 -0.977661085178482 -0.962241249608479 -0.632235601353797
-0.562840174461522 -0.992777989953739 0.151603214316539 -0.407319505516712 0.591487742416554
0.789945502565796 1.19362615020598 1.3853464063131 0.470923455430296 0.326106040134399
1.33547317760035 1.25712261274492 0.594718847277085 0.196533726102741 1.38793615069012
0.0129437139753917 1.15496665342428 0.374732629905734 -0.453947268669804 0.238198270575753
0.794213450517918 1.29174469018478 1.25276849241569 -0.437492967523295 -0.289853135399495
-1.65069472053268 -1.29168878452068 -1.04753124446413 -1.39049057007442 -1.23663026570616
0.477076508384288 -0.382419593181267 0.660749081746656 0.354234860250301 -1.41447890686934
-0.210362556866993 -0.142679774551503 -0.361305324980229 -0.0794792261305517 0.484385969355129
-0.569335458361353 -0.754016069680458 -0.121723386586034 -0.519553680701558 0.279155028252689
-1.3889195367183 -0.496671379430602 -1.35102172724771 0.248637877653031 -0.0601683081340482
0.331648896678441 -0.480615602184074 -1.86031618729441 -0.620683851969261 -0.601415159052254
-0.535093449957759 -0.32758299361497 -1.19789560876502 -1.37567502984318 -1.64005395996176
1.20214902136062 0.307726268605781 0.890490039337331 -0.481675169339552 1.0201063386559
-1.40207390259108 -0.403419870534881 -2.04015346858379 -0.7662013191909 -0.250150900475573
0.555942283231861 -0.0251182385965859 -0.954462413987387 -1.27315946392028 0.483729843977476
0.116906732995986 -0.623682029703221 0.583993262989873 0.133339080006135 -0.789386594861966
-0.236731002679509 0.468186700350547 -1.04051033748721 -0.221339144183743 -0.528989344831454
-0.630585609475223 -0.591151436518317 -0.222525867885307 -0.800034166437488 -0.0874706477864892
-0.874870725406644 0.086923556444661 -0.0168944873427162 0.26069571622344 0.977274486780567
0.860903787605457 -0.600758634361935 0.556350619485104 -0.634441226238522 1.05828276782511
1.07184434541222 1.50317491679826 0.794422226182542 1.12664740281705 0.91010355911466
0.957730965497534 0.175522704810605 -1.25340107519744 0.201779209488172 0.504623465815646
-1.175923565044 -0.0758527953270401 0.450819931540045 -0.665178338383334 -0.235401576224707
0.00952386709479722 1.26035749758268 0.341530035261849 -0.196421825761374 0.232803180272288
-0.140152424799434 -0.584679235359842 0.365921965457092 -0.849651456172975 -0.339893753906186
-0.384461653728635 -0.510562597310569 -0.616757804757777 1.03745674986676 0.868581783490405
-1.08454147025306 -0.482036580388173 -0.311770727108176 0.425317382395748 0.0353221374650123
1.17719069877191 1.17871841021843 0.0938094501627792 -0.345759235499619 -0.469097028802222
0.299184648825702 -0.345870792116066 0.107979498584674 -0.640292953526577 -1.01520847363994
-1.39777914500653 -0.568085487811224 -1.27011797131605 -1.40113513769519 -0.0350064846781587
-0.199272104557171 0.708177157324934 0.625279918772825 0.566017122643053 0.462061735240546
0.209582923136244 -1.15392477855398 -0.521422847979742 0.574740134023206 -0.982851272679795
-0.281485074970612 -0.0737431804377902 0.352544619194953 -0.672834512073528 -0.0927945501794823
-0.295607941290396 0.686131955060582 1.03484348646033 1.04507574030599 1.31201108613371
-0.599427542260258 -0.913489556477718 -1.30453503598065 -1.41696002542253 -0.399793342480949
0.509564591178112 -0.85522936282885 -0.798283624423832 0.21423052627077 -0.554593082617777
1.08935874969474 -0.121024852020182 -0.451468745898711 0.0974885369097466 0.243712557978317
1.10595518487469 0.465221278557237 1.53710081014197 1.27130425701079 0.824320482638388
1.91916397694479 -0.304346684023796 1.29617910725168 1.43165219206087 0.24185014492554
0.920461597191703 1.4383722442158 1.18116457225193 2.2181237839058 -0.363077786583863
-0.0396263970496208 0.313703032954248 0.844881356606576 -0.259597929690698 -0.236705351599759
1.17528975975721 1.26163596512984 1.16879221716522 0.513449449975251 0.887503405014392
0.508524990618796 0.891395683099623 1.15870087156644 1.07646583858813 0.487368684708192
0.100043853971618 1.53645564170656 0.65368555606965 0.638525721684442 0.435962794243732
-0.0883702025548699 1.34787804216553 1.21826955075901 1.73116720618655 1.66168518517561
-0.270896344539287 -0.120563108883666 -0.344711698027331 -0.81304089530287 0.150066929833256
1.5916865239082 0.8753723057969 1.32975794538795 1.04332313968782 1.11588367315755
1.11966341500769 0.334897385238949 1.20597235279797 0.321633054202188 0.472815180526702
0.229398631402762 1.60849325426707 -0.16625942532103 0.184065494198279 0.573140407224093
-1.53888208933634 -0.679875112953843 0.0383885097876479 -0.986334966815217 -0.685727129915512
1.05086207799361 -0.320964275986074 -0.0501141862055246 0.733306527055369 1.19564490134795
-1.40185138511435 -1.31980966661313 -0.518726467561472 -0.615943102382576 -0.23720989085773
0.26609068762402 0.578806764942147 0.549350254463564 0.923356538663233 0.160881950349292
0.257182288731852 0.530793770624842 -0.787465607573611 0.186438573814625 -1.02348269237549
1.51041330256254 1.11180191773444 0.135854159824472 1.15393498940445 0.875683482619512
0.766484344933317 -0.198210070169655 0.364140012018256 1.08672607964134 0.839583159827146
-1.19940834644573 -0.563080899315282 -0.475978217785455 0.0770781976796475 -0.66150867772473
0.213664357571684 -0.641647411218619 -0.15938251036137 0.15354195584204 -0.0038371905823769
-0.457426615563132 -0.233008863646899 -0.0613031311660926 -1.5202225656556 -1.18087859328861
1.15028773055365 1.22056226842908 1.26295348244634 0.748076642124118 1.18694025987048
-0.28103438214582 -0.952824891683819 -1.50255811589818 0.0504637100079741 -1.6273918285686
-0.365980739933712 -0.713887074287618 0.426749277579884 -0.727321524208123 0.0823793061689536
-0.238541132903062 0.284872613313325 0.380904497731777 0.168872560489933 -0.830648195314201
1.04817938018155 0.644426969245153 1.74228403672526 0.828409013823196 -0.234326788027682
-0.740544214862046 -0.318632932246483 -0.943600334663499 -0.492978488163232 -0.835375266786225
-0.538550644065971 -0.373401053211295 -0.553281129146289 -0.944923871151095 -0.778364805377101
0.540078680110486 0.317795222185298 -0.0482886167764068 0.313857861891879 0.619675429021178
0.654838425491035 0.22782734409583 1.67846843057519 0.815721384808128 0.470034992196174
-0.114731093609237 -0.483692113374849 0.0979632864248901 0.126650437200205 0.533952181322486
-0.360053349497917 0.37886199149101 0.320017426291799 -0.592385832745873 -0.566828787265076
-0.0475357835003763 -0.784699082796313 -0.974674220035446 -0.287359323227874 -0.696732370668266
-0.0476048611946143 -0.902324823153167 0.380049313900262 -0.955624907617624 -0.536812360592285
-2.47135768992466 -1.51294699517892 -0.553664211246672 -0.402555422197812 -1.29689287875637
0.564365497127255 0.923294104417301 0.716838942974057 0.143166642600941 0.543626540405554
-1.21795680414427 -0.953276765299205 -0.490304544289407 -0.117204259998866 -0.279964122119848
1.58345088328914 -0.834796860551819 -0.611646306832147 -0.499026241518621 1.37305349624456
0.802322504023395 0.695982030187026 0.739830586562374 0.509139301084898 0.155024977227493
-1.26097611777309 -0.398964031867471 -0.659640119910492 -0.903490316266769 -0.533404340011915
0.633058212939207 1.35541869779186 1.4319553308039 0.212077641303709 1.78460649682969
0.615606604844181 0.900708523613128 0.556475229530151 -0.505969673637931 0.402134752815034
0.959178752759341 -0.236098818746781 0.917297308671876 0.542139733452372 -0.479868858040138
-0.771424618955966 -0.152504352098459 0.506573419054609 -1.14393614279255 -0.211995352407345
1.16348749684838 -0.622856067079751 0.814651314579063 0.794332768090694 0.234983482861601
0.0689051386403739 -0.0721399887512744 -0.427441566693901 0.085683224826627 -0.450592175497164
-0.0299765775597798 0.151549970224447 0.54565997553591 -0.71677141574542 -0.418198211551627
-1.72556374751419 -0.574105509032782 -0.4132909078198 1.1002488350173 0.299780129335213
0.778925231270946 0.651675588633774 0.850953539707305 -0.0564965669489486 1.4164748527178
-0.508788521687913 -0.65274458420568 -0.751508448062893 -0.86638842429426 -0.234247719607787
0.100670067773328 1.19229204636185 0.569538091712685 0.617585006931199 0.0472154130582668
0.323983681914228 0.120987623017776 -0.855389722166169 -0.214114479126561 0.0189541524156972
-0.299476171027173 -1.28512349672716 -0.546611793225179 -0.605646195702086 -0.661056408384842
-0.550465993649131 0.368496477900327 -0.408228509810919 -0.893432140468758 -0.342484493997709
-1.04428686327566 -0.880146991691982 -0.616925797132132 0.212577321556607 0.545057694623513
0.616617122286646 0.931354219939753 0.389565100681102 0.165807873382772 0.0303652351856976
0.21144111606826 -0.499097963767048 0.832380433080399 -0.163677786069926 -0.424757641326443
-1.08159775964707 -0.122471322034939 1.02340305424665 -0.720258084838632 -0.935871571456819
-0.380708673430848 -0.411503377188785 0.696572659503383 0.926247280896201 -1.06510089759308
1.96078855782869 0.423124448929698 1.38782103130545 1.15246250951945 1.67669985012206
-0.00531272675594909 -0.579462123878781 -0.225857748344464 -1.00723283990485 -0.944380801092088
-0.305547860736636 -0.686838936221629 0.172063865685832 -0.989912860561099 -0.467543818702248
-0.683709081258396 0.18676376256377 0.63163561671536 0.582271042308508 0.498910119116861
0.336922133078743 1.13106970069015 0.403217697263564 1.42578114360573 0.213131594346378
1.97326047035183 1.25545078328757 1.3907866681267 -0.16394571995639 0.294163367522865
-0.490490788474563 0.856348513139052 0.348013792199705 -0.873627144705365 -0.538054032355767
-0.170280383607072 0.150706539814094 -0.361746603868563 1.80512373926936 0.624704191873246
0.550783736922258 0.0233537994062693 0.63422126346578 -0.816581668911905 -1.42981448478401
0.265849383526507 -0.474727641167264 1.41257028764287 0.468150068169519 1.15479022646326
-0.59604433163853 -0.693985318323919 0.576581206081428 -0.0849653773484607 0.147582255395848
0.566925724307753 1.28413412491766 0.230333278234536 1.02487307495171 1.73167269417303
0.485329634578915 1.00330812107707 -0.855452632526232 0.784313146894926 0.671717448426282
1.33175239287218 0.513929416103157 0.453752177065898 0.558336953461893 0.954612177927961
-0.625351646855146 -1.27177105998306 -0.588833655002227 -1.41023033552706 -0.444935614283257
0.807743039689406 0.240074301393024 0.333895236304896 0.221054885987006 0.699995728393917
0.38326864288066 0.342677372394049 0.241104441457751 0.436153284056562 0.317208454643704
0.793836031954085 0.346566867000276 0.942176194577299 0.714582970750458 0.645370014520877
-0.0371614934095056 0.758456127299745 0.536007744265426 0.111428033439266 0.051736932924345
-0.743714882038887 0.352148782200149 0.545798140091494 -0.754515768741571 -0.537213993872922
0.231814888631645 0.697135098190472 -1.066008568749 0.508049078354739 0.398187595510523
-0.320080445432472 -0.563536688875513 -0.58329692828305 0.226051646068864 -0.320016216401473
0.725046815201732 0.567109399047164 -0.230635119125609 -0.825307389918792 -0.656383406466825
0.176440520457913 0.14168652609977 0.172579465826148 0.214588173689181 0.599677826107661
0.186881832137824 0.354802070231005 -0.00152468017111823 0.919583731361892 0.417507166821846
-0.626940614347467 0.0962129605165141 0.157996906144507 -0.899415816125502 -0.660126720697846
0.458307999566136 -1.19468151375202 -0.560169005843119 -0.0993613060603532 -0.322934807141821
-0.336908680288481 -1.2348066728696 0.202300703875605 1.22520515879174 -0.129128083673489
0.838397901197634 0.445194726496015 -0.653321319792777 0.24424908614732 -0.838720595862328
0.636374878569526 0.518992997760511 0.583691969081778 1.28816949186014 0.300671577825238
1.33598867361763 -0.487290134478924 0.804053590164065 -0.00588944815990433 0.927648013797369
-0.761481045877304 0.659008919339297 -0.112060880594596 0.298700464272103 -0.846743733533486
0.768469063221372 1.79572958403983 -0.379020735007934 0.285291080584806 -0.476077430416884
-0.176298538040533 -0.845789492635652 0.531491015500368 -0.394478456391536 0.126566772319218
1.53164687809238 0.792246251048128 1.0208141944866 0.371868411384571 -0.277329167181351
0.262400991823523 -0.285605502241318 1.04631093223866 -0.450564534319761 -0.626868784185286
0.640025477094915 1.01425133569868 -0.407332934918864 0.24085615484756 0.348609604895622
0.271763855499666 -0.127162458339791 0.0787393680147171 0.251048528473093 -0.617885199213778
0.331657969711196 0.52380724850548 -0.22026882170743 0.243125058680125 0.344501982406426
-0.673516747187049 -0.828698858835369 -0.499521492043127 -0.736893904334613 -0.708147733391287
1.12601719304383 -0.576398068936189 -0.812915772055352 1.39741257050332 -0.828907924055382
0.491432086658223 1.15640225602231 0.421491534153261 0.728419580453731 0.761502883836131
0.605949890759847 0.0484763604057678 0.43831555541051 0.745142741894253 0.190166800254103
0.356655891740017 -0.0162761393006804 0.273539955466432 -0.449562108381347 1.57953605974439
0.550306512310532 -0.289530305710955 0.177962339836843 -0.533318426531752 0.187321004450893
0.239992138571927 -1.1915783301538 0.504259268340101 -0.275948573864182 0.0215597183365938
0.678697924292348 -0.110772965702473 -0.439372279814233 0.650055585136315 -0.0714682257492856
1.84349189737632 1.09983472959382 0.747286258699662 0.362979342035065 0.271634566003096
0.653780389966187 0.140815993063465 0.204215991956117 0.229834180308322 -0.329102081926858
-0.506254850142545 -0.780919789378432 -0.367285500718007 0.0191813955546514 -0.507264529605187
-0.664827641084345 -0.404514159303795 -0.882387420679643 0.708493678278675 0.307880620803907
-0.78045780944605 -0.599658351440187 -0.577908331654429 -0.265364017738223 -0.498702646698455
-0.463783986182535 0.321790107430933 -0.690199334999874 -0.560410961670214 -0.334138466488088
-0.273151371408239 0.597315113290801 -0.778167647924888 -0.321171923867994 0.878622367697293
-0.856848271252397 -0.109454115280243 -1.28393933815216 0.025676463997365 -0.663065301787153
1.01852882100363 0.486156662312455 -0.474592901915998 0.108106650981902 0.867372498839728
-0.840839905042609 -0.49263133720149 -0.494724947915417 -0.560390032237545 -0.0390268481722012
-0.391581165371073 -0.407275282992276 0.34378893267955 -1.29789745652507 -0.193298150262566
0.480666335148428 -0.752695957929241 -0.370880425101417 -0.543835901664937 -0.105698332828373
0.314079269270507 0.152153495090467 0.98843054745491 1.20331551985863 -0.385352756273947
-0.306591923419783 -1.05143754222677 -1.22935000970796 -1.17923515120655 -0.725212384879423
-0.810762025710907 -0.602409250789444 -1.32342384107059 -0.940567148004829 -0.595339529620722
0.439093030971237 -0.736284215331693 -0.481847113759438 0.931570892712469 0.111891203766667
-0.90254143284811 -0.846528401405635 0.286489778516508 -0.327280723791012 -0.0651212765187139
0.0638337334061396 0.0267420585754803 -0.364123933131336 0.719662121506553 0.444465932357559
-0.56013274438645 0.401496536588843 0.0376318612721928 0.909980839423557 0.0943948354993479
0.585077814632045 -0.00500815985381034 -0.0535568158143533 0.707629810243717 0.990271458367383
-0.701812661070595 0.0425918547147821 0.209380990258342 0.245554344639978 -0.561690578772333
0.17565719998933 0.585817461378599 -0.769269717307134 0.807494788432138 1.35855500523048
-0.515343759491266 0.287060720326245 -0.933451790191838 -1.30710463854078 0.236849047726623
1.06573815636661 1.46913042310418 0.489665046948968 1.15967739435853 0.491923551687675
0.00711746563430188 -0.264351932647324 1.58274988886563 0.395924945999137 0.496373116207377
-0.314474486591723 0.335690304349879 -0.857382242900074 0.0611815991399083 -0.0952396178324021
-0.900228690437711 0.613686566935237 -0.219631526436459 -0.899888274112303 -0.0236077299862588
-0.44300940268546 -0.34894820629517 -0.560446873033185 -0.17771909843622 -0.593156899818366
-1.49507587630311 -1.14064607302123 0.0179079011125564 -0.615073125912826 0.431373489990069
-0.741383157152165 -0.622620368882992 -0.0266483231518838 -0.75114274558509 0.158956906183621
-1.01446779030805 -0.375600123146187 -0.60326658795235 0.04180320349311 -0.677352558067474
-0.197406792252925 1.83736941466418 0.674463361959766 -0.626724733866428 0.732708886887109
0.599040956953008 0.813669203192991 0.136341115494777 0.0800053494911839 0.561571357569228
1.31743946629929 1.02645516923962 0.369069543803937 -0.0280015176162382 0.544149859906152
1.21003930392555 0.0320654652286301 0.316373130751045 0.523194306940351 0.118951700986535
0.415558772465924 -0.31877145411234 -0.846243452388377 0.569687948737229 0.313048917398422
-0.00785281935308195 0.249918484913172 0.0767568258554704 -0.363761758634917 0.743283863232645
0.746088308718779 1.01668774230892 0.0670543006184359 0.42729263206712 0.916319527895183
-0.93698370631723 -0.0771434278857119 0.437750065133412 -0.73613161622412 -0.0908366302490039
-1.10243048071586 0.62329956645705 -0.69556859335081 -0.685390172428271 -0.735980463413438
0.871811319116542 -0.246647674750274 0.240576730909969 -0.198012274140679 0.158708837596567
0.170806712609139 -0.807208029192997 0.529266468061471 -0.356479366142903 0.24545695283329
0.83202563923529 0.882230821913147 0.233289015888008 0.326477331373257 0.0741656606598745
-0.197338267136706 -1.07037372439285 -0.319915740910186 0.38800644678463 0.0110429040105805
-0.709090772769887 1.56406423882211 0.113896749882405 -0.0805270300665317 1.37307157690759
-0.661333158216836 0.233670655926121 0.712200237144689 -0.465075140264456 0.0713127441234779
0.326989874295419 0.584053332082302 0.430852219610036 1.88072536656966 1.18384192894042
-0.0135550560072325 0.402146383654411 -1.28811679668213 -1.15156110819961 -1.00411536884489
0.110101600713031 0.428871558392934 0.512600765248141 0.021374418909745 0.175127483851858
1.11435228567112 0.716644414169826 0.399196405098354 0.836632536302915 1.6249624956055
-0.528483891618559 -0.0286527297799442 -0.400188617966469 0.0329814948811363 -0.166771342792934
0.0632323351735337 0.575844045841325 -0.639304230965379 0.26728965308522 0.556503216766046
0.252706197237731 -0.850845043872473 0.737669146302395 0.0130635755640127 0.158452581574582
-0.154237672517669 0.203797983016341 0.183628478459081 1.1038531907688 0.597245233624807
-0.00573277368081146 0.382747051697108 -0.178526182619143 0.413092736252699 -0.293380398376059
-0.697647584216865 -0.399652223837159 -1.41142785267704 -1.61577324981422 -1.66236216337332
0.0654492232834839 0.702528526600596 0.335189098674781 -0.160315560846584 0.471192457576206
-0.455123649101167 0.0618614672890203 -0.958192507009562 -1.02753593991441 -0.607962496301108
1.01312841933008 0.21348613934201 -0.393720532977576 -0.170817229573525 0.621509594218153
1.33423693979983 1.42008063899562 1.18519065072173 1.88658438743297 2.13248775039007
-1.02551300552846 -0.277186917228927 -0.728606014963667 -0.61911966890923 -0.688886659238983
-0.478603886256842 0.390568539639155 0.620497947454408 0.556028869798579 -0.23247765233587
0.319808192688969 1.0410418679376 0.489708719060922 0.500600367151276 0.011021559263727
0.488842089848842 0.509288230350005 -0.450419543073252 0.765662559901261 0.436894798618315
0.834407134411072 1.26447672008362 0.864548415873451 0.453736102464715 -1.28291431884011
-0.962589030239761 -0.776734903138649 -0.940398250705523 -1.35460657961554 -0.447421716859161
-0.383893319109068 0.367184235743018 0.61293627311445 0.621271277084038 -0.294452299748176
0.534374652908174 -1.18900152366589 -0.733321341993204 -0.0237889781451054 -0.116662412256256
-0.190221335055675 0.893471027741435 0.404594462016044 0.343463792097078 1.19178947204477
-0.556931904585688 0.119971649815188 0.45172671863052 -0.00154505343763654 -0.103260646601207
0.17559551464402 0.0512674690242794 -0.354698054525981 -0.272729344931866 -2.03398860809533
-0.528725771021833 0.629281257259916 0.367879264417746 0.823159075574422 -0.356937020713856
-0.0857077812137107 0.492442847722699 0.0837559516096788 0.669892021889611 0.0949741608203049
0.660091001160631 -0.813161636512748 -0.949120502170744 -0.739101607657835 0.0770345088544529
-0.485348312423359 -0.0711079526847831 0.360154199221412 0.542880152564204 -0.11064851090388
0.0872194426449223 -1.20692180694002 -0.0487558914502189 0.494657674226867 -0.304201164423847
-0.774205954658171 -0.301964069091275 -0.562748538725924 -0.630987281641261 -0.50547043518277
-0.478432715407209 0.293265879764968 -0.144365857941877 0.492477858782793 0.165178816946919
-0.198372945236596 -0.767252890667256 -0.689712046989154 0.151121116103222 -1.30474291869895
-0.642334081150975 0.91118747609043 0.0569671910265221 0.30932499044769 1.044921359568
0.493136442219494 -1.5455789916956 0.00212117429232917 -0.747903282201674 -0.337962607854155
-0.250072764757274 -0.0487292153209982 -0.551940746198095 -0.185174472022074 -0.684660237435117
-0.028042254054193 -0.237494769125704 0.399943661220311 0.205590447661413 0.375240338037034
-1.72254756521731 -1.30475280790263 -0.693588663034616 -1.48781350556415 -1.48197465906547
-0.530527112112522 -0.547987105011703 -0.0444485176143213 -1.09545522497547 -1.2680257870043
-1.30508024248402 -0.332436461204573 -1.53506974598013 -1.40410742843011 0.112719825156565
-0.798480116501221 0.896833494057507 0.333726757783871 -0.141268054981448 0.0685048973128861
-0.0272601760385692 -1.37840393638938 -0.466830033302565 -1.20553236321655 -1.45064567107568
0.935543623348843 0.97627520616764 1.15102265876295 0.992401946864477 0.315138514821455
-1.45599639634318 0.206814398295987 1.02784246299369 -0.321366886382292 -0.926214368430328
-1.1862394704597 -0.278086631147819 -0.403567189990176 0.724611194418653 -0.235571299339536
-0.00749061930641895 0.645149297263098 -0.0551992105089485 -0.793037899496701 -0.452664194451861
0.810099995792638 0.584304266018087 -0.28021827146849 0.167437675647855 -0.629846054172792
-0.261948186792335 -0.245183757079351 -0.224830932132589 -0.242334261205463 0.668987844803679
0.860524672318536 0.484868233123484 -0.113259167333077 0.269722473863977 0.0428396540684969
1.05147775717318 -0.408934224057932 0.151990746110022 0.586893802426354 0.0181014687890002
0.0280357981164873 -0.257794726048303 0.695208671193642 -0.492252274311088 -0.165313393177671
-0.369240670694158 -1.18937794939642 -1.25164060503848 -1.38808700733522 -0.233688279326934
-1.51479961681435 -0.668146922283047 -0.818559561351238 -0.0762532756916478 -0.416336691066071
-0.588750514006142 -1.32112251021744 0.253737275316301 -0.591206327941541 -1.00960334660749
-1.16237409232207 -0.0120302440229536 -0.702236038703038 0.528609515739854 -1.01087772074019
-0.442374591168341 0.871419077902234 0.722932176857363 -0.186988145197939 0.786413432954811
-0.448136468428965 0.169605867230297 -0.343209224667493 -0.805589291892263 -0.0075065790534368
-0.896953732814642 -0.325759622364288 -0.203654963468978 -0.0584911349720926 -0.59485713912595
-0.644602153580569 -0.792507363947789 -0.568687017551552 -1.21781658729404 -1.32000243031004
0.118711293684901 0.897570112624108 1.41284170976889 0.206457607927485 -0.385185555913228
1.38864479935907 0.243376503366522 0.301037874395486 0.530754118386393 0.310934232976039
-0.0473939024714034 0.236688009951768 0.203567903727468 -0.344547659117364 0.262556949057651
0.900261295969766 -0.517236974740981 -1.06195029703318 -0.293946431420879 -0.254236771101436
-0.540311380090409 -0.0240276592191848 0.252695316701631 -0.379745137367786 -0.732664240160591
-0.459619292612571 -0.632375929958931 -0.493785647717302 -1.27006142499373 -0.26235220817347
-0.592402859463486 0.686080330905918 -0.0996354997667767 -1.15733475984665 0.050360953732743
0.548356960543257 -0.772427640963173 -0.567803498647695 -1.12256056291914 -1.64465856465461
0.758915937832537 0.232086299782994 0.270369584560798 1.15219408906581 0.17922064103703
-0.341667788485904 -0.485610082861465 -0.0942786938779253 1.46253186334384 0.870155503842008
1.5426753693296 1.35476536914231 1.614147238486 0.956174399043734 1.24966266214285
-0.00882936114393251 0.86805713896464 0.47103271019024 0.17336769000218 0.863602802166139
0.298961404980332 1.14125784769614 0.201706572648294 0.471574735372991 -0.234810185888191
1.66146715297283 1.8971462789314 1.53820633870765 0.719480949311657 1.11780411681716
0.582336792328883 0.356742783098178 -0.562991758867408 0.0886005721777343 0.326223320485003
0.290016493545937 -0.372137369871323 0.914969768164322 0.750372812864622 1.03472880546857
-0.306417567354831 0.105967828058798 -0.485716239832927 -0.258126936730209 0.0279447165858196
-0.022503771655841 -0.99819650986428 0.106960873061073 0.332964011541474 0.310192130934859
0.439560635714438 0.84034271612431 0.278182485095174 0.285916800338847 0.0973063767410852
1.00963364575231 0.678061950686995 0.224270797827365 -0.112272663718819 0.487527622926996
-0.535599215476017 -0.0717749473003899 -0.280985489742359 -0.43369749576711 -0.154650734408921
1.3084628806585 0.838028542319685 0.806107210833894 0.46543534927469 0.103154858036001
-0.71524360798479 -0.367206227750466 -0.840328824848061 -1.35940994830143 -1.00156967807175
-0.954574331161106 -1.09332943171118 -0.444218343408495 -0.300369214622853 -0.629690065907595
-0.2099966410888 -0.623308918352299 -0.269293807181847 -0.390561061443071 -1.05109446584916
-0.081638943922086 0.304397725156627 0.410874015995891 0.364635626087038 -0.176667084749564
-1.351830669818 -1.07318483724632 -0.844425692196818 -1.16189478864831 -0.976050749655126
-0.0906471987674853 1.28630642885021 1.09185939465967 -0.879924280111807 0.0487614461914831
-0.325376059278252 -0.154661702913642 -0.90416866394835 -0.0850770745641166 -0.661336989657033
0.32140633954883 0.217977075014871 0.432028605693212 -0.229938316323966 0.339986153696811
-0.251705985999011 -0.57908114036677 -0.305256055435682 -0.0288921321814508 -0.240606684855427
-1.35173042112094 -0.816003680823144 -0.841120113199538 0.174000754985851 -1.33399305953486
-1.5664836363036 -0.893674664679186 -0.638275077542706 -0.553688434896936 -0.414106560841845
-0.584034677710984 -0.0847988251095663 -0.0482381841018388 -0.814663742115712 -1.15574464820014
-0.31888430279173 -0.877602521039557 -0.430373808545324 -0.633332917133235 -0.164066067601469
0.87555070199565 -0.480988861223028 -0.0201354490196676 -0.620722212456066 0.876708600687632
0.0516033953950671 -0.36856000316377 -1.08874306756856 0.934184485245667 0.80569918338772
0.869555645724183 0.330797037810868 0.177239842198694 0.0173942861885491 0.482312764178197
-0.149548372010074 0.0548874886293082 -0.663189780613695 0.841571915674778 -0.676466512902453
-0.513663623038627 -0.122108249141633 -0.361449244266459 -0.842135329985049 0.782390176894215
-0.454038479747882 -0.689446490480661 -1.04525785098406 -1.3219637899474 0.0363053341652756
-0.639671407429673 -1.0534239341815 -1.34897832616156 -0.570505505975149 -0.98172991479543
-0.68511321758126 -0.624459565152444 -0.993606362515889 -0.0415157840047603 0.26445529438881
1.24929801562788 0.883777642575557 1.20021172081341 -0.0479853491874329 1.47462944358008
0.312992517504487 -0.066887295277732 -0.395439817824974 0.438809279033362 0.719977135779361
-0.783305818771461 -0.0204383650065488 -1.60752569813084 -1.19491793722717 -1.2237173211829
-1.34416311120352 0.276616702913584 -0.207544528962343 -0.392843050208704 -0.577754120479259
-0.2381510360083 0.390247115209173 -0.0159258002298577 0.941200101221202 0.886234240154143
-0.276546407189948 0.573517449792048 1.06508789898823 1.56479825851116 -0.309112345055301
-0.97966736354783 -1.02936592827226 -0.596161961039593 -0.94042695310392 -0.133857684532504
-1.14432536773151 -1.40307168236151 0.491833311175642 -1.12699462068178 0.135293440895298
0.540021658216512 -0.943366064877395 0.906968533800619 -0.0932882451851142 -0.864497152245514
0.2448967893805 -0.219146796275226 -0.420538692834215 -1.26434358543799 -0.19776462534026
0.245917335678021 0.391989743640375 1.11110797828665 0.490297089167985 -0.550685601819765
-1.47764833408967 -1.35939745698298 -1.21571078340182 -0.689412247211937 0.0975183784368607
1.21923755128868 1.5153572553904 0.383025849603307 0.964804905411448 -0.258413992061689
-0.313074495918883 -0.211916410376294 -0.0440450695823573 0.199328172497092 -0.372645453611472
0.801541386122967 0.261331790472236 0.711232878953746 0.401905714205993 0.234972664578954
0.397335069099717 0.303163903781979 0.609441697008595 1.36702087480476 0.597090592658396
-0.593099890006591 -0.420801465513791 -0.581884409665485 -1.05895881397096 -0.901591091059795
-0.766483933455325 -0.0961579861015322 -1.17912774374186 0.482372802425565 0.974316900011873
-0.657337767445366 -0.0840381047918322 -0.690168326386996 -0.737314364336465 -1.0155974575498
-0.837394698555135 0.828896679559808 -1.06274424729206 0.0418314509369265 1.14830085085794
-1.30734200284166 -1.18792833827544 -0.869108060479777 -0.190004752979116 -1.08920868715532
0.258053735510618 -0.112464311318325 0.290474261492972 0.109829003486952 0.262764208697401
-0.851183300647505 0.511513543541965 0.0600505539224139 -0.714353504201608 -0.292498799000347
-0.794507616393465 -0.0203863353718366 -0.347406564200454 0.265216264558953 0.213355282176163
0.742373518167149 0.209909471516074 -0.410841271505803 -0.00213965879190533 -0.587431374005532
0.306236282770937 0.593612360036155 1.21565408937957 0.314694069780046 0.274589915252394
-0.256954304766897 -0.697217816437779 -0.488661099660236 -0.488438558852287 -0.0327005873172362
0.0692341211726426 -0.811864647051617 -1.18472622613369 -0.11820154457919 -0.433824289190596
-0.512278546703835 0.459414969042916 -1.15609686488828 0.179025509187165 -0.943856102367433
-0.905725873538332 0.623651839662196 0.117844823384735 0.186396428927445 -1.15118443240097
-1.13776847968991 -0.365971890877896 0.0669807683649453 -1.3220076124788 -0.677097978271037
0.77810465108481 0.341380709090805 0.139301042024105 -0.260441204708689 0.0159649186343113
0.853200548882792 1.46139068403535 0.58309960123194 0.53897215469944 -0.242172447506411
-0.188408918531479 -0.142714772709516 0.468043750305604 -0.234664916343539 -0.282077660737648
0.489926225529875 0.0508845741143583 0.646338778106956 -0.548969416823801 -0.241047389003998
0.343699251159144 -0.606631953671756 -1.16094730513644 0.213296666486603 0.565045184861244
-0.205555074886961 -1.12702646892381 -0.745307925276956 -0.0836481491916665 -0.529498883514004
-0.217045664709963 -0.10321669016258 -0.456083581415737 0.237464428574939 -0.716272152614401
-1.44008923468185 -1.19499864883704 -0.710969641918572 -1.30407622968501 -0.421550500145379
0.484708873140261 1.07517589774919 0.14982782350215 1.55173591872135 -1.09408781385252
0.133798224779197 -1.16016363922573 0.444828331878641 0.321633982964745 -1.14083384733964
0.115113017047604 0.625256065865195 0.307983127707176 0.13085749305987 1.27594391912836
1.06937744488935 1.82641854485448 1.76703849042842 1.52765753479811 1.08664224228179
0.738344122872824 0.550944037566081 0.698117381457371 0.82753181321542 1.02943109303723
-0.371130310655032 0.522531144313836 0.609844126284725 0.515673033856145 0.663971607260939
1.36465394773353 1.32245176430332 1.31059409584051 1.55843355502055 1.46082808085975
0.274569486435917 -0.12144707369289 -0.473260924002399 -0.279175621776597 -0.495776538595207
0.15248079930753 -0.364972609245335 -0.486343265347146 0.291819048022839 -0.944259037774461
0.560340061453439 0.253109825464266 0.291920166218137 0.583297013443748 -0.0248259858011854
-0.275211537627965 0.811138515204378 1.38427319005198 -0.611507061711341 -0.318818994111312
1.177449787068 1.02070670538599 1.96334021327097 -0.0355183926445537 0.963627190725196
0.638102269385281 0.588844416275492 1.22347583982813 0.847909423957228 0.990317188390774
-0.587993812409384 0.0566918895163466 -0.0955397551178275 -0.0371623792767593 0.405384267858326
0.641736847141686 -0.384703954699441 1.11073057562149 0.77524932892254 1.26524832019902
1.22885009754439 -0.105729580682474 0.941489843755896 -0.25316062643089 1.09220768005101
-0.51000520371376 -0.361906441403883 -1.46681986599925 -0.603417614169515 -0.373323131741667
-0.155121941094223 0.0697607392709155 0.982230186957337 -0.858870927818241 -0.759792076303565
0.767406841870161 0.26308980360802 0.226049797231623 -0.551086493892592 0.554724316776802
0.354376757712589 -0.512888388571943 -1.51493478558129 -1.34000859811143 0.0508602499520495
-1.00777773162614 -0.540814546102009 -1.22095544821788 -0.886479329367583 -0.168079774640503
-0.39733290655301 -0.844809372508597 -1.02457790296942 -1.07354949553884 -1.39167046450021
-0.447133415101786 -1.3338600066398 -0.919145784212673 -1.23438772471168 -0.736437259428409
-1.00742485859952 -0.635288568627383 -0.402345997586824 -0.666840067369863 -0.861960508407509
0.954768405462389 1.45438793394145 0.771385907395644 1.29860912178451 -0.305092596863522
-0.0612160103046763 0.684725465142437 -0.866493857121992 0.344712789588032 0.773047941139093
0.186434407112102 0.660870294345521 0.413881997092033 0.361724284294847 0.607670609102795
0.0254413117348451 0.897162748829575 0.78572217533738 -0.00124580050011657 -0.603917114046195
-0.239108809258894 0.234855717279274 0.75314463324527 0.919804574471655 0.126062904701165
-0.760507644536809 1.20867491174493 1.10867587072126 0.34243025380547 0.493459503192609
-1.37868753773168 -1.22370799456892 -0.763641457156916 -0.00898847150269356 -0.0405609017947961
0.793681740659917 1.37801034006427 0.245241715632052 0.847458651258967 -0.174711737067916
0.00762892333614228 -0.457629237594134 0.791459810456003 0.14694659471721 -0.693356237039617
-0.137440693019305 -0.740339918450347 -0.717377933183291 0.0638684466480727 -1.45272665879578
0.455755256270659 0.371528145417598 0.223536402799576 0.716487600640953 0.755222235151663
-0.328921234105404 0.10391268123778 1.37584612844986 0.945067641022752 -0.620419334066039
0.233338152266336 1.23054900564851 1.47901093127716 0.11042966329075 0.732150569052763
0.551889283898655 -0.402693984217955 0.229304048473032 -0.366720972193539 0.426355051617713
-0.472372055110164 0.296714700666297 0.468940256175598 -0.471575064843706 0.178589408827607
0.449253330843609 0.697980555490059 0.995358409195103 0.00478168539503247 0.35579826547615
1.1245686089349 0.990428100752159 1.30536969748297 1.29412355790193 1.57472132690365
-0.680855193433771 -0.0498077174126096 -0.85857191264514 -1.28258323186702 0.0571096939376171
0.716279519234941 1.04224894809357 1.82227249617516 0.49246509985381 1.06769794960953
1.49328739942278 1.45414539673053 0.603055121194777 0.104557999540459 0.80222068569666
0.890817971533857 1.09426530921052 -0.251856546788457 0.251891241522712 0.605182729120191
0.0317104846920269 -1.20566891715686 0.316603417787683 -0.297045883922308 -0.704861377383372
-0.885169142221203 -1.04178453585042 -0.286662406504937 -1.19235954106145 -0.993194231530168
-0.0368371328553532 1.0560795324748 0.823956369880849 0.0947781312647051 0.743759053778622
0.406452358719193 -0.835577703259538 -0.662423273995244 1.04016509216149 0.826949793698462
0.60725075351412 0.694440150550267 0.321375364940662 0.465677491306422 0.24608293006864
0.409653495452969 0.492844759204154 0.937021592166345 0.484797333124485 1.73739004799658
-0.353304761447951 1.08231612924669 0.707313944798219 -1.32657090886751 0.153001482799301
-0.0274294941852428 -0.2097490540837 0.371566329152101 0.939868899322997 -0.106649645554418
-0.341394173071281 0.574658758064617 0.859221989223497 1.32538080526352 -0.491030708356321
-0.765046858920994 0.188857708117242 0.848651807787801 0.304945475825568 -0.7461183263673
-0.50856340357093 -1.00661154629437 -0.651193749026298 -1.04481657180118 -0.727978457172288
0.204360587712799 -0.56052895321333 -0.162387674241453 0.212143712917534 -0.881929629595618
0.967992197816588 0.591016728153583 0.251404347469267 -0.306525210157904 0.686610948544224
0.56110743292527 1.51125526689437 1.44869510880282 1.44938415359432 1.23534649512205
-0.729669775334919 -0.561429068323074 -0.720929421068918 -0.794210406275737 0.263806891370128
0.880097151340024 0.68230040009181 0.837542999110597 0.873878922111696 0.629224059611535
-0.822365471861864 0.291761683546046 -0.0630714381305312 -0.846773240597078 0.500890995581609
1.13978335350364 -0.0634345316470255 1.60336660623232 -0.448345665749376 1.05316331953736
-0.822497360841087 -0.480530741297696 -0.651587986816165 -0.185104903539903 -1.18150886204577
0.658387482277695 -0.817347978161145 -0.111641545134817 -0.135397424114361 0.463448396838009
0.704187869791065 0.343800340343456 0.436718059779397 0.226830762748857 0.994262488398174
-0.557632811681864 -0.634749253763962 -0.660014873292475 -0.298290630431446 0.18808005291241
-0.11436602013329 -0.872226540093053 -0.798037433204511 0.195156669434122 -0.356801732729653
0.492394499390188 0.271006428467321 1.02110671467647 0.0382297563359233 0.155227572348196
-0.919168939430195 0.542276657627934 -1.02329210394707 -0.632846572865312 -0.443967951565621
-0.886927954603747 -0.641773726269307 -0.535355264585599 -1.70127930384878 0.0336543354932046
-0.0399818534429173 -0.436343645228666 0.028627454101016 -0.262855477188821 0.50959952324818
-0.100859943797863 -1.09481141057034 -0.696236791888218 0.693529921527306 0.327056607417599
0.752479349765986 -0.0637263115620773 0.375165887027973 1.3856574332078 1.37787803387209
0.152840993622292 0.210320508668919 -0.541845365983712 -0.258536114101939 0.78129647142216
0.039589624966055 0.305624472258419 -0.782135947192895 0.434357693996221 -0.581641517007668
1.14480964116909 1.48319704412948 0.512155332842138 1.1748725443104 1.75753529271915
-0.646978764032921 -0.449728592693678 -0.677714533313461 -1.29973993451292 0.256537135880083
-1.69377753199129 -0.519292897929984 -0.682704628887202 -0.879689066525187 -0.942897762212291
0.0814134449912048 1.43419968314067 0.0461959117407295 -0.289147881122086 0.0763606552949599
-1.25843132416745 -0.866488369592984 -0.830946398684954 -0.559385204590793 -1.12618178971445
0.253174176076368 1.0613342757475 0.268996888244139 0.870896043562094 0.916670840078934
-0.382747958151319 0.209770870181551 -0.905643495913971 -0.0144348056502293 0.089143620003154
-0.665138975816013 -0.895829553312295 -0.556707391149989 0.368880514474075 0.301669493982906
-1.36269439526379 -0.419250090482811 -0.1293875112179 -0.821974688305554 -1.13461022727476
0.483508813166405 1.44279666989105 0.676060165292005 1.09933012551032 0.663099459200113
0.965356649842469 0.617089646959257 0.707363245298598 0.355195757344321 -0.374896294065918
-0.100633913406067 0.307298615253347 0.0131503869564328 -1.34198742917412 0.611509658174669
-0.000853176852849685 0.309032512207501 0.94054704869674 0.905436400578342 0.608854360050925
-1.67053350370925 -1.40319953265982 -0.907546776718656 -0.965642435235431 0.169801151028169
0.254199567754784 1.02422955960214 0.328782339557485 -0.313104294507206 0.166549644063322
0.430428040206023 0.0991487669572991 0.351182501398905 1.07839848025327 -0.0107814600026135
0.142477163158181 0.0140912944449806 -0.328260071541329 0.678263382045336 0.0560279215469447
0.251749206637395 -0.858454705292904 0.622992312237381 -0.473255554062334 1.47831289402036
-0.592530091749194 0.779216659631481 -0.136776437056761 0.0110077013114845 -1.50367051597544
-0.830231988577672 -0.0391588110832483 -0.249992436429965 0.218150611609423 -0.689475389928126
-1.73295118948292 -1.79358774378439 -1.30773172356484 -0.146548181589566 -1.28267884988347
1.01022147454387 0.718098642796815 1.42177882677412 -0.397177470969476 0.791568594447173
-0.903250764697184 -0.0780638246299794 -0.703350248171271 -0.654593595554323 -0.779186272934501
-0.523350447529981 0.489699190030503 0.738140536401072 -0.111364441286331 0.0103843377554437
1.07653072093949 1.20977079046138 0.237316733597006 0.277381910273964 0.848668183475283
1.09931194852829 0.240341453153588 1.39036680288776 0.312201083973706 0.00209710134853761
1.18603383154282 -0.677927945173636 -0.377676897382038 0.128620870468459 0.0258164118913586
0.0322402683656668 0.891937470841031 1.19125708034343 -0.169021465253855 0.0470612421715072
-0.821833104251981 -0.868662436001823 -0.62391843797496 -0.593407366491009 -0.305612170913331
-0.565179340807926 -0.231526056396256 -0.0115325819847329 -0.674021981452392 -0.710191609136468
0.965671435267315 0.757787158638053 0.509029131873652 0.505274172753335 0.296400463119544
-0.123652186965507 -0.562864964363774 -0.172184536104116 -0.0292816105529393 -1.1912326107739
0.494326759554884 0.633165451869001 0.00734876616020161 1.00874913823897 0.620809916537925
0.208128991187387 0.362228804160767 -0.674763586558027 0.483696480447547 -1.04368856785354
-0.0940786399718374 0.772444078128897 -0.368067925920556 0.0304775717250158 0.459584266628974
-0.26943332507398 0.0638671659635019 0.508522025756532 0.366847045786971 0.103095970992678
-0.295908452334005 -0.493630648600045 -0.588576133881403 0.736013149685091 -0.059432161010744
0.424260694975476 0.739936127316023 -0.78403893333153 -0.787732316729178 -0.68334267318344
0.628732634335449 -0.248199377912069 0.475116733345407 -1.26449451898706 0.0438435322692936
-0.599881088394781 -1.29147417501053 -0.422963407742668 -1.44105671316043 -0.723274430920821
0.332812860100697 -0.638016731751747 0.576650850668066 1.00326004857615 0.262896055591307
-0.172940508576642 1.36466558831707 -0.466068420905742 0.129336471547004 -0.589288682630892
-0.111149180251513 -0.625036742294876 0.113082388855993 0.56603594672657 -0.0628778664925723
-1.40692190100878 -0.453416459483378 -0.277768068479145 -1.19407023366818 -0.378488308375341
0.112385275320065 -1.28334242431305 -0.312899144514641 0.247149793167649 -0.0312373203405018
0.571429543575303 0.755305103608521 -0.0631047651773145 0.732562326363045 0.726590670846029
0.339200082380848 0.285370473522916 -0.388117316212551 0.0142216551023594 -0.089298245915137
0.0647248354158041 0.200930602679398 -0.0216214756414478 -0.915464308914722 -0.398993408908937
-0.0261246978290029 -0.664385827156539 -1.33746389035161 -0.607425432534175 -0.456110790275038
-0.237312886947765 -0.506722458635014 0.126968490307209 0.144654393059617 0.269080927429452
0.151404145345619 0.483010266503031 -0.198076778528524 0.589044576552648 -1.04488365307625
-0.151130984864117 -0.124863870930866 1.03537116015789 1.06590437407961 0.316386617951443
1.2213840995066 -1.20356776531956 0.074354037883956 -0.828159525707525 -0.413512579800608
0.249626790585392 0.697220605984832 0.0483720047561921 0.176500944476864 0.838791908944686
-0.681295135029471 -0.466882735848303 -0.935049284264207 -1.38008433681992 -0.599893030563895
0.428892745017245 0.161471882881346 -0.586488514991651 1.83800901260277 1.10953352902086
-0.853838152460633 -1.29325576591178 -1.29447028092792 -1.0637004107269 -1.46175583332776
-0.698733783928245 -0.386144016701205 0.0936763077017997 0.202331183433485 -0.243420764052804
0.473459357127239 0.377481626872307 0.954094850665509 0.638912908610031 1.15390762894776
-0.496814671573776 0.115435640606082 -0.722768540845792 0.0983259799458919 0.0682719384293254
0.706846075396182 -0.165761867669525 -0.416489628157728 1.00461446634279 0.241395663166886
0.543084628828349 0.273056569297257 -1.46420283540686 -0.744154669650005 -0.0163461360377558
-0.0435247137036562 -0.264978184509507 -0.13565497481647 0.255046979168232 -0.508144961377291
1.22881935226276 1.15249424302537 0.388082549044441 0.562239525845765 0.795915634896288
-0.329957937072549 -0.591616261822341 -0.790624914458328 0.189922669847689 -0.00717774910899818
-0.191809541280061 -0.490293153702684 -0.00729414636525611 0.423405044465859 0.602179349967904
0.170953181946189 -0.561107191189672 -0.60233676035414 -0.512000114478886 0.569908286962699
-0.603159049179117 -0.866431025063086 0.149993262428743 -1.285700345726 -0.489565391059887
0.86748307084214 0.624532610248508 0.3696910780044 0.564490597990543 -0.193322654208965
0.82130798217559 -0.387799584483384 0.872229081905762 -1.70488305734527 -0.372268705729411
-0.638091030919179 0.0135590239459492 0.615490462329144 -0.152339626393022 0.747875868682833
0.644371141911885 -0.0874933816480959 -0.0904475650873299 0.112479161687589 0.141691950342908
-0.0014929171134768 -0.586893654023655 -0.539545469902521 -0.248641883816288 -1.42399153137022
-0.520767799569715 0.369465135966637 0.218764484276875 0.577667222092882 1.53700618004912
-0.441945127252875 0.176551769382456 -0.17856867998122 0.598428171665758 -0.142085544123941
-0.88268513536668 -0.320976866030978 -0.899618797640312 -0.505081127490633 0.249382190127096
0.423113434741634 0.2537511369867 0.721872493796308 0.190548390103719 -0.565831509328998
1.03376888352131 0.545580284443436 0.130423215065332 0.457720466278916 1.23775663177552
0.450865127857829 1.98670546519956 1.34692941571427 0.851140728407842 1.84028820954248
0.306125799318337 0.953327782705746 0.432970690420218 0.744771272533442 0.760932685628671
-0.247218124010105 -0.87906772219533 -0.581081367933078 -0.00788196263148616 -0.520805216298632
0.502155803307181 -0.500376870111604 0.5173217043781 0.213251536361444 -0.0765812599675082
-0.38425104142134 -1.39234681071803 -0.325226949998796 -0.590538928985926 -0.696702575215008
0.112488627187055 0.191870669229696 0.311151030404572 0.646320670131344 0.613700943959799
0.0814937556852158 0.128088504774905 -0.367109952459224 -0.518306155109543 -0.385897590554492
0.171424722773396 0.214173389495475 0.501189060030542 -0.47297308200967 0.199394115402349
-0.114583760903801 0.172942605170375 -0.281391706304883 -0.633560915163964 -0.151261826226415
0.891789197676093 0.369626918474511 -0.276787151881974 -0.390898209840345 0.468465538573576
-0.117583722526585 0.496736289079439 0.332031134781489 -0.900520974247284 0.631624783377829
1.41950007154978 1.26250468475305 0.352084150850922 0.935454133264978 0.627146809145796
0.625060916177587 -1.22868389332142 -0.0901225834766754 0.858841132625981 -0.805482552265227
-0.188816415537804 1.09093632688148 0.576033987575188 0.93217105085952 1.01345694103747
0.867524970836089 -0.0026107488283519 0.33824093615287 0.801934126647929 0.594683366816148
1.29605407302 0.0613003404100148 0.71373102059666 1.17078397636078 0.735360463943073
-0.864308243019368 -0.164788935948077 0.698008502054098 -0.095344574363707 0.249641665916382
-0.379636478453339 -1.10938387598748 -0.693642704215386 -0.510475589084354 -1.58410240214867
-0.204388412907119 -0.383569756737598 -1.11100202929878 -0.359343692140146 -0.922757543136508
1.23824133511287 0.507009566299353 0.459278511928237 0.892537900793056 1.65742474335054
-1.25040362509799 -0.361040291272093 0.220508713468194 -0.150552675187856 -1.07817908746354
0.884000193337774 0.941849915467618 0.195689504316552 -0.160939241241197 -0.219290715877787
-0.46735587145647 0.215748783625227 1.08783628179462 0.548403227029178 -0.308543328963906
0.84360256336571 -0.397191735227554 -0.891416627922219 -0.4687979492104 -0.86263456349383
-2.02102422621349 -0.218807261697658 -0.00840900541562128 0.178913431190535 -0.940653077266537
0.695026735722465 1.11754348569527 1.06477060090583 0.527577093502634 0.855868081097451
1.00179588823339 -0.232453478969481 1.13190782478267 0.446964704401943 0.477073054563453
-0.981865822537917 -0.250412929743509 -0.498680039232033 0.110320272910836 0.0607068122384356
0.415376875210448 -0.252612784921611 0.270886559191637 0.844600657593359 0.618375918918045
0.307870710836853 -0.185328872764459 0.0105689044349179 -0.6037457733649 -0.865594552906298
1.10223793146648 0.360942017909839 0.639462730278099 0.280016873440616 0.226119805244902
0.25962789630458 -0.831964712684028 0.294037080776958 -0.0800781718097305 0.360606791523626
-0.371079344336365 0.324218117196345 1.12342443901816 -0.123903933784709 0.833224115899449
-1.33426411055749 -0.0440206085121707 0.577976046197784 0.462103861817314 -1.03866371228613
0.899999130840551 0.139350710309771 0.930810513307977 -0.582184968531633 0.473011853518323
0.23248955179268 0.102094086338976 0.658768962157091 0.546048741705249 1.10165851291295
0.668833436607925 -0.0168236152672786 -1.71167242942406 -0.738404304588506 0.129518210180826
-1.00294137359163 -0.861779821543376 -0.643508310262964 -0.277302934105203 -0.691763384480089
-0.530114058222647 0.666180775037293 0.22010365693088 0.533434397163804 1.0534046651727
1.1881237795141 1.00443466140898 1.10725348713238 1.22788170322673 1.014265326102
0.595900121573062 -0.524774485185317 -0.702545970565656 0.0267827397343882 -0.764842424351033
-1.24155478835621 0.10803151656871 -0.121387598457414 -1.23932705128105 0.451831117096098
0.0550865781916431 0.0179058445904875 0.968387315662755 0.22008747897434 -0.306784778879175
-0.884480014741868 -0.827860493095324 -1.01516350932649 -1.27673331365794 -1.10778753306228
-1.3393090497408 -0.447082477867741 -1.08714347865522 -0.371602299744187 -0.273148676185161
-0.390515094767827 1.757943127954 0.287607225926439 -0.599661983426954 -0.140927853475104
0.416967983970317 -0.651249648567844 -0.470504567265911 -0.0901139441673325 0.137430210872009
0.128877386041757 0.326842014323302 -0.190099802603201 0.307488110884978 -0.724112666512976
-0.170047843944318 -0.379834881691739 0.902561037162139 0.572504940893137 0.0589667099436216
-0.459094038440155 -0.0292456147157087 -1.26624331973041 0.0683884637288603 -0.125596494154755
0.0698932936773361 -0.351565660241702 0.725501762403086 -0.475129453654618 -0.176947373848598
-1.17377531337677 -0.430047205004093 -0.770960104597918 -0.482068930612845 -0.11467260985483
-0.546852897540261 0.499074975158551 1.32845568786557 1.01220128129911 0.415384029097418
-0.00113890329037444 -1.44797947871347 -0.201404520698977 -0.528757230384125 -0.357126087351539
0.983206434997498 0.442539600687096 0.565045117785466 0.214127082138886 1.43008114236653
-0.61303361441744 0.301928084920762 -0.33925004352394 0.213519130254401 0.116190767736351
0.796735630275889 -0.0369509553183031 1.09740034710389 0.945351833825018 0.382030694414061
0.373202972513901 -0.446996827666291 -0.185574703711152 -0.928154699381148 0.00272569892109902
0.190145711863035 -1.16603572950423 -0.960373429364665 -1.04367501525874 -0.821859114680291
0.871680781518024 -1.03274114135817 0.444106031063576 0.688724208723764 -0.83913966440171
-1.61287194590786 -0.930164716074838 -0.123451813050799 -0.62529259300074 0.315458174293385
0.459648721236768 0.558421890763366 0.578093873153729 -0.358672280724022 0.670883801210653
-0.967903552167677 0.389046152415618 -1.57189345515097 -0.361578632605599 -0.762078877651213
0.0132158825499487 0.738540728111592 -1.15498071079853 0.0197610908553383 -0.376813381260113
0.204516171422479 0.504041973425784 0.310198220067867 0.961161592073588 -0.715790762864195
-0.722487971249723 -0.398674281471276 -0.724949672364011 -0.664020130827621 -0.668850750531519
0.553885566995142 0.914524547987202 -0.240667830125175 0.0183658500860425 -0.467795178586898
-0.980724231247299 -0.656285241468768 -0.184737262500216 0.0490631731214407 -0.558279817972942
0.722270946050265 -0.892584626702028 0.163074255365911 0.00369540018927237 0.377278544305466
0.491144740297148 -0.680166734571624 -0.354595848066863 -0.549276628573484 0.783028283185102
-0.584944389385007 0.34050372713917 -0.613822677651063 -0.887157706567365 0.199212063348687
-0.178502080762789 1.05127080622909 0.465594118437885 1.86455064094742 1.17298231268307
0.00471159327663858 -0.422171061869691 0.60326493752096 1.17729640806418 0.382807834559286
-0.402502691721227 -0.0149095470911656 -0.857511003644791 -0.410985846034615 0.712819623813311
-1.15088435923056 -0.747383752390169 -1.31284910245409 -1.47857182913607 -0.743735642940091
1.20262531192453 -0.683405260658131 0.128927894083205 -0.0843035620855418 0.892470281332967
-0.978915795864017 -0.897252856923194 -1.36871297559504 -0.490217452584887 -0.962104353623014
0.291671320684816 0.436583121959363 0.362058967438336 -0.819045732624743 0.309048648759855
0.203126861733546 0.379796912189975 -0.712448651694057 0.604570725891257 -1.30418071995831
-0.373088002127061 -0.466998074606257 -0.996119854602993 -0.318638197679677 -1.24038954854241
-0.992263508541768 -0.0668130443011398 -0.360748396377429 -0.685291614780601 -0.882339162246166
1.80917213109899 1.27205961134896 0.310369734986307 0.22550714980199 0.366549767107023
0.299545852456952 -0.90807521840021 -0.0492304293282464 0.342369325538602 0.048664440911929
0.604164650616748 0.492988905738741 0.852229338781729 0.438018752064163 -0.195307809089047
1.12048910045238 0.422477991797728 0.104611277053063 0.760316230273121 -0.0958308283520285
1.13772656764584 -0.170229404807066 -0.425988198316884 0.0325626064654127 0.269207748850046
1.39992926943378 0.468586986821153 -0.669579508212896 0.74595500415671 -0.122836021070095
-0.631503404904475 0.17422722367855 0.490036427828554 -0.639496797744139 0.00710647973745459
-1.0880071743086 -0.672744405231075 -0.917371665046298 -0.324519378290159 -1.20943233015015
0.854449152269258 0.847925586233534 1.18797051172885 0.6370884604856 -0.339391703018116
-0.704855413271069 -0.848581217316509 -0.142925264040635 -0.512232865390107 -0.564494034410782
0.363531564506649 -0.111837633494163 -0.043526119680809 0.80927441110098 0.0848784786572699
-0.867262977471099 -1.30375830210113 -1.17637604691451 -0.816787842153086 -0.968230472276581
0.161567564736996 1.07204880829003 1.61465021053288 0.157747773959132 1.12352562839563
-0.743429800573554 -0.4489394352469 0.133840529675011 -0.866305389167716 -0.947182582196479
0.688418431370316 -0.162229698134587 0.541042789319852 0.348760423283919 1.50241972516004
0.490260146027966 -0.773573440974049 0.218571623845277 -0.227270391928175 -0.0789118403794027
-0.399137455646799 0.418190518882456 1.78834358923266 -1.15019109244365 0.101602924602919
-0.20061684444439 0.226682138372528 -0.455016458660683 -1.07654560612253 0.39167683135015
-0.321254865813118 1.16210496490184 0.461331412777656 -0.222647685871452 0.430422712903429
0.261705554553904 1.35061931074269 -0.598527357438432 -0.450661231770619 -0.908493054019749
0.0918240403624861 0.950786889211308 0.790501140313513 -0.0793135571943946 0.441229677778245
0.564251015035856 -0.810528913127341 0.0395759360331801 0.0382106629207406 1.02371365248171
-0.534808169132104 -0.180146350199768 0.333320577101022 -1.38729472688086 -0.490706091231788
0.273138382431475 1.43434012775061 0.444488283917157 0.38943946558311 1.40179613666971
-0.840521194382904 0.308714720595371 0.192186708198696 0.402026563537634 -0.634902258201213
0.614720541903614 -0.0650823087245379 -0.189366735349139 0.184113193437996 0.503654683433833
1.11735864566545 -0.291634798461188 0.484676357385954 0.967531775845656 -0.857508532290269
1.54541974808933 1.12148434372601 1.11476162511239 1.29437565095965 1.13285657301611
-0.116028880799943 0.183645736417814 -0.380342710848516 -0.127075092118939 0.534165517545891
0.350029183330733 0.572856590251366 0.455490863997149 1.42813858976281 0.351313248874042
-0.449422076937588 0.172281969937921 -0.481252413988273 0.732229347915035 -0.639927277819258
0.123707054222481 -0.0398647299141571 0.329110169563748 0.592169009218476 -0.626700485688682
-0.31203855433348 0.0721973603747839 0.463924546133403 -0.756957358514594 0.0967669549107
0.387522369960111 -1.45355406351118 0.362650046823731 -1.01116413281615 -1.35048587511523
-0.225701279820382 0.322171447350678 -1.27377706111576 -0.177491702122653 0.919112866719036
0.661600783625098 -0.451793005094902 0.507299768032596 0.689632499452643 -0.849737035358462
1.15372663194676 -0.443785012155592 0.310269080263795 -0.420354315279776 1.05386933180802
0.430015521638143 -0.640833486456309 -0.160931543226903 -1.00432542272167 0.305894504737154
-0.305766189266207 -1.17637162379325 -0.140120817540826 -1.31482638263245 -0.951857117072226
0.287650853363159 0.582185048926229 1.04465582877842 0.90082483430141 -0.680454085446834
1.52300916690581 0.669065567703786 0.598668923717161 -0.87006488850261 1.44337413779352
1.71446117641816 1.48570269149905 1.54409716035902 1.29335389113693 0.934753154497253
-1.48732858392512 -0.831599822256236 -0.851961038957715 -0.022946087189094 -0.0311283115229347
1.09423240756439 0.138762655219954 2.23701471058883 0.678058295964166 0.213761555053276
0.284663587791826 0.100980943557359 -0.478910913926714 -1.28285084493021 -0.56959062331953
-0.382571522074631 0.106354821593405 -1.28303850492021 -0.399537501048626 -0.694566723407891
0.169718349858939 1.06593283804525 0.887558284104187 0.0216263205910587 1.10674091164644
-0.609673248361909 -0.477243423453554 -0.103413860053048 0.159178290189135 0.0649312003160788
1.87608148727616 0.132938370143148 -0.035481325187455 0.49863511435968 0.872787674244976
0.0362679902506774 -0.925747892308338 -1.31193948820836 0.570674400139682 0.0655768406760095
0.584609745410349 1.02004429169789 1.23768232306921 0.341939778871833 1.58136238595904
-0.769754973961429 -0.204791431114817 -0.861877954669718 -1.07540998116511 -0.241212822912683
0.464663762696912 0.726170394234598 1.24251651146677 1.43905014296115 0.811088644802286
0.0643064837516778 0.232771067907493 0.120129596757444 0.803776118099001 0.892771043426724
-0.118973147508772 0.289151934639274 0.0300997277573191 -0.895271491001913 -0.0245321672160101
0.200009402901022 0.130499766261834 0.262612666754614 0.333100928840022 0.533137334448771
-0.555411922805804 -1.58097776860542 0.327120530829746 0.21763250589268 0.416989516634189
-1.02990768110691 -0.931350319097483 -1.23029181412999 -0.0541585004496939 -0.903957770834305
0.541122153484401 -0.267391421106427 0.323087740507794 0.793424175157741 -0.130112659443762
1.09300457117577 0.520819477915003 0.239067971389573 0.796504271335716 0.385273720997768
-1.48050192383576 -0.781640517141973 -0.241132362283653 -1.20988295036126 -0.30488431931762
-2.04468831669397 -0.442095223967528 -1.15408245677578 -1.27465770547636 -1.51717392015204
-1.25632089775865 -0.684381188728867 0.329406488172048 -0.639910081276194 -0.915806455408861
0.236675848219269 -0.286117376711406 -1.53849902208089 -0.165127264030516 -1.31958300835957
0.34090734247075 -0.592338410567558 0.103626943381929 0.00464767801352138 0.420454219390211
-0.422704991523501 0.426521737346513 -0.0101031555726357 0.923432623791515 0.507088651403493
0.422750059609127 1.03711415179783 -0.190405944903286 0.493762365467193 0.233588758737664
0.591413931087766 0.827911718857453 -1.53836743773241 0.355519312399695 -0.942402698704493
0.101268484506428 0.181382815502679 1.22208946516798 0.360491602328602 0.764386171700403
1.70623660428418 0.470403790362241 0.795929876479057 0.683341313671402 -0.222676712692113
-0.196899468396933 -0.686570005315407 1.44215370056723 -0.51463608623698 -0.613165145170325
0.26806779158463 -0.00123946952167536 0.49556517957108 1.23307946315496 1.19439593579133
-0.831109344843239 -0.598388945158002 -0.534686534381988 -0.849492463825753 -0.150170829036166
-0.450756391848742 -0.607344389685859 0.405560093829432 -0.111794882510213 0.457188541727431
-1.11958906878271 -0.452212320524964 -0.32364770435908 -0.548835524183815 -0.552780557381974
1.08786571256017 0.243798527724044 1.12132800434803 1.6758610219863 1.02361427203683
0.973564445559032 -0.491507050239839 -0.260358754779188 0.150323687568351 -1.12587165169385
-1.46811157909179 -0.634873378821228 -0.0292066350948776 -0.142607525066932 0.226201970304544
0.623028338574222 0.197271682591335 -0.633159198154586 0.670956982044225 0.664081264504149
-0.310644926212018 0.492109630920946 -0.682125135169983 -0.0561875907922169 -1.18495863676286
-0.71160156928334 -0.803925995851791 0.402836340238599 -0.896915322625977 -0.53750522705919
-1.23232933553006 -1.58499392227687 -1.26545628594234 -0.553337996517159 -1.37709622390732
1.57216399775633 -0.395822189486552 0.791241875329645 -0.4253094950376 0.989919474703901
1.18996290997364 -0.159930957854414 0.435650280685454 -0.136270508814009 0.0551942481612659
1.16526335685155 -0.899531843772969 -0.749550433849659 0.144156406531331 0.432188382759102
-0.259276525905865 -1.55479903982255 -0.208898231895728 -0.761422759467684 -1.30389245635699
-0.704239834228886 -1.66506506983729 -1.29144008105238 -0.646402635042906 -0.426338169654899
-0.59737029711855 -0.174122273366953 -0.872129009965698 -0.759270848825747 -1.13987666665073
0.0707354880841056 0.284514961651688 0.45704318708776 -0.831798408779005 0.338014529660185
0.14020544623299 0.0829685795460571 0.557698690014825 -0.248352942025473 0.697116677027805
1.71381409438528 1.39206378512501 0.798144762209222 0.478239827866524 1.04582839853827
-0.646982205538724 -0.256610420107308 0.413313579334463 0.747662969170736 0.449412774518146
-1.4644767268539 -0.505068038169048 -0.771948561636238 -0.491296815025061 0.282697986857245
0.696180399183076 0.97997714755241 0.366676959577489 0.897848990564651 0.598108516709976
-0.48703815965235 -1.28521073526123 -2.28412107293081 -1.27484608241206 -1.5938230269884
-0.104622153927447 -0.771841386933055 -0.418707990096532 -0.394505547297506 -0.241422339894276
-0.236278248646382 0.235579421549025 0.323350128031093 0.914682077754778 0.965639499272157
-0.984786940210611 0.409921133921607 0.074703789912146 -0.887588916064445 -0.0382972060004702
-0.335255215668248 -0.067588531489853 -1.06041758386554 -1.24362969843778 -1.20601773532418
0.378817601920916 -0.608522870390177 -0.092927242666811 -0.331857252663976 0.338197323041877
-0.506930790148002 -0.468672606225514 -0.693616716494975 -0.635114719954515 -0.517119381204991
-0.829942886839835 0.190962183300366 -0.504057795184971 -1.18331098759352 -0.695301441331319
0.433191334402891 -0.449461558643714 0.445381234237312 0.691055091014092 -0.267716219344499
0.546246273923362 -0.269612527830097 0.0322410955046126 0.0340223602326046 -0.845571874305319
1.28529360815121 1.04154285131596 0.901576338832214 0.991510058136735 0.998846150598307
1.25210907275027 0.221773260222542 0.196728056128186 0.700825986753792 -0.737227311297662
0.960375605833206 0.285916909268489 1.10431896843369 0.809568540037517 0.918888520517441
-0.582974866815561 0.0414903955370083 -0.236131080670493 -0.534486392187826 -0.231300935649682
0.132229624198439 1.09804094548323 0.384084883615047 0.313173081905265 0.0990744075640702
0.725536966379208 -0.132747665906408 0.434972007246052 -0.0942066805460683 0.297716284794728
0.859102077932814 0.106461367061559 0.406709487470819 1.14093001744806 0.757706544436907
-0.97302441534986 -0.437353729450996 0.712300576466737 -0.370142754650319 -0.58408196552621
0.664720201794733 -0.373321690267026 0.138225206642711 -0.770017514488388 -0.886113641783707
-0.890767409094391 -0.570382344084134 -0.0723292671717331 -1.53675896089633 -1.08147796266735
-0.463272265096083 -0.0575767299444836 -0.51746778129208 0.135041986755596 -0.199081436747978
-1.0042527862594 -1.3603669038293 -1.17773545131917 -1.21816111086104 -0.579474161852729
-0.616378431472236 -1.35692984894494 -0.714178164389606 -0.437086559453485 -0.455446528046974
-0.201345534355659 0.389149779885353 -1.13547785533136 -1.04650290061665 0.416578699417386
0.776548157473657 -1.49114980601306 -0.413717056130558 -0.169820972929052 -0.352124103752887
0.0699228861901338 -0.241912220045294 0.726217953111686 -0.628123832453629 0.172773477746061
1.24485127260039 0.228568180919662 -0.0639856404369456 -0.556455074626468 -0.40684208730245
0.50347842092425 -0.184856426908569 0.324378554183885 0.160367274281777 -0.147071472846374
-0.34950815491517 -0.689957594366702 0.116238756705642 -0.686762467912972 -0.411201417760515
0.206521530812528 1.04815802776933 -0.142457702259033 -0.210393978613208 0.271189739139427
1.0769912836633 -0.768888090423541 0.615125529128518 1.54664145520646 0.691179073648222
-0.189396733487953 -0.558525981304908 0.387937280107423 0.0345629488385457 0.224557803019824
-1.46191655606832 -0.69224585519814 -0.973820167770223 -0.421882762854578 -1.13739288139821
0.536086665249801 -0.746901210482599 0.0905541895403432 0.0817837399557767 -0.324061002312602
0.0195259028170319 0.223556406112536 -0.408368302807515 -0.747702780961577 -0.388128977536594
0.0109017146342245 0.395524654664142 0.598985766703854 0.66844254422134 -0.205039371575045
0.956941234439631 0.581379764322813 0.769748582326055 1.65464960591694 1.75672456436746
1.19825561745974 1.45517241046215 1.45363136526382 0.315521346030721 0.461737246599589
-1.14236869254075 0.425982929635225 -1.34683315677734 -0.231668084520848 -0.657907017988354
0.441615709183588 -0.705412902623813 1.33708565849401 0.0546776008116665 0.712513133503816
0.125246094532714 0.222753495429076 -0.21150296545332 -0.547374977746449 -0.278213046976613
-1.25668386025432 0.10914402743229 -1.23633886373774 -0.273439153313108 -0.491057508707722
-0.0432913596092884 -0.338800145411464 0.486042476696137 0.52585641632119 0.877282107393125
0.788105267136398 -0.262884677174211 -0.0927674172978157 0.203574053863415 0.390681241576752
0.547690966095319 0.509517312483046 0.280254972786277 0.477049418390154 0.897978110221297
-1.65546563602479 -1.33468637382639 -0.613329441867211 -0.744206327010763 -0.374513741587033
0.511129655575269 -0.636580505954484 -0.0962715084230307 -0.654113674714718 -0.705316271555782
1.17410126822023 -0.155025112063893 0.8707988394608 0.683681840214119 1.19700399343495
-0.184640347597893 -0.33192615638163 -0.609413139575537 -0.706670517125018 -0.511605240263674
1.0328517020142 0.969441141839508 1.19532924694233 0.159337435262274 0.459560009557198
-0.884793844664161 -0.052009658946416 0.571588108375418 0.401073952321048 0.0889444630271515
0.850149228498918 -0.392826099263846 0.419764189438748 0.402177179793303 0.761856082314824
0.247467148523892 0.478760501061519 1.00112383650054 0.288602689165442 -0.629395125311078
-0.396907042387189 -0.323845696888039 0.256453386717624 -0.549672283109217 -0.610695747532173
-0.43046504253647 -0.206102879957441 -0.670766707566091 0.0782145879467006 0.362148565085445
-0.22198404840586 0.591403906804174 1.25063608908916 0.0965282919748666 0.333955081165823
-0.852612742483159 -0.658727179925846 -1.2294296440195 -0.836865982733995 -0.904029579902404
0.302768785415653 1.29029478951542 0.155754905476277 1.04536145729112 -0.575992233046443
0.317646699035707 0.134721497876772 -0.356888624529407 1.54068568821814 1.11533046001075
1.61068675230484 0.57007323411145 0.380642878055432 0.360417603448786 -0.286746869139461
0.0104276620656113 -0.998283427047384 -0.414871772680502 -0.257026518737517 -1.23719132595078
1.08460423247976 0.284458786303 1.814526552417 1.17725618303319 1.37230397783013
-0.0881660133727573 1.4723954489828 1.12308056020776 0.387829326683479 0.750598669143614
-0.285247689266026 -0.20960830418883 -0.490521325654147 -0.771191665129732 -0.948321182894941
0.588505969341538 1.07727795604892 0.851517327008457 0.606608994498657 1.36450889807422
0.96574939728413 1.19351395603155 0.582613430909049 1.00173942676303 2.3447851186494
0.878474948474411 -0.0257642935620915 -0.996097453292576 0.663285415014744 1.0724979676096
0.621863428800001 0.0199886853632804 0.377361237475862 -1.23680174014376 -1.30964024221309
0.0601392656383531 -0.354884990079006 -0.295588154338511 -0.40898017912492 -0.496701414011475
0.104002791291164 -0.260152361364587 0.759253742132989 0.269671655696402 0.788489323691869
-0.324107464395046 -0.893692390159097 -0.0158082693088389 -0.676027365300073 -1.06190294940032
0.945531589217447 1.092086289667 0.321090520180477 0.464172354370645 1.07032339311897
-0.00681744683524087 -0.00680210918753977 -0.198481855102651 0.505063765222785 -0.441563538091929
0.457341438200327 0.0599327411274096 0.531201635161336 0.896013326104737 0.292281387909358
-0.363734603195347 -0.495444183806538 0.352823123094693 -1.5147447137957 -1.85264591133726
0.825566547748286 0.735027161397138 1.02069518824983 2.08985849232427 0.180260484636192
0.498290136378835 -0.680493503457388 0.0749076405515369 0.0930668732107545 -0.999254034560752
-0.0965465908257006 0.270030938635509 0.210318754772707 0.0829672979924224 -0.171656666658642
-0.378569460128653 0.448842106999389 1.1730995675354 1.33302715807278 -0.057210877986774
-0.123077383480586 0.679582374014488 0.155219227130336 0.400186953177223 -0.160517930215948
-0.696543977211894 0.590925458806545 0.219551205080469 -0.26545085710058 -0.503903979723671
0.50059164611287 0.221623321043828 -0.432678216922683 -1.16113282484299 -1.07306949849202
-1.45631371290941 -0.0847172854093313 -0.61772172222439 -0.580938940340024 0.131695266391469
-0.316388172865718 0.404688433342213 0.396521643213473 -0.371395588946608 1.00105634794272
-0.18411212947053 0.66777040104499 -0.228777971425351 -0.12237262547265 0.0177710276283573
0.126282876779093 -0.683650659918957 0.118101385495222 0.395895969515216 0.481744634251665
-0.87677043059834 -0.701245253562611 -0.567000018892363 -0.670481263678004 -0.789680614668613
0.155111034394211 -0.294286413072168 0.241260198207536 0.455686451077539 1.28206850929017
-1.01537675008047 -0.778439005566004 -1.05061514815702 -0.592815353398732 -0.387523882350564
0.223765112470256 -0.416438252913475 -0.6169904412814 -1.07120994141769 -0.316809525785458
-0.675933680926606 0.29012323666885 1.11786589372741 0.38111007376959 0.401148299684216
-1.62312695307563 -1.48749190294705 0.518856883835602 -0.652469346760876 -0.215985350981448
0.954684027428952 2.0555614961214 0.48879207209204 0.533086150789529 1.0173397905382
0.766602532498255 0.325578208329021 0.577089343231778 -1.36999418798937 0.488193994481208
1.07493497547451 1.05375716618205 -0.0560107216145303 0.18544942983895 0.098316463670857
-0.769729844049229 0.0237790074611913 -0.0963470564706932 1.28949955013829 -0.953518940721399
-0.307546349221128 0.521285162347473 -0.996489896152547 1.16558375807793 -0.529057375905624
-0.213478663107905 1.10824321618875 0.568449793490316 0.0764185221382757 0.922611523213901
0.32528997972129 -0.145596469821921 -0.610816167725695 -0.157393201647874 1.02095648528699
0.554769494284406 0.12162941065937 -0.0301143988219882 1.18568250848024 -0.493639404404679
0.883581363350186 1.06515032099029 0.570955805943349 0.749366515718941 0.454027352355795
0.811062800334075 -0.26844819351915 -0.674892544490632 -0.518157311071105 0.0539128883873072
-0.337907541855595 0.272051288895351 0.196920424741432 0.953112324819371 1.59106917782997
-0.317461624019284 -0.396757514013608 0.148674375438899 0.0316244856880832 -0.297044525369596
0.206535573233531 0.350502185966958 0.580394613267236 0.571298464021324 -0.457421032036442
0.40185629795295 0.86725508995117 0.0209695841667597 -0.0597032837829497 -0.677337540522897
0.134482058533011 -1.149505816256 -0.574234691359868 -0.0676198390153441 -1.02535596446626
-0.0313860637091218 -0.103076209605953 0.565816360993005 0.187098376113927 -0.126625933915929
-0.851783574182682 0.95402941616797 0.178178492809753 0.902375640611968 1.18796196466505
0.844829367487983 0.719282534356311 2.06287945226366 0.130942688397608 0.852561867943026
0.955012283825339 0.483170457433614 0.201757788135736 0.819825819706131 0.77538898740151
-0.316091563247365 -0.689280897903651 0.197029308988352 1.13693111336677 1.22762025645202
1.32985397317939 1.38229878449028 -0.0239934297858925 0.725905841687452 0.39861472844075
0.676956458823922 0.670470480271175 -0.0794460900330548 0.190367942718129 -0.341608925477965
0.148540005307796 -0.552072695710889 -0.284132580231534 -0.372939520868242 0.492094551423333
-0.489741150811722 1.20917536040164 0.0460341098747657 -0.0216089106618729 0.864764574577855
-0.0771616328438764 0.194440286583851 -0.500140871885654 -0.371792813860111 0.497627273722037
1.58249681508473 1.3760758583204 0.305045727021194 0.365392112047119 -0.156452428195256
1.12337452812313 0.442782412254855 1.04015143152108 1.06457730623367 0.00912632376340142
0.272193194684519 0.768705266296225 -0.155818304914203 0.12579422338721 0.316639303411394
0.33001905001975 -0.236850604200697 0.746265990185665 0.992862108716865 -0.708208007401464
-0.395931120133436 -0.808726474339128 -0.0438729383216094 -0.189398024093803 0.310127333690787
0.145324270391342 -0.253867960112402 -0.662566866815745 0.385340574842657 0.188832203197198
0.268874090770895 0.165650386086333 0.528823784922571 0.281828878907513 -0.457592681929381
-0.530744785571374 0.212624620494144 -0.68713530148288 -0.680538051368624 -1.24280256506739
-0.425928563156689 -0.671259219921123 -0.584866891200751 -0.666155126550178 -0.0134672556296993
-0.868594447065058 -0.66613816744849 -1.36443443039116 -1.05985982185501 -1.2573335860505
-0.323431751500602 0.479624197915612 -0.613064671093939 -0.708114683410418 0.143912978850243
0.521946868314297 -1.13458549786969 -0.468024687252295 -0.504468745317649 0.190560252191742
0.423533547396161 0.223017569178188 -1.15257067914037 -0.869913653401265 0.41068794387779
0.128943311055772 -1.09018959790048 -1.36796663752144 0.483498866626203 0.156739303457721
-0.316234506220244 -0.744635973121946 -1.14987979814941 -0.775720749490601 0.0671051954681762
0.349232761167274 0.856370420663645 -0.129368245060586 0.0910492075429275 0.312224129193789
-0.224832467630895 -0.201709880535986 0.865133764374362 0.0645912944314438 0.323894274103654
0.120987549837178 0.492703876965662 0.0609362766120857 -0.170918081741117 -0.0561120133650605
-0.575685415044129 0.844825086257886 -0.692434268954162 -0.145039242690577 -0.150149556978285
0.460840432225995 -0.479881993785308 0.237925215384759 0.240774921651109 0.838714720567628
-1.17919701345459 -0.470790176200882 0.176819022079851 0.557207439251786 -0.809993937112628
0.526434670524942 1.44734084524986 1.05731555151516 -0.565070782436988 0.0367405159494043
-0.356495591588153 0.2146893637524 1.06650780657122 -0.420106434045496 0.148866051998982
-0.960000057049707 -0.346725720806944 -0.0827081792867759 0.569515903650696 0.204627129809822
-0.38505803224895 -0.638010174840161 -0.940784196617318 -0.0380352435661016 -0.457630164005664
0.491596950109819 1.18521384558336 0.664854152159719 -0.319149512961332 0.960164663682851
-1.08045492509726 0.15155967358214 -0.665760815049629 0.4031653873053 -0.809871387374804
0.411534564069019 0.44328944556022 1.08099323166185 0.695902790368383 1.09946804288043
-0.421995597777385 -0.649848923392493 -0.966951436177144 -0.50192016991041 -0.0101902598556185
-0.346356471355267 -0.371946758475645 0.248686247030387 -0.543125499160914 -0.450256941518932
0.252215861215595 1.20945598497337 0.347688725142735 0.953185826775148 0.434160478841098
-0.656622293773295 -0.387531728789946 -1.03668319160229 -0.0393389763507498 -0.729413655918767
1.28450826323569 -0.165940952921693 -0.00441047399384541 0.679036703515304 0.765115695837954
0.120865934617372 -0.856245525115046 0.272699139386275 -0.911626626123398 -0.433575870341782
0.41633797309778 -0.74981885555876 -0.386994689853698 -0.390182250906584 -0.889714788985518
0.156213602486751 -0.126850349447951 1.10972501464731 -0.110860224940172 0.906347142602009
0.186765980017983 0.48575032235237 -0.0476933596588128 -0.133324258430214 -0.0108124899317011
0.0423992386682482 -1.58106570242301 -0.28333730194716 -0.192531641675158 -0.867959203165016
-0.750075290555905 -0.829550546395486 -0.809671849199936 -0.840360810789201 -0.500500011727224
-0.174434921727954 -0.700191924269335 -0.827979999483785 -0.0871395550422826 -0.603297880832164
1.3388012717799 -0.369904788109269 0.207303020860313 -0.056465414546252 -0.130523363554388
-0.412763261778436 -0.723965594623529 -1.13144231105456 -0.89654470953207 -0.792131880312586
-1.11587594705494 -0.927278590910462 -0.258869145493846 -0.162250756672254 -0.579965218019434
-1.3126739330567 -1.51119461888757 -1.22066036721716 -1.04923208672034 -0.646606796840059
-0.296473173710519 -0.866962174587698 -0.612647877193725 -0.395239068969891 0.0206416866843519
-0.74208141563542 0.970597661548144 0.025286491470209 0.122578831186661 0.888233947826115
0.637874792378441 0.413606787904413 -1.05217986816081 0.53397741567007 -1.19389861626156
1.27155921121638 0.152486499382118 0.099395321351976 1.1081546760849 0.85755726230085
0.0974916292539076 0.363981124670673 0.059456343534997 0.0425369811656051 -0.885839418004102
0.61367391758677 -0.4905116634971 -0.572983514942279 0.335907755606953 0.123165114946788
-1.44816240057035 0.0587996639856212 -1.10134348218685 -0.968566886183188 -0.310776588286802
-0.625505313112926 -0.911793150343564 0.602156410876784 -1.76305187576732 0.387027934269291
-0.800900733975404 0.0555614229094261 -1.19999855117441 -1.34035442626833 -1.63995709137001
-0.98946193920266 0.222511757919096 -0.30496829328502 -0.474182616890643 0.422847975042826
-0.782146144589427 0.317847809018034 -0.0256978770617041 0.136497369514175 -0.301015520571168
-0.160428898898718 -0.520573397360633 -0.988222934882786 -0.530198646217302 0.508035100500622
0.208484446948108 -0.36636459577629 0.0603154865700976 0.0160489115833107 -0.0752451180219369
0.44611266462576 1.10203731703813 0.430689260124033 -0.0903677255201094 1.57242344181297
-0.169190723611524 0.0370151565705358 0.575411984889347 -0.356516509521111 -0.487121030855127
0.281690297369663 0.649359920910162 -0.441102259907043 0.530229684154906 0.790077538280522
0.982447409146026 -1.05189092084433 0.157585065193485 -0.704132609814856 0.4323119721149
-1.41321254143269 1.27705167947436 1.21327415547874 0.632183315601635 0.301408926881033
-0.668643147537029 0.24066468645629 0.0735004966308233 -0.4559396165217 -0.636606704228168
0.267082075396227 -0.297918383741013 -0.436727733846226 -0.0274549436817654 -0.0164489090339198
2.0151973787595 1.24531330523507 1.13387910137968 1.59031256121525 0.861686151309162
0.0126592736111036 -1.62748366615668 -1.6025613906756 -0.749102014155927 -0.725022205477041
-0.720018264393672 0.820088516760742 0.0309818065614176 -0.640289055167464 0.245429345993821
0.678526418160941 0.0418147727511162 -0.134679288907469 -0.421588401744177 0.415096159693458
1.12526299413025 -0.338621604335313 -0.0273926999271723 0.418745997346275 -0.0773380760226822
-0.377210235206279 -0.793832949824722 -0.867114573015145 -0.604444349705435 -0.454753171589211
0.673150277064518 0.399842186084544 0.649244673880415 0.739632085464408 0.56612940608048
0.242638118998966 -0.749695830716393 0.127059227225523 -0.249598777405275 1.51930249581754
-0.48995018069932 -0.161916347067671 0.0311959720911668 0.366997613710756 0.428496192201145
1.96937090653331 1.44454199656362 1.27594729138623 1.03733765233487 1.26399736562475
-0.255142036886638 -0.0198895507443856 -0.201972878302848 0.196802354800919 -0.345760700957254
-0.448816012821546 -1.10742882312177 -1.4376088277084 0.0178178407544679 -1.31525622956154
0.155462171185198 -0.0036463172624917 -1.01591074907668 0.391611563308363 0.143376070098224
0.291101570272998 -0.451125112038421 -0.757650656274699 0.32761571224454 -0.00328217930402131
-0.127302433240046 -0.0910194834399467 0.303576243470143 0.400529280417702 -0.771358358125513
0.0240846937998376 0.45881412502721 -0.541267347093836 0.506878590178243 1.34178509943197
