1.11410309701925 -1.17278750030139 0.649133787424665 0.632430400562252 -0.329542007333257
0.395107859005285 0.12041515860033 -0.156669211290623 -0.437321105670459 0.399249165634394
0.950059100219123 0.856567221197804 0.334477921624843 0.479521238980553 -0.38344751976391
0.115422510338857 -0.250277251950004 0.0278301399706868 0.343695329027853 -0.0950597858830209
0.500548034249561 -0.482967033871295 -0.993870172952639 0.049239809146503 0.20300639325203
0.917777498550773 1.08342276046507 -0.661149952444969 0.835548695940615 0.415181035539125
0.909334193817853 0.795789177614064 1.8032710285078 0.650327334240391 2.07432142380109
1.06980730608682 1.36853759267073 -0.649601891495631 0.0148521355992655 -0.369617292591423
0.235939229687836 -0.62347278675988 0.439948477992685 0.438453633362695 -0.0277312897092968
-0.682312539688927 -0.955745241562742 -0.596634649687312 -0.566573521938114 -0.920935045769786
-0.91395517700639 0.00903393753382417 -0.59653796716153 -0.818832087583711 -0.577957021643604
1.60284446177481 -0.178823947214681 -0.112836373908416 0.522281120389159 0.253835132183487
0.261808148683108 -0.204401699107788 -1.1142125095726 -0.483380320795395 0.0303265118130111
0.847194164705562 1.35454750520148 0.209212229525475 0.968873821378762 0.414630261891574
0.52491879764426 -0.510045457138722 0.0647378297233456 -0.853254184982939 -0.167282300765872
0.744876433722781 0.6113061703146 1.83802282993468 0.0278782208053775 1.12368589825635
-1.27248288737709 -1.39268573330926 -0.743203649763512 -1.31199823920539 -1.31933923092225
-0.662959405739855 -0.193986981429763 0.244787194288897 -0.34261992716013 -0.867018294750312
0.47790799558165 -0.81040470618321 -1.115537676986 -0.143122886842025 -1.13808418702584
-0.563810884889102 -0.477390727588294 -0.119919351861127 -0.0463232657433261 -0.856266960900962
0.78417482635442 -1.35136948027324 -0.369838959017454 0.46151847847375 0.468689247062365
0.278438008255007 -0.0941702080871195 -0.530511724173964 -0.235428439036716 -0.679849106952648
1.12392014672876 0.298141649757301 0.596974376488512 1.00688262069559 0.0388670085131589
-1.2639214908604 -1.10718146338669 -1.34353026969434 -1.17744981099436 -1.69485788165282
-1.06615590513979 -0.0366938609546774 -0.84647884755318 -0.702843796806705 0.120416422745206
0.432106977513174 0.529315505186485 -0.365680913173197 0.50261412546795 -0.835832097797102
1.72654654310522 0.804568728443874 0.81873628773533 -0.279861550189435 0.430574990144704
-0.0387642654415483 -0.730455596089603 -0.395307142507959 -0.0549047977141487 -0.297259930705954
-0.73244931255422 -1.12644931024859 -0.584489604670378 -1.22181993442515 -0.94476217296774
-1.12079601474563 -0.418767082772561 -0.26572475449695 -0.212738215317585 -0.152455433190248
0.422410466227529 -0.0512424671188289 0.304642681600393 0.340440470785122 -0.635039922090412
-0.960382178199118 -0.19139904540652 -0.102173713257673 -0.985899782467636 -0.642911862423966
-0.368624928402242 -0.971775107641911 -0.497661437411471 -0.723409680829679 -1.0835159882442
-0.775659766548414 0.194928793027204 0.76605269809011 -1.11209133061952 0.992376888661172
0.85361687918105 -0.912235588033766 1.12188767881799 0.593296850003737 1.24042421911389
1.40094128146204 1.405692646353 1.90776988529862 1.44720514982593 1.73969410056559
-0.835533304899034 0.415661313408356 0.111835912189144 1.01294363478656 0.816944729295258
1.2170311555559 1.84150400974205 1.72523344031307 1.15818375982103 1.7794997814981
0.714399648635629 0.559963690507766 0.169794638852728 1.08321896251849 -0.69435574122033
0.0223965068271275 0.656962796545178 0.0208590438770052 -0.0224794447167255 -0.733510143165769
0.756687430750516 0.838547574775261 0.321957371811654 1.23788575477301 0.889131609200682
-0.702745673258583 0.254748987981283 0.257011366639262 -0.116272305822734 -0.191078889603761
0.12618488789664 0.272894361043676 0.694183239072126 0.415597838425571 0.376111225019623
-0.520234031705187 -0.521938478463107 -0.86188261927556 -0.984791409894953 -0.474524399540629
-0.102848768775786 0.0032991994180415 -0.781255204134074 -0.834212507868596 -0.36899178138414
-0.55042853805986 -0.0998897340051304 -0.457073872879448 -0.552994014990837 -1.25639098337593
-0.181368755258554 0.0989380285057594 0.186165707316223 -0.0689181188518201 0.363119279976852
0.313400444277027 0.227682627410905 0.494337138038737 1.59982482119165 0.997190563638737
-0.511538286599126 0.912519025644229 0.275403292634811 -0.44256189551674 0.140115647264564
1.3263459582281 -0.404131532609233 0.704962770855086 0.53400653675911 0.609554156139607
-1.36156503413782 -0.528094381714391 -1.0318988789273 0.051247707646042 -0.853579950735047
-0.31766142647142 -1.042157982301 -1.42886942261739 -0.94453266364954 -0.519427845326611
-0.652750670985175 0.731737968058151 -0.794247368122642 1.22390690388 0.478183445120749
-0.635678229830067 -1.36846514911261 -0.796555708746578 0.0760782525962218 -0.329677389797372
-0.192994418659284 0.972826537574285 0.975394012713131 0.267714097695535 -0.950973009804941
-0.756396543614852 -1.27901923767065 -0.772942778748994 -0.848054326370243 -0.389093241992429
0.648832951005738 -0.0700067038296897 -0.268431494259316 -0.908482484445502 -0.905529398056401
-0.878273207843128 -0.453762915593984 0.9636472795574 0.227272540729916 -0.636634013936549
-0.257401456579121 -0.0714237387519107 -1.09632423225127 -0.572904413443931 -0.88155319776558
0.806080838358598 0.357083440744198 -0.163447158571544 0.499673520600116 0.788113609027158
-0.108479325902764 -0.75746782298307 0.320183057378851 0.0480881322302776 0.786497706913964
0.532359479626923 -1.03166760810896 -1.38670863110028 -0.189652100811425 0.28822037828181
0.101336129594506 -0.738070853758079 -0.252416942357128 -0.673520321161287 -0.170091164433903
1.02030047023522 1.13850066042656 1.36416720777078 1.61008681621827 0.899320149058053
1.14853778902137 0.321208160982784 -0.677776956947291 -0.0797886224335967 0.06129114277013
-0.527887068140759 -0.818019679685463 0.629438128158611 -0.334140090356441 -0.520052494336281
1.44719745571949 -0.0640621631260234 0.412884340238256 -0.0578663187288283 -0.221342399694254
-0.536930680745684 -1.2349675998666 -0.246760659076396 0.058925321210488 -0.208067262776772
-0.375972473138554 -1.16943585238821 -1.30931962762383 0.0286775835891463 -0.645236047208468
2.03140335214288 1.70124008082902 0.349955863221906 0.0699710412468399 0.22666777367273
0.226414027021927 -0.964902329748588 -0.440565223115778 0.252793471905004 0.297664834025609
0.345094007344937 -0.159445474346811 0.295376689540965 0.306730504855301 -0.660971125400384
-0.853092558910176 0.599417715618812 -0.249235667355573 -0.439804728825988 -0.0104426287843272
0.752863299873595 0.969854086877129 -0.165565932738747 -0.60620436825949 0.0239390768334064
0.689451511657455 -0.193857796260321 0.0900718945536989 0.406800629870384 0.457613590010709
-1.75240171304914 0.897287179002119 0.310707505990108 0.0716665652200684 -0.550081507731199
1.4622767626862 0.80628444678844 -0.608617909190943 0.429012161567294 -0.16883594541024
-1.18766432316686 -0.571521412353686 -0.649698282573627 -0.0668243033467947 -1.14760330412677
0.686388088118545 0.168762506949455 -0.178089513197381 0.498672935624307 0.452441905000155
0.227728357054012 -0.920651365631002 -0.309317342632933 -1.17461438662736 -1.43127791410711
-0.696893582682088 0.292494995327883 -0.797873497686953 -0.513503422870376 -0.113743324453673
-0.119325967807953 -0.217612234997644 0.0518280489354343 -0.487637432618779 0.19768300300681
0.170102194614976 0.0103240735576906 -1.15409205084067 -0.277517835752088 -0.229853054239196
-0.707970985991945 -1.11837904131878 0.0171032959534318 -0.83289252821153 -0.619309150868371
-0.588068382396356 0.174324327804387 -0.392656905718664 0.330257697998586 0.405939811154374
1.56542974490576 1.57509461995033 1.07216540086731 0.944676304928222 0.791567392280116
-0.629513560933873 -0.527032614967253 -0.0979431828277312 0.298356179523333 -0.25053190381935
0.000868377023489382 -0.11740539365943 -0.844971270785101 -0.942372329639114 -0.609878945911557
-0.289227061365816 0.253573786763449 0.356101405043045 -1.20563491873898 -0.159735029331617
0.727931958602172 -0.0680601744735698 0.65520724115728 0.0382621964487173 -0.224480300425987
0.39513565081463 0.230273659921711 -0.178045367131472 -0.119387113445236 -0.00130655171566109
1.328925454129 1.16892971172951 0.797788649589357 1.13059940922882 2.21265211495731
-1.25431713754013 0.455393013255379 0.540160245788546 0.54217008562984 0.845810928692292
0.928221589953815 -0.318663870151514 0.729239524713075 0.426775459628355 0.563853734019759
1.33825924624839 0.572107865508169 1.75654899822486 1.09379981501036 1.23944092221287
0.867976498406149 0.587837329327012 1.17997791915099 1.22892230292099 1.65992727732977
-0.405246742531266 -1.24900946438304 -1.65385352661824 -1.1995227860443 -0.654147162926202
1.27285372722637 1.23191556794638 -0.161608493629026 2.25716892792083 0.62973307181284
-0.805559900342774 -0.699850160086535 -0.570376552253263 -0.446831945549633 -0.643043183476408
1.14862777892151 0.852480548426998 0.386936591322098 1.30978398625667 1.11603136335215
1.44575295387549 1.50121038764742 0.720789936362267 0.874583727910697 0.65452890014692
1.64405007921555 0.96088687517986 0.558550984386846 0.0216817016513653 1.15526530627022
0.475287432530043 -1.38632786422256 0.262269515653155 0.520356545954979 -1.17504209277099
0.402384062154817 0.77190305753506 -0.92537083234493 1.30953894428594 0.951566523421645
-0.689903259045911 -0.764892650549927 -1.44295774227793 -0.869273634280871 0.194078167529663
0.243904338249867 0.406950467895016 0.621721392004346 0.639480427089142 0.271793135744954
-0.756194806690823 -0.676467580992077 -0.0336257608500957 0.750468265261547 -0.835337571886685
0.232315883108614 -0.556829894588233 0.922703398522524 -0.788494950671393 -0.551043634611333
-0.464211982682931 -1.05211933089133 -0.197667666996109 0.00434070052231365 -1.54266659391146
-0.405269744595766 0.285594246056747 0.843387020386964 0.0127291895252052 0.472994534866945
0.317046583611469 0.576397282865159 1.05101760690955 -0.0123827436434577 -0.0752856519792307
-0.307568401249735 0.0486787855905694 -0.278310289479219 -0.0688293006154839 -0.11719384327751
-0.244066163650432 0.422483165854732 -0.118132680699076 0.258240269813262 0.109475194048903
1.55047993781557 1.38499636199925 0.890578281931551 0.914477163528636 1.24227645399688
0.592203200558272 0.978977316108032 0.411491561208607 -0.544809321631463 1.17149789005515
0.741936122244997 1.05109476504439 0.834258241578429 0.938369251884153 0.790038293641535
-1.51026756245582 0.625271194799207 0.14798796019861 -0.0122626198585015 -0.565727121124329
-0.953542648494206 -0.951637220749596 -0.853291520523681 -0.684363534207408 -1.22785764736837
1.31011343210455 0.732116644011778 0.955751324772855 1.11827939246675 0.171234519508603
-0.651099725282016 1.13347767193022 -0.17355598815184 0.935442090432075 -0.5948599395994
-0.547353269206848 0.735574701328576 0.263932882667307 0.584396587171278 0.128711055349102
0.104687080121701 -1.07066032693889 -0.34878326306657 0.556045118134905 -0.202755851038279
0.407561971762675 0.513455345102848 0.909413576959077 1.05121751038502 0.804068043885241
0.257584371031991 -0.136990946312283 0.409068743536412 -0.715919676944393 -0.28535099569273
0.820290665502697 1.17101952449302 0.293576455500105 0.149727991780162 -0.481097024285246
-0.50001677577228 -1.08220845848004 -1.63490458673953 -0.185757383576136 -0.0113903874886161
0.939372767145509 1.17349030390589 -0.16633947405459 0.552712218130187 0.469555762368622
-0.0166484853022047 0.92711043971117 0.815412609948624 1.02873647027128 0.535831334050943
0.288048522550461 0.762429499577574 0.241007514193775 -0.92898250443387 -0.469681365971901
1.56709033771575 0.410567859459938 1.16917916418883 0.20301922062882 1.27027538110666
-0.173359481889305 0.139106459485957 -0.790737616134299 -1.51273980950723 0.210708995494914
-0.163699224555721 0.167204318231427 0.165681748673086 0.476183122871013 0.595839838703618
1.98317176143125 1.75490143022379 1.29931811619718 1.15816067091426 0.648239869907361
0.494842231723379 1.32709179990135 1.05520593677766 0.107190122134077 -0.223941666842572
-0.496411387719895 -0.607531923143691 -0.157984129207601 -1.68014618133546 -0.970927890965472
0.170839685772128 0.32559422132363 -0.56028385744306 0.583509020208835 0.20986041971886
0.72615883791867 0.560023846534857 -0.0461914020716617 1.1446069164523 0.464990572676098
0.38181931882731 -0.251694665126364 0.135965322355272 1.2442182285283 0.477359924785376
1.42011868735781 0.217829471975769 1.08896625706248 1.01494714917927 0.101733339612848
0.298344168556277 -0.712724549214457 -0.351383700603661 -0.688755269786198 -0.810749925430728
0.0485792644766439 0.0427464750129173 -0.789615653019632 0.225896139307664 0.53293857440437
-0.224199388250454 1.13204838658653 -0.416111279044358 -0.0196760388728779 -0.698207860503867
0.156565479734929 0.217411823686125 0.271408281377983 -1.33383595910797 -0.831173417471633
-0.164652719765642 -0.416145584367051 1.27437232550206 -0.406868145888697 0.159611343208247
-1.15018297894862 0.282054143274964 0.730071370772044 -0.574186934645388 -1.00348646243999
-1.82004587237505 -1.2202294016149 0.0761498116474047 0.0620461143247637 -0.828050668285046
-0.166064337913794 0.366161402369041 -0.168335303678375 -0.634546740564596 -0.104673758882002
0.629342649684583 0.304335296717416 0.959683495505857 0.874740229864 1.35726430311478
-0.818798552399331 0.542672764651668 -0.0367798630251711 0.0791140107447368 -0.273150323559936
0.388872823085911 1.26556258126252 0.421451657741525 -1.41521126748689 0.0792175063529676
0.0525224413116163 0.258734837816083 0.252247040202112 -0.482575710796398 -0.66298953746049
1.03737191423867 1.18063933462307 0.154062947319906 1.15969204894668 1.38994051179886
-0.720781292447882 0.0305543450023413 0.779958162228156 0.792557277779375 0.411632685023706
0.198140081219388 0.879384331334809 0.653756947163042 -0.645220165275695 0.792037574966051
0.581787064723609 0.73886112347791 0.360949621633181 0.554698353730668 1.3585336694051
-0.527770367553971 -0.530951792211295 -0.220890749050543 -0.0292362507151806 -0.667926961740599
0.0389489949791038 -0.0864113916519519 -0.27614966413396 0.307635871547678 0.482212977189071
1.3412345414635 0.0847268909662161 0.209431837997014 -0.598446599763823 1.03566847483074
-0.48667318297154 -0.574402954755137 -0.482721207717631 -0.530727495703074 -1.22604401584601
-1.34586105280806 -0.186151473035133 -1.18167715544859 -0.587628124374414 -0.678715641480644
-0.921242236615791 -0.767720260137437 1.09429415941181 -0.904884474804532 0.03289116652729
0.00980975689562458 -0.802313952070051 -1.01327243086343 0.208421179258803 -0.492862548894369
0.123806424033729 -0.659288547897705 -0.832463555547687 -0.285830795715726 -1.42721601212132
0.32003255198074 -0.837949332262239 0.363544838363269 0.121425654716955 -1.4022800100772
0.488826998029936 0.609906027041017 0.798405522094268 -0.232806631014096 0.259860330008726
1.43456890598888 -0.772692487813839 -0.449627213290281 -0.564140764030514 0.628289119881138
0.0939438772842011 0.147028109948246 0.149901394141852 -0.580823013078966 -0.82866116854444
0.576343592676745 1.73325870142473 0.680138252134489 1.21360862533463 -0.225961088110921
0.385471084148376 0.512929362409297 0.876345802927844 -1.22824660808566 -0.338324847610896
-0.0476527399537093 1.0098406178733 0.381780712132482 0.080458419714512 0.778668284042544
-0.424536132562127 0.798026988875611 -0.225661245332167 -0.609292532102446 -0.126602608433323
-0.0276121949749884 -0.331918814319389 -0.258664521601408 -0.394483354382579 -0.234332090378834
-1.26743724567693 -0.375610099580916 -0.623899435063465 -0.884081863657719 -1.10487419799194
-0.0594485680758239 -0.812922121339268 -1.38485290955768 -0.0523479217011232 0.698938388234265
-0.645493464982166 0.33829719593224 -0.567925127196853 0.436318217372778 -0.00128166134120756
1.27489119755877 -0.177193173229874 0.430738025775314 0.372433572197426 0.817886222341275
-0.172422247500241 0.127664199172669 0.712190381906232 0.490894319349264 1.54748227961164
-0.955755901175814 -0.548548778039109 -1.22041818980907 -0.946903495472868 -0.784899819725057
0.00388423891461116 1.11438311597366 1.4598654301148 -0.670775744117882 0.51105116758164
-0.98768271479463 -0.857515115144254 -0.992991016340388 -0.2346656437433 -0.36947793635675
0.519284618749143 0.239336373040663 -0.0385583920085274 0.344131272294384 0.77926620772728
2.46405735742321 -0.288925887380389 0.452845297111367 0.0316100360085332 -0.00577536743983849
1.66864302589431 -0.60822719794953 -0.521098247635765 0.734353235320103 0.580152797194145
-0.658277764355236 -0.288893338118054 0.668059156786613 -0.822282479256703 -0.296504846313789
-1.02152142243138 -0.339290809188064 -0.627213053424914 -0.899486502223587 -0.763327858442478
-0.294115625918512 -0.220013076491816 1.07948429446134 0.739714406728254 0.43591916550038
-0.240096937560688 0.0799974005517134 -0.0355214617364135 0.270551645536224 -0.502762449978607
0.385018811289456 -0.596971623966408 0.0369463687495755 0.285034508311344 0.105919730631243
1.40135342413836 1.24248808797097 0.793150708965159 0.726430794094015 0.432400151102453
-0.674101382025808 -0.885910490326622 -0.887197767180536 -0.766902134660427 -0.851859212996964
1.24649775133714 0.550216109595379 0.975129245331857 1.43157498015731 0.624714931539225
0.711304619471758 0.784724141199733 0.630367781361579 1.25313537754534 0.452828470179555
-0.524221096149949 0.203450926815422 -0.687555485030138 -1.25510143593207 -0.757316349058914
-1.20067523580937 -1.03320383014077 -1.70377144833914 -0.526873158728103 -0.0663439447892234
1.09093454019875 -0.245897928748921 1.29512259259398 -0.0235646350325643 0.793353335264864
0.652738908557445 -0.0236164627645572 -0.729397682631316 0.126023424389718 0.760751727334742
-0.671455873456474 -0.817408185518798 -0.750403229144391 0.648251058389712 -0.0814937245779149
0.805243493165175 0.364545598331544 1.15361210826964 1.30701244548556 0.250164705861559
0.892536401003404 1.19892880060366 0.380326389429658 -0.00314070536472042 1.02034904178325
-1.3389009374852 -0.50731475328812 -1.03521065023542 -0.608160175380881 -1.23032084470497
-0.0395127925037951 0.380261619547804 0.94314594727655 -1.29523268259222 0.555852462798853
-0.411903853196279 0.201295411234121 -0.225818029352818 -0.759223906503686 -0.465382375034951
-0.63109290350518 -0.535547395183057 0.0634205787477123 -1.05720702394891 0.0715016858679059
-0.433066297946896 -0.725919269067255 -0.925258919639114 -1.36221593165875 -0.719600200331043
1.22103164870482 0.530304897374048 1.56593114744349 1.02343304749636 0.472631623838464
0.156299440034956 -0.386732014338863 -0.0986549899193219 -0.208644120450448 -0.8025247604985
-0.245651059426142 -0.298441448782447 -0.940141892834913 0.437974910210574 0.757675514819408
-1.33494397271255 -0.0997886707780858 -0.0774118937209356 -0.508697639782849 -0.111579188985551
0.0871760091338974 0.430949949350904 -1.33054720918566 0.070593335870729 -0.868088331020244
-0.781755597255822 -0.407475511640737 -0.695933923743966 -0.115168793588743 0.70321289634037
0.59218559500908 0.962605605873349 -0.235151317069055 -0.222654026487736 -0.717604126576702
0.867984738020447 0.148413772167263 0.870594818692371 1.07829537447961 0.14192761712498
-1.29985966201206 0.193027247728902 -0.336522989894223 -0.416120436745171 -0.91560565480781
0.64144783367461 0.240185925311122 0.562881217626718 0.447833471088004 0.866834116102516
0.170362906760223 -0.576772243864363 1.17626799688861 0.846052905924987 0.538506426741383
0.512494709904045 0.489711439616241 0.0251724634135557 0.220807755396203 -1.43400020078995
0.747702680761238 -0.686567150281501 -1.18711701566701 0.188614626250281 -0.382020165210122
-0.365262727645646 0.228191037792256 0.0145756003604615 -0.770507804564332 -0.177862697013615
0.29628411447315 0.56351251706575 0.707631178388099 0.234472573726839 -1.37858323733958
0.652138577476472 -0.633123590219301 -0.639311728026327 -0.37529234183954 0.054312948725287
-0.347415301910718 -0.667027045055015 -0.0963056951147892 -0.198474202963694 -1.15698271503646
-1.42072741213019 -1.21278867326936 -0.983003450958039 -1.81233280684126 -0.346314394250267
-0.692566499543678 -0.366278053412204 0.998635732603759 -0.186315925339241 -0.44795776710036
-0.600000665573899 0.437725454538778 0.19350041284981 -1.33842065705185 0.212188574510894
0.284006190637978 1.15997345798851 1.08801752107908 0.75874911081134 0.838427252279105
1.45230522080961 2.29541090271811 1.14620164901311 1.15201601655219 1.15898405054814
0.859917644601797 0.900181000584077 0.988534781289828 0.595640905473794 1.09106090063176
0.402045735717963 -0.824682976592831 -1.24621995109889 -0.604801643947413 0.189033291301728
0.207064518731063 1.02100771634215 0.621382256660186 -0.352112163179009 0.375943216225878
1.28984695731797 -1.4727908021977 1.08303542737277 0.312592190927272 -1.08578276598946
-0.370716327074744 0.15247309197425 0.339103853603768 -0.502104984025962 -0.217198251746407
0.238923345111974 0.541956510717718 -0.236084787355754 0.594031336240298 0.291362292243384
-1.41495995635378 -1.89064376384425 -0.780670519630448 -1.14798379477967 -1.42667713225312
0.662074847086074 1.24951375198385 0.474975734087006 0.672023616555009 0.154545714260086
-0.497847799747498 0.135059052019163 0.655133163169035 0.101359059497463 -0.282900210062314
1.75628759556467 0.820223027430613 1.68500212123049 1.23090590236096 0.407997047069412
-0.968116594385157 -0.00725430961972832 -0.509192477033589 -0.587381974166697 -0.100401917872247
-0.688489740860086 0.353649743040721 0.0518590713147345 -0.349289448614336 -0.0919661780193436
-0.503129752215707 -0.249063793180949 -0.253365638313392 -0.590117779740034 -0.550113333720056
0.328786634323005 0.0829974923537205 -0.437339610543 -1.55114997694005 -0.990337160388549
0.810800509697704 0.279794000090732 0.0642208778852591 0.446910093012407 0.156072233126329
-0.818038991220973 -0.346033570708932 -1.20859677314857 0.308056224181749 0.150382433487
-0.808960283016816 -0.165243931905943 -0.417578328618369 -0.642285517969971 -0.732921580586155
-0.798918640955715 0.166865554285615 0.823018796410689 0.715941792388296 1.49891217886694
-0.773767634810094 -0.348465713728883 0.442276626554902 -0.481166386003628 0.560297150848744
-1.14501393070198 0.330084592489669 -0.823740441218411 -0.215498046304866 0.18718465235856
-0.434905931411513 0.741629425334385 -0.581829611045706 -2.05261420757434 0.592015877447261
-1.10890795890439 -0.0787418806140193 -0.508035325853499 -0.62242125674277 -1.24378467360624
-2.05428543237714 0.6561167225625 -1.5192120186111 -0.531241440095006 -0.255659023715968
-0.0431361444072075 -1.33023373501202 -0.724800371435941 -1.35881167049939 -0.570472671494923
-0.571726209504104 0.19543582419173 -1.02554039307839 -0.359069892213422 -0.660897562377463
0.112119735465224 -1.27687992599086 0.242304058006702 0.89041675318457 -0.879974837013877
-0.578965643736197 0.0447679836663516 0.416884148520809 -0.389777396042264 -1.30145229476615
-0.908000977453451 -0.840024385933288 -1.1050366996704 -0.134851682837846 -0.720822076350909
-0.513170641258649 -0.495803267368406 0.566765433258859 0.781092801603022 1.02483024413176
0.299030170237259 -0.0163639246764939 0.565083198103775 1.31358682750247 0.787427919909002
0.14594010546679 -0.431051384085576 1.52720215449773 1.01683646274661 0.344460075637116
-0.202933281727023 -0.122378969352101 -0.416290705190588 -0.00556481441707848 -0.279652240879239
0.0566488871986674 -0.220023565836539 0.516057076922601 0.063610383145213 -1.03460197862695
0.605573923657302 0.912897242468833 -0.639547197073457 0.0667726901433582 0.423170230099676
-0.664842655122338 0.560112042409411 -0.453413120921002 -1.29691936062298 0.0657312845349483
-0.779090472295989 -0.952768134383069 -0.237197912411123 -0.498376280329417 0.341615021242881
-0.517364172116084 0.100959085600868 -0.417072122575305 -0.992450173077294 -0.78150883233191
-1.39493589741801 -0.532363273109319 -0.5421556281782 -0.675115417718208 -0.555616319777829
-0.386895772176193 1.22697990230853 0.13701309721573 0.423574123718111 0.967672595663993
0.89984629441753 0.532602968412939 0.813362377608003 0.627681129089113 0.971636585052904
1.15932215585946 0.442207717334616 1.48697864176729 0.539873802917173 -0.0293950527185312
-0.65377177474859 -0.302604780075021 -0.902002550540957 0.611481927129986 0.730664645796952
0.903328732195501 -0.773244543873808 1.40912674086468 -0.764848542086659 -0.498903298862072
-0.289104591063241 0.231544893528546 0.482637099955548 1.39897240464291 0.438997345775223
1.11800821644229 0.976045371954378 0.924529634903237 1.51612343926051 1.02345868608289
-0.135888019767973 -0.175079265270277 0.471597851961739 1.22945809866316 0.402603159437885
0.0298592722401578 -0.669964627228501 0.183674136676708 -0.771495995039188 -1.62282167172768
-0.629439619954974 0.49872307807446 0.641155847090508 -0.0996490015579094 -0.331242281071035
0.400788127427813 0.433434742333606 -0.10884043604571 -0.389509156456867 0.593291995025399
-0.235044721050019 0.202631780565845 0.461924968717927 -0.126168125759081 -0.637095158664133
-0.837804974853219 0.239979718628528 -0.0319173153214018 0.387308269499363 -0.551181128400132
-0.114970569821576 0.0251578316763889 0.566188647987683 0.809082683765038 0.290708064420068
-0.286257673392096 -0.402546641576155 -0.744957751107047 -0.245383618864411 0.189618565668901
-0.807295298036239 -1.36565319469087 -0.802646511411328 -1.03184971774838 -0.733932163303792
-0.0798703335140674 0.15798371773365 0.188224842190625 -0.11309418056728 0.689411576773218
-0.770770510527586 -0.547546200110183 0.0966090339771456 0.945997910217095 0.549948263789749
-0.870675881153616 -0.0435526750799218 0.445929012831893 0.218377918786184 0.078736026624311
-0.00629249604244487 -0.737107471120639 -0.243374947680343 -0.340291700154548 -0.109342158340939
-0.574489698071733 -0.398956565521477 -0.872981607869528 -0.0448569248113489 -0.170787926205744
-1.34804080996214 -0.631430246340204 -1.14741734527913 -1.77012300231171 -1.3196420991197
0.130988923486601 0.400505149958242 -0.493405375488701 -0.585597487396414 -0.235783246253047
-1.25123207813481 -2.1799756400654 -1.29826140416371 -1.01645869468039 -1.68655417429321
0.321756369948066 -0.599902414485832 -0.101100054559239 0.126358132983256 -0.0769421751938467
0.374100654950726 1.53883725769661 0.988482232528219 0.382623712845257 -0.0687312117320275
-0.0364137858091234 0.36980179176902 -0.500256310998817 0.314818300736233 -0.557873120673866
1.10192860064678 0.173280808716912 1.64387119735335 0.172746017371892 -0.0539287414443169
0.860111373026111 0.505523440895051 0.0783627162394501 0.587997040508966 0.371756121414239
1.15333118110421 1.46977828967814 0.278571224009212 0.353729856433607 0.75255997982726
-0.142855518748296 0.265200355896358 -0.326779675288502 1.03986618277008 0.180488872310995
-0.823804250273273 -0.963880698842824 -0.218773054187132 -1.10267623638023 -0.790684157281768
0.791292988282655 0.366146235526384 0.656361344076363 0.0761444300862718 0.846782992718089
0.377250635887469 -0.594013466175585 -1.23686012218891 -1.02770163164408 -1.35941178485403
0.0213467157037044 0.659130306723875 0.278967733333516 0.99522983364809 -0.955117040188739
0.404522265523696 -0.244875148637547 -0.238359074145071 0.160054274119835 0.199819189987936
-1.30505808765137 -0.458872638685388 -1.23116229237023 -0.740786190178026 -0.41461070583528
-0.848083285932017 -0.205287914947869 -0.606240985454686 -0.905863424253581 -0.270428596558318
-0.0430023108493561 -0.670855843115077 -0.617877287045417 0.248951968212516 0.690690354884085
0.279180438959903 0.532791648375554 -0.0207671768577947 -0.682764092187614 1.10934755046091
-0.353223815098866 -0.550151114172656 -0.64390644463181 -0.781735572725437 -0.206562652005793
0.219062922592369 0.214120573017266 0.193279859241739 0.594784903016354 -0.238060627612552
-0.108635436230934 0.23686698778625 -1.01024760318811 -0.857171567252184 -1.16655778585208
0.835358233167956 1.03879913038986 -0.00374825342088564 1.43172146097651 -0.0944598980619276
1.06367545964752 1.1889467237609 -0.0586305971006956 1.05879605730312 0.00733456929493576
1.31276425421116 1.18909625117268 -0.43191719009034 0.00242388078143267 0.845013735365207
-0.630002608871414 -0.651386295257415 -0.265353331693553 0.00484404446361813 -0.0610819765383689
0.722853277950388 0.715927610518933 0.544271833410248 0.938991597928645 0.279473346554969
-0.667767458279461 -0.293287187932821 0.0189039140302182 0.0860009719936632 -0.371879216512959
-0.714443417736369 -0.759929162061275 -0.417108866806093 -0.988312892343696 -0.177419493150287
-0.630691623175709 0.306508354793054 0.619493530707105 0.955588165730872 -0.313000328029742
0.933834845091476 0.925878162900608 -0.269773992720446 0.430234880310265 0.85114820094508
0.741763535568245 -0.914007452497222 0.460911299520798 0.809336563359514 0.053020869985668
-0.117459118434531 -0.458470211335865 -0.385680347386494 -0.111980499227988 -0.339260419311237
0.327674801445237 0.198170186530612 -0.426358849597223 1.02284413367975 0.457907926834028
0.731931430104968 1.71210026005032 0.900765621128309 0.663568961374189 0.429238294730364
-0.316212985717581 -0.654056408492603 -0.0384940808876353 0.0574968507611147 -1.31301704745791
-0.478117911833605 0.89537246114843 0.430844969389888 -0.293228437512664 1.40516108548073
-0.531013352526923 0.907811237276328 0.310064976830998 -0.330556273269575 -0.705697205512314
0.586741532089209 0.824698756324264 1.45561304507448 1.0316699912737 0.61235860293792
0.566902282345357 0.800901692126716 0.14439919427797 0.279822459166497 0.825405146930517
1.66861167867834 1.58691459180414 0.342881917045738 0.825889264974517 0.315903278399532
-0.439535081437933 -0.39854599965757 -0.723910434778916 -0.105908194485882 -0.0703492400264116
1.38084825064802 -0.48132957666695 1.18533670542028 1.23138407130193 1.5792815644913
-0.629667788779496 -1.00419629198582 -0.347038810031815 0.170715461109883 0.132457711943711
-1.34972512668814 -1.39875294006728 -0.643698194729058 -0.24265406441596 -0.674401718294853
1.50244993482662 1.06811024675638 1.3072798879902 1.15766882835594 0.309148772819002
-0.222981843929778 0.985898953447477 0.135039828033398 0.038274702437008 1.60277383079787
1.10771441526663 0.736911501709295 1.56303562206685 0.631810930819706 0.775485273002089
0.00695327704113576 0.313673583881125 0.410383290482597 -0.845582368373184 -1.34559484441709
0.668832174943203 -0.175883808761934 0.759833550421425 -0.245636023425229 -0.0842423479291944
-1.04462508208529 -0.187494678736472 1.32831554000265 0.551618507221288 0.801657135931256
0.0957973202274386 0.424658787622262 0.967840059507773 0.712017771327886 -0.0630650137599524
-0.157022302121581 0.386449126317547 -0.529574692920607 0.414731713568463 0.0959629805014885
-0.191444800597582 -0.870188230569738 0.381905823912477 0.333597770904073 0.629845119441983
-0.495859530186401 1.1631683264529 -0.42563690541875 0.919370571629951 0.299005942074312
-0.381868115844674 1.01102834319912 -0.183151293077915 -0.664852402621545 0.427411539143631
-0.287617332985063 -0.361609846219295 -1.88270089926825 -0.747081196032476 -1.40528674719584
-0.0988676184024789 -0.599311162222408 0.205071982494269 0.960627797641273 -0.652722781687384
0.780869565022594 1.70190074932743 1.58707013103424 1.56340128106936 0.870536974556309
-0.0272406218788273 0.437827578494364 1.17416189758276 -0.0127021417016184 0.833100776355121
-0.621769720021599 0.386696258424961 -0.905870589992731 1.04633366996457 -0.411120656130314
-0.0393483800473479 -0.544969319653263 -0.532639531707997 -0.0538637473579295 -0.520070550533251
-0.123800954331964 -0.582889270171867 -0.659425894921716 -0.464150436256298 -0.710822199747349
0.291097561256123 0.116381995873225 0.961800126437663 1.62763189255297 0.478644904213196
-0.552311883028777 1.09988841498919 0.539691357285062 1.74364268924412 -0.0599433406628935
0.318721066056418 0.0679914746355396 0.435142134071972 -0.254789391994449 -0.432663215531091
-1.45168036012079 -0.256978930030085 -0.301609958107328 -0.536849168163961 0.0498047634455598
1.08871838577726 -0.435385588584462 -0.137802772972136 1.32974446589379 0.959435369021426
0.229441300832333 0.522780643507033 -0.0166863287260193 0.223986643091058 -0.647915193726688
-0.871195165696924 -0.696012484416311 -0.140980865619507 0.117999990008314 -1.3281827081144
0.794291891919198 0.345548673565918 0.953977154645117 0.792377811592613 1.19482571161788
-0.1752303444373 0.143504818434996 0.434538033534995 0.721848954884161 0.00882209582341292
1.12273794610264 0.315309073672243 0.420417165237939 0.0528714799874827 -0.0595446561744744
1.25059426630359 0.0520498935898698 0.522817420456173 0.261915710717568 -0.128280070419732
-0.655037285570008 0.424416211418783 0.717610060922585 0.822088065174708 0.184956383529783
-0.188064872207488 -0.926428187058693 0.0770919526117508 0.691654440272222 -0.581079624223469
-0.54932554762721 0.593529526029861 0.146484779905297 -0.250094929851068 0.154883424720263
-0.302383082433882 -0.311166166160205 0.530742739073873 -0.544898574754093 -0.142459894584838
0.0457135058789616 0.280419732835633 0.0404114659625266 0.423579267072389 0.974125733033118
-0.367795325053484 0.035804906744843 -0.205506352112313 -0.505301293133275 -1.33996870112435
-1.30378384779588 0.331508475493096 0.305485933967373 -0.840767976121493 -0.873378009575589
-0.129396605903092 -0.0726477114770657 -1.35393241521063 -0.805695267357029 -0.161872331129471
0.991963174302039 1.00642325494941 0.832694212744264 0.821796561174156 0.373740662366806
-0.790620688144414 -0.670135934547096 0.391741812642657 -0.745846595082881 -0.124665059559275
-0.828354406876836 -0.837809955111316 -1.05481251854283 -0.59492882335907 -0.852151919891925
1.25956506553356 0.399265413735796 0.391204659424069 1.13140384135981 0.920631762573994
-0.471031274194283 0.883142236400704 0.777777651310291 0.312956634203208 0.842845452439883
-0.442051591727763 0.0916672814747856 -0.609727014876256 -0.652384065970159 -0.710255432461755
-0.0321755122288075 -0.733718068455388 0.505824895350121 0.40751719073586 0.805533405086929
0.407920485004838 -0.134953218519539 0.833603410974734 0.203511097403333 0.0963728791712371
0.442467300821687 0.00530977538652635 -0.281936367999744 -0.398551366465021 0.202000776499398
1.29576733474928 0.788628495062683 0.862580662545262 -0.0807143216263042 -0.089766587721802
-0.110400895875212 0.869329386992398 0.945924664015888 0.251835881304285 0.494185121636233
-0.0741712901380073 0.430871249222577 -1.32116560856607 0.704473067151721 -0.649896057644621
-0.243156035357637 -1.52029291079599 -0.444812814711728 -1.12735417988609 0.717604406181058
-0.697492947707286 -0.129395044741322 -0.29232377501343 -0.91407508611826 -1.37916624516392
0.322137175885055 -0.702586513980727 0.706182594353018 0.325553232698103 1.36889150559057
1.03559804347353 0.316487710104439 0.17632213993209 -0.806589929217929 0.693961100372376
-0.208150313924094 0.582912670149449 -0.380242943457746 0.384072294246804 -0.346240794080337
-1.00239698882352 0.181050834143887 -0.356578906190449 -0.832824042268029 -0.366907719324666
0.138922587678233 -1.25406837229735 -0.202259540278401 -0.521334574121 -1.28694982171824
-0.344530669927834 -0.955495531273658 -1.49588707689091 -1.39345245108129 -0.668243686321004
1.23093278045536 0.0288680839230218 1.08532766825647 1.46654388447113 1.1000588727157
1.45076883771997 0.280544745796616 1.5374775279677 1.63074750964683 0.258052767921496
-1.29980352938542 -1.08728297705086 -1.72898398368266 -2.0342823521386 -1.69421119195072
0.313239407385852 -0.132654451040134 -0.161625177930771 -0.233784086914426 -0.185726891890194
0.460071150687719 -0.368656921777285 0.325282988849313 0.0162388070921177 0.0879860073955866
0.295860216800881 0.140011939752445 -1.40078735730073 0.281090196539971 0.886023494305227
0.997857309960159 0.5181334827296 0.775478455668287 0.21595330232509 0.327611201677227
-0.288233185345548 -0.363887166312682 0.238412772579072 -0.913846011730221 0.853596119232695
0.618789412662297 -0.765220676980964 -0.320350944669577 -0.706125040826152 0.289462892491607
0.40876048470352 1.04402960754104 1.3260725095953 1.15033219211563 1.25939997403395
1.13703540365852 0.283900723303406 0.953214154733728 0.570155374848877 0.585994139850425
0.789407655463941 0.0799122989632215 -0.0387672061664324 0.866982365302292 1.14731863299596
0.176950781693388 -0.522207681503497 -1.03268197682782 0.0435202838839288 -0.673076982047913
0.847120900057672 0.196366525638565 1.01633899444514 0.34170990774996 0.628270162186265
-0.771273522575913 0.442873281156832 -0.204752438406544 -0.350393555420878 0.890231366725353
-0.613474338241991 -1.06289072546111 -1.16453394574647 -0.0413166059495397 0.228019622139596
0.174594715881595 0.30470434634261 -0.922075435454541 -0.491712268175362 -0.329078925895387
1.03111559243227 0.103622907250042 0.302422715171786 0.516209853775119 0.297629196517739
-0.0405291649286226 -0.716209784343767 0.296160478230947 0.345545297581061 -0.684913813697332
-1.02315097777942 -0.328322351618456 -0.330586704703603 -0.77621543216315 0.110105387782363
-0.849893738889947 -0.709860537552691 0.0210176752026043 -0.648796094606311 -0.679748994213457
0.330073158136928 1.06790028226922 1.41721882276273 0.341519617149062 0.0745540379755934
0.0191681994830028 -0.989860311671823 -0.897954467149714 -0.895291504117627 -0.870233933629669
0.964780102945367 1.38845284545785 0.540348407559857 0.905703386229548 0.64647800386157
-0.841356540318054 -0.839028643687685 -0.412936364384506 -0.900820152981409 -0.977854647745895
-0.103872960793662 -0.121627403990929 0.497952979148554 -0.20358325298774 0.22910481321843
-0.0114603325873714 0.269594014820276 0.727240221172732 -0.974161234092259 -0.698036352785579
-0.526685054966257 0.476014636323698 0.564791115565752 0.102384114840369 -0.483801768318329
0.529768337260718 -0.0245121108723114 0.772956033054024 -0.306521675818504 -1.05191264578382
1.1313699994712 1.03781551536563 0.35644526776168 -0.109785549451448 1.4818802368911
0.422219708602909 1.61528765193988 1.57822321887271 0.835047794495231 1.08696554247585
0.711032757915871 -0.902470841676531 0.428769447547638 -1.04880030688287 -0.615398091939024
-0.446364476260604 -0.131149466898859 1.06207825293326 -0.141116398974787 0.0745135448929212
-0.61352817803921 -0.329182533037178 0.221920097983344 -0.347134098955941 0.0471906719765512
-1.24634461798641 -0.958054388738134 -1.44931530928691 -0.491362817644951 -0.111399975160428
-0.73282490207238 -0.355473370978571 -0.31485145515528 -0.179413047017404 -0.260841061914795
0.471603115625571 -0.393925530662853 0.0860426179775851 0.244833290835757 0.69235194685586
-0.485279247534614 -1.11800733851424 -0.614884593777515 -0.763811314920875 -1.31007796315319
-0.842688114725965 -0.282604075932958 -1.25660843654334 -0.675624425393896 -0.373367521715769
0.633969574280566 1.00247597172292 0.181774946739577 0.215335188095293 0.300623105236779
-0.439931086343104 -0.702468646216059 0.686843978413159 -0.17655200284638 0.0472054555060994
0.562470528553854 0.62220221954973 0.187309213178185 0.425330461636775 -0.578377986324032
0.11883765027588 0.620831320297867 0.491327627645715 1.55847243893486 0.237097873413449
0.992541945382967 -0.602489748522426 1.77545300081854 0.612615442684888 -0.186766857426149
0.619274070048779 0.268227405120051 0.0931086969105941 0.29937807287626 0.413118768863323
-0.224544335736413 0.515257515491661 -0.203951633617876 -0.489184467144227 -0.702928683392023
1.49943542694742 -0.288099512206324 1.09466683079061 0.912270954960023 0.996690656171902
-0.908027115612789 0.203466874371486 -0.224306392871644 -0.324591141929009 0.510111768983331
1.44223651138116 0.630572907350118 0.374777537525822 1.46822482268691 1.5500463781282
-0.692689989848641 -0.20403951304776 -1.04518184089416 -0.590591426303335 -0.632180775937506
0.115927554706471 0.240987849675938 0.00622830892498612 0.628418235979484 0.0506091869778926
-0.807462703381459 -0.70881746110578 -0.377697410562181 -0.396754733844029 -0.133633730345128
-0.115625436978885 0.20848742481239 -0.478724158794111 0.274814568778595 0.554676014292621
-1.47835856828413 -0.715875018475106 -0.326588597517 -0.344397445179716 0.440182529589306
1.58981694554898 1.21762533739604 1.33725609365011 1.02336693133369 0.25357895880587
-1.42261712263222 -0.941330020881718 -1.18140372118897 -0.121644891164459 -1.38119805699701
-0.849831869548328 0.575708642603053 0.452572544944295 0.801793232382723 0.564779428244181
0.273487876093112 1.18526228451649 0.156343002385524 -0.21322956452226 -0.840307302982649
0.873694825520029 -0.0729547910546855 0.417132243702852 0.266866197210978 0.920370239580322
0.4049066432824 -0.263649349376065 -0.0865941946473722 0.740342478384827 0.627346616980234
-0.0466867908140763 0.36765406443443 0.448826794502603 0.152853085955523 -0.436280966469427
-0.318758853964356 0.126276734545881 -0.724523970627024 0.80932528514434 -0.048814837976729
-0.243348771376209 0.129608179198916 0.762508092885841 1.62265302056884 0.0411483007424256
0.671650848771373 -0.749973986845855 -0.411558452195614 -0.160792702605322 -0.577160550983559
-1.40934988013548 -0.920381951706213 -0.414596240990683 -0.443065705970063 -1.11283941710216
-0.437375667418062 0.550898568488922 0.434181129391382 0.0899098138266253 -0.861787639717072
0.322135523472128 0.17960137755508 -0.7454602931997 0.439368312092346 0.212671239728756
-1.09087496345654 -0.59988718634514 -1.0073538136058 -1.39985833881875 -0.136859033232841
-0.0783251964344662 0.538349971024699 -1.25654799944068 -0.363226545879466 0.311248155760537
1.33131849823572 0.858341759132294 0.538793245975326 1.51372808440333 0.88541380797319
0.4646382371547 -0.494572396303899 0.41246015346534 -0.673862832167809 0.117931345807922
0.16598965414366 -0.59369709638746 -0.484620764754845 0.0869299676730957 0.253399208394624
0.362188622057309 0.229183330251967 -0.281358315339991 0.909243619860069 -0.556210067691669
0.271647362196788 -0.845121450993476 -0.186176191839738 0.517246019323997 -1.25907986557264
-0.0803746197651018 1.19175611581913 -0.587192764782609 -0.346401800647536 -0.728631331039938
0.209599661362542 0.156867870775035 -0.156738337833582 0.536284937419388 0.13291527652563
1.49331184717066 1.91881513421746 0.862509187004295 0.546781916711022 1.33255338771349
0.716248109685769 0.565106716145401 -0.961648390735922 -0.222935092253617 0.240899098999801
-0.244619026669189 -1.18109465554881 -0.0744055406223481 -0.0255804856288261 -0.591635977781676
1.29694895699718 1.30444292845053 0.803039715133548 0.410737830532296 -0.0547779597219535
-0.33823147318584 -1.10065982940028 -0.0866213970838703 -1.29044810149296 -0.11302099030714
0.500870821972152 0.67899485426749 -0.158747526261098 0.987312402402679 0.715145155995669
1.06392107635025 -0.13173115137204 0.91087998966016 -0.849051289725887 0.0411015973436543
-0.673977861363179 -0.175144714370813 0.770738335968826 -0.330103496826818 -0.919174670160215
1.21862080328034 0.267839253155662 0.347246826286205 1.40132942976814 1.0132811440128
0.926642885043466 -0.228623554244349 -0.336402166999565 -0.318384922280652 0.0202593728236426
0.682011245317935 1.08090287578553 0.805672809314665 0.489968778459736 1.28987641614816
-0.417701603588728 -0.67840421198866 -1.29420242917046 -1.13852866601923 -0.936935094292225
0.661033376913338 -0.44584006679716 0.208363455931828 -0.344060478244844 -1.11353940439297
1.02257075038143 0.743129774144911 0.238271587484007 0.647395773958984 0.754610763649513
-1.0904672188446 -0.333636807893545 -1.02681471233755 0.138178226950156 -0.62516524018058
0.766560864793476 1.41335360639054 1.25756498771207 1.86067531342965 0.940146306048455
1.16989133676244 0.314137719303238 0.338953727085359 -0.373826864507452 -1.16573327340387
-0.141397126292724 -1.02368996011841 0.121056239064947 -0.686115172455076 -0.213219627202177
0.0347651520521322 -0.478271255195495 -0.579363237990908 -0.436370022780828 -0.228360220345915
-0.0427915350251587 -0.47096928837701 -0.0788146255559856 1.26741545307792 0.888551931472271
-1.38677534444777 -1.39887111586477 -0.838127450681426 -0.251664088979385 -0.539550872286701
0.0324396313932273 -0.0142662447392996 -0.612763430599867 -1.2891864744301 -0.422078604745005
0.48824704592667 0.514704160069571 1.04707911989992 0.863028977957406 0.879095250782697
-0.566017330942868 -1.19518975320362 0.119425940756592 0.116328193684932 0.0289727116590153
-0.452478742337639 1.15044635935775 0.507561976456256 0.879751183780445 0.413958052500669
1.19450107909344 0.616142877230334 -0.0895431654188503 0.0808144660322323 0.133357560957635
0.637338816659052 1.16185669408025 0.243949587009947 0.360210168293955 1.44622588489864
-1.28149945911114 -0.986308398152647 -0.656311759069558 0.0493951436387849 -0.712049690249118
-0.731447213198383 -0.827968286932001 -0.245819760332191 -0.549765093807806 -0.777576892410238
-0.0124726031218405 -0.457986832701569 1.31062167158583 -0.517551695658766 -0.437289857941293
0.14629781093954 -0.654288758428311 0.173842149121665 0.400236706592306 1.28681495053668
-0.990313835911869 -0.305049308858889 -1.0826664086621 -1.6018662360415 -0.743687276066794
-0.205119472711242 -0.717010473958986 -0.691953806835208 -0.911456191712533 -0.814062908431536
-0.656645419745794 -1.17698556653431 -0.851186606659296 -0.90465183677674 -0.812582749367367
-0.179846792951632 -1.20456455853444 -1.30418189113735 0.27847920066497 -1.00710007068246
0.486219900850992 -0.894318624858567 -1.56561751942517 0.141437344617849 0.103201711343378
-0.812504365389037 1.33063051226533 0.162607926406321 -0.602242429143512 -0.154498046469542
0.458157334021208 -0.249541598639022 0.646521370804659 -0.660423560376885 0.720124229905975
0.803499727995552 -0.618445907075879 0.955674442029144 -0.725893584895641 1.25710844570364
-0.990864574063509 0.291097580271862 -1.12601194994495 -0.51748466961125 -0.808155028489562
0.755958567592503 -0.30243564721503 0.00345156296516405 -0.750433144122993 -0.196427838098299
0.00828409238781178 -0.643507041727602 -1.33379394283806 0.168106863104636 -0.280677191709479
0.746894660906401 1.04557241794756 1.2646197453512 1.07511008954363 0.844200504342854
-0.580046756664762 -0.859325694767313 0.0231298080492756 -0.821144354854825 -1.33344067991591
-0.381516045738536 0.0966077964522312 -0.730103771395065 -0.8986753396806 0.815001551998534
-0.972860977634463 -0.669414509060073 -0.86890146226214 0.0518070549724502 0.760268199797049
-0.27235774120334 -0.671673457011281 -0.479606903919013 0.0155437543675287 -0.144040376365511
1.17507325265983 1.0216040674774 0.42647483708308 0.622274406375979 0.384710112488718
0.351953587643053 0.176298363104797 0.255246054478042 0.340156917660445 -0.73469834090437
-0.829372646592977 -0.854473787083108 -0.457750144649732 -0.0436295198141809 -0.839975757152013
0.939867166440101 0.320505469785627 1.6006967520319 0.926910701298432 0.873150244951959
-0.80780393356038 0.071896481384998 0.45781195377768 -0.203050785570439 0.230652626657541
-0.745046093084953 -0.764383998078239 -1.54436895087887 -0.870902388927988 -0.421127551904294
-0.194563862192829 -0.87590436202641 0.280284481197881 -0.779508476687971 0.098199452350619
-1.34032353173191 -0.440867559999473 -0.521003682191491 -1.18049644233853 -0.868435689908416
-0.420379766524688 -0.552272368947065 -1.08798423891891 -1.40381854164139 -1.9880008417167
0.184743603557073 1.35595487848679 0.0412657883817547 1.26588122646963 0.204798499025916
0.36286885247161 0.937169476991588 0.323913289351789 -0.169126797662134 0.177259061759941
-0.989707604190322 -0.350233315774532 0.52577516467276 -0.421637389634515 -1.07509931479779
0.560892309978843 -0.392354285491489 0.81674281233871 -0.636354327842079 0.192622556270268
-0.335842763886607 -0.353653280145936 0.407068088616843 0.736131219790271 0.188390192255632
0.129501699488606 -1.03289720578065 -0.650664505547792 0.116011290365148 -1.76267044212124
-1.24550383010225 -0.175183222832762 -1.58305211336858 -0.723909181111066 -0.532865980521274
-2.23722284113431 0.636564120110175 -0.0633326916918096 0.468746779960575 -0.91393751073509
0.379200756716884 0.184500826052208 0.380131115228971 -0.199977098133295 -0.539155906024664
0.500686504540076 -1.08653740240828 0.478240195045003 -0.667121677219718 -0.0551316137644036
0.845032269691519 -1.25957022788098 0.0152155187935363 -0.714045735874052 -0.565223278738581
0.335652016554881 0.219964769316978 0.6419041783681 0.894328359557535 0.760998889177281
1.34122058906426 0.29457119597669 0.283389745720414 0.117172083181767 0.562233187864843
-0.385530199025928 0.683543498482591 1.42729127562421 -0.384143496272786 -0.681196500824007
-0.604439750769786 0.0805624811499758 -0.0849527130946268 -0.0395605919363828 -0.264938403215001
0.612259656305973 0.47090013235601 0.163029983200558 0.64549848257699 0.651688080570187
-0.762402393524438 -1.51780906110219 -0.761246302817803 -0.634199874499621 -1.08743365500468
-1.44123200264266 -0.457939422324194 0.0734224597599713 -1.32228771522053 -0.712466878834586
0.821751877799389 0.535150259672824 1.64023538768539 1.01384003381143 0.485557107613526
-0.828925288619549 -0.273554642901606 -0.519772909559646 -1.40082474353972 0.536223344599002
0.848975500463631 1.42193674650638 1.8147174476264 1.00002813840606 0.893781792707153
-1.39592380212299 -0.505316117207185 -1.14783629149722 -0.635114905919408 -0.860555084156792
0.361528094760047 -0.0514658651702892 0.319942135022769 0.596317203383697 0.0899707861959139
-0.683380559345867 0.271938022757536 0.0781425496303383 0.558265962172127 0.0400860906833169
0.496901918844732 0.651969760026997 1.10652844116549 1.0463395880393 0.0553813993111828
-0.0290519795752221 -0.672935718779134 -1.69560501874333 -1.05074659929973 -1.42322420567203
0.410118455376342 -0.55123232553301 0.250479754434704 -0.277609663284411 0.748514245903272
-1.24541758981989 0.236014312218443 0.604904896748344 -0.230502272568616 0.168543040405131
0.903761013518031 0.928976298292973 1.19825454639563 0.594516028431016 0.221625904055051
0.446005899554827 0.0226527537085191 0.443246169356733 0.733781950075378 1.12670003748188
-0.311643498721338 1.38898451851639 0.419413917547571 -0.581737632359888 0.694902982938509
0.0725319316985458 0.626698416897861 -0.335136870482403 0.585409958815369 0.335144802253613
-0.940565639210512 -1.02203009379212 0.341234401872964 -0.786184696226546 -0.709544452135134
-0.810929711328453 -1.77576142054642 -0.917152734966623 -1.61471799748478 -0.349380428354606
-0.736604465927233 -0.68033646136033 0.174831888041241 0.182591685766951 -0.696835318669808
-0.130495718918513 0.56243031209041 0.232636649442914 0.0894416832489111 0.967474929515792
0.511516954856868 0.269432791366645 -0.864984606524442 -1.45248069507344 -0.295514315341349
0.19758144725838 0.0772143227155212 0.503080487746999 0.912206043799248 0.474297837203337
-0.330989246658222 0.267664976380767 0.312533110996942 -0.252575610373617 1.10719461228587
-0.920011924701741 -0.26130832899348 -0.280130875312134 -0.741569887197687 0.358493381323756
-0.613270188950596 1.55293101237352 -0.395075541294961 -0.293637883225214 1.22273591926979
-0.232227141366608 0.521218801339363 0.0954679953671608 0.242738811241116 0.0514389307588608
0.0488797489083877 -0.717361783665311 -0.138957541574541 0.0587707596870171 -0.470959721838874
-0.457554602669138 0.331078204457038 0.876516609808172 1.25146377813817 0.916347340032994
-1.28123351534325 0.218171413139292 0.100216168038166 -0.658869016577699 0.668337947146802
0.333493701433942 0.131645111552679 -0.62997692497751 -0.586911854613438 -0.336164017764207
-0.568398371236443 0.476740044812636 -0.482019904068878 0.269656616596948 0.55553436020329
-0.181141442407228 -0.270804628019723 0.482364876380956 -0.284501482494581 0.614840058903005
-0.973485837521617 -0.743687085009485 -1.10258401942332 -1.94838106256044 -1.16039444472239
-0.814882042403913 -0.0340340134246029 -0.492352105074494 -1.04853240202163 -0.464899782754069
0.466142643999355 0.017550530760175 0.334276765305909 0.68530756986819 -0.0321361639067844
-0.0807909544159737 1.20166504662289 -0.111980830267381 0.434675739726017 0.542928440186734
0.379961883100015 0.499521735911954 -0.174791974579995 0.490923338344532 1.19570416768642
-0.895608162184446 -0.299991409636951 -0.400583992116504 0.263369211369218 -0.958090765284345
-0.947791501550899 0.125354258137099 0.114434257283642 0.442406071041052 0.236615882396766
-0.958891406157544 -1.26282500378896 -0.640137053886261 -1.16230688115149 -0.840409330948586
-0.52305231028156 -0.358268987580116 0.149433601902623 -1.65150500719961 -0.944801419508892
0.521932928674181 0.95281534998815 0.64251936084898 0.29436118748187 0.188189917218912
-0.53447706625363 -0.928602974140695 0.517587477881182 -0.788342130277277 -0.307574929019086
0.579235784646575 0.60647008640502 0.741908301006594 0.454253942449794 -0.804407707750871
1.41847862576952 -0.279326874889538 0.971395639531223 -0.407728054454777 1.58754204210084
0.299917389026449 1.25995699951406 0.980303088487405 0.254521583546007 0.640612315768234
-0.895225440259483 -1.5596540068438 -0.356003703672081 -0.643504141745044 -1.06468935183717
1.40662102117196 0.801658402927592 0.991103925895348 0.925148068445723 0.860887702455255
-0.510190482548022 -0.64121281418558 -0.116864878812567 -0.70932189073268 -0.832863020371572
0.412215325714443 0.943929737838954 0.525110925898544 0.378673597030911 0.473846239496576
0.0311417799282667 -1.10411876646905 -0.612460582209888 -0.672729866874053 0.0855099970721247
-1.49546249909117 -0.100183786842467 -1.32353232912375 -0.72226381372682 -0.0169044996984881
-0.254719793894053 0.0901236834137251 0.582314973196003 -0.0655963126315482 1.31043564628515
-0.000573983927779425 0.580830415371046 0.829045339861594 0.0296610020581594 0.446132203651449
-1.70708994076374 -0.398686283797815 0.0725650116551387 -1.044736891573 -1.06410662537646
0.28391955541575 1.10825750327446 0.137690303066713 1.22018140890053 1.01924246591358
0.708901394940677 -0.551224422867821 1.9514618293403 0.759436327262454 -0.384358942148655
-0.185095516229413 0.316639060849737 -0.579578762141148 -0.473965199747592 -0.874977582128229
0.185807059542039 0.441605901720663 0.773294428328679 -0.254771056154564 0.607102508948331
0.172509964293036 0.605847065005033 -0.0944377680948218 1.71273685864486 1.35903766499522
-0.175800236344943 0.707253579006202 0.511749741233515 -0.466558638096456 0.385135729477599
-0.45850065571564 0.111901770896634 -0.31328419291932 1.12824457823868 -0.292387467339524
-0.156172009879582 1.33347354404933 1.22163562176925 -0.269405698727183 -0.359871749555182
0.64426109521539 0.596116928006492 -0.165109330660051 -1.23685999899786 0.625699126566417
0.222419455207882 0.376153500650261 0.0622753606449643 0.747440570553156 -0.622690720169862
-0.503973226207742 -0.756429345913541 0.0983157266061842 -1.05910480650866 0.125617514445127
0.63079217587673 -1.05104836759126 0.981347281299199 -0.48879442368274 -0.455623776473189
-1.09677483584164 0.451251679758656 -0.439588912383753 -1.18809439855514 -0.459097436212563
0.603771120384813 0.316889548033809 0.147668255832384 0.0819861029326438 -0.816884745929639
1.49994464268984 -0.978231499711812 0.565011285924624 0.715800313538073 -0.606422984532383
0.0895402699520797 0.0151009196251065 1.2309351130736 -0.000131649832893218 1.0911622649539
-0.532885607913391 -0.0690314040621624 -0.936209667910314 -0.566458144194259 -0.595448922459404
0.905085324839706 0.5375366429984 0.341118965934837 0.00190601901279719 0.278763614221334
-0.365410057579034 0.424323484157748 -0.496631040582351 -1.16203667248269 -0.426804186141351
-0.502983073945072 0.152122092203779 -0.215281424131232 -0.428143490889084 0.613218793595804
-1.11301633663714 -0.347435867873906 -0.300220104673401 -1.53240020824492 -0.3320087836409
-0.0983214848163304 -0.124476769949672 0.0740206075672587 0.431354973886004 -0.299877429426896
-0.411663762743494 -0.885814899031453 -0.0704506360253429 -0.234340003995263 0.0100663903198405
0.668178777608418 -0.607736276317673 -0.0819709331799125 -0.00408953425037199 -0.298020439267697
0.20895995947062 -1.40772751222798 -0.644597531672273 -0.735553696329746 -0.987104972314853
0.349673757772736 0.518894610483972 0.170854176033828 0.872216784469149 -0.072350039750754
0.461134525852544 0.772980316811289 1.68216024139403 -0.172827669687865 0.675939342178759
-0.0239361139506953 -0.192292174183631 -0.310124137721004 0.450177798830322 -0.837967496095316
0.0311923789262111 -0.151516937902704 -0.393735268934819 -0.423070259543658 -0.679702608873696
-0.0742299960557744 0.0120883665456447 1.48366231114499 0.0673518521749169 0.0129804116557265
-0.311398299826379 -0.803160028764754 -0.379162929959047 -0.0884613037637244 0.188571033549978
-0.0613930625214175 0.455314064488115 0.628979080952931 -0.384022952952228 0.511564851939795
0.0122040984685954 -0.500054404859773 0.0857950727271265 -0.566702542941237 -0.203102316113537
0.841042010364493 -0.251850287994223 -0.365715140266886 0.761714550537455 -0.448905979097918
0.793530289266435 0.285989296894854 -0.835500980220913 0.491016315054111 -0.316669934606825
-0.740932942072196 -0.390386991494864 -0.46055331979525 -0.487775171448862 -0.573284421539412
-0.290052336005905 1.04705275886163 0.391592383310731 0.250764786129368 0.717515525609919
1.39327908597322 0.32101518085588 -0.179933050410244 -0.405090234624166 0.729139340241509
0.264670121046363 -0.649219915058101 -1.64628032774053 0.74660351985612 -0.441346382192198
-0.378724271848531 0.433173001776318 0.713345907008155 0.388264966952629 -0.122175939758276
0.123953378142913 0.559638981702946 -0.173895602228801 -1.00501109032819 -0.0731266719734446
-0.763389701081077 0.46284443579391 0.123581687393679 0.419829559689216 0.159095556163692
0.293703172622968 0.504724180629975 0.141550561642543 0.161600012416903 0.336344831938938
-0.599482711660803 -0.862326621202325 -0.476563347915406 -1.23700243624412 -1.66042440834181
-0.705579807139505 -0.031128230240947 -0.612472899911717 -0.635502107920821 -0.746775688492474
-0.245646528199491 -1.026237500916 0.300966883117963 -0.76397267271574 -0.546312863531775
0.464155000949194 -1.23472670428765 -0.359834196741655 0.249419271834859 -0.809327348838298
-0.55076022111194 0.193293483714128 0.156071806432499 0.590455069656946 0.153436248056092
0.324818664075585 1.25613157542416 1.18804524189424 0.863642106021175 0.572633384339056
-0.387007886212621 -0.679759855005378 0.127281314463452 0.138267498945954 -0.81088025998696
-0.244068666495097 -0.717296355571365 0.115301111261735 0.561516607534489 0.290667406113631
0.108524899676775 -0.469765938593564 0.839290125260713 -0.620806535097082 -0.171981215789018
0.216177567722265 1.22293102703902 0.934630645330848 0.437941498524689 0.372571269391392
0.551124532393139 0.214810854133961 0.159995693380547 1.2449771850561 0.826674792871322
-0.29248852153238 -0.256108165497817 -0.615294067079736 -0.100527671856088 -0.495905674507474
1.27000214211192 0.496560412070084 0.770457242138909 0.910208204843809 1.51635776274552
-0.279073720435003 -0.0327708105838476 -1.50544684874045 -0.696457052683471 0.0357913293092007
0.194732746042939 -0.136977529928383 -1.25563238234106 -0.365699672416849 0.292294391503141
0.284234401696275 -1.25280773510389 0.0669853954608445 1.17916378653285 -0.817641113041464
0.405976788386078 -0.792167719674852 -0.640439764597353 -0.230697747550774 1.32219436447344
-0.0317442972637563 1.56920898805249 0.554147139612239 -0.373160408324337 -0.417105754312411
-0.00801014592006113 0.0969511265049991 -0.486760576271966 -0.356370742549164 -0.680179801655923
0.0667290322957034 0.55222600634066 0.0641513786504478 -0.270267001265183 0.994231696760356
-0.522463065766745 0.9582432041316 0.403103002079172 0.636445276065381 0.124184504631047
0.401076298887946 0.411227321737982 0.114602101601479 0.145567573477828 -0.645817122250387
-0.148705634171896 -0.761847742391941 -0.682363566804995 -0.712580360632058 -1.20658682375043
0.948693290863275 0.0673739139898131 0.844422899960104 0.444003145426006 0.12101027365499
-0.527987755240545 0.696673555920438 -0.138620792024725 0.212969224357597 0.251810305439537
0.371399644758871 0.866471664216982 -0.177149048306385 0.670487405730001 1.1298010704507
-0.0663078209483547 -0.350401227790158 0.206759834614843 -0.510297625439885 0.650303335962694
0.487249851293115 -0.575086391342683 1.49303525404405 0.352809189899845 -1.59968525753126
0.229401140733376 -1.04954260937393 -1.00466525604937 -0.883126709333579 -0.0634756861683678
0.824649538814677 0.296184498705881 0.202696870261045 0.649914708529159 -0.226837090016285
-1.23612347162718 0.146997711843049 -0.794912488450794 0.127273061755204 -0.483890292840117
0.901781767187079 -0.160402615756929 0.367251522212694 -0.71603142220207 0.80801841649766
0.0394266255024952 0.13299644570956 0.396983101614755 0.28924362485193 0.438128018428676
-0.0840299673347863 0.641637514230671 -0.463146557999575 -0.166326912991222 0.118292163401078
-0.0167580138672989 -1.19548072810886 0.098353966535502 -0.464197559729953 1.09729844300837
0.29073843316997 -0.049663332377656 1.22560525006147 0.855464870226713 -0.691657488332216
0.744073018998466 1.02211471187432 0.896793038280334 0.208090644580354 -0.270353434006526
-0.569866202204923 0.659297849710536 -0.188195061760555 -0.121071986258568 1.190968452595
0.8446954642101 0.609601233180699 1.53424565704133 1.25644475014937 -1.33050395358908
1.27048925402581 1.00948946467105 1.32154493523727 0.712711137891097 1.20341365879378
0.153129673398906 -0.664029446643232 -1.0524474906543 -0.389664406396615 -1.32858423114584
-1.37775446014773 0.0306356098129996 -0.798488690769213 -0.991122876743415 -0.409361564884023
-0.579364196352637 -0.101667152704206 0.557453504302969 0.530216161694021 0.389291633788035
-0.520798062712749 0.195266928047342 -0.333679900579367 0.188028335306741 -0.197833002701747
-0.0678323638677779 -0.676667959481871 -0.207999914739006 -0.860215373158083 -1.33182930937215
0.538867525774669 -0.502375229254859 1.27219252139599 0.111865889038479 0.53417065513674
-0.427786758210862 0.402630514528224 0.596127249695979 -0.313521093029872 -0.99425222573231
-0.294422368091898 -1.12367955883183 0.2349653673539 -0.896320089294898 -0.846597332327547
-0.330416158877818 -0.727427959138776 -1.8509093238557 -0.607928748569897 -0.263001883039376
-0.84414637392783 -0.353646398545306 0.264866876112066 -1.49737275138729 -0.910735861181317
-0.224052199933316 -0.991114883147085 0.984003807138642 -0.306442004007055 -0.990548038626365
-0.033148802920514 -1.11258822140521 -0.66421783849456 -0.47105629090015 -0.730109341330707
0.0564343552746407 0.701833160620197 0.412989380969665 0.0378613854615608 0.42493529294334
-0.355890020480393 -0.488689791117504 0.330047800225771 -0.878870965730092 -0.435140290013491
0.0327689202104284 -0.394372724706069 0.711872284001653 -0.262705356036076 -0.599724925549329
0.0072966286732541 -0.75796128287643 1.26406746660239 -0.140440873199178 0.467206383011313
1.52230053699381 0.65984932420646 0.263634180821784 0.851716568886132 1.16710687774999
0.443111213531226 0.47526904630006 0.0920073310548069 -1.23859511960466 -0.670549386005167
-0.275002551485345 -0.598741786536362 -0.716981479158617 0.646633673398006 -0.475257893480577
0.0572712638832353 0.345969076977464 -0.433667214761657 1.09522372442132 0.247053213572078
0.718667920349794 0.185292632257614 0.47530334200868 0.954663820502802 0.209031090939224
0.758542526297724 0.163813707481057 -0.347690431709582 0.0833091045199257 0.283183817351495
-0.608382407557237 -0.848502353345516 -0.626942955011856 -0.725591251428282 -1.10624623848821
-0.673807350129588 -0.945108976084892 -1.1913021574627 -0.853225337541602 -0.598309933650238
-0.235990067497066 -0.115219587320744 1.18963925153071 -1.36561751847423 -0.252949927232447
0.497484489438083 0.221060358145209 0.147546250395986 0.781766221417589 0.594339179821594
0.374357563986388 0.354040650448565 1.10058020207497 1.14693037293606 0.772717084024229
0.256944529888565 0.828357655581073 1.00876984265409 0.210005146165155 0.796533659534077
-0.135589277287903 0.568367261290545 -0.20385785209247 -0.548758824550368 -0.133718932465526
1.22056436282718 1.32130395784226 1.61944312797352 0.0465095419902616 0.414949075584585
-0.00610293729686977 -0.0993220087289735 -0.510619219858313 -0.732425988608554 -0.0345262873366922
0.470284037149309 1.21438842475044 1.23694003097504 1.16439605380259 0.695593069520233
-2.00529686596925 -0.641461015968475 -1.19094819001039 -1.37258239069533 -1.18308370438801
1.22855465576764 0.896176892113066 1.23658291441255 -0.416431206783859 0.0134401275959207
-0.545748929569084 -1.26094535982209 -1.76423050565364 -1.28592644749306 -1.34815928189351
0.125713318295174 -0.120313323281438 0.00232817582154729 0.32320062140138 0.209348976878964
0.334206336636413 0.899245111913661 1.46522573894827 0.995133601072362 0.339282150447745
-1.01429281770436 -0.260198151328379 -0.479633285144148 -0.133339569801017 -0.411850814053456
-1.62287729455872 0.0107230294430581 -1.20835882331988 -0.764284832547682 -0.11584135619973
0.195248543136213 0.059059646006821 -0.666305938585625 0.634017071105786 0.671261307453397
-0.227839873721315 -0.161883477433034 0.161501843305393 -0.286786713487422 -0.921553582584925
1.12824010646673 1.07920845367379 1.33929784516837 1.35596808892601 1.52276680306834
-0.223602557103554 0.0891341174117576 0.0273072480362214 0.191065905657657 0.448823049639973
1.11417882762142 0.624780877515306 1.15210245205186 -0.49002483686289 0.855774332501727
-0.122802057789498 -0.480630620342104 -0.716233754539252 -0.492161891151059 -0.113498992422066
-0.505098343799607 0.713601759564041 0.59464627375097 0.569522896730182 1.25712153756556
-0.360687519895445 -0.243635746002214 -0.156107324628999 -0.201424766830036 -0.271966148240346
-1.45945200139042 0.00425190400784713 -0.284034094759031 -0.12753424527397 0.105126122435194
0.432849611700478 0.396188010318155 0.561092978700984 0.295678726936548 -0.0803921257722056
1.14864141004325 -0.0324024142616506 1.6518925490714 0.283125155629874 0.413392018103263
0.561331356316476 0.550450502867504 1.1042667297024 0.315307820010708 -0.14139949127567
-0.613147159636331 -1.46467010528931 -0.342809311224337 -0.78591829213059 -0.468890136882298
-0.0442961291160865 -0.521868969631536 0.437673724838958 -0.522473426690572 1.29930198177504
-0.300101993821998 0.00358159433107265 -0.123564167620861 -1.42777052895085 0.790057211209143
0.0815352463809322 -0.436945986603511 -0.108016557113336 -0.286231316503738 -0.184475060345375
-0.593994260500792 0.670632575625958 0.0803992031639807 0.516918747417729 0.333062636772583
-1.22460374458323 -0.340961319207715 -0.650382415424668 -0.0342064231710644 -1.35869062394147
-1.21613491188113 -1.36703412512577 -1.09466680964142 -1.17979928947204 -1.20986506000983
-0.593528439938832 0.540032229247772 -0.0220865665464679 0.542371609434644 0.345096495818695
-0.0261590101563803 -0.324531383280074 0.95663463255428 0.326285206391687 -0.742635126032477
0.90528674354005 -0.458573864847255 0.3150642390198 0.014765832455805 0.564316861928429
-1.3806533911113 -0.441303428110002 0.17302007703264 0.309803179100825 -1.40272121560297
0.1555030609263 -0.261034706490388 0.521472045987987 -0.465479405416529 0.548702016933249
0.645029538803961 -0.342430947108108 0.757621414394337 0.889634729172796 0.395506355361405
-1.24034641805561 -0.363073856683346 -1.29604327980252 -1.16222079892103 -0.153295907840144
-0.361671467566509 -0.72730799333646 0.0780012151927658 -0.309619807236644 0.237298119043081
-0.892712030999659 -0.679179723932431 0.387774576201724 0.271536045887937 0.205635770230761
-0.357782210032331 0.18757343355154 -0.535114441638968 -0.327826712087442 0.0678362330531832
0.210125536612553 0.608889586277374 1.41463076256709 0.761488910767467 1.06193260627244
-0.503662207208058 -1.02906675493725 -1.1684409294687 -0.936625975054253 -0.305054417449647
-1.12882910588701 -1.47880826076519 -1.16437058259233 -0.703357313516112 -1.03818148256507
-0.302960127614638 0.917918403351628 -0.348306521142061 -0.473187346793629 0.628931419769589
-0.442125585787824 0.401178352726515 0.199905382954069 -0.100405513604189 -0.707478900086972
0.271689379586659 0.227475797273545 0.0419251136924996 0.313340735803086 -0.733563059996022
1.41528989135796 0.779448722212964 0.739409893963121 0.949335905311775 0.452345421275407
-0.399482215895934 -0.661404918192929 -0.301038294736932 -0.568839760637284 -0.825844233690354
-0.647025185488823 -0.840252391501739 0.450349867510248 1.16353314700893 0.367748599773521
0.970846371455306 0.376690014032549 -0.244619405449968 -0.194935405013411 -0.183722739821746
0.336673826952761 0.871604198021848 1.0340355999832 0.653821673960517 1.64549501885666
-0.783208101736106 0.326041989720033 -0.282812443409871 -0.558064591504146 -0.652300705379875
0.0842851298034501 0.513731250507687 0.154639942727481 0.538070698375395 0.251634382909938
0.554712780891317 1.11648899054074 0.733095198860095 0.557163065665949 0.126661463057851
-1.06078789882391 -0.225062117863182 -0.724402561687386 -0.166700770638501 -0.706238860002351
-0.943206045312635 0.25544777380853 -1.30937723608383 0.385404896606048 -0.608937765955618
-0.175089587965877 -0.201653057033026 -0.381777217816495 0.891847614124407 0.155143241160594
-1.22132729940947 -0.718353822824314 0.278402793531826 0.348828448664618 -0.0207423570140696
-0.210341868032125 0.945931529919218 0.356113849327223 1.65148191000013 0.62051044850408
0.334017027507251 0.837246157879991 -0.0481566259680619 0.285848621594788 0.385757092382512
-0.690950669906293 -0.851979839169667 -0.311343270046352 -0.958270193603383 -1.08969088184784
0.627307229239378 0.764003895608939 1.62334945304655 0.566596703555129 0.885864535027539
-0.476989799027987 -1.25819635319862 -0.367283330123991 -1.40026661799931 -0.561907595167428
0.0460562309850203 -0.605705783413802 0.133148874859774 0.20353650469409 -1.53361466459459
1.39500078504437 0.290338885758352 0.977815306427349 1.3898306488008 1.18689712278816
0.791026193397974 0.527210548301155 -0.00693718984699191 0.00617117794711937 0.301957865564659
0.753013703553818 1.1901144802625 0.449635918229185 0.732561269868241 1.46060324943665
-0.559639158076598 -0.882945354974894 -0.642657910063544 0.0129442855476348 -0.745724089955977
0.266507598663931 -0.605387747605131 0.0959578181025935 0.128364746884715 0.0651821265302471
-0.650146238028951 -0.471791496101966 -0.980291663568483 -0.714023270997558 -1.06210674256835
-0.0550357261568758 0.654924877698059 0.753584536422152 0.304844519372304 -0.336629594850235
0.274326085745597 0.7539869992735 -0.248899604965199 0.00233850583637225 0.406506966274023
-1.40020411556701 -0.862932184804501 -0.270218257572765 -0.0288988439295036 0.0272912798828324
0.22426226788381 0.219065313471384 0.0933015661666266 0.472434453252521 0.840452201368928
1.12622135544184 1.10407904765523 0.493829539649233 0.399442998397961 -0.183654897730405
0.956093021753967 0.732906812722577 0.501145764294519 0.102410881075346 -0.366316182432651
-0.276082668304672 0.313238594761764 0.438413023129546 -0.540268409537637 0.0977392983324298
-0.471637325158652 -0.0646681455484025 0.861037657124073 -0.494815441904411 -0.643559850332979
0.0267193438642142 -0.529891490271265 -0.0984218152192309 -0.117358387474642 -0.836663704077041
-0.900321862489681 -1.15539032784871 0.47094074740646 0.438852864101966 -0.268424676688215
0.831689016092374 -0.109182410399427 0.285239999065561 -0.999039669217075 0.079124572019394
-1.04068536291022 0.292589841334985 -0.740413030792344 0.0321825320932325 -0.807104269166255
-0.444020240320374 -0.136414437253762 -0.478783068936652 -0.163238292288113 -0.079843499625177
-0.275825287884463 -0.182365676868926 -0.0232757353910871 -1.34397221258119 -0.483669564823574
0.110905800776699 1.26217823031432 -0.0972038879102748 0.00147677870321356 1.27426544290457
-0.359210717426695 0.058997211829578 0.514846638262181 0.262045633743263 -0.13659368639367
-0.184496381810911 -0.799870220652882 0.607216879134455 -0.824055167297035 0.724749258301005
-0.355410507128045 -0.275770281622221 0.0498768903992548 -0.313059422618042 0.301098538108597
-1.21161362694963 -0.44625843225806 -1.62344490795152 -1.03545025004586 -1.91274059245318
1.23813644372512 -0.575699236866541 -0.852743020431786 0.843641475577705 -0.0714150200231175
0.513515431794969 -0.600470430224463 -0.115025588869829 0.249776865883858 0.890906222602519
-0.00856385857685413 0.33200003076231 -0.183980154943403 -0.386285502496803 0.415571105522444
0.101706480594698 0.964001214011524 -0.050262403837421 -0.249392486557587 -0.549026398592911
-0.279358866876898 -0.943474235257078 -0.606556152885118 -0.370009541488988 -0.224814072823295
0.556496113165709 -0.327237160743975 0.0435006736720197 0.247037578839153 -0.552567187921213
0.340707641860131 0.491229940901436 0.855250477547079 0.988339021639497 -0.257189654042316
-0.286107729349438 -0.502970284623825 -0.375593177333931 1.21541478690609 0.053845974727131
-0.815583843854476 -1.30162888446612 -1.18952713736963 -1.77958144301789 -0.908635188441498
-0.0164977909841634 0.302569598910366 -0.419235755610107 -0.789555392462027 0.506148008467835
-1.18178979251447 -0.405869090026261 -0.476053037117918 -1.1047823614957 -0.78040383322467
-2.14425732713065 -0.570903642794199 -1.40229901661845 -1.08056970254209 -1.32654570867997
-1.13945092641731 0.889789482500591 0.552340401351812 0.438291747643621 -0.134224178476093
-1.40056087684619 -0.66462594812301 0.0853418522907107 0.654998330833942 -2.00893116365629
-0.120281568663253 -0.597688943938293 0.447629208197115 0.777408067116696 -0.0906427057893098
-0.967137789324969 -0.632934003089208 -0.68710883235885 -1.10419450067391 -1.36136675837378
-0.811419578187819 -0.818542301845745 -1.29704531275066 -1.25779814079694 -1.05091580092843
-0.159494958023383 0.110883045158125 0.169545834206844 -0.213700072297649 1.72243331148313
-0.217410538064693 0.280151229075273 -0.483525581148214 -0.196852488073014 0.398397686206988
0.497526114040883 1.16198491174751 1.3815774291726 1.13387947533672 0.95883253057972
0.646403739669728 0.88624530280489 0.302728367994893 0.580388213296862 0.832461763246076
0.333870871454131 0.364287408807036 0.697850050233963 0.046170271696173 0.0347267967382792
0.507215316486741 0.789813558902816 -0.220080334504207 -0.592609507822229 -0.584600763440658
-0.230649319846667 -0.409760558667765 0.977122937227746 0.86571904673006 -0.550702523022078
0.328127811416885 -0.618542079374449 -0.189724979194986 0.229044446577066 -0.413262098020712
-0.525098123431041 0.0454206047008016 0.401848428435712 -0.387153138401276 -1.25643499855194
0.0100900145033756 0.605514776678653 0.113854312354152 0.0351250223568281 -0.2548662781584
0.497043758297938 -1.28607006961873 0.75429586432434 0.176776827033108 -0.0420340754911987
-0.10155189122095 -1.41314669472259 0.547138521047025 0.339734505557493 -0.0828015365515608
1.82825284644093 1.13443017370114 1.30771062915768 0.643277853309107 1.12104601166828
-0.476388141010367 0.4437279470041 0.16562890206231 0.181684667558607 0.383462879859102
1.3122030873831 1.23354977767728 0.320846263919051 0.332799596535159 1.72574247342665
0.0454316945601498 -1.07997014705549 -0.608461490624201 -0.732326389890157 -0.383989945303698
0.77932525873337 0.0828722821696664 0.408564472341493 1.31117024038932 0.418963771223285
-0.11423320180122 -0.188914347083979 -0.560151818143091 0.149393203572221 0.843733538012647
1.30196247522562 1.3824014315278 1.28503897228236 0.575796053179201 1.98335625310884
-0.418627548694009 0.731404298045188 -0.397632381422654 -0.122831199923895 0.515996423739026
-0.924743927205427 -1.21773180060752 -0.922617669094099 -0.348322547861856 -1.4376816772389
0.435834419230483 -0.459671982833137 0.0702897587443932 -0.243700673992419 0.858740818135273
-0.575524764566766 -0.338505499274547 -1.10505374121648 -0.10704577077282 -0.0912380319643848
0.235608732537366 -1.01909327286854 0.101849986495542 1.3368167365802 0.955733929270514
-0.680093686370878 1.31766766429369 1.43857578845748 0.32305183615833 0.900707935722016
0.24298410620084 -0.947673995698876 0.0344400987718418 0.455774383550853 0.487513233068631
-0.262961319622065 -0.885122226114822 -0.155431506761854 -0.319484631124605 -1.06458874265855
-0.968414752670841 -0.873107706024992 -1.86627798835319 0.151828603719095 0.394363070622261
0.27751560712208 0.705014032014765 1.23925069155445 -0.391043838612856 -0.51321662563807
1.47022542129511 1.10032284201564 -0.696010650138452 -0.875205939080021 0.543191671928349
-0.520593512751792 0.173167106630465 -0.582643851523284 -0.123888817254902 0.301594691376349
0.0628979556664913 0.191157776012568 0.264480719581422 1.04001556414167 0.0118543263060178
-0.577457402919406 0.509681297558745 -0.914052127022015 -0.718990570659243 -0.890984828718298
1.00471520309166 0.59880343619716 -0.240724526213993 0.124647685422671 0.327511488183793
0.860512377039058 0.997243006992441 0.87122204192221 -0.0449055432437701 0.803691256485121
-1.22452126294577 -1.19928057950749 -0.576917385198733 -0.584715798749864 -1.16640832301432
-1.07148933029005 -0.39008636971834 -0.280960114811774 -0.579675784631149 -0.695666433414609
-1.18623574311393 0.755898070650656 -0.41420433246481 -0.270932534993596 -0.671928174208038
1.18027804601636 0.288108592798181 0.828215718699827 0.631473298054451 -0.0312368579286384
0.237973885027765 -0.901091248687463 -0.4103440432791 -0.848633698414052 -0.42386898795987
0.3414733967572 -0.715412286749394 -0.362813709551831 0.520809018240121 -0.55094714915455
0.3691449324174 0.650760259290419 0.240811795396399 1.24101614616688 0.190470170111618
1.48957890783939 1.05933147653474 0.402646226807382 -0.485356102443544 0.0152892098068324
0.412677592114305 0.594547686026105 1.29022395587566 0.939689728795936 -0.166654156519624
0.0363671836696306 0.122089116673114 0.236618768608351 0.412227976213551 0.277997290579091
-0.12536922733102 0.0601556986421221 0.255111178489063 1.21805487275273 -0.330606946039814
0.943163750659341 -0.648504258622187 0.221525151516579 0.419539730575267 -0.569897420721173
0.905573040284205 -0.100170432312906 -0.168680105137466 0.324795610262343 1.37653492716527
-0.673719023713325 -0.216133249655529 -0.911990504804828 0.0798978489516687 0.259324259933934
-0.257137526446055 0.576643363894961 0.0318250568377063 0.429605847406087 -0.179715670123531
-1.09398868604212 -0.635761042424018 -1.73999264001256 -0.831950727638111 -0.494757747554311
1.00444575816234 0.947279545410527 1.42276587754739 1.34607634097855 0.0208103782835115
0.487242794134373 0.505965566822483 0.15021950522966 -0.510314694797162 -0.146049453431293
-1.73221426130558 -0.413491790700064 -1.49221986851853 -0.853178993104497 -1.45839906941996
0.31323029749247 0.394529496731234 0.00462585422259774 0.618621802052089 0.961939129052187
-0.239318497348815 0.381211784490167 -0.263392321166283 -0.667337423949197 -0.857215043802504
-0.786541512836431 -0.499620093792294 -0.825744967596013 -1.08803589384938 -0.742532586820889
0.144363265838201 0.53867485096817 -0.268259333574687 -0.993249816436794 -0.6346405500352
-0.505104995203306 -0.774310059795197 -0.484967020228866 -0.263018745718929 -0.339891970355756
1.13328589641642 0.753810835702818 0.364345280407062 0.817249535420684 0.910457532656542
-0.933771684708324 0.0501655440845447 -0.540022897833203 -0.166831052891706 -0.834687612414884
-0.981553142769477 0.932703030629384 -0.601554967700946 0.229842742238022 -0.36539750186397
-0.681195460221109 -0.546674097260965 -1.24534912666172 -1.32900966063238 0.0826703572262239
-0.624937068184011 -0.444470357131233 -0.0715050549509355 0.985650881341589 0.259133462645258
0.0265835468125063 -0.780110787910631 -1.19021586764374 1.09991673843743 0.464437621498849
-0.241937788046578 -1.14866757745693 -0.574001005495929 0.00143891594261652 0.933864498213897
0.130336519838183 0.821043068820032 1.90214974512567 0.780100861715359 0.60031075771838
-0.881947604663202 0.170618708120924 0.460619352972915 -0.426187446451177 -0.404465262992406
0.0876447922251927 -0.56993330838693 0.176878486669436 -0.0505084420496258 0.51819775731026
1.39379935338458 1.33164168807098 1.21787127733221 0.0885178852100034 0.379352880026144
-0.587962411235128 -0.979317587811905 -0.645434488111832 0.16052513964229 -1.30306103330651
0.270678564660989 0.647353409060474 0.041255422085911 1.21350799054918 0.348790694616131
-1.29262611026078 0.349271499025638 -0.347588170275151 0.0452290722799927 -1.04205989139149
-0.0613462342902239 0.885051974099561 -0.356840091489138 1.11526421320239 1.03413771863284
0.608154307614628 0.691451680426678 0.26693146425498 -0.338272650308338 1.21840072523715
1.52413766066898 -0.0600257374679048 1.41950355794939 0.910477710115446 -0.235467762170151
0.132084510422656 0.109540919906139 -0.540469151575857 0.704222462393363 -0.33826885317367
0.581351849899043 0.311468601736013 0.327783044964492 0.552806431336094 0.260592823004282
0.888465898741504 -0.288267897254712 0.824586714526357 -0.337879367012682 0.222618849036784
0.192538596845556 -0.624894061401501 0.0905835938993858 -0.0474587297766155 -1.02182900052166
-0.50718370037108 0.612294416214688 0.259179514453069 0.277493915433853 0.801459215823605
-0.406470265821466 0.504512887255723 0.0960078627473655 -0.372018592330574 -0.304799737085843
-0.31581843549118 0.558188028895487 0.176742282644325 -0.178561693406144 0.0535735621811154
-0.736435970621629 -0.756569480119079 0.0153658630154197 -1.15271511247765 -0.587313332928127
0.124741029246174 -0.0160659674377365 1.35136712730937 -0.786839705931213 -0.53259125109031
-0.739112056013316 1.12745578098484 0.060782560765074 0.307639098243362 -0.387567022321879
-0.84222245814412 0.498311338990616 1.26600318964194 0.66467098946036 0.524655931094321
1.25103307856847 0.579695438625133 1.02355608258377 -0.74217327139409 0.0820758856492498
-0.672052341896379 -0.564475975442165 -0.696843166174682 -0.249383748651452 -1.20984123217088
1.33186563507192 0.87445644403268 1.26759469295053 0.910312797905606 1.00593107469281
0.211863429477906 0.353621343866401 -0.639313038128508 0.487394681060536 -0.477663125367253
-0.730012304006435 0.681080233695384 -0.586794271291172 0.690181727766351 0.0407836888295548
-1.01124741072373 -0.200391585678661 -0.510242041848681 -1.11777261617531 0.808354380210864
-0.341260893673836 -0.460559105771855 -1.49186470882914 -0.573140630064238 0.0573369522844565
2.08776582590641 0.613009990134752 0.779703224803325 0.765720638994562 0.715372314087865
0.540896534685572 0.0193237660666628 -0.447455758785846 0.472235700675541 0.107322611313499
-0.150477520194394 -0.295526924969047 0.70348589615979 -0.27661933049755 -0.357460638179771
1.13583369734535 0.344307762671399 1.45901175028164 0.371149206253771 0.786947709206177
-0.884829939291466 -0.437278347903799 0.219704506164923 -0.991224013810285 -0.713211959819869
-0.346002794341942 -0.115521718395094 -0.561821532914431 0.768097799228716 1.64289828425677
0.0574213787285719 0.55634823994306 -0.673332239765058 0.104776717823248 -0.765535013958434
0.188876398085892 1.22130616145381 2.0759012404279 0.396392256091423 1.14132387884673
0.0159321943006738 0.760979260075597 0.414751368928384 0.574308879104526 0.265831690088972
0.692396344619777 0.229300592514362 -0.41738240822401 -0.64448310615477 0.498872159320062
0.298398176143635 -0.595358292440674 0.294123960156748 0.0400139936998152 0.183683831882738
-0.434301575694696 -0.20711152910742 -0.461817425863794 0.637425924238341 -0.482127406707492
1.09152111951749 1.71345041808969 0.689929997599165 0.850339104745909 0.818394051932812
-1.06079128631591 -1.03846059374074 -0.635183324403032 -0.641479146843598 -0.515876758684154
1.44218956224824 0.520510381464851 0.0826506125867863 0.83379527285935 0.657614861500013
-0.0557892022610816 0.820965140112467 -0.961935594170566 -0.290956373878509 0.434064937843625
0.0642725542449158 0.129219545619227 0.157102377886266 -0.545958511059221 0.402360202154095
0.197988074931901 -0.811732525830374 0.532509927336146 0.741143494559054 0.559475114753874
-0.180323249092409 -0.811283221890197 -1.25718391028048 0.410516512835008 -1.08735194365641
0.33338019818093 -0.282875368076888 0.183590992105549 -0.284768447091375 1.09511797520363
-0.0785848826122969 -0.541033501865184 -0.722893982491194 -0.713321623979492 -1.15073545884493
-0.814511254461356 -0.749804783479924 -1.13017494542418 -1.44122935655951 -0.543311694840646
-0.368540419149975 -0.12782533411012 -0.597957602494109 0.422747396544496 0.650983635814027
0.988498567909856 0.801178814926263 -0.0717091134387203 -0.18227823499049 0.365702376471352
0.173370646711063 -0.270173684291526 0.190561091893723 -0.597470957239345 -0.139483297145193
-0.349163657547852 -1.35690324680671 -1.25931006282104 -0.365572920428263 -0.896327669621049
-1.30486787976885 0.287901155154641 -0.458126381101281 -0.0682623080952407 -1.2891253583052
-0.509297602246087 -0.753399682297744 0.0822346100592895 -0.111697475760752 0.22533697229036
-1.16445208419754 0.168829838483402 -0.549942510663808 -0.856852235561885 -0.59958314996328
0.937257602137192 1.39476109191037 0.289376790081143 1.59012237363062 0.580995410268231
-0.282044506348745 -0.844656235842512 -1.04490902422778 -1.08077877686519 -0.623598480104022
0.796163913595127 -0.0396457134910233 0.641181521777713 0.22552946241163 1.05263881741279
-0.32601146863046 0.202169870054086 0.394091707325285 0.650446653208372 0.682021208994646
-0.27884759908282 -0.746235238622022 -0.860256407584629 0.147076611040782 0.0372032675352886
1.00255500204765 -0.00336405903181162 1.06640443349975 1.70134593046147 0.835392970211622
1.22468486551782 0.126011969992943 -1.28849848162635 -0.840535345706877 -1.74173775697388
0.458930894936565 -0.368792021855869 0.4336237874024 0.562579864630481 0.178296868667524
-0.287957737753667 -0.343300130217902 -0.593113127177257 0.143515864096935 -0.326936593802622
0.0872143206089359 -0.903318288158269 -0.646197316418977 -0.351069949233969 0.354418615023593
0.277299493143655 -0.129314223936532 0.524076305794169 0.085572733869717 -0.596774328531214
0.183367537946201 -0.046193486732606 0.540666849281619 0.166061373037621 -0.27359846614597
-1.62250907976975 -2.29734752122339 -1.74220657966487 -1.46772619467297 -1.23662601065288
0.398524077714667 0.700613581004169 -1.29251103247766 0.241969542253937 0.754158756750258
1.38448235447024 -1.03443482015203 -0.883969284885549 0.668661868220927 0.687820344878706
0.10452901303851 0.562445153214145 0.570151100124595 0.510414684492564 -0.385374679576958
1.29011764799469 -0.251265373593722 0.893286867681406 -0.638573385163368 0.706730666101012
0.000544208873285319 -0.0253828566904183 0.541235094989207 0.199633134878998 -1.44530110045504
0.503207822941893 0.834658675621002 1.22886761338064 -0.0777328240521599 0.140353507867729
0.352471470287549 0.475750869794611 1.28929460107261 -0.654474716496655 1.00613843279027
0.0213155703690419 0.267020082871273 -0.199523285363646 -0.971955993412107 -0.988974828191473
-0.0215784941934254 -1.23855780872823 -1.31499294966902 -0.514474535752004 0.223582604373281
1.06538128765248 0.800689572523837 0.4163408448919 0.357575110291501 0.101741479621498
-1.27665285998265 -0.0170141262216202 -0.921443532275298 -0.564724058140504 -0.820101052400389
-0.698223329413495 -0.392315169650346 -0.604892026904647 0.44578178080673 -0.229972649538146
0.475226213176081 0.00155773795200682 0.686879877618548 -0.706197794666284 0.276270304972892
-0.992646061328311 0.164613281204253 0.161126277772807 -1.16529964031989 0.126186548004701
0.0187203561019507 -0.401188394279568 -1.40216787287639 -0.657404872840269 -0.48348492964367
-0.557382513237754 -0.563805990993183 -0.893087013882376 0.916454164310573 0.920892462909226
0.0214421584991352 0.626614076311106 -0.491776633058715 1.13216144449325 0.936960518325907
-1.08669953154205 -0.411488657621398 -0.674235871947987 -1.69568200485468 -0.356201209520488
-0.318020925134442 -0.657689778958361 0.11520012308957 -1.21231321131537 -1.20004897173959
0.90588627344167 -0.709364281219467 0.974330088398398 0.0913510528621964 0.0765273336105282
0.538654502534947 1.30551105318326 -0.543893757746707 1.07317322341999 0.311872192602489
-0.272193732373106 -1.00657283367395 0.620759870514516 1.76060211526015 -0.754713980626131
0.0423056077959342 -0.375799375113259 0.192568652773007 0.304645432436273 0.529023020021995
1.34975979088001 0.919897340175972 0.391874341956405 0.456160016286462 0.481350633680687
1.11929672897545 -0.330658933962314 0.00321127328118375 -0.740510713939414 0.240043318281466
0.489770782684962 -0.256956737040662 0.690833777986213 1.29869384973974 0.0594881547513316
1.1250124806606 0.429332913500778 -0.33418108713557 0.54157069519086 0.0977879563725317
0.0847350105917675 1.11515643673253 0.979722077117625 0.204377643069511 0.0715848465296305
0.228807849432048 0.763372021465519 0.10191769713205 -0.0489951479099537 0.0424122685929529
0.741340849134551 0.918723888038341 0.324916061759439 0.413597668785794 0.971224251627779
1.14013256138179 -0.0975177640680661 -0.213359657598783 0.508220485088326 0.657645600045046
-0.0651753501496598 1.39632052742815 1.29709882997526 0.18510593113703 -0.885495097909763
1.3673575569833 1.33259275372922 0.475029248598686 0.928173011150269 0.735979523375315
-0.905362787990719 0.356422174305047 0.577468076653755 -0.0365653446487803 -0.847176039264916
0.256524779592486 -0.112712776179313 -0.799149541725673 -0.124830425769088 -0.676853315041395
0.502161616566077 0.0527953104369656 0.249841098074541 0.52304215316446 -0.184277890620139
-0.0271100788594781 0.162974061226522 0.682459834358424 0.37508133206124 -0.0528824684071782
-0.166000559096653 0.148639301330104 -0.994719377885645 -1.46529873082385 0.166319067557104
-0.220504669163497 0.0660346672230654 -0.390958471251235 -0.0773477828043838 -0.815086525223325
0.147715810524646 0.109902735602452 -0.191991421797818 -0.336258742459287 -0.314994248174326
-0.519630694972762 -0.259706907815227 -0.664352697032208 -0.315636202983137 -0.867655532109356
0.694789251561098 -0.40730793844246 0.699606089197986 -0.282344699847025 -0.9352926775029
-0.0253590929020444 0.247314601695887 0.0306960600673497 0.914158714131301 0.540401929718026
0.944528486108065 0.865350732911951 1.86077487574248 0.317307506225937 1.16803855587684
0.830034274217124 0.832851535677099 1.21083400451217 0.744301125608995 0.594958747697251
-1.41648262831883 -0.00527117831228377 -0.83401933269464 -0.423298407811984 -0.0630225903467482
-0.284050158282954 -1.21074862874013 -0.920860783418172 0.483590658242756 -0.973973037318701
-1.61906392255293 -0.624180525337482 -1.01566961024852 0.807801623561834 0.590700296903772
-0.208530334200987 0.844869840804256 0.108083416264872 0.362847212122825 -0.105603347542643
-1.72844634138331 -0.553354515526994 -1.1129768587857 -0.835407011956248 -0.55036821218856
-1.43059700715463 -0.208458458587395 -0.554533911393608 -0.722304321025125 0.455302296470073
1.13653042624053 0.275587598254467 1.18169510170719 0.344320258334663 0.978552522728405
1.38094061026699 -0.234697731756769 0.886001680446643 0.880323241310902 0.331340473484006
-0.463953799150785 -0.725450309296462 -1.74768979786057 -0.669358785816942 -0.538601992638026
1.15783498414586 0.606168110068813 0.32009154302795 1.17660202851952 2.0491428513737
-0.104648458687478 -0.612086403375266 0.830425966431782 0.0867690718423051 0.937807909067988
0.629501202940043 0.465622505495339 -1.17959451203604 -0.390387870323509 0.96651230332558
