0.00998979060533255 0.471623286153604 0.797993890109326 0.589380509408185 1.13677799537925
-0.135449238509177 -0.940676205044578 -0.707709971612857 -0.369071311404084 -0.73277744173603
-0.572725926401624 -1.25418376740362 -0.949058475065675 -0.572099417921972 0.0438798769116572
0.0479826461727223 0.515847713005507 0.737075791701071 1.01164054712115 0.496515714784137
1.44074380122486 1.10730689515342 1.29643668490378 0.160639880867981 0.731239208743339
-1.45476062905901 -0.837313321531827 -0.725887215213677 -1.34235088522696 -1.10948844855046
-0.00902083127297047 0.339723941075469 -0.675779681861774 0.371751807157999 1.19874827256581
-0.955965323053671 1.09138845712738 0.623662164989481 -0.458543212818524 0.471928701129215
-0.0270629750622936 0.490539189023007 -0.652400001168661 -0.21238657536043 -0.7117496011868
-1.35925925493539 -0.0277791883870561 -1.20039517620056 -0.297568995133286 -0.0743168191393088
-0.438335096993973 0.207165640757951 -0.42768357577327 -0.550784375091038 -1.42980694997227
0.748795030691072 0.474612169812837 -0.462583019663832 1.28883540321753 1.01347174994224
-1.9879093285825 -1.19184392206451 -0.237681203733922 -0.573765500032577 -0.255976145028524
1.14090736274171 0.410331138729789 0.700993780013868 -0.76938136463234 0.41403419820224
0.798883033658287 1.03032800681076 0.953567538482793 1.38114668565329 0.539942164406318
0.523509074588808 0.626953401814321 -0.781815469688231 0.199893542098748 0.0506670861362302
-0.839417503348207 -0.380349368822358 -1.21673351082344 -1.53984921643125 -0.35796091927
0.107362924506836 1.2294965965857 -0.324556367521302 -0.575528935165081 -0.214182950965063
0.980730741435496 0.963681039021371 0.19297001087892 -0.268126221107946 0.611198990361741
-0.108406584757747 -0.446702014246749 -0.152236907393377 -0.384704823170316 -0.418848609270105
-0.93089803351787 0.0220154789576501 -0.227039374844838 -0.802784469617136 -0.516908481805743
1.10535688168014 1.15847670964562 1.46633993861368 1.65788455556459 1.21967659365947
0.507500458854153 -0.685764779858381 -0.317702012346006 0.405863669345586 -1.62565349354538
0.753071818114649 1.21400395238797 0.493918046640629 0.316338705563352 0.886562137952039
-0.874013242528067 0.0377047577663954 0.076896137706518 -0.136349955625177 -0.676563704793645
-0.201359612027889 0.473682959858126 0.121314825584161 0.689016025994923 0.705834955051621
-1.26594024146632 -0.982944227295133 -0.189941081270027 -0.367495436198421 0.110771248000988
-0.0380005002963918 0.0332640944175378 0.549023227330343 1.64670469986464 1.16311253536652
-1.3465346678622 -0.17854496088832 0.36306906809692 0.13755148886346 -0.776506532525186
0.254632806875456 0.489105671270541 -1.4552775670029 0.58096027300984 -1.0377525002429
0.939326834282012 1.11882947133639 1.64379935622552 1.0787687712009 1.18836371309781
0.280541252573735 -1.09678477504641 -0.459023664995951 0.470203991433023 0.118288649734091
1.15255173081804 -1.1133666492861 -0.385280645684765 0.467375191406367 -1.03771228021548
0.186446513541271 -0.244288127812553 -0.347922520758323 0.665228501550431 0.101095977167978
0.758046350549707 0.390158781477633 -0.537450804637778 0.192086990876172 -0.31111326222844
0.545585165504362 0.826007076749947 1.73577089042825 1.531006338846 1.98172061343555
1.5095899000508 0.441011463266458 0.867854750171518 1.36581407358069 1.44318655823774
-0.51517856031697 0.334762865004061 -1.59509564778092 0.0979262189804494 -0.663423487204102
0.222203656641456 -0.473691720499323 0.259629599392982 -0.771948928810194 0.279273592943555
-1.04321033668131 -0.690779729330525 -1.25244088043319 0.005137931104422 -0.934844639303758
-0.316793601541419 0.347484631586891 -0.377421776767254 0.344559768003988 0.808339668967994
-0.313898229576934 -1.91298019476016 -0.722211699282678 -1.45490209633205 -0.156391215906256
0.646384762021784 1.09837952642543 0.581033220237876 0.104633572459484 -0.926856988268673
-0.148352767704602 -0.0871820511338983 0.352356068779421 -0.764400300001577 -0.194204449333641
0.564872485476899 0.0824202140597084 0.35921980817229 -0.387425661225395 0.835545212296124
-0.894840842495402 0.180021802196238 1.15960419017323 0.0964446556998623 0.151306444345974
-1.32063963694687 -0.669472235422448 -1.30769909052852 -0.527798960308093 -0.352430948652812
0.118565249504361 0.04710680203298 0.195974105742583 -0.324759303544578 0.284912247188887
0.101310345080063 -0.70599348630679 0.256369027608968 -0.411933544546974 0.607159811766625
0.117685917405914 1.1536911739878 0.0553179138041453 0.404326021059678 1.04332723844377
0.668500125364786 0.58568995416022 -0.794103780123942 0.0530266755454662 0.0353554094266785
0.87882205229908 -0.358435146790301 1.16626956930363 1.14229739562886 1.22329898113087
0.754294463509053 1.49989219320576 0.532417304383283 0.498173737405278 0.386889312049951
-0.142854678563831 -0.919936174350076 0.574555727776059 -0.734995646496552 -0.304717526198612
-0.043106854290511 1.14407251536014 0.806905856031797 -0.582160444855814 -0.116234977501523
0.936070371210656 1.78472716435473 0.531237987866879 0.449754783953092 0.602581872195648
0.652961286236138 -0.892322303691047 -0.299379138555115 0.202571946408447 -0.569043594773296
-0.630799555179427 -0.121282922016243 -0.677779325227444 -0.485600526529231 -0.304425455403939
-0.253438846817035 -0.692589009494914 0.076120066180169 -0.506794662895513 -0.724981184015387
-0.842140331620772 -0.100390619165784 -0.545243807402065 -0.545156376153855 -0.310789751714831
-1.64239900647686 -0.273046086123576 -1.6618134649068 -1.08960852765193 -1.30153828621654
0.318468103710571 0.502815309255749 0.336741433847551 1.09705357698514 -0.920533832165455
-0.611501557773017 -0.221928182154028 0.0974797612453109 -0.0193928331158681 -0.828504075404565
0.261631056477019 0.35455476495956 -0.684434006713653 0.407663076531229 0.00377336585333965
0.594066879076887 0.231152118295957 0.823373289870944 0.757341676285536 0.0586278078210244
0.676949033397511 0.50109466544032 -0.0801152166099046 1.61721836985095 -0.230973698092163
0.898322011405607 -0.334329952887163 0.475066455040913 0.463355190592379 0.379284215257822
-0.0470727623224453 -0.150199852828557 0.538840696318703 -0.259954591151349 -0.266603879391551
1.29994470004959 1.0677802508789 0.750763250091667 1.34599965627064 0.722447956725168
0.619867568100836 0.481714449784809 0.0491057901256873 0.878782519453736 0.0789843228196678
-0.165201599121777 0.579007148028637 1.18205771545904 0.945314548849961 0.663212875853904
1.05066115660268 -0.672380612395004 0.187285180842432 0.802263523014889 -0.081775742035885
-0.750599901125339 0.359411798820993 1.14496606385422 0.153431132980779 0.648312570977279
1.06295305252332 0.207817830074065 -0.886542154510869 -1.44854565427227 0.568679796585004
-0.261498401780469 0.0730471134552863 -0.530596134319253 0.759474499501578 1.32357130546009
-0.201160334292377 0.109777399156089 -0.844338368855091 0.112175956583051 -0.103066617368533
-0.931875752086867 -0.827382085004053 0.372570993761606 -1.11535890830485 0.716121530665924
-0.0536585938450947 -0.629869913987207 1.25894021515104 -0.14796385572956 -0.429728377058775
-0.18535056978109 0.496385651509166 -0.491370480374678 -0.535056180250137 -0.0688715489954428
-0.548156357705045 -0.0438025434968492 0.256580610466069 0.54807841070724 0.680687021924233
-0.405780551654929 0.0678326821303594 -0.392255011211626 0.671775815483038 -0.161649695395949
0.337793476477233 -0.47249937328944 0.136749172073858 0.459544903038408 0.358242545450059
-0.507997753062739 0.215522974087855 -0.577451178633514 1.22999023785058 0.438988227521583
1.22814039419834 0.0494222447686131 0.601124621393853 0.927793151241503 -0.571253427089123
-0.412916623041703 0.110223991330632 -0.430451810060785 -0.339540840654833 -0.847838290810417
0.306679737070217 1.31344728191225 0.650197530134123 0.144651068022783 1.04868855249811
-0.150879934201627 -0.503723212506549 0.265814349649624 -1.17352618370752 -1.29681947942066
0.195721358660866 -1.47202065161361 -0.900410662146919 -0.96718972767223 -0.443798001851759
-0.670895234874246 -0.855723729234673 -1.08396763006653 -1.17569523559628 -1.20991426426515
-1.12830337745129 -0.915108439603572 -0.874666508909293 -1.03346611760245 -1.53385267856613
1.27348340748732 0.49373181336434 1.33852627095878 -0.315500451301602 0.112489355101334
0.386620831752134 0.271472614685973 -0.0176208395638798 0.909466803409996 0.505417599405896
0.48441100364378 0.658812074522805 0.0285609985634615 1.10729608607552 1.95779417743677
1.29672406287313 0.505510198548545 0.381588835613802 0.817559297966243 0.362818076043277
-0.739253708309732 -1.19687395908557 -0.746739212586076 -0.396590698705502 -0.851336619884236
0.318946880297627 0.28074938134707 0.275323898195839 -0.785071854296214 -0.636861150295252
0.14354300571591 -1.29408924188608 -0.152947600005973 0.652301696958179 -1.06299768495784
0.39123518612903 -0.97606912036729 -0.857735409587552 0.221131609548984 0.509181070760425
-0.159459338246551 0.0204309257717327 0.214189934177341 1.20274207817258 0.472041641592242
0.49359516739436 0.465379207916171 1.19442904592291 0.157336988523951 0.320982864634657
1.33477091839835 0.696610003350337 0.687539870306359 1.61378641571531 1.13238616011466
-0.0908152722407915 0.228793576507297 0.257480113235969 -1.08123769690091 0.216322470162412
1.12348389996188 1.08479694035664 1.79250985567345 1.38169512554594 1.10513219216291
1.53535738711101 0.764753696926509 1.47402247673558 1.02191932815223 0.651247361051802
1.34652647329873 -0.316444503228182 0.5953890921734 0.547879311872551 0.096554726955215
0.460096043773905 1.55900357253158 -0.463455923785087 1.68739753038794 0.40390135210143
0.746108968905821 1.02570143201122 0.735191179171773 0.652939573974775 0.442602027774501
-0.476293359631471 0.278365096680703 -0.480329141949382 -0.613028297561055 -0.00482237361225441
0.196749493949611 0.332380765785891 0.186453746516497 -0.671982892884744 -0.333937514076863
0.422543576387547 0.294756362666417 0.801087775887003 0.549771978206946 0.660768460347186
1.45914179875907 0.174061048771979 -0.629695149320644 0.823971721330886 0.774151602996312
-0.215179917292662 0.427015436977072 0.606845696522084 -0.0315493990908028 -0.543450443695368
1.81603064336932 -0.903519493516946 1.18799425374077 1.95934383155958 0.826330674590331
0.410581886462873 -0.22585050180624 0.89167451931574 0.859731330183807 0.865185797632388
1.2405171165568 1.60930456609653 0.358968377673721 0.748534569037271 0.750252914129446
-0.0390133054922255 -0.345177471427707 -0.657073592145254 -0.113739772742902 0.382256948609681
-0.14414471905055 -0.428511524488112 -0.222830632630076 0.783687039210228 -0.756018193010309
1.05656294911146 -0.482760359663429 -0.850885236375453 0.813995678294906 0.721730251274781
-0.183464121624397 -0.0124540722090771 0.320857685829476 0.148513915830178 0.733861400547885
-0.0674181922156993 1.27806276890967 -0.773971094949832 1.02421024176784 -0.00255973924148656
-0.184794299763804 -0.388451832781225 -0.775736598094064 -0.491900152338839 -0.944321787735963
0.756208560045165 1.3769531162194 -0.713144482117198 0.756052786855794 1.07914771117282
-1.25422819504099 -1.64223797504045 -0.805914708840569 -0.65844518688678 -1.01742949606407
0.961902528315689 -0.193682557822502 -0.379255074538991 -0.599252835343067 0.879043623043368
-1.20088900959289 -1.53844521998484 -0.665834733525927 -0.336955763198674 0.0910254175618995
0.0520075975675348 0.19103026813549 -0.298062327105315 -0.381973591689743 0.178242117311801
0.522000831432164 -0.269713381081842 -0.603227328009852 -0.0280469838471703 0.226228438342219
-0.0995420290571843 -0.106748435539185 -0.241642403669376 -0.41704630947644 0.905553662520863
-0.797796368444035 -0.794297558508004 -0.710466097188829 -0.389057796957086 0.817981389121355
-0.759446778382835 0.0130168463867585 -1.42722602215741 -0.823245696472183 -0.8962278069372
0.419870434203975 0.0322108279730022 -0.603302146795622 0.17224294074838 -0.351686408198886
1.53609605489262 0.136450900470751 1.27442521679959 0.916119225005116 0.201960515091079
-1.25797923240916 -0.632475626642907 -0.882414622356838 0.268868840953418 -0.427505491526181
-0.0741356227909407 1.40142238762663 0.0989069770938335 0.925528212661846 0.230636668861134
-0.89056788498188 -0.113543514600564 -1.29700687193121 -1.22247203786296 -0.257807004105169
-0.833988928651983 -0.315829951933625 0.296434572986782 -0.483584786921911 -0.273680498623468
0.868263558215099 1.12578663341329 -0.688941105109934 1.04599302794109 0.377168345446883
-0.564207125068845 0.0975564153588167 -1.53099412304232 0.184596185978302 -0.79931944924853
-1.20449147148308 -0.841591241493532 -0.0669756298352356 -1.642340562813 -0.930147156790203
-0.246586659797605 0.155981473376468 0.972873024178211 1.1765085316169 -0.824440248813344
0.570947980831641 0.436971549211211 -1.08117077503852 -0.353340132187317 0.384669162032936
-0.958152691754338 -0.622918084244792 -0.537061273473545 0.427614708851709 0.268915641865016
-1.18781440929779 -0.80303641638508 -1.27426553396581 0.721080000539437 0.120969913464283
0.871594833687408 0.771591539499112 1.20040065779541 -0.830911850750133 0.549204810534817
0.924620285626366 -0.190832799462969 0.357507069005832 0.0111650359776294 1.36941800794805
0.637373390273366 0.526927770066892 1.06709399196585 1.47217953700875 1.66529199306045
-0.527324785278253 -0.78335067402458 -0.322812316260437 -1.03974879415929 -0.68960399074315
-0.200313889108907 0.45023465766215 1.33189138927012 0.558051254387275 0.79653465680294
0.0176659949121477 -0.622002095069937 -0.145843046217136 -0.31690631401756 -0.424518181588094
-0.223974279872422 0.94872585485134 0.231749002809117 0.847674332373733 1.10335218111345
0.425198708503653 0.578641296247054 0.653158817312629 1.03209881081765 0.775952366079696
1.1647108294635 1.03171202948267 1.04396111777441 1.44266992538236 0.922688041707597
1.12489174418741 1.13805805884852 0.259780233321539 0.407277461378499 1.10180803021301
-0.189104928238993 0.608635044502396 -0.201224068138088 0.438733183979459 1.06559980101737
0.0624191799548258 0.494211803716568 1.19656904063213 -0.361340457635731 0.184907577636081
-0.221799586777639 -0.343745360829901 -0.229038110278136 -0.625922193954613 -0.73573535014245
-0.44947948023735 0.145050368965071 0.768406691322518 0.147123364230491 0.770301852364143
0.899446651713653 0.914061556764433 -0.72872721062956 0.965756938526806 0.612568649770043
-0.732222747053387 -1.33429652587106 0.0655727701026699 0.0990596777168293 -0.499939484873933
1.39466972812519 0.266469222915503 0.742135667891722 0.904518386874418 0.0168756114102629
0.622678263419911 0.728867569426001 -0.471029055949862 0.450837819336291 0.625759797540519
0.819836581728752 1.06598900527543 1.29416454514297 0.392488665154636 0.949697399943415
-0.80353497001396 -0.405875721436007 -0.0104730163209192 -1.2023489461761 -0.889825416968267
-0.656664161313537 -1.11712108832064 -0.388119383165728 0.0518338106399209 0.458925004142522
-0.0244633394103521 0.909229355625774 1.02537055986527 -0.77239842151563 0.224217963541086
0.429536936082347 0.144183565229184 0.558663065763486 1.19788708015752 0.765658497855605
-0.111190006143705 -0.300773942400893 0.505219598846748 -0.0780390287820927 0.255823041524685
0.155288724468082 -0.494849946598327 -0.275422004247343 -0.0356915262802503 -0.483391041515526
-0.149148346488237 0.175492052221994 -0.603835260318984 -1.16722329899039 -0.913498939598953
0.564438020269958 -0.592903970029036 0.0179397337286779 -0.807293730875248 -0.475169614712122
-1.12799054031185 0.0919082548759046 -0.938595557263775 -0.0267728659274178 -0.450736798783457
1.08052289806045 0.794170369654392 0.377155822973037 0.146810510108665 1.36139497144692
0.695590069025677 1.00994139963459 -0.10073810589214 -0.00905852349106704 -0.0833232824076695
-0.811651651042298 -0.422711614910691 0.0712379908704152 -0.0143642320402244 -0.466594625174459
-0.276233238435954 -0.76854509667181 -0.404408938651443 -0.419512482299915 -0.066909684165898
-0.116557687437622 -0.344798243390881 -0.962249750844135 -0.400865131696566 0.0774036773742089
-0.144357766059891 -0.831516720268009 -0.000832905944878053 0.507322600006373 -1.17091205650874
1.14103342717941 0.744488320480263 1.05231532624683 0.077367048211287 1.01596711696272
1.21829933708835 0.605684067555611 0.941611098425435 1.08950917858081 0.921823444112399
-0.46272608172584 -1.00727141105129 -0.702319430640118 -0.314036070883427 -0.798573466985511
-0.330067258925257 -0.776633899650966 -0.134438900834373 -1.05441861634564 -0.964153921536132
1.02045182854399 0.622493865837656 1.05154085059994 0.494386691442333 -0.183822794921673
-0.727690321571274 -0.775239740476165 -0.620259341073654 0.145062023158696 0.916241516472367
-0.78428582510759 0.27370669654602 -0.299821292908984 -0.729599449955999 0.392120846198376
0.58672049660974 0.614485221680145 -0.759477545564525 0.127295688644904 -0.123486499609443
-0.325070245492498 0.418934808622772 -0.531265427138803 0.222757743629557 0.311169510494301
-0.442511099872489 0.0446472959452564 -0.727716090278446 -0.612811194144707 -0.0442012593984432
-0.738675488690876 0.239348165171294 -0.234453587970398 -0.705464140925354 0.322633284726696
0.196803015197155 0.967508082998635 0.209659277018063 -0.0360497153961082 -0.48597942686513
-0.0356696755846339 0.589738541475973 1.00912239673802 1.14868160491008 0.597853303511672
0.683482294758508 -0.0397193685058919 -0.858711404372664 0.984617768670896 0.0928885491889825
0.162073004408402 -0.0678216369432774 -0.42345231210223 -0.332677040029836 0.30810988481962
-0.271088806833025 0.272354564244732 0.263110600434315 0.0683165803789603 -1.06871843793653
0.475607343947684 -0.175699189370778 0.515796399585467 0.897777956411456 0.414593640757524
0.498081373156399 0.283505212188832 0.429585437940151 1.91468757831201 0.941086803275761
-0.378191688193956 -0.126370778953569 -0.401332877354602 0.19464180149248 0.14310721415887
0.787729003383247 0.932480248943099 0.518135702081884 0.478416279067836 -0.535984293587586
0.976769293406357 -0.214242487502441 1.08861023997222 1.04062662407097 0.990573181025669
-0.00526018741483771 0.470384885171751 1.10879822101429 0.479584283001957 -0.469536379091004
0.567751602595556 0.320546544904716 -0.111768369710389 0.740923931101415 0.397294603935016
0.361293194152906 0.338276498437002 0.481062195261099 -0.0452628676860077 1.19837091435969
1.15300059516477 1.06168593260293 0.462894520578458 1.33790499553909 1.75651697753512
0.275426532208607 0.355155658940211 0.941686329013988 0.0812232852451268 0.634244667497073
-1.34362816322742 0.412659492652333 -1.57412750655913 -1.35208898432997 -0.588307153764078
-0.893404945701551 -0.319300805480132 0.105035493581898 -0.727259273846695 0.603586033991844
-0.330359337254454 -0.604793874203793 -0.383891927893265 0.258846132198592 0.2902222678952
1.16329599094623 0.266016567604824 -0.761122861650281 0.270893507648524 -0.635065364723171
-1.11655470500335 0.0939284653785757 0.51229478886774 -0.849368743124347 -1.01185873486352
-0.488593232790947 -1.79976734004198 -0.33952025731294 -0.625386718407809 -0.810298814760514
0.101026964630568 1.37103629078552 0.313440367667424 0.364795478102883 -0.510734075048542
-1.10849165113519 -0.0942445211667155 -0.814010264784764 -0.83484383650014 -0.33857686218952
-0.29140830449628 0.23507198500634 -0.417980160882159 1.19592936172373 -0.621359891111421
1.28605197292442 -0.581338200855703 0.762296203367689 1.54286413673188 1.28967463473085
0.267349971937072 0.681944869999281 0.321330353662081 0.0949307687923625 0.359481921878358
-0.0474926381341361 0.0562681577201832 -0.417299226032352 0.327080906115232 -0.215806565778441
0.303711059691014 -0.0759096635128754 1.95210307258996 -0.094317424574935 -0.701897856414788
0.264815635927569 0.150543126865476 0.484408692716323 -0.20344962993026 -0.0355382991609273
1.28555066038333 0.146362129959033 0.44514842790837 -0.00426791600352138 0.811164171422565
-0.420310886364239 -0.264597129236534 0.11289194418751 -0.000955208395589289 -0.580235494661507
0.0322709011379335 -0.572727955119116 -1.28704026835536 -0.485801136594009 -0.318723981633731
0.875915471959686 0.238978110075024 0.248484613533962 0.612882708991735 -0.525871315503564
0.305246138578256 1.30499959076832 0.940172598345331 0.804771034553157 0.363727496853221
0.649256314178291 0.278009432986017 0.911042519638197 -0.156486754547051 0.911511704861834
-0.716856271563926 0.276211281577225 -0.119676872203021 0.674290934183999 0.406803153105754
0.335235338674257 0.192977553991989 -0.303512952915065 -0.352828491618615 0.944656682379791
0.361407564156855 -0.120590955511709 0.710954165356791 0.634812706758981 0.732359187720476
0.664234854729097 1.28366871731518 0.563850092189127 0.540707249915299 -0.74481981276971
0.2448778161762 1.40845961497923 1.49275846016626 0.129672102855889 0.837037636132638
0.400394368406832 0.067532254281095 0.469276440146279 -0.49627538483644 -1.01407649110813
-1.22841107935054 -0.0528425688874949 -0.483589497630152 -1.3185277449329 -0.326626180568318
0.324556196381265 0.134097303726732 0.129440899210837 -0.56025003298751 -0.153468853440479
0.208448951719373 -0.22561709672939 -0.278628155895225 -0.129782144152036 -0.86604660963025
1.04824022497378 0.108469909002484 1.17546949627949 0.458941907944313 0.124757049368749
1.12925061162498 -1.39048048349403 -0.146297186091014 0.577847279766639 0.287002080012175
-1.11392588740887 1.01310086859339 -0.557690980389254 0.142430787040058 -0.0172010075410755
0.668867858719602 1.65802999924746 0.943168438774956 0.0787173359392233 0.416853313873725
0.0871866348968496 1.00182100553827 -0.657817717888694 0.597899887759944 0.187080908517573
-0.824275610734477 -0.765132278215245 -0.902228458558765 -1.22025143164558 -0.92237094978213
0.245020256900117 -0.995395585854337 0.15880290459827 0.139166505854276 -1.17361454180284
0.381783750672388 1.3454013471926 0.474586533359501 0.167577517797903 0.196580845113614
-0.310433368963653 0.729146714460362 -0.0751277722564243 -0.0236084858189531 -0.504229442105038
0.574858431621747 -0.379240816001159 0.177183897872877 -0.337887038882255 -0.0461687333961024
0.888293645751558 0.123182810776313 1.13117145314229 1.50420196203079 -0.379803530339509
0.163953378717923 -0.551469863449678 0.0919225373048042 -0.0585136805108628 0.335177002661648
0.486724296585387 -1.02652039424122 1.06635824103776 -0.698544664297354 -0.143854140173942
0.489873342248153 1.31670167647642 0.766840932225822 0.356996476059923 0.768304631956427
0.383233619415555 0.733880278884177 0.163056193490221 -0.175373577260997 0.628039249376338
0.373743657730326 1.30829852237464 1.38013672146685 0.54969054086244 -0.0633278164715949
-1.39822809589401 0.135799783282979 0.669354482765773 0.350850974033248 0.641001440270642
-0.120118510141614 -0.576468664479421 0.303893649114669 -0.0594670588833693 0.000315428536096635
1.02736497466996 0.469682111702591 0.383058560754823 0.320862233327219 0.164680029804017
0.519578061693921 0.770300948712767 0.442502929485067 -0.0169768844915769 0.018857753958622
1.27836899769677 0.889970629038165 1.00441211997292 0.232182622275534 1.3551217118189
-0.345249609941646 -1.09454225201849 -1.87343383788096 -0.046011077172751 -1.31248588657823
-0.900413750389718 0.437174298479303 0.0998430029120291 -0.12038817426362 0.429164527967466
1.11325467067388 0.587984079355322 -0.516247789007411 -0.599004564972982 -0.557634763881424
0.576554111878134 0.133841895259756 1.24316327786856 0.0380238561881964 -0.666121828232069
-0.938944964780245 0.457804826083431 1.19123117858146 0.391963740991479 0.42178243121169
0.977995866814355 0.390278483260763 0.187888966900255 0.81006887205892 0.551249015053155
-1.38472699191159 -1.66118352213953 -1.28173896469172 -1.07234844091946 -1.86535160695261
0.0599483855808693 0.471284483900861 -0.0228411047223331 -0.742549250871926 -0.676919846408946
0.996437664829014 1.57357505043678 0.529848586665649 1.18538872428568 1.84831614076729
-0.579583960159162 -0.485751783635902 -0.767964742266747 0.0319540597177474 -0.350980124893279
0.441876493144863 0.450223470106226 0.480645366359858 0.55412815313021 0.0403521548276942
-1.85444176121191 -0.364899311372891 -0.656424482298037 -0.782603689682648 -0.162815958769409
0.135845308768502 -0.732493305451903 -0.782770734589849 0.0268972463059652 0.432974332909455
-0.269289556526951 -0.625099373157255 -0.427264673851234 -0.344114896668362 -0.193507065182941
-0.828857197049139 -0.271625278312182 -1.84238397280032 -0.250145139226442 -0.75797092963125
0.467596947665729 1.00862935151612 0.35231065335734 0.996724049171088 0.424084400346573
-0.0329295453042078 0.652424830642764 0.967845828269436 0.670569433798509 1.1700400408924
-0.0140616427037862 -0.395465675449178 -1.14777224360512 0.067938243274918 0.848771993815994
0.804442703050487 0.488113206242789 0.87825427595462 0.20866481727209 0.252305290837551
0.523320091284243 1.02222854432147 0.517730344372717 1.22845891067898 0.586074379368864
0.45625479298342 -0.618915669216676 0.103442071514979 -0.092241547308356 -0.728850656402279
-0.3773762592496 0.24151335578923 -0.176393877540691 -0.319612113847018 0.0867002964689662
0.190643625430099 -1.28548961402097 -0.845039091632064 -0.177777594952839 -0.384662747779718
-0.232648469984118 -0.431445977617987 -1.27354808651306 -0.511657747914671 -0.457617542952963
0.152376074902446 -0.74843030499086 0.13293293976337 -0.966032181752511 0.179848539417611
0.0209045074886512 0.418730515333561 0.414727574956596 0.807370964011815 1.18495894691654
-1.30178155401069 -1.37823645950357 -1.01909270928345 -0.839420356755653 -1.71930699927286
0.436154331889913 0.388025036373988 0.441213206413005 1.45349778185712 1.36335711859624
-1.93594975483292 -1.38447011336791 -0.784243953649694 -1.31720668642572 -0.654265570191233
-0.128421798218447 0.426882129823946 0.0597822413526991 0.0918901368779149 0.832862028823152
0.164099159951258 0.774660841212218 0.276374376491197 0.853229337272284 0.545605528290848
-0.495320697784064 0.434114768991186 0.158247605852464 -0.0255075843361441 -0.61333112163705
0.733013222577855 0.424354945666956 1.07201206170139 0.455768117198533 -0.473209823874
-0.530927714155911 -0.64055610611703 -0.883039676739415 -0.49511688626076 -0.971940765738971
-1.43584523358546 -0.60968919003947 -0.806764694930785 -0.747557989262595 -0.387257187550686
-0.813884123469661 -0.57372050887058 -0.830192053093599 -0.371910093645471 0.213979491624913
0.82496091526438 1.20513705560503 0.417697334797442 0.229994315891626 -0.341240589230685
0.762520950424482 0.844552056810888 0.623595515372351 0.652786434302431 1.1791871684621
0.575531785443161 -0.320774003640294 -0.458096581484156 1.00480224081278 0.958985511749925
-0.607912672640845 -0.437926635798458 -0.823061026125706 0.592920967414507 -0.291886053140197
0.232444108557702 0.766482279873043 0.705298485722136 1.26162212003288 -0.677977966602162
-0.13298924306742 -0.42355117679784 -0.486161094275204 -0.77229732810296 0.0345592619712446
-0.587191702830155 -1.448573092618 -0.683667108982503 0.214951109482679 -1.12040464137084
-0.845296324782114 -0.985804892868995 -0.519028953718683 -1.02406544101709 -1.01995258431234
1.04419383953301 1.32309706569598 0.531700599827387 1.43738044811181 0.415365027461002
-0.292453897223356 0.711465359063964 0.0827506868179898 0.547384611818269 0.0229692289465602
-0.464143807638889 -0.416470568988236 1.37933678156442 1.41587677829598 0.532126280357641
-0.952335612628744 -0.0540066013921825 -0.519890901282734 0.559210788319634 -0.0864126406254745
0.443989884672314 0.815990730353388 0.881008778275478 0.555520493927663 0.522613388206384
-0.472262792292273 -0.888317272004701 0.588255364140892 -0.0180802678071725 -0.0168794984220162
0.730172507614415 0.767548446774743 0.333061730532403 -0.0940420685668313 0.486298544481393
1.22938968710897 1.16732465656385 0.958488282675286 1.03157251953365 0.40433225335652
0.326261421006474 0.646754803677898 1.07787516433911 0.664051059753865 0.715093036541798
-0.0605448103085494 0.294379797559726 -0.0434257955368917 0.467593237981183 -0.0187642970866906
0.630003691843392 -0.436209306792855 -1.6131188904259 0.43045150598398 -0.344824201142556
0.596865970389926 0.0873667960128882 0.442284351496722 0.442727717663547 1.16908400801507
1.10802684949337 0.119621031040279 0.400903417423709 0.533532038972744 -1.38507022523541
0.955655556844468 0.307593294439341 0.408215498899537 -0.433786605832385 -0.232858894380215
1.27053343914919 1.45545165124962 0.886183376451528 0.600739947258458 0.0941870565586882
1.29028575488671 0.243597466678153 0.376665339402364 0.893313116019756 1.72936676407521
0.164397249387904 -0.0300565933437008 0.65518351916766 -0.402463206421963 -0.731084475840201
0.175320764170067 0.508318695720416 1.40103634251476 1.64198664983271 0.194658007667834
0.322975839593054 -0.498994309331239 0.118483358946201 -0.00438923616134226 -0.432814948390941
-0.0724223672160783 -0.785950406881142 -1.52170231902984 -0.3043545063354 -0.344456471799227
-0.412939400480156 0.188296064260322 -0.461398315410019 -1.47188833850775 0.140906171742916
-0.304766947897889 -0.605584627537389 0.0708702588037972 0.702857217173987 -0.53848965255015
0.0505244066781981 -0.323123559324694 0.497966050937859 0.0782451674010726 0.471883162873977
0.483366174793045 0.266138371447025 1.76744150850701 0.853174644602771 -0.103237923324491
0.41906583951264 0.966557969512976 -0.125209196136301 -0.50163813085834 1.64577584003223
1.56038392052635 1.46805152837372 1.11866023706295 1.44772378884895 1.96326839174091
0.26169176210913 0.206400550630226 -1.31714210532943 -0.870566314878001 0.52636468223231
-0.854610902858272 0.749866604706239 -0.290777296627314 -0.854201140642354 -1.13247417265657
0.300884897147545 0.225435160500063 -0.819717045754245 0.834086436615795 -0.852339924285789
-0.587950978993146 -0.411855004462952 -0.789998517773909 0.564169648455792 0.0322847523706638
-0.197384743050801 0.0514094230039405 0.589837535782852 0.133808561511079 0.0888232679362461
0.333957702008619 -0.795285241752034 -0.748762149111021 0.224743399636517 0.24513442641518
0.48077956927453 0.401187300117671 1.00357470205052 0.47965185028313 1.70014851322031
-1.35770790826956 -0.879785148241886 -0.234943069067467 0.122130779812475 -1.07121562390984
0.734564260716081 1.53504708319387 0.698227925801167 1.14514626305479 1.48585097567677
-0.964410189754151 -0.769489494861407 0.362862014615035 1.34302069397414 0.218213718697237
0.0476661826295097 0.138309728025947 -0.296047131475116 -0.518066326980175 0.496463710577549
-0.214274826360175 0.119541444427577 -0.799762399756143 -1.3656722701753 -0.63454824998028
0.877429627334504 0.579210714985115 -0.353514388885871 0.202560599552205 0.52301720096496
-0.587011929669066 0.4744197823322 -0.187714601021969 1.45304642299289 0.797851403327817
-0.540044816366629 -0.103713610708552 -0.0595281640020534 -0.0873022621904867 0.329738380894087
0.440161900849607 1.36455670361663 -0.0388984574180882 0.364331105130627 0.0716599847311722
0.227620427642301 -0.235146232791625 -0.0108999387534002 -1.32165269281111 0.28849734458633
0.93847077827061 0.973220671286406 1.38786523784156 0.177790662667302 1.04165203291535
-0.730195146645602 0.501426131655774 0.359919505442952 0.329975032907961 -0.458716958388582
0.97502995842393 -0.5636641676044 -0.177139174972227 -0.618629864350616 0.492457841810598
-0.432601408514108 0.520779288966163 1.10484377744367 0.244016487997649 1.08116718818068
-0.530077014730235 0.00745414975862137 0.353319913581827 0.0751626869358438 -0.615553221892855
1.36456151196412 1.14661069555679 -0.444064232433806 -0.69046733567854 -0.807318373518343
-0.554921994383825 0.731187779842714 -0.698487209694381 0.656661793866129 0.0247876007989796
-0.313860393429337 -0.257030341476758 -0.555409120586226 0.462521710680117 0.291408021166022
-0.234449190162316 0.942271199363094 -0.652950717847629 0.0351368108475919 -0.226798400665171
0.190349167562315 0.170367689401774 -0.0532365272800873 -0.234019253120057 -0.892863352112096
0.228956522903145 0.189041786190891 0.817550051676525 0.487880274710146 -0.661111347141096
-0.0250098583989447 -0.368444200434937 -0.50640210202767 -0.844382094781413 -0.336637885741495
0.438148934661402 0.377937032069006 -0.207646161367479 -0.592028375102521 -0.851677319070047
0.203611254097975 0.994481308162896 0.356490438737359 0.338034481768606 0.581931023961746
-0.178633241525222 -0.206475463852896 -0.276274428297471 0.33414229104493 -0.415798060338723
0.126909540762765 0.0905702059327956 0.483881128489263 0.939600892513642 -0.301010562094026
0.214651875185627 -1.1358015081353 -1.54299363799489 -0.162265182823847 -1.89479795389913
0.514849943019994 0.0683192325985915 -0.198481954511668 -0.463939325868555 -1.0086268793053
1.09559837783775 1.36036701658952 1.0445495383522 1.11345596825693 1.29376957230803
-0.752883917687932 -0.701771726562165 -0.645928156456164 -0.0724880952974038 -0.0356130205578336
-0.264355408073992 -0.760317626065949 0.344759073537247 -0.785205788464493 -0.861230179099696
-0.446124553549528 -1.32073287770166 -0.558315535405561 -0.412242994301674 -0.341299158864249
-0.0884994587006571 0.122847818430235 0.084105560540444 0.614826211835651 0.957652005718348
0.143440129962664 -0.855475248927395 0.82322892992472 0.187270793195171 1.12183163766857
1.08221479754432 0.33850592249566 1.18958539316137 0.421343666851259 1.01661111083009
-0.241850951479646 -0.49460348525809 -0.379106047531703 0.445856672191388 0.0589355991613165
1.13803849161946 -0.121508065987881 0.899408926667681 1.03103086582497 0.355524805466012
0.479663190136669 -0.87555049852443 -0.541972780542568 0.0870452390773629 -0.119427538935101
0.645876451086967 0.298524535841721 0.0393692365638526 1.65821092925336 0.875207739094983
1.09442665197947 0.730476980400196 -0.531046769377543 -0.884799083991386 0.472744433258212
-0.469970292428868 -0.69713021949364 -0.484499469270985 -0.483617800861095 -1.15976850704048
-0.807500575753077 -1.06489612073524 -0.914946885917016 -1.04810464877727 0.428378883092021
1.16903169645546 0.188756683672776 0.923892820397411 0.561609306681084 -0.159153979950343
-0.567037013492894 1.04268068397052 -0.0127658224181882 -0.453753716881751 -0.787123054858162
-0.087779728311859 -0.172625901460745 -0.576295813519602 0.49431587904813 -0.458352363646442
-0.807216260990168 -0.345363317656213 -0.945086657316209 -0.188487593720663 0.531927428772914
-0.151116628661351 0.255043393099514 0.866654808822099 -0.0717028634696724 0.359917797474041
-0.694646458933116 0.163008007159415 -0.829531118909438 0.117412334010872 0.45909503780812
-0.368046854323374 -0.688957485838882 -1.16362625503748 -0.184126316364237 -0.0525264069074267
-0.556244840121355 -1.18830289658926 0.251725454785289 0.0135376417357389 -0.232991900281227
-0.722577109553585 -0.416970400850792 -0.15009342935624 -1.2558664160888 -0.380163298518809
-0.489843877899437 0.000424335897068812 -0.283776863854846 -0.688465191757018 -0.266241186484947
0.529557577901213 0.731140181937247 0.0253586883440183 1.54932487206238 0.744132671034842
0.634284083822742 -0.37994385447941 -0.616434550417526 -1.00462011730628 -0.0927898890904742
0.881801258896652 0.61451410302083 1.13830054497463 1.06352541651952 -0.174020575992624
0.802490120764243 -0.0152316718383974 0.204088250529706 -0.824249729285176 -0.0392802226071777
-0.522160375454493 -0.475770179369012 -1.17134427952891 -0.379269245315785 0.0434156653960927
0.558187469377476 -1.28193441790738 0.0577014995914054 0.380705666779633 -0.354580253698948
-1.15183269542079 0.320582593396582 0.716068383890785 0.0357734476103821 0.764493609983364
-0.124386775687779 0.461687872291834 0.945776196289728 0.0514630325484837 -0.464243417113345
0.336892907138103 -1.1024288099538 0.304377184757915 -0.993643708901121 -2.00989470387073
-0.211993039293518 -0.210075246010305 0.335256247520323 -0.377368703982596 -0.0191595003142438
-0.734002657260504 -0.227166331721564 1.11974461468794 -0.571180075305443 -0.233966430022192
1.30699340770328 0.366325258393065 0.544984657434931 0.521152475109559 0.90653197485421
0.855420160878259 0.695941413405466 0.679034156124882 -0.955462790584809 0.510376930241255
0.351679082792244 0.562545699647298 0.243230234833838 1.06008691860425 0.0607927721485264
1.62574994413665 0.373705404677886 -0.487640621294414 0.573896248557011 1.06234330765767
0.209828272010306 -0.166164096223121 0.191375001986083 0.150800648514915 -0.534588133769851
0.536761035272491 -0.247561538727662 0.310126414952921 -0.481466684241013 -1.23347829472185
0.966507392510409 -1.13835134211418 0.0929283988293726 0.704799991801986 0.40455214441663
-0.398994042747401 0.177846913558378 -0.891685206683347 -0.371703494447079 -1.45087708937166
1.606859409419 0.815448430219026 0.957856934063506 0.569037138779326 -0.0900372285555581
0.763769305003697 -0.558196796926164 0.467243810738458 -0.425711732776827 -0.401062687802656
-0.0664139827928149 -0.0788426652452543 0.142511800805628 -0.0599198103489374 0.46873542248906
-0.409349654155279 0.445484863290862 0.385562500755414 0.19926558357786 0.186860299291602
-0.391658273804646 -0.109564170186863 -0.308393508328407 -0.32223839300424 -0.604928501837202
0.106036786574689 -0.643452839264747 0.139084623737091 0.209403551517876 0.658901951214613
-0.817286698768549 -0.484101444967097 -1.02380057973195 -0.756746492451762 -1.74433564092858
-0.0338792382505636 0.390287755588706 0.564937269255063 0.421860740119795 0.11766387391451
-0.328115792382538 -0.5354938547593 -0.456524675730133 -0.939175747716021 -0.942435762294832
-0.304846550455846 0.399158157397203 -0.527861955034659 1.31444698571276 1.05634672026417
1.19092181432092 0.289979419036536 0.397910546247505 -0.702712815681231 -0.0894236468508076
0.0725393351445458 1.00690796258924 0.258333171798163 0.791755982217637 0.496545624574545
-0.992601736997793 -0.160791021013108 -0.897980308513998 0.216610050996569 -0.773808401836536
-0.340372042623361 0.0540567201677552 -0.175927359441106 0.404420679111558 0.0920089594915142
0.0337997774363512 0.198953165251965 -0.268312209241793 0.264237683990188 -0.1353932865157
-0.961511443163439 -0.190876545292131 -0.377546504394854 0.258045465042164 -0.909515311407424
0.354646284295786 -0.385811663444323 -0.250694725138677 0.228972918777756 -0.537376449254834
1.36615003855926 -0.533868354348519 0.775411465202901 0.769082897714554 -0.0155191438212262
-0.238838067090909 -0.375350708290429 -0.293682309539348 -0.49481694286457 0.0696491496327887
-0.213940318278214 -0.644990270610323 -1.59387972494818 -1.09867485273049 -0.622038290498638
-0.351897089630088 0.204516279695208 0.0230565262911678 -0.169379810480328 0.0988169688873376
0.618503499857508 0.702864203789171 0.445567468253756 1.522434683737 0.970824514068665
-0.403414428052036 0.575562929504653 -0.297578669799696 0.117540982803483 -1.48956937401083
0.207026398348083 0.513328171831294 0.898005252149179 1.12732944767551 0.381850500378443
0.0489754480799031 -0.564286640399815 -0.126005290539719 -0.741872308083393 0.00237152146350186
0.729040750463453 -0.45932609673806 1.93209151038549 1.24918243675499 0.218068675978036
0.403118498666406 0.771222940958057 1.22297410366146 0.0700827809335295 1.1769840127296
0.660654756354419 2.1011462645412 1.05415756860677 0.937198936870847 0.322860725306825
0.638741281819056 -0.407520974273091 0.0357165681030502 0.644190314818706 0.296982109817855
1.14659697575216 1.19284628053306 -0.0920202419690511 0.109344730194612 1.31146978887992
0.225782319834019 0.0441245055252933 -0.668285390478376 -0.713212180891015 0.777056588580005
0.369875431354175 0.983257832548863 0.398126444956807 0.629558760248729 0.766595244857226
-0.633488648837933 -1.5497004437125 0.797248412230965 -0.473413895216225 -0.421828482181766
-0.0175975209716345 -0.700109570222278 0.052839932003066 -0.489359999709207 0.158730157970104
1.1375290344729 0.315372827843086 -0.442270085950781 0.857895849484826 0.381461790995856
0.335001322042787 0.735270996089573 0.599257667347521 0.235004360441759 0.897091876421829
-0.613880161300589 0.0370189208730519 -1.3804129430922 -0.626855868994446 -1.28676011115578
-0.395640423908789 -0.632449400460403 -0.259540532612592 -0.615911976185778 0.129198991245776
0.440630815717782 1.00633237783524 0.0176551521944121 0.376791340700065 -1.47105548458054
-0.614362409732115 -0.769876550585747 -0.952299512826476 -0.623911420817582 -0.126178445558969
-1.39520059074205 0.569502431478883 0.188803583541678 0.335557835123702 0.570188282278779
-0.474271519478936 0.780638462788442 0.637738531680966 -0.751581699079675 -0.246984581271508
-0.685386263860056 0.255571544451889 -0.713135166240528 -0.192589970627379 -0.555300191628763
0.352104222443427 0.450774276270957 -1.53993888707648 -0.394280412649832 -0.875582804003274
0.807442424006106 1.03923348450278 -0.341245520663458 0.281292835351739 0.377125990562166
0.444700227993428 0.113158171720383 0.259328666257155 1.3735091745219 -0.315918746084459
0.335643141341796 0.0833924082187831 1.04934537186343 0.4080730983696 0.834189363723139
0.875322035869999 -0.850718666302604 -0.0745170868929198 -0.278546105068018 -1.56055670249349
0.399309507608082 -0.407817617660343 0.688886802150453 -0.809614837094665 0.399532438027596
-0.328058087474973 -0.360442228518823 0.356007157650341 0.541023220427261 -0.0650567520770705
0.249120079196303 0.420793281613128 0.843677086111695 -1.08127432832776 -1.25250086148711
-0.673192770257852 -0.422210032647816 -0.768543913931174 -0.472443050980053 0.262765423830297
-1.10161095854973 -0.0276112042453911 -0.669465107938816 0.230407119875587 -0.717047737262998
-0.343972305932285 -0.544798376212646 -0.886359102895837 -0.616821898529506 -0.219770360522691
0.592588823601086 0.886589380113567 -0.887208063825219 -0.406131727907723 0.591668798247126
-0.000936374976678631 1.5265486817003 -0.348106179809058 0.471283795593476 1.2233902487136
0.890285880409024 0.754319110448491 0.793637722224098 1.21852976587193 1.27404845238223
-0.682525903246535 0.256025483413114 0.886347583762011 -0.713882285681204 -0.920580405270919
0.635294853500626 0.01443772522335 -0.623238353554157 -0.111942725958407 -0.185967482605608
-0.601911641789437 -1.03011263419897 1.48331473830531 0.0188257092123651 0.23126143263287
-0.275706555246315 -0.544485973677684 -0.635829198514498 0.358925875949373 -0.371660841489613
-0.177421074924474 0.104503255940352 -0.594943850649338 -1.0965654545294 -0.3828005260791
-0.57744245639152 -0.376034995002891 0.24802752837122 -0.734609614244493 -1.47725041697391
-0.74089380522793 -0.232605729005843 -0.248921504161055 -0.21844308395372 0.369117207637598
1.23754430172371 0.73781074301076 1.5254235227649 1.22604796711409 0.479720604384445
1.69712262513014 -0.469734577662028 0.252209969479353 0.494424668482568 1.46687546909879
-1.00767873929656 -0.239578169458959 -0.723602547893952 -1.11708279478551 -0.174240407477036
-0.613473392959539 -0.600159625910488 -0.786371929126069 -1.41768080971335 0.438025554192625
0.706425165521305 0.115421984440589 -0.74266661487854 0.0400136940737422 0.716268899588986
1.01859223101771 0.525811984550699 0.386409550880042 -0.0292269023861322 0.581201578261951
0.438766855246721 -0.281754902486624 0.0688693415276403 -0.718761198173775 -0.106476555165267
-0.176510926331744 -0.330296378126054 0.765541087454181 0.320888215863319 0.373204954306207
1.41701825155544 1.64839328047615 0.427150767745227 -0.109007793987219 1.18879779757808
-0.299044800141748 0.267929100790364 -0.0625227886529566 1.28027638933504 0.877056628456044
0.284498077453272 -0.828862788058324 0.193093149815403 0.693162727090594 0.286951984392796
1.40106773830999 0.284839491104574 0.386743802400072 -0.0420997605847683 1.03952345557396
-0.792819027241463 -1.00038025431156 -0.30843934632473 -0.131658291250435 -1.22817327220378
1.23182513513621 -0.732426907885999 0.317636092144316 0.341182455739412 0.512498427542761
0.0236736523034991 1.23735405194658 1.15591115992726 -0.184399292273651 0.341682249321736
1.93897168887513 0.895340996656511 1.71828338566664 0.876447013485754 1.39149794798189
-0.0769918744170137 0.331682766916706 0.988585396199384 -0.098257734971375 -0.625833601859958
0.508091916124448 -0.707714884084685 -0.142696100606359 -0.181755162945261 0.0569177654363351
0.526947998864393 -0.00760659186816981 0.637810776514111 0.162032703455124 0.752322509157074
0.51531062651612 -0.476607463556273 0.196706211574011 0.863008902471334 -0.0262763313785037
0.240010179895039 0.270919666977879 0.979988641372426 -0.298671948819813 -0.23977068014908
0.158790345346338 -0.577919501097409 0.458055613098939 -0.477446143903962 0.383335550782681
0.882430863544701 -0.0206190078630951 0.11315798035282 0.0473931129917513 0.340161732347876
0.526083724589444 -0.682475487569621 0.109824286174662 0.74555791654701 0.995122893510776
-0.149170724148222 0.415307871888663 -0.144206565123881 0.27671251486547 0.0998983648605976
1.29136061207229 0.449332732931525 0.8545889714228 0.879186044529782 -0.00704890742809215
0.536623881947009 -0.47517584085441 0.0609920728837314 -0.183668477901074 -0.836598088619578
-0.141414388428248 -0.709512706374186 0.0641653819007795 -0.182554550737348 -0.350849187120722
-1.64351503412064 -1.76907166870572 -0.835158691914599 -1.02497473853936 -0.981482376407696
1.05881459393903 -0.172435296553225 0.721460920512734 0.623226669552977 0.483572708590467
0.145779167105404 0.96076661750429 1.67989486477907 -0.492281926931773 1.11123801854291
0.517353353627111 -0.579936066749332 0.461221188609901 -1.68596921621101 -0.261109830635827
-0.783569750813568 0.38101327169688 0.740354165195511 -1.27499090467334 -0.166124039187205
-0.357543435629811 0.262504503217354 -0.422104600442538 0.460873685455207 0.502964312306091
1.25151241063369 -0.483498677588491 1.41389210893503 0.286689022309505 0.0832127743214484
0.665010005492155 0.766086045572045 1.05038503923558 0.574587770088973 0.333485719383178
-0.338214940277751 0.519224430123143 -0.652925941265981 -0.367140903348091 0.842596843220467
-0.294830358550946 0.234705103740631 -1.41305999536207 -0.93532515357061 -0.59517027127246
0.0474734819397399 -0.666116812684751 0.00398567152025101 -0.83615485427495 -0.424039314795479
-0.117227175667626 0.0541497545927866 -0.645884619043545 -0.981912715475925 -1.14905426937829
-0.538774529723188 -1.07155260513617 0.244546632891552 0.0859837620760029 -0.155777223474416
0.117595321731355 -0.573207974755803 -0.127415144180473 0.105804170413777 -0.00216148578387183
0.287671236409174 0.422215048132021 0.257847055975622 0.421883346077853 0.0521624569295034
-1.45146523284585 -1.32018311710886 -1.03344064725148 -1.81207842419611 -0.626739946192221
-0.409842106912652 0.449017482839861 0.146181267271912 0.797110196563266 0.182119451920049
0.948733176662991 0.309581988711038 -0.163308709136945 1.08450528095903 0.111711686138444
1.15559487738497 0.954171667420866 0.911605279855257 1.34884339008276 0.92018789627829
0.755756525421697 -0.291901558685847 -0.0354230027343308 -0.517445162291577 -1.38126343901969
-0.213546241665547 0.137631647560775 -0.333473448190231 -0.151918245509 0.240166740051621
1.24637537766094 0.365387134222265 0.576100877037312 0.793827465305336 1.29993985769723
0.269522542505382 -0.666904065838012 -0.164036483691685 -0.452362748377889 -1.3801152419562
-0.770345565756195 -1.06324920442476 -0.401641291427947 -0.0914299578450138 -0.30860046001779
0.733584414062143 -0.20414809626179 -0.0211592143698822 0.121928907727896 0.830183333798031
-0.29299454794268 -0.607873352980908 -0.00225012757497214 -0.802554206263245 0.240155058386565
-1.04916382578027 -1.14979999010383 -0.821287876515671 -0.979383105487387 -1.25661384485374
-0.382912434337997 -0.744588053233727 -0.818196100075368 1.01285890488236 -0.873014512485073
-0.138290491361794 0.309793520547567 -0.440103498522848 -0.652890368477591 -0.489149239591286
-1.11005409441247 -0.542341976883603 -0.00517251371401868 -1.64384307313251 -1.45825791995067
0.148350826648393 0.429686017449551 0.231162706918201 -0.178393399497445 -0.206611386231068
-0.228375880483887 0.60825091306396 1.38433518116022 1.3300554514051 0.889935754589293
-0.707848426887653 -0.358990480716197 0.151023758393707 0.562430832989518 -0.487180624358207
1.24506865008211 1.15571388115481 0.17553992353255 0.386335836671292 1.38495135053214
1.15153871094553 1.21392043429916 0.396020182582602 0.719708851175328 1.0118257942383
-0.35304893017824 -0.800278387384349 -0.839050344740581 0.21608180979018 0.438747558394645
-0.479773830423668 0.0924703228903698 -0.525783678661732 -0.287142264761818 -0.117833535496318
-0.893717435565897 -0.255300109626037 0.739246203550868 0.314628228850364 0.579886194826222
1.15543730008188 1.67832779868249 -0.67453690591683 0.0135058390650813 0.830765631205469
1.27736813694135 -0.844503873527841 1.6262064570505 0.518812240268917 0.250300662541851
-0.0207361971437594 -0.0893854596651793 -0.61812450071244 -1.38590526241583 0.279544989126843
0.636236726075139 0.293509965874182 0.82531824856911 0.968222928939398 1.08708382946422
-0.420996247992594 -1.46145246687209 -1.2276769287231 -0.80645586136156 -0.0402783243515619
-0.66361860552591 -0.00499867525062297 0.237826381775271 -0.776132699449121 -1.07148681548782
-1.2319900782103 -1.17340699765315 -2.14476653582281 -0.959656104486912 -1.72047071197316
-1.04237381328265 0.320809406490808 -1.12577954345373 -0.41068013380723 -0.685878842641526
-0.814083335258323 0.864936408894284 -1.41798280434308 -0.770267125615324 -0.614451204841507
-0.0830083135658068 0.509410833642903 0.0185069643942646 0.126709795588854 -0.531086820714227
-0.695095957321402 -1.5665695296851 -0.0159262458115514 -0.734569581835758 -0.419648012902396
0.839814826962328 0.344374703524392 0.689062701473783 0.753745125630606 -0.576068957442976
1.86250152757697 0.831300139509559 1.36557603640881 0.836080574213923 0.952674642486028
0.527503412895496 0.671028186800932 0.962431610362843 0.201762768798392 0.686076116846242
-1.02171773388836 0.689810171415053 -0.463753954854233 -0.908696647888176 0.771511082349441
-0.19819037441997 0.282135317075131 0.281795118081946 0.140012561317797 -0.540833069038286
-0.645417319404507 0.496977244447897 0.498900897816381 0.828264495443127 0.445432959400299
-1.24745686906785 -1.28018573842281 -1.29495274768672 -0.948937714738028 -1.43378702963123
0.0253093202663396 -0.808423726045348 0.750348622855513 -0.333138274672426 -0.304519916605688
-0.721084720075917 -2.30214430416169 -0.858042613729148 -0.723649631863515 -1.72624088295718
-0.892834440082693 -0.458775229177349 -0.787051441405584 -0.484322152107223 0.262780521202051
0.0903495026428565 0.749159123598678 0.0988894969937862 1.17583192074641 0.610773823870283
-0.683373550324528 -0.871791370597269 0.0045423303137502 0.425048439119905 -0.377132400021557
0.0990889338460968 -0.066839536387935 -0.222096944627081 -0.561989710438025 0.0449334551485545
0.355242392977262 0.407339714557235 1.40671569477032 1.118083574459 0.523777074762422
-0.342928962669465 -0.829906275803952 -1.62885085783866 -0.896839333447915 -1.07853012127719
-1.76894495438817 -0.879771417175785 -0.621062299130598 -1.47442130568676 -1.20022630890105
0.537124429082706 0.595404808416298 1.54400890531158 0.648559816606846 -0.214718158621391
1.05543011548656 0.120019877871362 0.892181781684497 0.659597270069872 0.317746495442051
-0.687224564963197 -1.10960135879601 -0.278966841370762 -0.928901543494134 -0.38576802378934
-0.938828023761055 -0.605019094590341 -0.33254249804802 0.109058967041449 0.0492612129689935
1.20613125317289 1.96781823574808 1.45963979299943 1.13090453693706 0.0836888630136463
-0.863704565993499 0.174162307545287 -0.887428536575022 -0.03198306910877 -0.175425874808397
-0.0300929027895494 -0.0380518923605399 0.0822761351849745 0.491098485468582 0.411736407121137
-0.924158802759687 0.662249345057499 -1.28402955639114 0.524457831786929 -0.0875813555210016
-1.15956461157803 -0.653757821796568 -0.262990007733108 -1.11491966926631 -0.981388180916814
0.731800687580497 0.178944023897801 -0.750390638961388 1.11431158748066 1.13472603040821
0.672364076788223 -0.0313402948916273 -0.188714773024156 -0.852784250953118 0.667275613454012
0.00852136486363193 0.966762713558239 0.382156660021965 0.588918657159303 0.0599834612121967
0.418174325069724 0.835336496910994 0.905110279396994 0.061798561252365 -1.03326967411025
-0.373157352044804 -1.07158446595187 -1.16532997895051 0.703993070298464 -0.132121767626751
-0.996358890125493 -0.617646730563047 0.628099978042615 -1.06396093855955 -0.506623746659369
0.929759555429269 1.67824913661735 0.448180637556583 0.0202268061504105 -0.717494581321488
0.734869317622615 -0.265420189673077 0.811992151372317 0.290996734939038 -0.620252833774899
-0.416218372003929 0.679904770667282 1.01568514613724 -0.577113545908394 -0.362526489205184
0.610587253983259 0.126949494741372 -0.57096942102145 -0.10364364063555 0.321109411777092
-1.89063388022833 0.36095757289646 -1.27582870643919 -0.171462507726049 -1.35690918832328
-0.0759805665785534 -1.63334224099144 -1.45248758252259 -1.6164261916092 -0.810017917406535
-1.07038162824335 -0.811050338352541 -0.00134161943564515 0.220526943029248 1.03816436983185
-0.582775258907509 -0.243851209499149 -1.02747979664898 -1.15081297691527 -0.772833248150229
1.21526811738827 -0.105230399769038 0.433414604491844 0.120894314664167 1.29745340095703
-0.472473117654531 0.351811303338388 0.0407236210983609 -0.774482435011825 -0.437342445541933
-0.170466905540633 -0.0279875129717058 0.258472072342196 0.221565361210358 0.502592340277426
-0.196073752806209 -0.45387980054652 -1.05410148155491 -0.651121708634358 -0.447039314543045
0.00381873229336362 0.500024396473435 0.205648466601799 0.888096282720248 0.854331419700335
0.771916152573284 0.904826251349439 0.196600483164656 0.945363885298402 1.14979606623376
-0.919670106254789 0.415918637090032 0.229736183933713 -1.25055857846923 -0.478018599723205
-0.0747003722961496 -0.00253662724306193 -0.231983700225743 -0.597590191564196 0.221503825965319
-0.932798904532766 -0.275047235998871 -1.36434193933937 0.425383642539664 -0.472179186415679
-0.488317436904669 -0.257631209773693 -0.385316674101391 0.477347138755481 0.0264638037359552
0.096945223558031 0.261516925939305 0.288085365702837 1.13071896673199 0.182057341741891
-0.513724632467889 -0.0375695919151028 -0.156191769794024 0.649318376164768 0.11175313387016
0.535323422741045 -0.2059575068346 1.02672136319 1.82161915103588 -0.0817234690788607
-0.666200370594132 -0.318561774069243 -0.6428447689813 0.0990222452080839 0.331471365694807
0.254663741791201 0.138328555099746 -0.827052443856626 0.735425363950797 0.829403740739543
-0.803568679795767 -0.0492978587031911 -0.0546257580659059 -0.532788209596959 -0.309875932703551
-0.0424092124060405 -0.0843887886595193 0.337960228377295 -0.131341374629192 0.93805728879717
0.10935720896092 -0.19033966522578 -0.588855665064952 0.318687585039756 0.256272148701543
-0.554313628315759 0.636110265744478 -0.121737043421573 0.0117102814473656 0.445158629251011
0.103465461953357 0.14829355519814 0.055474643241489 0.95024015320915 0.279752572023267
0.0334157212432856 -0.978074743896873 0.794184093562194 0.507439853101867 -0.333953903932828
0.743001982210904 0.0976347475194611 0.868272821844759 -0.397488270064859 -0.305595689665584
1.22315965980302 0.160786912506406 0.25993923969448 1.33910402907304 1.48630664456028
0.454363202403372 0.490890314014398 -0.529570578070201 1.10594797172621 -0.679962231350031
-0.405594354958962 -0.107232722159833 -0.99335090091272 -0.014140535608 -0.741392056453001
-0.100033934326349 0.151251181543555 0.181972712384221 0.0533887184210376 -0.0314981229419462
0.849274836499079 1.34771639501801 1.07617567760136 0.915182249829332 0.966950655246533
0.701234766926165 0.736770776331271 1.1183034218923 -0.0180536195877368 1.17157089452594
-0.796326406202371 0.874309811205985 1.33548292772847 0.491346385094282 1.11531304026327
-1.02576999149814 -0.451349994479932 0.831181109527722 0.255577139104831 -0.293265661238173
0.286493393169865 1.41002111816029 0.814677143354182 0.164858566979604 0.292149755499862
1.26668025544449 -0.347812738057221 1.08240923011117 -0.0201757279275099 0.0160893354389901
-0.486823615096356 0.740810950803777 -0.45141905024122 -0.134093482557727 -0.455697552031805
0.211317651973922 -0.101623556128208 -0.383056927935737 -0.317897776197789 -0.223806074508897
0.356984498597236 1.29796064711664 0.0275081902212664 0.781794000865175 0.508197437171758
0.58420692557351 0.354369909135036 -0.630343177207169 0.722827907669128 0.620842000888849
0.202098121158517 1.12274452106713 0.818086728027535 0.0428522881814577 -1.18189472949898
0.304246744684603 0.0802868481734338 0.386953517713201 0.885880497601391 -1.55293535569964
-0.357633779190768 0.180159123206609 0.938363818054179 0.739226019803943 0.536361251557149
0.329971664649607 0.43142311802672 0.513121032575816 0.182926759401417 0.0803616305654211
-0.915243329794567 -0.737188769172374 -0.875607309438101 -1.41562165651335 -1.44552009777106
-0.722739000963472 0.451380482278772 -0.379680744038289 -0.178808121565773 -1.00759532486852
-0.797616352091848 -0.812951041271507 -0.606850166631342 -0.962019899933404 -0.695578207559713
0.411043298059449 -0.0555487626996248 -0.0425206407668769 -0.601449758549837 0.909874644169139
-0.645502349626885 -0.762322571594605 0.107024044847861 0.237738275293646 -1.02033932063293
-1.58832883592823 -1.22947620748522 -0.978981721464651 -1.73600476910456 -1.04872218453989
-0.196408251004692 1.06746234627128 0.467465416593594 0.118976294140317 0.120597225511359
-1.2617277453268 -1.44035620418178 0.0801294537118207 0.466444030536792 0.101560320633728
-0.462150553153997 -1.07612735510856 0.217863626717089 -0.397399355529157 -1.0821043217216
-0.736514180676388 -0.0297096080992441 0.433258990555257 -0.355090555157641 -0.517072483985152
0.235926599390005 0.840466545915056 -0.0309288840912928 -0.102039681644341 -0.0946995790460339
-0.687423543012253 0.749851015422301 0.14856548477926 -0.36650621458944 -1.06554167975247
-0.724827833066424 -0.700305944272915 -0.910075838065904 -0.771486406140062 -0.986147478262536
-0.423185621802023 -1.22922140485165 -1.65408512145879 -0.752505607636066 -1.19042694791392
1.17545978126517 -0.570349127042089 -0.0703298405105511 -0.174838238048689 -0.830133682876615
0.634467470734473 0.434924210379902 0.0306839309058669 0.77593648395822 -0.653802860090643
-0.0723702038094053 -0.819285971631265 -0.0779023525112236 -0.207279765198192 0.317284384199902
-0.262849461195366 -0.893615719227887 -0.909104376574397 -1.61648742838647 -0.779072917513163
-0.422125009117596 0.248092109167828 -0.775163272854428 -0.320855974324032 0.375007809236466
-1.11919537413511 0.21693121566573 0.287070517775851 0.64435618127684 0.123562997285256
0.0885835948820918 0.203135704165814 0.456269125919296 0.0475343110181712 0.762652867341732
-0.312976008475905 0.321947142547296 0.117478705683588 -0.723083830431277 -0.167477497358441
0.479832730324642 0.0910016237897099 -0.442988635027087 -0.869899654441947 -1.31085801392507
-0.416208995589025 0.794912255786936 0.363758393509731 1.05884062856838 0.166665861020246
-0.134583174027411 -0.847004566882774 0.744678812498975 -0.545514057234183 -0.323093095151564
0.543363502167455 -0.220129301958061 -0.115926199530036 1.01869818984615 -0.298519050519613
0.864806597809957 0.502270828102991 0.848551056351282 0.693527380450029 0.372943953293681
0.614523423248926 0.269834713779517 0.497719141822719 0.499888706396523 -0.151063954557423
-0.679516523422537 -0.700662075794047 -0.429776759605879 -1.00298219195261 -1.24048258491358
0.10021084300431 -0.665752165360396 -0.248077745639378 -0.755035325402679 -1.92505633523
-0.812375904482332 -0.547712917323811 -0.484175102420522 -1.41195799725588 -0.647434617633045
0.935288683667241 0.599561197944661 -0.0129132165345086 -0.150616245697499 -0.189350633874614
-0.71754751815633 0.634440204156332 0.541815157575149 0.0098149739207866 0.549962592493392
-0.439003987698789 -0.985989541368537 -1.10603535948901 0.310369503105362 -0.15371207287225
-1.52913035218291 0.253049968477051 -0.368135772154997 -0.217434058542758 0.612469663023955
0.118492882302475 0.129317967568431 -0.621304440980654 0.344828430354353 0.808590168940842
0.574258230361439 -0.152488459421045 0.127270062996955 1.8222983416382 -0.441715601475815
-0.846004705567457 1.1284043605463 1.00694439221088 0.66412888401485 0.514719509646463
-1.09011580032946 -0.81852107256535 -0.836370460564963 -0.483502092541112 -0.178847831468694
-0.971068432866133 -0.81053650414481 -1.16714110987385 -0.244526936005855 0.810174026331727
0.427625004622526 0.129188870797044 0.242803992287792 -0.90074273670039 -0.894674655599615
-0.126400200486504 -0.897716179552154 0.585067722914288 -0.540700075149607 -0.306589540734273
0.184039129806364 -1.49616288953929 -0.134036298415669 -0.648018039450011 -0.379709869801249
-0.367595479777461 0.536227572752174 0.264982242006207 0.171391473938669 0.219446900816319
0.296903845032883 0.171108333978829 -0.498546687447929 0.316818033941069 1.02627461780338
0.505556106031614 0.503724836142366 -0.0024642479563519 0.131962614203153 -0.5369245224194
-0.35138652947763 0.152368799757632 0.238657728742389 -0.468413774561367 -0.977159457480416
-1.36654590193393 -0.280233004076035 -1.33561706041813 -0.388638700000193 -0.893176536116976
0.0408131639464633 0.0296053550476415 -0.0691366103616455 0.883302398367808 -0.414394269444203
0.606393415694591 -0.488742119461612 1.22656097879633 0.295788059127842 0.771525243641585
-0.564492822325289 0.447817116748881 0.654142614547834 0.885558264164929 1.71796233455895
-0.924242822621314 -0.440555295479793 -0.110052351287987 -0.646638740528895 -1.26936310271342
-0.2762321485128 1.54059131076702 0.509198943873879 0.762064437804699 0.0350749930178101
-0.55572782336027 0.382365180505185 0.346530245387915 -0.41809072617549 -0.910585879750947
-0.187533308234044 0.446348964830788 -1.41215059466868 0.142113012057481 -0.291944076152341
-0.180759604469692 -0.00962700710983369 -0.56269843528607 -0.322340078604957 0.973390130033059
-1.48717143412163 -0.339248922387342 -1.32995150488062 -0.0539623096518606 -0.445596407193229
0.174038662441095 -0.822072789258801 -0.511885895424453 0.233012464233601 -0.0313989924204856
0.413232904707664 0.855354979518046 0.791793030767531 1.10894253742799 0.686853071489682
0.98589751941035 0.581097024858592 0.613348431244457 0.482409609968803 -0.0372546102540627
-0.664203879382206 -1.0984870535916 0.702238888688602 0.266920781197917 0.660028670587388
0.890628983494217 1.46989913996285 0.640128573341034 0.346395621214282 1.17959108853804
-1.13788593066118 -2.01059163664472 -0.459059412165041 -0.999062986796084 -0.931992845457354
-0.158628448709316 -0.635478741405759 0.0622110005727712 -0.458793323770266 -0.520034453230173
0.0713372311620047 -0.0139278864560144 -0.356357896476768 -0.944933682157024 0.391742593602875
1.36030958634134 1.29656147384735 1.10747906640818 0.22240928754273 2.00231688385568
0.665787450763337 0.0580879827185679 -0.639509971277023 0.325197594161725 0.683051902030082
0.00258564132205487 0.906218599591183 -0.0474114077552756 -0.22093715907497 0.271940455877962
0.0558489710410123 -0.733313059996424 0.421448351170945 0.574205019288787 0.467602291797711
0.749252996077191 -0.636624185725538 -0.0403334884229622 -0.151813454852392 -1.20896146518429
-0.747591914644727 -0.527799268612214 -0.481231943828429 -0.565577471120508 0.167457510676447
0.349409776211983 0.00590958148217011 0.2213245652575 -1.20016305497925 0.0508130681437539
0.744993645210925 0.245332015333612 0.0829505210490225 -0.81620362978552 -0.459267487235148
-0.533594643104008 -0.200383183455739 -0.969142898264223 0.0351181305904913 0.00541303132475335
0.673541174034746 -0.959923093663539 -0.483535203748819 0.310248223114888 -1.17230330814335
0.874348622479453 -0.21365365423144 -0.515601746148126 -0.303421619745121 0.566504781342765
-0.332673737808592 0.408655009024746 0.470477398826987 -0.696858111495431 0.871508046112856
0.921069732279282 0.996659714524135 0.462242854818404 1.26041749577076 1.53080333282579
0.87019169392355 0.583885145975982 1.04087844176831 0.156904460616331 0.505770863957004
0.274298062259913 0.233892270543972 0.488349916428264 -0.237256206349187 -0.617762749775817
-1.10037489002934 -0.645637889797483 0.00825833511061161 -0.812297068502176 -0.86628761823677
1.20177195918061 0.639604057009931 1.6404774336494 1.2506974989404 0.605575009930471
-0.503447898329562 0.870439668245887 0.859349728546146 0.582425046042664 0.126490121419419
-1.04497170530194 -0.356226783658597 0.225078093911818 -0.658348682793409 -0.588948616033923
0.135535123642893 -0.870381363340286 0.0927382551352951 -0.279230828514493 0.193751137110972
0.157821960483389 0.934915174192414 1.22418048556701 1.17635497262304 0.687901749812782
-0.240173974835464 -0.74043148967209 -0.871472589358076 -0.675042177341389 -0.528470877031328
-0.756995603435076 0.918351536308202 -0.346516028405464 -0.574905441940328 0.350114006824228
1.34124644667951 -0.29038712199233 -0.0110585995426265 0.154956530308799 0.173125818562843
1.67903554880971 1.1873741932933 0.339917600555795 0.911326290950016 -0.082480346890286
-1.20997655246087 -0.926938938115055 -1.25017501856882 -0.695768172765002 -0.75010341262783
0.0700388408079744 -0.395781705145603 0.368303396053247 -0.00779272614953667 0.607424941236154
0.0607174975753835 -0.369859279259214 0.106942905512876 0.0846019776336071 0.618034325076234
0.454690689488542 -0.66229865415415 0.59545436304105 -0.0883182189135586 -0.259235515977374
-0.670338224798827 -0.0294469516655452 -0.511496360144247 0.707262819882043 0.269229982359326
-0.91982604960735 0.306064449105337 -0.455229562603897 0.1763483867013 0.474342536391596
-0.797943338640852 0.146324852207076 -0.0916456726483092 -0.0704652811965754 -0.4270821431393
1.45965954790393 0.15717903468682 -0.455359516102943 0.728888724971162 0.944945336029422
1.38228671410476 0.896951184560464 0.452197433850989 -0.79502432928224 0.364612504735713
0.394176274745947 1.23435001271865 1.2819222551245 1.01110377531948 0.7676655229269
-0.198526887585754 0.446649861249893 0.0108291021821123 -1.69423337107888 -0.43141104810479
-1.29270881224647 0.539482789292059 0.565401106274448 0.17398457159088 0.569691451858108
-0.6513265599247 -0.915273036006074 -0.676825793979757 -0.63451842531916 -0.307875783362413
0.0991596031995555 -0.321535978194529 0.0107872414661564 0.642007920844537 1.70716211511982
0.623677648889749 1.5513540362657 1.13698355747898 0.847916972211514 1.34193815658041
-1.07382470754475 -0.709983035370963 -1.7896913842781 -1.59417066585724 -1.26225691760976
0.361147087435416 -0.316978889716603 0.745214591877777 -0.258329062011966 -0.420280521348918
0.683850329582789 0.129415715793671 -0.712435433190505 -0.562708752955646 0.376229553257794
0.881776465192602 0.975662984960768 0.363813607279929 0.694012310979735 0.937149383683479
-0.390366686856053 -0.512541217978738 -0.0930341193599572 0.750676170494982 0.184622623756087
0.539991953416775 0.512827214421515 0.734987758598817 0.861033133653943 0.247173621298999
-0.123104924875806 0.802852900675514 -0.377806918976666 0.748200298633553 -0.885181671076938
1.42022972289335 0.277025066962337 0.808538972974349 0.115306760174025 1.24669005436061
0.424437119197473 0.165309498208137 0.837497823780703 -0.733059892761046 0.0471833560533821
0.181444661258966 0.316925530489055 0.147123138078549 0.32365205506288 0.071193682146532
-0.953694798042518 -0.0573825362945487 -0.546981995076191 -0.819394173726965 -0.806961662396387
-0.367237664624957 0.0163903598864082 -0.979125490598472 0.287872611665819 0.192515078152695
-1.0166980705705 -0.599341386803146 -0.317701814179476 -0.578319370995836 -0.862453082313918
0.0200284039238943 0.133536631164775 0.298238552499617 0.555265890196062 -0.814097990110688
-0.110403807370242 0.569348582697452 0.16556931340376 -0.855846273951996 -0.227855988723566
-0.317541511098047 -0.408580175788696 -0.264483100917935 -1.0104823916365 -0.324639994917376
-0.0290248043820828 -1.29951552446332 -0.989925232657437 0.345587934771932 -0.473618038533663
-1.02397016235063 0.34606777092594 -0.488639499686319 0.414651224978512 -0.743462769285063
-1.00643085643262 -0.712481424555902 -1.1470292853094 -0.170851871034095 -0.552053254494625
-0.478101111179398 -1.03300893375673 -1.1511495570032 -0.699615975091282 -1.19451847209571
0.46046564393057 0.589687632470855 -0.457443547989394 -0.545159518680789 0.56828626322048
1.04313552314054 1.65712448967496 1.20826287398134 1.70368379516281 1.86316611861833
-0.536726071776838 0.157755766487288 0.276494826931679 0.234396903602026 -0.60521746505603
-0.782494181339789 -0.310417480539239 -0.0545282734823289 -0.209027082126655 -0.622236300757032
-0.0970773688410035 -0.981627655893746 -0.964610657324894 -1.47060910510086 0.123201296800713
-0.793747960231596 -1.24663265595582 -0.461327353309063 -0.366112068793834 -0.641593984202373
-0.21784558652855 0.0377285770590121 0.443195143729735 0.310930961653254 -0.929149559878005
0.0902415568982618 -0.230564381693495 0.215623314526274 0.149203105134197 1.41163521334405
0.10276782358849 -0.0114373028238435 0.611553615087006 -0.182192969517805 0.0168676372037345
0.025386004125598 0.0270879638770844 0.43684978498642 -0.35103007169816 0.651942362221942
0.591324865536363 0.486863388796324 -1.30298020334936 0.0225872458313084 -0.26079802803939
-1.48643339447582 -1.02653785727085 -1.00035150795301 -0.254202103743224 -1.03520086332083
0.656749807881452 1.31362609500029 0.19384994208255 0.27613289977517 0.495403716216247
1.49985609900382 0.201042399735013 0.92150314905489 0.815206677544081 0.431435131607953
0.461300312722566 0.248890486381951 0.884791760938756 -0.824516965191656 -0.143933190503278
-1.37745811041693 0.0421943519023959 -0.260673801655819 0.243741999340754 0.463662890484195
-0.58964804552553 -0.941082018900828 -0.0618423718323866 -0.818952124967031 -1.39949665014674
-0.964172227152065 -0.616819938995491 -1.03540703490018 -0.288772089478558 -0.185810080510107
-0.368914239524601 0.0314515079763039 -0.413245790183611 -0.0950537154014672 -0.566186645067083
-0.332979169779058 0.253270609876459 0.114114030690829 -0.106197129775362 -0.738030811809319
-0.375741509099299 -0.492191864188142 0.254421086011827 -1.06700241164055 0.642820121299698
-0.389816051134239 0.451112997050911 -0.946468823039574 0.762716892148356 1.00605582111494
-0.324452623774315 0.211778171846592 0.210330024964014 0.270663467991863 0.0137659108771107
0.314449317982317 0.282280793011508 1.17360441112645 -0.39555826322992 0.22262471263949
0.0388279105907766 -0.9008261569632 -0.366377921161524 -1.27435142638781 -0.768928130990816
0.685095455443152 1.27765348160609 0.96586346660856 -0.013345229473277 0.108825906569962
0.164863111458271 -0.137116657369576 -0.632290437730305 -0.533428890773601 -0.74329583489652
0.169167638567454 -0.00641015307795072 -0.34825735480399 -0.270133588755955 -0.261519055964594
-0.679230859539175 -0.458633150355659 -0.162824923178498 -0.540494598702205 -0.833409214635971
0.77263127297573 0.315745711710813 1.40801977415729 1.09788087203576 0.479435341549377
-0.274644225070322 0.462915334761869 -0.747765616879652 -0.755141343323103 -0.360735639932496
0.886581027889494 0.365307395140651 0.211978008865293 0.168945854265385 0.0712174004333045
0.337424381742501 0.400645685692508 -0.0409134064767237 -0.156753631775812 -0.0243229771328886
1.36374879900932 0.953915590241379 1.74930512663642 0.903153840990415 0.549790466173136
-0.130145400501361 1.11957968630339 0.251612060666097 1.09899323854544 -0.499286928059277
0.432857009544417 -0.388357131781592 -1.02123354022562 -0.207119973132119 -0.508890085372994
-0.154766380659158 0.0609098827119194 -0.723030773106386 -0.0566481564808526 -0.544673908055232
0.118247837863929 0.191694320244711 -0.038118446286209 0.143227442197271 1.03991304908381
-0.165055404353121 0.586748369762736 0.0141617208431303 -0.324352495051804 -0.0767962049826904
-0.590845285438786 1.64996998042765 0.982471478418671 1.08362287694877 -0.382437321227145
0.624417991304665 1.62978017219403 1.10580277872689 0.276654190719735 1.50048600092306
0.197041098764533 0.0436699807018577 0.214234600975542 -0.572649510738955 0.661035653827447
0.876195184836438 0.393906136279789 1.39211102586856 0.378282446835698 0.456273175420718
0.423714845448078 -0.0451007593632808 -0.710536201503478 0.595297293759812 -0.150292731061564
-0.0245002308576357 0.349203426237873 -0.781411195601017 0.485457707884671 0.975744363677471
-0.545365447852829 0.225963410824912 0.00339973899076431 -0.307884971582471 -0.607567908219412
0.355662807477041 -0.16276431292408 -0.350369955185098 -0.537027022116889 0.447957013804061
-0.610737108730529 -0.615977154336512 -0.704274098317026 0.127165393836517 -1.31642323334141
-0.495144559222443 -0.478678397650598 0.149800304344617 -0.146880702477014 0.269902682509649
0.806682690040652 -0.209667405582623 0.155562437211972 0.585890199641408 0.745114020127544
-1.15517073846378 -0.589348703424651 -1.61289825091426 -0.537551877041126 -1.16612381361392
0.668659057922741 0.235453399300023 -0.0240926915066019 0.0875772334500599 0.232390189593428
0.690531189946584 0.235206883975654 -0.401735833931755 -0.973454460876249 0.721410109821902
0.392851101530916 -0.741917673134239 0.0697123226810521 -1.54886780712414 -0.170709557771006
0.853926004766482 1.63382900846868 0.905427101245814 0.59263063327784 0.508333533078627
-1.15542873454659 -1.61052255714924 -0.982475247185178 -1.39367101429744 -1.59445480120631
0.335079830347539 0.895978420866295 -1.22373361696343 0.331199853363115 0.0907723844500665
0.321764607498771 0.537856240037563 0.146083151566384 0.545389515130848 -0.0832388248231698
-0.347732802690418 0.845244705847648 0.14696919943536 0.452580478341578 0.212016504191482
0.0718630906353926 -0.110329947894331 0.747927797234023 -0.143757797426523 0.20797974717581
0.745512070122606 0.44455779691057 0.194467586406515 0.491836152793657 0.74284935536053
-0.225933572521486 -0.912837111007067 -0.440088053314139 -0.778546506313827 -0.90942422884897
-0.0862043547248146 0.483679428216174 0.208020888471987 -1.5507202427336 -0.0449008803341308
0.0589923891321162 -0.816672705289788 0.457242943010971 0.982855844323154 0.41874363485705
-0.0438876186591658 0.619569789982868 -0.172705490439099 -0.0652686760821608 -0.380818595084597
-1.04116187116249 0.0468573639207638 -0.457436761842853 -0.756217019169283 -0.00221343387407059
0.271437524586033 0.645038384469001 0.764468844183356 -1.00671986750525 -1.75539839926675
1.43306140205152 0.1739699102569 -0.38224704313154 0.425607500426881 0.553511587688021
0.698724428175953 0.436025260061841 0.742676445721955 0.70163053420471 -0.524447331234265
-0.496124485768421 -1.31058675395796 -0.539718022497508 -0.0887477809255705 -0.191730895731112
1.92156217490672 -0.0894584828386619 0.365950081067196 0.802560334622823 0.832674498805798
1.23728571563322 0.224565589287276 1.16490619710905 -0.745843974140228 -0.230344946108874
0.630197428379708 -0.338353621955242 0.989647430614396 -0.33545828519843 -0.252325510054987
-0.437165223143578 0.356875235080183 -0.266239215040529 -0.288193424338852 -0.510235794003728
-0.712616403070971 -0.360985218733138 -0.413605021997585 -0.490904472664167 0.302551755757381
-0.24865697655697 -1.03336304541486 -1.54816746423281 -0.53859594207222 -0.0634112876056404
0.389746694356631 0.0480725000931175 -0.184581627505667 -0.132363789050305 -0.517643917478893
0.756274924895555 0.244728517401305 1.02391253219071 0.359636121704228 0.170546255819645
0.144218560123434 0.194987768423294 0.308718223699085 1.29259559051514 0.447066865069172
-0.767364987688515 -0.798550654274375 -1.84052989467286 -0.704159655738019 0.672163815536634
1.30428098810826 -0.525927927731685 -0.696427628283337 0.526665886837071 0.186422755756014
-1.08504558460744 -1.91948601531962 -0.561749182391088 -1.3159226446569 -1.21119637259983
-0.114698385270365 0.0459741926900591 1.03193877995373 0.549191595828399 -1.11097255877704
-0.211091278886345 0.541768640147833 0.310196100293819 0.202370343202863 0.796923286062652
0.364709225553026 0.47558427883191 -0.336176736632943 -0.367504969630012 1.07063588033919
-0.222284353253939 -0.14705128853689 -1.55576015335811 0.326212741201935 0.159831356496229
0.470098118409859 -0.215924410598788 0.0051663816883274 -0.888254063759329 0.360441196647134
-0.643569070041327 -1.23637718257495 -1.43577240449529 -1.01471415856472 -0.769506116899553
-0.772521062338005 -0.68343274054516 0.302230467617296 -0.548283777671517 -0.0820685918632106
-0.0203265026352192 0.389365351638235 1.25045857918019 -0.765227878594432 0.290160400165161
1.69567104412118 -0.3061690714934 0.79210089367541 0.728480829415865 1.04155034863218
0.171864219059382 0.00652445608922608 0.0601042636391694 0.663168147812121 0.446642838345556
-1.12312648298155 -1.34806417545857 -1.50567050973987 -1.54950390387792 -0.626391759255119
-0.288904570962517 -0.878239391047735 -0.997186830340204 1.05318222947456 -1.3045538908991
-0.496830698472077 -0.629123517313089 -0.570715098062235 0.138622663995708 0.394239907838533
0.769603805158021 -1.21379661145719 -0.455622756917182 -0.958839434950528 -0.693190426272816
-0.192112162717505 0.323362474106211 0.171594384170869 0.963230470808019 0.650107190089866
0.923386160310693 -0.590853609447812 0.701502274457158 0.875495263371323 0.106035695617988
-0.741832828698263 -0.364582646258487 0.0102282282031271 0.329506544637945 0.0491670801089564
0.496108671580797 0.844235089080464 0.38699712792065 0.501488926253905 0.362161693937532
-0.748524589703768 0.220482708370152 -0.133525000098186 0.0480875639039719 0.715554532281005
-2.55204797416624 -1.4741909775677 -0.798876792626437 -1.21242106441785 -1.15857392277302
-0.0805816005147081 -0.209511072904784 -0.834975320216837 -0.453091814820868 -0.789137367483724
0.33829485788727 -0.0782253202853962 0.174342839339627 0.251009983426119 0.958280563289044
-0.364323256443329 0.174807491161123 0.100530875893185 -0.214970084228974 0.16289871568404
0.433948199866714 -0.468260781769648 0.40763563051003 -0.528181736989906 -0.253808346281331
0.00518450777624897 0.507084970002826 1.2325145628264 0.14999141491301 -0.600426753983088
-0.605331744989543 0.239526640005594 -0.175310674095452 -0.605015278904502 -0.817469995687947
-0.150330963503899 0.624203348671579 0.999764100009372 -0.624845096171533 -0.577476929050994
2.10940454646957 0.964275975373819 0.25830989975988 0.8783022053827 0.211459343118422
-0.335552994985076 0.0941536311765673 -0.0564403008510489 -0.675515054361406 0.246927523960146
-0.0189618228666935 0.27975360062502 -0.571567184734331 0.652494579184725 -0.024408941263054
0.62544724791101 0.243237489283182 0.717058955522908 0.208061580919989 0.980916685373528
-0.0558172177524067 0.103287580221454 -0.525677800606752 0.296047050718242 -0.443489332537064
-0.133533942277338 0.668262698552393 -1.49505891433017 0.496625554462649 0.45763234400386
0.853332182265637 1.30595269697419 -0.217183089456861 -0.466212231290747 0.581188409348013
-1.55714604181001 -0.615839446668875 0.210001515433969 -0.24001696399294 -0.632800710764901
0.463052490479814 -0.872354799464559 1.17071150025349 1.18487210584196 0.701087312983289
0.456162110236461 0.488598421672933 0.225615493089897 -0.472911526506311 0.641024043959869
-0.717285828818951 -0.742458150758078 1.02941133633918 -1.22547440976793 -0.475773816334423
1.93531897322863 1.20940695820009 1.10340354736104 1.03576559861019 0.580039111805186
-0.273008204555481 -0.682740774490253 0.688517326442101 0.903728947153484 0.178935906759123
-0.843429231117426 -0.356123022589927 -0.554604097318263 0.548775408587248 0.17715806063466
2.00481800513541 0.251825684571264 0.558160423254547 0.899320675264379 0.821526480395197
-0.0172365465596119 0.66781490010232 0.340874107750254 1.47218909820693 1.12467583337227
-0.734694612181117 -0.83938495759375 0.220569884408119 0.0677068970375844 0.826715875671704
-0.0390170985133071 -0.347953887878525 -0.257711818369958 0.275184753170788 -0.54935805746526
-0.813398954936274 -1.49155320697855 -1.74982507963801 -0.938386600309875 0.0311405036459572
0.836279145128898 0.0770038637462115 0.141951395838643 0.366552511915343 0.212299977973156
-0.400861979885643 0.312156120957231 0.289504399914749 -0.0757013070284699 0.459630666925899
0.383707918452682 -0.341916148307825 0.126871012181685 0.215086203505642 0.554217366211195
0.704129630482371 0.210508567712145 -0.136128951220745 0.773352384923274 0.344753922990042
-0.299547311125315 -0.0904052022159288 1.85354920602411 1.2761667733405 1.23299035695642
-0.564783023413867 -0.416665668482277 -0.0977850896638365 -1.63940394940445 -0.702443733512887
-0.861889697689272 -0.194726477842701 0.703780544627714 -0.961787235435816 -0.590379995810423
-0.955736254946095 -0.0939473167623215 -0.181693239056779 -0.781652317478741 0.540541038790474
0.612183102851109 1.22723966264647 0.741383348481308 1.3249776797108 0.49859069688741
-0.654267560636379 -0.00588983039656737 -0.196230208062359 0.397599443015726 -0.514732903259677
0.0305482273491433 0.535414020819927 0.347120521338188 1.25869231176756 0.905203466830987
-1.44234190508933 -0.656714252083832 -0.365137995368157 -1.23228836381314 -1.22887227587614
-1.11485625204287 0.0901988881576138 -0.840162201522782 -1.54731422720386 -0.475962242658323
-0.507565304797578 -1.54048995954136 -1.41759428097591 -1.04638451616182 -1.2616809241485
-1.13915294170755 -0.490737480265653 -0.709500466351462 -0.490658380623821 -0.301659683222084
-1.54903011959364 0.102252604424512 0.390996567627262 -0.759218638358904 -0.307648601845686
1.68275122276151 0.206323877525778 0.283924687192168 1.14680386502804 0.353658964957221
0.302338468101682 -0.103762083535843 -0.533978461590314 0.0851531775820558 0.517128029960168
-0.945107789165251 -1.15418055184271 -0.296065599402676 -0.220142090039017 -0.0306805960492784
0.132595422523269 -0.619501468935931 -1.88669019813774 -0.758825200459027 -1.22477649629267
1.35650070485447 2.06042246712265 0.438429974973671 1.23064291716341 2.239681187985
0.293698416963027 0.56563318846604 -1.6220990132215 -0.762283820440833 0.0146367717433675
-0.797698251181825 -1.99939990505215 -0.823273845163118 -0.699244645965717 0.55277640670432
-0.334505412720815 -1.55645226200659 -0.371340085508458 -0.67669642411477 -1.32443318003283
1.34826125169772 0.231290945313342 -0.164548825113179 -0.519391046441862 -0.735296009163929
-1.1011601939767 0.148424046310527 -0.480772584957805 -0.408497585828411 -0.706512822764479
-1.13824127410459 -0.0588161675718625 -0.898682980701125 -0.778344625067581 -0.432831648851226
-0.472857405690819 0.588747546590991 0.0928228133272443 0.48102320781439 -0.86702681563844
-0.0727795725762553 -0.428508565363248 0.0931520518617154 -0.589419549041147 0.191510064551958
-1.17945652506708 -1.48716300680362 -0.391931098906848 -0.488323165690327 -0.543380088908436
-0.256517058624358 0.228141213497176 0.386975823752404 0.814806551900649 -0.382898944438767
-1.26860158891338 -1.02089021762624 -0.768153858980879 -0.412645455967163 -1.0821668121603
0.352837095518746 -1.41690184310047 -0.534276920060931 -0.10543537611725 0.300256649034948
0.505292103708018 -0.0938912276142108 0.481852425434182 0.943410393820822 -0.711732909737272
0.48137614117806 -0.789336150344862 -0.661152839367709 0.0198856285949768 -0.616970501961155
-0.759731430806313 -1.46825179164157 -0.470075883972998 -0.82858147577267 -0.611005836862757
-0.132535358942296 1.10128740821641 1.19166085324695 1.15167526088578 1.40734079281489
-0.751765386980365 -0.3258532542296 -0.511400566177655 -0.607944284098301 -0.711439135861765
1.05662127395983 1.32427603806113 0.313079586668301 0.845498967242758 1.38723152963465
0.236274785688373 1.27217507927039 1.21327104192723 -0.495855847312491 0.161566705831066
-0.0470364984293614 0.553625107394858 0.157835362625682 0.160921931254001 -0.101731792326209
0.832479202311545 0.204906582865666 -0.671155788206923 0.0892386203544098 1.36073379795089
0.641907708349449 1.50448197626317 0.373472248870481 -0.156409947694523 0.276361351168566
0.271890711934074 0.888754035539474 0.475580478693398 0.675822703683022 -0.890393768217241
0.213213084325315 -1.66735475624018 0.187249601334738 -1.38806685547334 -0.194967800578198
-0.100497650346419 -0.653112864921648 0.557771435891688 0.455776067331002 0.805011439703573
0.616294637355326 0.865608855905735 -0.06479832451417 0.986578922893678 1.0786519778828
-1.10784080904119 -1.05983934506732 -1.18901467372264 -1.20107497321151 -1.13545007450083
-0.00613818284294353 0.84864344186357 -0.427070120320461 0.109464296942433 -1.10651503125088
-0.681727886953487 -0.550299297681336 -1.49403161564333 -0.776655372653153 -0.868019821136098
-0.778120955521857 -0.185256887263076 0.471125351158153 1.004076543053 -1.00080661742089
0.176804135242078 -0.0146794187660802 -0.0574728029678704 0.644580684115461 -0.136431061986468
0.995301000766003 0.243255409963313 -0.278343967789607 0.726438694735724 -0.628383748272521
-0.593325988071527 0.594446968424454 0.534928559481372 0.426943046280946 0.0579143669630041
0.530916481391931 -0.592404205423741 -0.15249059822408 0.243566450379175 0.071966832026908
-1.78146139291437 -1.36474086725228 -0.527856033312076 -0.801304808103907 -0.814384422907643
-0.606317981484636 -0.190521525603137 -0.343849912186644 -0.631917670729813 -0.635182016747807
-0.230533666021212 -0.129344810124168 -1.06587090635556 0.170885794475421 -0.97645229447389
-0.251681121479791 -0.000542031659260819 -0.162831036049403 -0.646949443316284 -0.503382384550194
0.445831391094956 0.651822226489903 -0.821829129342719 -0.346953696193389 -0.758167369383463
1.57372042565891 1.72786244502774 1.11519454284087 1.61012867206611 0.679578480721283
0.786421706460346 -0.512098222358539 -0.408762551526275 1.04635991983052 -1.11673133578199
-0.206090456250772 -1.09921218306514 -0.212858858570678 0.812592068183647 -0.170168891424371
0.426855087428976 0.262043709286366 0.19097072985054 -0.00689486068129857 -0.617648194892523
0.674985646769112 0.529917653058352 0.669565308574091 0.762367913289524 -0.807116771989693
-0.756353726699652 -0.091853876804277 -0.449154708971203 -1.28633095753835 -0.560149366563587
1.41950297444085 0.354262748304452 -0.00590242206813141 -0.337956212321535 -0.787426552075371
0.220341887186384 -0.467795987501444 0.483387656889765 1.09803795996559 -0.666201509625102
-0.790569606510658 -0.552602222759131 -1.27819736339943 -1.1255220188961 -1.16614733815005
-0.538625560774289 1.02831338972756 -0.613934022758511 -0.0958415096652062 -0.942965615653218
-0.374487324633411 -0.501244909772369 -0.825537939032001 0.98531026835005 1.55294174981407
-0.226407168967356 -0.614942138226373 -0.424154842088758 -0.0346017362784354 -0.346171569192575
-0.408214266968336 -0.754947079545553 -0.702848337289723 -1.48937391891063 -1.16985537352405
1.2805285462632 0.788577252317871 -0.922396112949926 0.476796022189861 -0.686370412016159
-0.821934899919958 -0.235082474717189 -0.98756061551939 -0.104531964777671 -0.547289912503238
-0.926838475643902 -0.637363821024977 -0.827177578625549 0.457738761262901 0.96471750943064
-0.356089212237839 -0.205083673108385 0.461480948775127 0.919283361902515 -0.11036619065711
-0.266467572842944 0.344480946454442 1.28979280178447 0.032115920147644 -0.451397763734778
0.533892260559904 0.105235571547903 -0.0485056189210373 0.794002328451094 1.31311025263171
-0.808443634639491 -0.86155134934033 -0.784276316233566 -1.35095932173669 -1.21014936750967
-0.487027645581494 -0.432285744882457 -1.0433033306959 -0.135496131997924 -0.228060221415926
0.681308617927619 0.207455002669339 0.215075243917715 0.636550925173219 0.826575650037082
-0.233110431924207 -0.151168278106294 -0.259881780323292 -0.0272917584834177 -0.309424427906166
1.47309154635708 0.228687456217875 0.884987171710645 -0.0550284172640188 1.68280485451277
-0.597257391615921 -0.0195024867209871 1.03560822560498 0.887361965234584 -1.07719329799651
1.34121727826878 0.93094947428651 0.00247253173668612 0.866931152947475 0.0728911439904988
-0.450745159141847 0.13826387961113 0.342205131438173 0.97092978204925 -0.75588704619394
1.36934718535204 -0.29209172723703 -0.991321788681378 0.0282901503470863 0.192599064583906
-0.194859145037919 0.0521609007189213 -0.063319807010962 -0.189759941477129 -0.0749396954105109
-0.744616608477255 -0.80465329062529 -1.20820747964104 -1.15170501483312 -0.586293221490762
-1.0144845506462 0.169150844105079 0.101192648528575 -1.80207174203833 -1.09935069987265
-1.17806204643952 -0.550666914516393 0.0777557499914898 -1.76698183154616 -0.314110922907783
0.426738436920786 -0.595901105279842 0.254515889455842 0.602565294283969 -0.0241482397488958
0.322949840861361 -0.572472594778384 0.43866812989807 1.11931209540687 0.0703986884193721
-1.0167512372741 0.0991195085870349 -0.579990262817627 -0.720728952636886 -0.0332927695237266
-0.517251614836612 0.0910930847014746 -0.0320556641337229 -0.155064023118742 -0.534761976828833
0.542028184132841 0.201982608751883 0.953242604189667 0.556744144670871 -0.580055447778481
0.0778512161850938 -0.658827322742067 -0.625578388832538 0.162862753036036 -0.463445410795083
-0.0139818531551559 0.694546991721614 -0.167674915844313 0.576565579321383 -0.272457814925149
-0.020405376677724 -0.0050403666345557 0.449099755420968 0.543409969455468 0.197671711402844
-0.51640618407725 0.997193368476303 0.472990375422368 0.619704636937158 0.386710992452937
0.495017720799319 0.720782087375321 0.916284173976242 0.484504304124884 0.550960640323995
1.00823880307398 1.38592363584967 1.01372727693484 1.65554261634923 1.17446919520909
-0.840856694059807 1.21986270648176 0.685937478717911 -0.475729000435094 0.331916010862463
0.7972874176216 -0.774358581041493 0.238435327493838 0.36951893815146 -0.800645237431936
1.26954109676169 0.197208246843414 0.780056369448716 1.04436989672472 1.54490343965402
0.95582210323848 1.37177862552457 0.987397761137978 1.07887629372287 2.06409181843256
0.986774129707353 0.522013231849828 0.917211259794888 1.23611707825777 1.23927636987369
1.01697990839582 0.0840197023152647 0.984868890734792 0.972235730488318 1.55562876705837
0.44759027163341 1.45657086736556 0.385281505561347 0.52039327941943 -0.662797188749944
0.356499500872154 -0.200144902594924 0.721453817764798 0.195035103779567 0.24328395237537
0.686368708605889 0.514682439529747 -0.42562217310575 0.0258314942621642 0.328318063132377
-1.64041270775457 -0.290606249378821 -0.413015605222351 -0.686654960688087 -0.504402517990521
-0.302664591461091 0.028953908992987 1.04874287629459 1.18455365838491 1.33778239901641
-0.440235261431443 -1.36581985686488 -1.14501472748351 -0.0229563172935464 -1.53006020189581
0.48029557802899 -0.00646123756955758 1.18816401785334 -0.157867450355146 0.393624169710591
0.70865630520123 -0.807323266838617 0.57749235916399 0.237031775673851 0.804941519151924
-0.213836130042761 -0.89295217710262 -0.414231395943738 -0.613900788947855 -0.953517107922297
0.145457235319909 0.925165974415874 1.16249393983928 0.314556032913892 -0.31327962596899
1.52774834096827 -0.936665965775948 0.583471743555156 0.472407700397811 -1.09593523270731
0.720682885739684 -0.259036127346099 1.00068849394879 -0.34168203444042 0.310755370558855
0.999929144538399 -0.0340128109833437 -0.313764420722278 0.436918524086901 -0.311319470689146
0.637573359361987 -0.190954506863612 -0.48441722695872 0.647558955310311 0.0576210397089873
-0.842913904592002 -0.374847338258182 0.747981930686133 -1.07020976746671 -0.984050821030979
-0.236715686549078 0.56240575894975 -0.79035010920051 0.315123330984458 0.072496812700433
0.0525444054621606 0.273444106339828 1.08661300627648 0.956951580336776 1.40077855649967
