0.113034926285801 -0.438864478840687 -0.95548688290862 0.066357874034792 -0.211002186053599
-1.26120855677775 -1.34356449416154 -1.14090452654074 0.0425449172477983 -1.78092780512197
0.945446250265757 0.577691167168741 0.712790607872021 0.480428925809954 1.17732814314535
0.225305345984696 0.352766139757127 0.475378319381967 -0.0831075506029239 -0.170910623000797
1.07107373162429 0.0407142979993215 0.289313212610666 0.149610672285389 0.316763518537068
-0.415657245365593 -0.81835354273695 -0.502322827799712 -0.473126475621686 -0.992750057557506
-0.187556438041554 -0.861232004973252 -0.73354181035394 -0.511957168281267 -0.872359449113477
-0.998063712496104 -0.693001551927224 -1.1205304756617 0.0518249234251219 -0.177138964734101
0.104559261930703 -0.263236266896177 -0.281187107445488 -0.76696006092782 -0.883953747540034
-0.465716143680069 -0.215397865186335 -0.96656883682379 -0.891615585627299 -0.763913692182468
0.89272650236861 0.481925667261496 0.0472275842804831 0.933896915512799 0.268156345201118
1.05505377773844 0.726263680695482 -0.436705751540689 1.29699154212718 1.5768002360453
-0.80038709734803 -1.26892266370415 0.26846410790065 -0.816570603496376 -0.379576077414746
-0.554734431720442 -0.487259347182158 -0.295864398776386 0.192363357748512 -0.452419680004724
-0.0982955125189153 -0.625253260515686 0.360966917631631 0.238540826054306 0.890543196355038
-0.481721665317055 -0.921031492468689 -0.506289261125626 -1.22959194104523 -0.385667090451916
0.919436797245078 0.31687113166907 1.35829114972622 1.56835876959183 0.951483816537272
0.417205555346372 -1.58885572174915 0.190535641555659 0.418010470276451 0.00369553901272587
-0.38230886916879 0.583181029315306 0.836123476418376 0.957888764406254 -0.307360068695865
-0.412215653741924 0.371587435912343 -0.764603178740057 0.837041523219397 -0.0840818902754116
0.513277321276206 0.975607823274882 1.01373285182114 0.0230793198426907 -0.0621101369045245
-0.0297172539749475 -0.202990140308939 0.223110187240275 -0.443568687614968 0.724665482706859
0.451807453813601 0.0628021794220864 0.171692254896224 -0.496492531399378 0.177278113451913
-0.775049972467169 -0.628012946638162 -0.85457923770933 0.124453451528547 -1.2585002229632
0.594614593394324 0.29387609516788 0.339295037847272 0.887300978036398 0.930944296041971
1.08795751039477 1.22955191951473 0.899082568765802 0.696689764467935 -0.672099323647478
-0.234590681475532 -0.150532302584419 0.481807413004487 0.588357224486467 0.613321430420968
-0.256194184120216 0.0659017999074985 1.02552548283753 -0.885605801625291 1.08296148858841
0.251195129274002 -0.114400119253892 -0.398253029268921 0.283688743419542 0.16638522834048
0.481922052862838 -0.0258326814531704 0.418784047368071 0.23847911652952 1.23901296715606
0.324067873800092 -0.194080630817491 0.272042648329589 -0.589026757629133 0.995286429513836
0.22976255171044 -0.319366421790593 1.06595652938727 0.0499294985828264 0.75897263959059
-0.205498477956918 -0.75352047914356 0.11001923087643 0.160882457268681 -0.354129498678377
1.5418621224541 -0.0463692037506869 0.469141396206236 0.849474617551346 -0.357428054884291
-0.491177692587381 0.536106272110808 -0.223508746651191 0.777648424640026 -0.207092362278103
0.487323815360988 1.30855669255438 1.76570394382855 0.0752721121627043 0.878118743485151
1.27505937981441 0.726077122451437 0.605049246487248 1.13183130354667 -0.241543023402519
-0.282136199695242 -0.80419298808601 -1.04794856094809 0.214523015500961 -1.01383823450552
-0.387441700393164 -0.920446764279617 -1.30153525977819 -1.08206460771292 -1.19578884213492
0.342339104178623 -0.489188560912846 0.0955283819012115 -0.871165341002768 -0.161238598405032
0.319829973652729 -0.363829163450944 -0.295208588354301 -0.450178986909803 -0.678675460734203
0.734889811957353 -0.697945738268055 0.826493337338236 -0.748415467720608 0.0157201042928622
0.148399399284756 -0.698437964917673 0.568682319426557 -0.657541346958506 -0.244220766584422
0.147789360932866 -0.293067912154235 -0.0088741875697751 -0.357948999204804 0.479166275874217
0.442512912605208 -0.6325765404555 -1.10963343578716 0.992442039499643 0.226714148711125
-0.202005502313121 -0.879209435974383 -0.338484900000164 0.108749516664506 -0.347413518559609
-0.271498630244983 1.2885723804043 0.331176762504686 0.505088370573002 0.679151043604645
0.619572464343673 -0.247936000847577 0.219785551059048 -0.0289924466344383 -1.01485531356516
-2.03132720755988 -1.06411052606587 -1.25037551070476 -1.14690559614129 -0.79992352141768
0.390360360076525 0.0483761110099784 0.475036846917863 -0.606122708517501 1.163742990817
0.458524288298497 1.11627205508698 0.0469147492158699 -0.902107525619244 0.742556121619621
-0.696812462433901 0.358947205232186 1.17627745328381 0.135685418034413 0.659835158718386
0.236419133459877 -0.113831605414006 -0.809446948744918 -0.447947484460326 -0.486265954319808
-0.306566737625208 -0.426038068699497 -0.333424997904044 0.0397438907432667 -1.02384910632476
0.902197187040081 -0.79078623414161 0.565311412568816 -0.199966817829285 -0.2407749489669
0.0137275435811198 -0.622786353235466 0.092808908486078 1.11676986832198 -0.464576104175184
0.243787963663204 -0.634751470204243 -0.436043744029258 -0.327486623997917 -0.717062731229699
1.18253940631491 0.0734269070367488 0.649725362226776 0.36838112647739 1.03882524647306
0.137953426492151 0.367505898094331 0.124355384334543 0.480488216124158 0.348277393000308
-0.782798696755332 0.54948816365837 -0.116324418592068 0.940632237111761 0.0170230830148646
-0.20034420738851 0.270016526224481 0.864891109119667 -0.862526748465166 -0.622677836936741
-0.0565523549834341 -0.784983366427396 -0.018267311310197 0.342454541269163 0.709126072725635
-1.41956776337412 -1.08601225669501 -1.15146360828695 -0.86412782436608 -1.23491303805618
-0.0500658628966996 -0.0454133553096642 -0.316906519534795 0.773621036934192 -0.305293508302903
0.427615186451414 0.241722645761308 0.867598663179251 0.988622398887443 0.876533362067937
0.637355008968385 -0.370112468055584 -0.00266556088529679 -0.49565943962538 0.37866585539227
-0.178106776068891 0.119601730711327 -0.192040090673546 0.0242748926042181 0.656821906121667
0.196717886538888 -0.0638831380649113 -0.111198941497702 0.969778910293005 0.856199596916959
0.391512338792573 0.703691474453747 0.718663793864895 0.700468988322947 1.48636047360631
0.403810644409844 0.0521366941906067 0.35416420517478 -0.359258617705381 0.00953289692275065
0.210853964133707 0.276191819436578 -0.93192173307505 -0.411655031305543 -0.591640138355787
1.94814026078411 0.97715614688299 0.991213502652009 1.18562904966226 0.515569605536183
0.360853882644786 -1.06758327017911 -1.0438667392717 -0.682748835164702 -1.05293938216489
-0.215425512214893 0.125782032770358 0.0195039163372154 0.193228208565813 0.36489809011251
-0.120395830809189 0.270741036769495 -0.789865764759045 -1.0302485865627 0.239837105577542
-1.65460899498249 -0.479712707828207 -0.918277246113032 0.323254399913799 0.729175706595443
0.0878136784198593 0.620820911884725 0.109476150559535 0.427143184600977 1.1231305096137
-0.74913565201755 -0.276207051498944 -0.447509959330193 0.51996697034264 -0.0523563545065654
0.532982895521098 0.456739574236593 0.217973126783814 -1.03985591842754 -0.517956823550251
0.982945145948964 1.17971581668005 0.104513288827918 0.749229710789959 0.528823756704931
0.405787144281698 0.64461165218644 -0.364828940229967 -1.07063398900361 -0.253990035706614
-0.201420640661942 1.65381894464727 -0.0945476110049356 -0.0325023649091216 -0.0441437576107608
1.06811109133963 0.447786563463766 0.867470823099567 0.992530313264404 0.600152753758812
-0.994741356272701 -1.21151238766283 -0.979307759494287 -1.24342390272653 -1.56239675296994
1.31960583587533 0.416424041140613 1.15687168405254 1.32328923308956 0.551590180975609
-0.573714008996471 -0.604252146423618 0.464984717522005 0.0655749325413896 0.754040656792613
-0.479538251750328 1.56201937897418 -0.574178313650625 -0.25405214661139 0.753759922956005
1.40373904540199 1.98455399459095 0.921655962853686 -0.0450784660495454 1.59014711627038
0.348042117475803 0.0474672914543726 -0.188937607750253 -0.721087414485789 0.776730276519469
-1.73798165013028 -1.01547256113933 -1.15124271369224 -0.616581595789994 -1.13870094065594
0.373174419246849 -0.0701872110315496 -0.34299118308428 -0.934826466848919 1.04055830128323
-0.556739019193901 -0.504541297694171 -0.374173069806187 -0.9584453753173 -1.66104038718371
-0.601784157762449 0.194251645721187 0.190763935905273 0.580344170136654 0.952336340496122
-0.509577660447843 -0.711718871699297 -1.00952151781234 -0.0122151095996624 -0.522298428535963
-0.633846597847236 -0.0787799574485424 -1.20630653095807 -0.663587974422027 0.504564381555354
0.326661757406016 0.789895990128927 0.567129581066483 0.124929125944833 1.30187866109896
-1.38397815876043 -1.42868856132524 -0.711835613220399 -0.839903928992952 -1.13468785501312
0.691868331297856 0.598438565409154 0.26400163878646 0.175929080715843 0.384298568502215
0.266056436836165 1.44480881945 1.08003477266149 -0.19106459202847 0.332202815154891
0.128708211799277 -0.655240484361049 -0.530586263427986 -1.45321839782713 0.210174100857161
0.446161169993727 -0.702487306829316 -0.248412030508265 0.305484098428785 -0.305589071293233
0.253543926587501 0.85113208986564 0.52489118060845 0.0522645772969962 0.738196437821519
0.264861384467052 0.230547469525893 0.635903666847479 0.0235087229633384 0.018394430337819
0.982624559946571 1.025980108939 0.681772393567414 0.0900323992147607 0.429489618831648
-1.3661382689132 -1.41297331101296 -0.604563303406854 -0.269332936681421 -1.7522889106948
0.532527744281987 -0.556451099560927 0.0579877739315349 0.0765995384408015 0.211052592030834
1.39214002846996 1.38210994982623 1.14314242343287 0.86038388023275 0.582894261603716
-0.646846259933251 0.255189087555483 0.854853407159456 0.496919157933422 0.808034917940581
-1.13592361984927 0.464550666616617 0.658045659785344 0.150300250566923 -0.906852748856618
0.895635882688845 1.19048616521966 1.10318324320834 0.625300756769073 0.608952836026646
-1.00377394078726 -0.792890673456051 -1.41468620440851 -0.652660821417636 0.164338437601985
-0.291105473741397 -0.0538470403073322 0.405769462641529 1.46339562777896 1.33303783312758
1.04235741965442 0.595287260284592 0.740036266563822 0.449299319828137 0.184003356203924
-0.619430621074061 0.103742323551692 -0.61816613678666 -1.06693441846214 -0.671142862403818
0.546113478384142 0.859655158667453 0.995121637033544 0.779818561986732 1.38550470756888
0.357052494134337 -0.838686740459303 -1.3823003529496 -1.02020580030986 0.123301917088135
0.00175613784358439 -0.925187918921667 -0.399728138386531 0.327598043208861 0.1506968481808
0.847135960516535 1.15858885648911 0.533822024122162 -0.228362828889867 1.18748285323375
-0.258871513823204 0.0428564777746787 -1.01263926701776 -1.04966793254459 -0.68496986767605
-0.0553889714249755 0.477392002894997 1.98096353503109 0.382606923051381 -0.419983225815044
0.194915275159819 -0.340204680499578 0.507530435775155 0.72329309156689 -0.612964407399913
-0.464900225103835 -0.792664153472242 0.215899774624444 -0.972969437416401 -0.449449490007023
0.53135786557105 -0.467009002796503 -0.495976572867194 0.46329937639907 0.100726290406753
-0.401635165755422 -0.48773067165586 0.729257050759372 -1.15226149909224 -0.858105599387349
0.694798041931199 0.303820042447446 0.200675440174137 0.00869372532886465 0.392385985699627
0.0347644080064746 -0.025780750807888 0.627732757597729 -0.77973283205522 0.529092785673101
-0.00136196261429955 -1.14911072592045 -0.67283033606132 -0.285544663027146 -1.07559102436659
0.219384398588409 0.0281060845592681 1.23130450602486 0.440506795199057 -0.534258009691359
-1.30674705667286 -0.454640374025672 0.935534352952031 0.406176647443264 0.194363564615079
-0.255168161063467 -0.167830746156418 -0.168209789278862 0.439635634981745 0.935216268341261
0.963979582450935 0.774624551326037 1.25387067308822 0.56125105099727 0.941244435684356
0.05920951886267 0.28312031283106 -0.43552428250378 -0.809008592426584 0.382030045381793
-0.292961148832421 -0.712268446777051 -0.416796950737985 -0.0594135244571001 -0.15506539989519
-0.0963070452163183 0.366657916770912 -0.413579880555317 -0.673349689554318 0.283001051352916
0.1447402598332 0.340270376977948 0.408936764953122 0.453430836465548 0.249299546600373
-0.760791522940424 -0.281850104253123 -0.879015459365356 -0.741799316833213 -1.99726986875785
-0.233410103334445 0.0200165193644583 -1.51905427680868 -0.331884804890031 0.247129120990247
-0.101524594284534 0.681112809700548 -0.763529883648781 -0.906343010035942 1.40317817629224
1.52532206807408 0.0701434360512569 0.764269102946825 1.44677859220684 0.366600210157963
-0.761177183388364 0.331008258142514 -0.431418890968092 0.246542566418537 0.021042764833336
-0.162621083232839 -0.267636962328946 -0.223245503602218 -1.34184130506019 -0.702171012773446
-0.126540406268025 0.537107208569989 -0.691227374269918 0.928520252810233 0.510063437545854
0.38867861893252 -0.315215438888809 1.06447076663599 0.829925665878856 -0.605267454632916
0.323321727324602 0.464811347335862 1.36874628870809 0.281003435538143 0.885274808286437
-1.59658667896988 -0.629106962399656 -0.2298872332765 -1.29292952607638 0.252705971618336
-0.734906783484349 -0.863954615507102 -0.97856894240097 0.0360487244490001 -0.517679029823555
-1.83094597745701 -0.64684003034358 0.107747914379057 0.498599318193627 0.116181291441314
-0.197952573107723 0.161125792921763 -0.160929471421656 0.712919975129359 0.537241134713842
0.994546705473154 0.552573453009335 0.115596800927921 0.794338515412163 0.64418246624014
-0.240125015831868 -0.784880650704886 -0.829309360153764 0.318905506698175 1.46885692847174
-0.113085828362629 -0.456512027795018 -0.0640462421572192 -0.649099528114172 -1.39789618071257
1.44951649062142 0.969003265749829 -0.776421872631667 1.03324605920047 -0.64348209204468
-0.777944383695462 -0.875123264202846 0.375930317458036 -0.859950507353211 -0.279556967189932
0.278772789975882 0.97892373091325 -0.237459523126405 0.636565446026398 1.6080286535175
1.23914234922637 0.284552132638262 0.111998197866439 1.01158313434602 0.895512908191075
2.03143755112737 1.69601692898828 0.584671335527945 1.22222259332165 0.770207846093237
1.3804804595548 0.783073395736386 0.942188276286923 1.45829002360848 0.467158922303391
-0.118186930324406 -0.702155355616486 -1.0139118529612 0.199530137767135 -0.402103800368911
-0.0127609985596122 -0.648768755455626 0.475843434861201 -1.31836334220254 0.670908285163582
-0.0412867323743976 -0.323463693171423 -0.338083975655493 -0.0335816147603706 -0.205706603608839
0.194810741343402 -0.51758858249263 -0.299590572786571 -0.540095437664662 0.701567092467609
1.98683937631311 0.300481399524287 0.953030773628882 1.09022626147931 0.880203973201011
0.121497796903901 1.06726413235099 0.376334116387311 0.11568014670971 -1.69351704814405
-0.401563808185021 -0.672706507717322 0.00417740820081162 -0.105179802514917 -1.10028604307533
-0.541080236880778 -0.721711949063333 -0.196859319210522 0.343109071551406 -0.0131153108953181
0.364919475492417 -0.223342727955832 -0.0465028189620147 -0.628838286687916 0.121915449899759
1.18481489111927 1.42298928757819 1.50156650264182 -0.0358002173801661 1.44365811009701
0.0722936271908958 1.09999562384378 -0.902444481628532 0.304588899371278 -0.68070267926765
1.45168497964615 0.932770023367255 0.602602863421092 1.03207674058001 0.978170294523512
-0.989932499726685 -0.065079898175957 -0.462291476067048 0.221410319069475 0.383176246506991
-1.22019165910626 -0.535402723201655 -0.844661981975754 -0.388758664611711 0.264170125778474
-0.918573416567846 -0.974572612583857 -0.922040729553921 -1.14124840915584 -0.830067004286594
1.48068732285634 0.754917918755323 1.31704497008452 1.28753703021203 1.00847100039087
1.05862744726939 1.23695535261282 -0.0713980022431524 0.159352093351294 -0.630591535808216
0.471917244189908 0.0928206453435509 0.49241184029991 0.554371430444555 0.84356841068537
0.861832940460688 0.511845416970342 0.796303464069758 1.90812051235135 1.03971361546475
0.00406352719991721 -0.0123907015209727 -0.439304226688501 0.245202868776336 1.27420103944288
0.140782855037234 -0.768072805640194 -0.141365370028741 0.492161962550634 0.244660010454511
-0.186644118253984 -0.193797421915088 0.452525724355227 0.415164081492492 0.977407481708463
0.0194617448532214 -1.39280090429027 -0.717058263110815 -0.235640798610758 -1.44526507906338
-0.296691905224822 0.201335529933978 -0.0206479281810171 -0.681394990459477 -0.394945734420501
1.10214107653688 0.391437310587108 0.93543453294163 1.02809702481508 1.26434191635894
-0.527860839772915 0.55446620521366 -0.0476216699600276 0.567043829250172 0.319453046761707
0.119669065542196 -0.904702032954838 0.360512716674925 -0.0692460638019124 0.382301048678204
-0.811995599034112 -0.279691202338878 -0.0963952012824167 -0.464426608257335 -0.758982118630915
0.479271951859212 -0.594931217700949 0.413034979067454 0.135622285233436 0.516211895228735
-0.316945250520641 0.192577089677366 -1.177496392793 -0.911337358790578 0.424704675621585
0.62943727556775 0.106227459696699 0.220868319661014 0.894127517767013 -0.166848857735339
-0.875800371991822 -0.726770811165424 0.620559448146453 -0.507562978409382 0.0806064335428888
-0.0585990100109696 0.979836874738215 0.272777532441733 1.18047316020805 1.49976510997958
0.958966605439537 0.720684515786984 1.0595320795533 0.095350571727261 1.34378635505731
-1.02320617901455 -0.147299458828912 -1.4140000677512 -0.148162746744079 -0.519669823749054
0.432371118623829 0.0250050159980476 0.373258819559187 0.368204661274176 0.719538926895741
0.833902104045323 0.524924879677253 0.593413540894595 0.613714657591905 1.06777881076202
0.345180675693793 -1.65218798879504 0.0643825367608349 -1.13737355799143 -0.753591677801126
-0.701272757446571 -0.120942352464343 -0.695014959392242 -0.804641381401576 -0.364793263897891
0.553748736700109 0.85300690135548 0.949600412650499 1.16918968110314 1.54034155164191
-0.567681978402911 -0.292306967438088 0.0886233515000397 -0.00892934461126827 -0.533761820311887
0.140249921663823 -1.11112813801274 -0.30751770063363 0.292088054823589 0.429597423975618
-0.694801914718626 0.786775102782653 -0.587864050735463 -1.74386162026299 0.26335813438129
-0.566377678385255 -0.104137021912779 0.542994587267197 -0.460368424593699 0.427419609580987
-0.73279656300022 -0.454898563811019 -0.772858808689377 -0.550746223415558 -1.58112852900973
0.732072929498788 -0.180135491607241 0.896816303999181 0.148398579653043 0.597412381664684
0.735554447680954 -0.44004139232409 -0.294187558901523 -0.41665847957092 0.631135010978792
-0.876161380528912 0.354164190172335 -0.628535015649342 0.258777487708166 0.062672772567451
0.976322974480346 -0.572016436840628 -0.129207273810073 1.04603193268036 -0.449633992225207
-0.0988738210260652 0.23883234342349 -0.674630588894685 -1.00470767347361 -0.0820445992357288
-0.656095172740035 0.940855147962363 0.209245354416741 -0.128219880428571 -0.0961994094748966
-0.500549180322248 -0.0146695239811087 -0.361569071558545 -0.461174835266012 0.076066852783884
-0.104766404466547 -0.554870513264499 0.708154939437985 0.0753049036630185 0.525754853240216
1.29986064642269 -1.59385749959884 1.32471909289099 0.128103762344571 0.767968204027859
-0.18676230680585 0.623613746177313 -0.744592162885213 -1.33284916259985 -0.284376584658826
0.573503461690237 1.22010513494497 -0.126123283893583 0.342443896927121 0.139889837436109
-0.245449992810208 0.816391632112038 0.336427427585532 -0.0993246478700557 0.958303130769078
-1.49254587063503 -0.754594059806463 -0.322388542950164 -1.39966423986998 -0.986645343165111
-0.40668523448994 -0.274072064662306 0.741042122483266 0.377153703820486 -0.694853592134756
0.536566485934983 -0.513743117320774 0.00832331997000111 0.638498613513267 -1.23835789111286
-0.0869109433962847 -0.915812694932274 0.152088178383798 -0.378080551638638 -0.211350632781833
1.20100983333847 0.243579908420833 2.31663270287047 1.47785918591631 0.942761890970128
0.38888237833204 0.744470161367989 0.909636212781087 0.587245121331099 0.180899577310587
0.249157590425899 0.510442367522562 -0.174257813834427 0.591377889435388 -0.714583382277537
-0.684663364903816 -0.390134928369565 -0.56476348075245 -0.188948176420656 -0.422689503824755
-0.362151529792854 -0.50260770368867 0.735918388663593 0.244664379049747 1.19621307561351
-0.435947262974056 -0.0222122420848469 1.18384736327685 0.508272333995415 0.712860683935553
-0.30349828236095 -0.263060507383645 0.158167756011193 -0.228848863415705 0.513626613603211
1.25142144329435 1.01979529675633 1.62739454826066 0.403737179389733 0.882511068900406
-0.708010196789652 -0.408930904173606 -0.368252450692786 -0.733098993013341 0.327106640464566
-0.638321548086148 -0.243555524806907 -0.0618164939510342 -1.3213591207568 -0.640412198868654
-0.631136518709879 -0.488982720166799 -0.799905234734555 0.375383998030628 0.232330699299937
1.39249158315371 0.379284092774443 0.775853057262055 0.26670705341331 0.121999177346167
1.07355824771506 1.05084116828605 1.39135022666485 1.47682664790293 0.380087478675173
0.895716695732803 0.128048968316882 0.642930763433159 0.342886800432208 0.317664314526257
-0.563100996224122 0.534231163026754 -0.2959891616955 -0.0535535830686522 -0.837472115310656
-0.734986301791833 -0.511617117404766 -0.833440785323872 -1.06683830055455 -0.382996238493812
-1.57511007079801 -0.767583720564768 -1.8384868730062 -1.18087583814792 -1.25780017164911
-0.913433370932396 -0.740643098197208 -0.485948920341913 0.109166998227227 -0.366392265118956
-0.269266966397442 0.149281453037596 0.157962941879527 -0.303618326268842 -0.0908220216494322
-0.218592890520949 -0.610372441167742 -1.01243078929115 -0.470228716331101 -0.195164985122295
-0.108152030712626 -0.0630249421324109 -1.03099023908471 -0.139779971186617 -0.543194717519312
-0.0194080236882817 0.934789853351058 0.53249329016555 2.02155042057721 0.850524973279122
0.20069345099914 -0.550281459189386 -0.143518814553409 -0.109826946055802 -0.361833203909623
0.628783348166766 1.1601946985892 0.119394047002776 0.455527317517854 0.655906316836107
-1.04432336056532 1.04545213763238 -0.685967255147188 -1.17066912773487 -0.631378234673158
-0.235730943313505 -0.110855155098726 -0.49283733307649 -0.652913401809455 -1.85827417099849
-1.20194278690516 -0.520619054599673 -0.791270857376036 -0.753168172753724 -0.459767518247378
0.569605173236328 0.0674894862142765 0.376786003373071 0.235907794759775 0.62578214638522
-0.962371608257024 -1.09083658792372 -0.206570465317076 0.874515082746612 0.481989960236079
1.36762899889807 -0.16987108884807 0.851709627362843 0.252561785863271 0.669451880207331
-0.8414676641409 -0.274609679764579 0.209664799184299 -0.0807332170354652 -0.0977450582056722
0.535801177922817 -0.953631386453816 -0.904102008943315 -0.82673448177095 -0.240669800665865
-1.45610039173445 -0.169051861431366 -0.306479348953414 -1.95278398124108 -0.243913832335348
-0.299018722362976 -1.4290343986587 -0.350065625450648 -1.24330911919322 -0.294305159881472
-0.709640466149223 -0.934546066785222 -0.678122018398898 -0.0875055197754331 -1.14281892813545
-0.199468384421291 -0.56632265232576 1.07421250528118 0.114156994612744 -0.239888355429251
1.3619047966053 1.01434895391272 0.372770476822333 0.944737585852081 0.437054931166032
-0.842340305277664 0.512412576246194 -0.0604619852445544 0.376441477579046 -0.523866785385703
0.554999117319731 0.0969590177127493 -0.938007289512691 -0.811871107580897 0.736421808881006
-0.45542762224498 -0.707114046365273 -0.850002116013296 -0.813531439031632 -0.777354980321687
-0.894514841667995 -0.106588910701542 -0.403874156943287 -0.650225576257059 -0.792282974803398
-1.02297453591167 -0.718863834330843 -1.265518012615 0.143166077479578 -0.0265636284662496
-0.550318707465595 0.287728065577557 -0.274291404666295 1.18660642261391 0.398090368159228
0.870269846333561 -0.615573712853438 0.15440566173431 0.014078910308205 0.222506730621836
0.953436878875798 1.5825060189402 0.667324326094956 1.18887109460857 0.590460980391308
-0.415429268628239 -0.434798803730631 -1.25717762286389 -0.022294671376037 -0.698855882008295
-0.440925803572042 -0.590051288215318 -0.997267521116964 -0.701435194443536 -0.415870216443246
-0.14550642873201 0.492805455980037 -0.708625361003443 0.281977980499909 0.247024677313578
1.01820646760834 0.962017581483458 0.441058788927906 -0.195190966976073 0.316007868348294
-0.734311392966177 -0.723690996864311 -0.0627595718787112 -0.614686404546179 -0.519716123228692
-0.556074694589078 -0.468403491667627 -0.0747354664427009 0.310869848461319 -0.187172607106791
-0.29535894566621 0.146730077667224 -0.618755570913659 0.140911479743992 -0.373688912720103
-0.325974543853123 -0.251123865313537 0.0151712467601223 -0.266056893645456 0.648271565402884
-0.917324102055275 0.636906243721333 1.05784868501694 0.528525384498781 -0.046715937479304
1.12045728940883 0.323528586412764 -0.623851351046406 0.631601409539606 -0.208767113301942
-1.12007317358799 0.192485271954229 -0.751605859365544 0.000495900974820639 -0.453208540833288
0.192719629493633 1.41633527328244 1.09912516131217 -0.0413354993857045 0.254297248596494
-0.900344993011341 0.243163851991973 0.322570283485062 0.615633372410313 0.0553637593121785
1.09525593106591 1.11752741183882 1.26411842620155 0.228308059314408 -0.879598880205244
-0.505740283560822 -0.0133833919508524 -0.567772042453343 -0.659502566624521 -0.630284738351523
1.27169659198039 0.193240101239812 0.116872370299665 0.626332928587871 0.640978417326954
0.130557617557927 0.493612253546692 0.427348307870789 -0.590278425290132 -0.899827625956557
0.156637673951836 0.536501337957238 1.16931650991381 0.0895510969027363 1.15463381872295
-0.628945765174275 -0.00223327686221624 -0.416687701424758 -0.762973863071944 -0.432675831548185
-0.484297537471722 -0.725840223363974 -0.905891899440526 -0.510852112434095 -0.600241447420605
0.711888424313884 -0.175323587225469 0.628115085324805 0.303774005418747 0.976987525788944
-0.588344598707847 0.0123409671297729 -1.66702243019666 -0.278024130261513 -0.914202858823761
0.0417980566990146 -1.25357302724915 -1.47164235415239 -0.602112317016909 -0.585640430795702
-0.252738086814637 -0.374271837126049 -0.653461421667357 0.4111394260257 0.72851287148917
-1.4948428530076 -0.447073877967611 -0.631686902786635 -0.34335572663095 -0.000529331981394216
-0.745589009983852 -0.483574269729495 0.205480685459317 0.851110652967691 -1.09752070206447
1.01248766894956 1.07532791248987 1.35469762951938 0.540993734825339 0.231926403218877
-1.513498120441 -0.392931757720877 -0.796798656883608 -0.128453843465618 0.0126630155985937
-0.357488700386362 0.00245037697830567 -0.215550866629623 -0.385920545848366 -0.586238285531513
0.0753777149776302 -1.59552248788338 0.569997400504274 0.371279886785807 -0.896481117400545
0.0757092594210725 0.509617263519123 -0.71670961986302 0.13991871069653 1.03751896991705
-0.00935253069311621 0.0714292730484654 -0.647261011587202 0.260978397784986 -0.385079162429792
1.23164938815603 0.109748191780864 1.1203650072776 1.41260963119754 1.3355735350612
-0.774098094294653 -0.242359019700646 -0.111512990707346 0.639054639262971 0.958566812095201
0.0185866231729335 -0.650687921847124 -0.137017948180723 -0.741208481773309 0.256970366884362
1.56088495428019 0.403121182460881 0.018898457168496 0.543937571622805 0.508120994777025
-0.298657195047113 -0.651416187141873 -0.445220634098071 0.184218134999646 0.827315829009942
0.338340723214351 0.181250542141225 0.281536935725123 -0.228300709874986 0.785965736567075
1.16579356101354 0.223750077615608 0.497334357187924 0.568557509979442 0.0602649677781387
-0.452627981917651 0.874105476565245 -1.39464219220349 0.720463119895224 -0.438752701244256
0.717923785351872 0.140880802047317 1.24824107411044 1.43747731692634 1.9048950265495
0.551988958333171 1.54487746464218 1.99861087724725 1.40559931358597 0.759053947486054
0.68106760686761 0.535607186179966 1.26211762623383 -0.0838358454930788 0.565340358189335
0.370689536922116 -0.41874125892223 0.172642071578673 0.314487588378224 0.788790633039169
1.46781164679995 0.441996163862473 0.302989835628008 -0.100438271787799 -0.290169762442049
0.847508081017633 -0.155006640863658 0.839476461799541 0.310856513344564 0.3443295786799
1.01620431758377 0.89994595126401 0.727209198425271 1.10779499054024 1.2266465402567
-0.201503035058434 -0.689299309797479 0.174257057295159 -0.197897327796658 0.633537896892539
-1.20611799261551 0.108780566418111 -1.48018474779016 -0.836766545056532 -0.663975558134557
0.34496507356738 -0.746975794351778 0.990049990384186 -0.572983573849529 -0.923135881193307
0.304636634125596 0.954668777014278 0.976890026569806 1.5427679200206 0.209255303405728
0.318604502764202 -0.588050334157367 -0.704855198846377 -1.06581288928975 -0.0464050642189852
-0.935475950364872 -0.61638176994536 -0.845048655899018 -0.939120122901948 -1.17852219848021
0.137400631590265 0.498269204682648 0.129598926101915 -0.283449216136344 -0.749995649817155
-0.676009938009599 -0.386651801226297 0.453806922397503 -0.843745044126702 0.503759186455007
0.653273065935861 -0.409340161590325 -0.398091356900506 -0.269922419001795 0.59532682663424
0.0177499331451155 0.199984283398362 1.25785112951258 -0.393933735517985 -0.161693527301651
0.207150449970649 1.69536310825396 0.494650361309156 0.736349433719659 1.14855706171141
-0.336160954807023 -1.40116324561883 -0.84950010903991 -0.317860111656713 -1.71808790904916
-0.220426451942172 -0.200738507684455 0.425514736388907 0.866662769264676 -0.241755210085442
0.10157089682051 1.13562490059197 0.550377985885102 0.058063495192962 -0.166346120822736
-0.563573966992762 -1.34910027171758 -1.1316721685576 -0.202551679328461 -1.12021173012606
-1.26413707425614 -1.60493605821956 -0.694380939259723 -1.26373025506048 -1.47478411947138
0.710174504353324 0.485316657825811 -0.390261492163152 -0.695056371507164 1.13250111718995
0.477403985497561 0.6846066841705 0.340572763041346 1.01845537432879 -0.0429505138458719
-1.00245302696498 -1.64025784958436 -1.09447711807732 -1.92519224364782 -0.790668082560771
-0.345727498314222 0.320597169030981 0.393297932232468 0.636374469436285 0.090918980693012
-0.646599398177654 -0.844914977053405 0.195327221741965 -0.317191484796298 0.533830511812608
1.39478756234747 0.362265425675992 0.653210493560019 1.03710697641677 1.01013275478018
-0.684445138652947 -1.28927373929501 -1.14740027691052 -1.43758581102681 -0.855266858431608
-0.936641241276006 0.454055582437653 -0.811979677047181 0.407438775851912 0.784776782105905
0.814461551087753 -0.328512623725217 0.612914528168014 0.95943877442289 -0.606826493287023
0.543995310137132 0.237086739602705 0.485090996345015 0.293253264723615 -0.527191624146638
0.993868837173397 -0.645640306871406 0.265257376817988 -0.175436453071617 -0.0455133534900354
-1.37510112189759 -0.480961363344984 -0.64395126093503 -0.477931269686323 0.0256685860592358
1.06303665188147 0.829651273113336 0.487275451478885 1.25918156588426 0.563685810416635
-0.0468857223936148 0.979734638604096 -0.15476739388079 -0.463971941594228 0.650151861924713
0.882509461964459 -1.7642174657698 0.277085748971691 -0.0289524517412569 -0.0511998421114703
0.968521763217323 -0.00110980222668582 -0.896187360206905 -0.604316636289886 1.49998953052949
0.488504420551229 0.166125296452754 -0.938265289348066 -0.296416804744936 -0.14980423336506
-0.372418377258018 -0.258535022842942 0.219260396132262 0.319213392350684 0.346846150404268
-0.937710852413273 -0.567565367206536 -1.16937258685141 -0.401749238424677 -0.0814879637812854
0.225444966418694 0.225267877995235 0.338273499843433 -0.308183216535487 -0.0971496989587035
0.404987770893761 -0.0554693075413375 -1.38152195806718 -0.578117168147438 -0.607321390882051
-0.0609644223239614 0.565024941921512 1.05885159376798 0.222474711892984 -0.184219079392693
0.973900745324786 0.311732043901671 -0.318574214459434 0.754212073747307 1.17155440088094
-0.591955161468964 -0.853374067916779 -0.0713577443887295 -0.417806864074765 -0.687728602836727
0.923256624018556 0.953760001811632 -0.522073593177676 -0.243705232041429 0.873193131884811
-0.634646525438783 -1.2070434602114 0.743926111972894 0.442174156385972 -0.090523149391119
0.78808157811003 0.226253342986255 1.01771802059152 0.270582148214386 0.403057173684833
-0.468363856660709 -0.355648654100746 0.17633671836264 -0.126461594012954 -0.239200792752847
-1.07789558338608 -0.242953453056216 -0.385733638872609 -1.74558588413232 0.0505755502000151
0.753714802820056 0.0818746411140078 0.248874257104138 1.54750210417854 1.0220756846652
-1.66032633718028 -0.245881386061857 -0.711424141005253 -0.498295969700615 -1.26718079666919
0.110213029408955 -0.659886703776146 -0.722247355109154 0.476203534359543 -0.831713881527729
0.162899027399974 1.25093008305345 -0.0584523296558648 -0.276271085444011 0.275703203715569
-0.528951419475967 -0.47343372052786 -0.142301038346478 -1.66009229538407 -1.62450656532876
0.049783521116524 0.394255677539167 -0.62064124823491 -0.415893583900825 -0.462756295946268
-0.171897442276408 -0.397450617674533 -0.724635201942369 -0.540694992603125 -0.880364908608453
0.460810248246047 -0.396676166310832 0.199537831394601 -0.243716752678987 -0.0794034706572812
-0.107973292240072 0.0184076338085044 -0.734104473045877 -0.633659403119564 0.147740965504448
-0.92300350601327 0.925044391357812 0.464439484403046 0.139790347551502 -0.794484710915575
1.39191334200111 0.863120487528954 0.677280011545989 0.267249847639081 -0.685678891589519
-1.09256695127425 -1.2459527653196 -0.716162617308485 -1.30601450947945 -0.440227757676527
0.697787629240486 -0.137020740241508 0.669315934431497 0.151709612567591 0.27526770884514
0.42911041020442 0.0704405930093147 -0.145004397691585 -0.0854854229520319 0.213172049186751
0.452935771501271 0.222213268572016 0.22470715089274 0.956375364231534 -0.0696029221053105
-0.244604433874665 0.476604784250799 0.710693052603489 1.08956966426494 1.16529122289503
1.3661444304859 1.00287418400898 1.24781861555272 -0.112477871118504 0.939199268944001
-0.440848387029186 -0.455474339804082 0.31526707392006 0.0986410828909983 0.955202500538847
0.959161205470987 -0.0734365052584275 0.23881601882449 0.231082626950654 0.73385982980065
0.719610058089183 1.57593520036502 0.403677975149038 1.3949887576659 1.07261780678441
-0.813611675150181 0.332843623495376 -0.174413294744867 -1.44403958781097 -0.569251384124334
0.774901440890395 0.107423260230434 -0.620013722415731 0.258241584246964 0.983885186467753
-0.66075494178551 -1.04755298701727 -0.187426476951525 -0.301967574081632 -0.645687387463469
1.22806553186924 0.613333371751116 0.867758887778986 0.606371788763862 0.978154581412737
-0.108265794111461 1.16009315127953 0.646367878911444 0.346143062579495 0.479926242918408
1.17152160591178 -0.0495807996310012 0.880529780231882 -0.4788498670991 0.267600840579447
0.130581357110767 -1.04512092324634 0.639170666187283 -0.422846233578922 -0.0403401511544842
0.195380888847469 -0.0276557184339945 0.355539925856052 0.270696348755292 0.0912865324581892
-0.746225233355051 -0.889991008326091 -0.435236812495665 -0.183276243855309 -0.618197092245502
-0.238394756080814 0.360425843423052 0.944600394039909 0.440983724856351 1.06307317601329
0.453762468180562 0.0606901237008301 0.192296441579624 0.172250783605475 0.0516673613946939
-0.799586674589833 0.600399373250481 0.618147615856222 0.307731225659456 0.367540549005729
1.24778037963978 -0.579402028393781 0.975307405342576 -0.00712280154298015 0.00890496656085697
-0.719232892347418 0.366550196643925 0.265258580812117 -1.26083948137084 -0.479766486535679
0.295173695107018 -0.424952333682221 -0.657625625520705 0.539379404318627 -0.82309785825895
0.111202072761349 1.05054713930405 0.439911654197659 -0.787526402491087 -0.053840450690927
-0.0287380844374666 -0.63274626168351 -0.377752902062855 -0.676522729882221 -1.24216547474003
-0.125971482487709 0.290738182405962 0.60772997442516 0.233577322965283 1.33079125395703
0.63558770004715 -0.0541336020021972 0.958666648412799 -0.133862709075984 0.223593082734201
-0.083730415735999 0.093373432414443 -0.441944732969277 -0.311321048941294 -0.545277502304871
0.197316245167092 -0.441253073307226 0.17496234697012 0.357696934165291 0.0433989832201511
1.32276886333354 0.955336986772028 -0.498567376817222 0.275754410942634 0.982278761471264
0.924439499595833 0.474333487314011 -0.482771228321672 1.03859549855914 -0.57520656127616
-0.440772996746513 -0.0767872233588742 -0.306236312702888 0.145633486904924 0.307310571565804
0.463177998538834 0.540446778848196 -0.879689506178466 -0.731945534843233 -0.328198243679702
0.572331503946098 0.929020321470253 0.185977211354409 0.324121071575887 0.655815121737234
0.075020833805012 0.3349541990321 0.0173665766312004 -0.213700193557182 0.759996020132438
1.2567415775862 0.240673331224907 1.3605166299122 1.44403898732349 1.41225242737107
-0.156641763872983 0.602612525057997 1.15390199193146 -0.724330708985267 0.699397396683746
0.214858125758222 0.475554354051759 -0.902712434218358 0.0835804726926122 0.239839022473959
0.57970509641612 0.319196707379205 -0.232111020852657 0.655463368681662 0.0568289320150264
0.433307367089097 -0.466974001947951 -0.314553135826932 -0.602984236244396 -0.801340003072188
1.07595943590768 -0.11093591689526 0.324598207080358 0.0710754760668073 -0.780029584023143
0.375595962630003 -0.111977522045693 1.2812757845128 0.534416102223533 0.770295472414396
0.418701936936738 0.58847438049663 0.0173750517399023 -0.948198184609789 -0.595977897553076
0.122953165680747 1.47933579664965 1.08502932312981 1.2337919158251 0.205989297583444
1.18759612581984 -0.867785424605443 0.364978674590482 0.786260096897375 0.172372037759547
0.478310947873266 -0.221388360025944 -0.140671896883506 1.19967508448616 0.404200595271055
-1.02779623103189 -1.16103691144104 -0.97627106701019 -0.909920152624283 -1.41077367578109
-0.41823273212068 0.994456636894543 1.01072049873872 0.541354289703851 -0.282645645490479
-1.32756633204232 1.09031560259341 0.429217452437243 0.401212710469047 0.644322756156063
-0.465377289098704 0.356348786969811 -0.7598936358027 -1.13484329316158 1.10375490449717
-0.682737929234464 0.808350820389068 -1.8288556278786 0.377427832727218 -1.03682766313488
-0.441981859471539 0.299503312994221 -0.902676619897219 -0.441753005963346 -1.01298086217516
-0.698667903461774 0.421893558992509 0.225880231105519 0.326001459162247 0.0526515837385085
-0.857293920250132 -0.799804056977788 0.861240945952325 -0.940912826113235 -0.88895876681927
0.38976299611339 0.0486335309183108 -0.888928128374924 -0.973327536471636 -0.928645928917361
0.785609677025692 1.14576640455207 -0.12697720282817 1.05777905444045 1.1766062239502
1.45061262703075 0.493041389478697 0.534241336209309 -0.116110417077331 1.55330661211359
0.446180538448249 -0.772030761738437 0.234984233323858 1.31519461602512 1.20511976843517
0.138507330201739 0.357936133367095 0.0487809115516331 -0.270997583740482 -0.164003200333204
-0.202019301738401 -0.679898368565448 -0.673470047681447 -1.04117619915152 -0.85733216280867
-0.69350963726526 0.340236231360041 0.899177561087775 0.512122803543517 0.364201580939417
-0.151158892999336 0.736390828912742 0.264659532748912 0.365582329914183 -0.162033698738494
-0.0546103203193691 -0.476289421837256 -0.0612409028099338 0.0933255919639436 0.253995231910763
0.555293828400615 1.48122950683668 0.310639239891959 0.290894227995798 0.979779057164269
0.880619951175179 0.688182395672563 0.186850627568574 1.26424379744259 0.527965483876338
1.09103346475799 0.441649124038914 -0.0494950076889863 0.911035849431368 0.529303524274544
-1.65161732679155 -1.09469431386145 -0.388878040019035 -1.71861038965896 -0.719530793466484
1.79451623294126 0.538265504065012 -0.077981615454422 1.35406573263948 0.274247614620347
-0.170034364101594 0.0480544788891029 -0.777507508955586 0.203332393265392 0.0983667925097302
0.603583476240403 0.236977513190605 0.503127997928031 0.768029860858678 1.63940917721171
0.737224284982995 0.59615713234543 0.857614207381834 0.602540735977309 0.0845562950139042
-0.215570716624823 0.649615825436873 0.00847549264835924 0.500882495905902 0.517105074964033
-0.766290330854829 0.414202845613752 -0.0874481565551636 -0.259358882333864 -0.780354295564785
-0.332438818598099 -0.270684027095314 0.0996144757128346 0.135714396130322 -0.460961346741349
-0.122317055035223 -0.355103587534948 -0.948986041364865 -0.613370207458849 -0.0414287888212395
-0.228119500448482 1.04344724296982 0.564870061259247 -0.986288961733686 0.254812548308603
-0.507107013910082 0.117496311801645 -0.344533185317541 -0.00900031961150216 -0.538058827030429
-1.00250432515883 0.656542358722679 -0.396661083326512 -0.70517531737404 -0.645237412268185
0.765663158959386 0.665315170687424 0.990739479747935 1.14574581233486 0.544539627334844
-0.198296929090281 0.619369947576306 0.418270699050225 0.340278940089519 0.511231723706181
0.593276471251944 0.44432401315555 0.95098129962744 -0.0508823629004908 0.537240673142239
0.927343770164165 0.0062627155633323 -0.222313992781075 0.450438151554066 -0.902120685838413
0.640664158189111 0.417539205045771 -0.129662865390151 1.19512707237575 -1.27488375724222
-0.109719609921302 -0.0796440605548547 -1.23955701398171 0.420639990849831 0.361626223724973
0.450739562123412 1.34566088791815 1.01063581791936 1.43987475927683 -0.0489240271788128
-0.946421017866039 -0.534218189384399 0.2490772744232 -0.36375610231349 -1.05801045824124
-1.06896799148426 -0.455050366900512 0.48020889193543 -0.612266493405797 -0.358890092305201
0.37224360109151 -0.0720770156202974 -1.43132854013358 0.148498985304371 0.534406225599904
-1.27655514071337 -0.771124224412221 -1.28024181824468 -1.79377910879274 -0.658012404072033
0.728395609038563 0.772300455293997 -0.261273524624114 1.5629502561327 1.27230177312458
1.50894037877286 1.74938244011505 1.65932732652817 0.636068525897473 1.71752676027595
0.283772057749416 -0.0885766166711683 1.51408072603139 -0.22360150088049 -0.6578014163242
0.307199587354724 0.709587140564594 1.02111383744102 -0.492853835087252 -0.250549685968911
0.106104391639389 -0.112197747861163 -0.883064846180854 -0.811703645059406 -0.0962355742837079
-1.37242288828404 -1.05676700881362 -1.91472695600157 -1.55761594252977 -1.28708814125845
-0.730339660207878 -1.21456404177859 -1.46222021048688 -1.019022726332 -1.31189336756954
-0.722395083122337 0.0774881159154402 -0.215481190199854 -0.641347549700855 -0.943662680681896
-0.875919236453273 0.493980141458134 -0.0934210242338539 -0.480229385626216 0.846443967337475
0.0161439116427693 1.07461544857051 1.24268234402827 -0.320452097637612 0.31463361426067
0.43918958141258 0.532549874051159 0.514833297692576 1.26755684847677 0.251561508514502
-0.679743473847889 -1.08180157310393 0.0750275830945908 -0.735337146312296 -0.365693259443096
-0.310539746960442 0.44356484553163 1.18476523618436 0.22774939644832 -0.534827682876321
0.768627471597141 0.534342321754336 1.28621199170053 0.316239509882677 0.776521152586544
1.47541183888649 0.31108452353923 -0.0146953098373811 1.55164607050272 1.62037989244984
-0.158308508193789 -0.700604063427499 0.703091349727436 0.774273155688572 0.935000949108581
0.526848106088844 -0.667615173693237 -0.87296618130823 -0.770087763253477 0.349955918832131
0.0515950385485344 0.143596785817045 0.659225696922688 -1.46179756045221 -1.87946104503723
0.784341435467408 0.505277830674658 1.01654069640841 0.480740569015122 0.983452543629419
1.87590434439287 1.18803027005976 0.534515825109787 0.712690759666379 0.820784222831009
0.104245023893191 -0.734877606953201 -0.212934874764136 0.137343204547507 -0.144388636621621
0.10553326997083 -0.754858655912059 0.413010585554714 0.186562423096677 0.525062217973848
0.257944034880569 0.493212353124011 0.0731470809251338 0.330861975932042 1.55091021621887
0.334674501003809 1.3369446794413 0.736707011186431 0.635964663925594 0.0590312326065836
0.172037331510497 0.526614788918274 -1.28547451610075 1.05948797653761 -0.569667633255539
0.794725456593756 -0.801682462348458 0.0712424429575151 0.782948169669468 0.0664750043462171
1.1259520312837 -0.219044085115474 1.23682047983564 1.58549755600636 1.86747469314106
-0.430460165181453 -0.772107605589734 -0.374113001011141 0.263567508097278 -0.655319321948215
-0.2017947947495 0.46639715095372 -0.982670223415665 0.546934615121471 -0.19437482286559
-0.388342788297051 0.432713078402736 0.727793835669417 0.814048553696858 -1.22175827678282
0.310005001238064 -1.32172073805891 -0.144097313683873 -0.839480662815552 0.166563535650725
0.917194701267296 -0.702531913932583 -0.553133288854991 0.988584158144498 0.188855741439815
-0.79156662803178 -0.0829374541253546 0.373949845402383 0.130982536062338 -0.848563781146848
-0.285575183419507 1.19419714156138 1.36365403665447 0.956706389633615 -0.492471904747868
-0.479322615727499 0.236168462251879 -0.412525920798483 -0.861765299402352 -1.15961271084946
0.564875024282251 0.230996309785527 1.5445100030218 0.530176202222714 0.806574986688156
1.26927581754753 1.01632244764691 -0.470829200551349 1.17068022740027 0.321987435235309
0.442227641841466 0.404539701463078 1.18665691360837 0.268886640450256 0.182963955929689
-0.262957709852473 -0.24285689341807 0.206741061016998 0.976773303749183 0.529783527408972
1.11334959991469 1.0433124758494 0.486197174775063 0.78960344844631 0.468583940936141
-0.00246233028394927 -0.928134315667352 -0.355146262051305 -0.295082924453094 -0.0901101736836968
-1.30859703174642 -0.920560039122208 -0.677412616518288 -0.315212202884612 -1.58725947738381
0.134767189453825 0.223605602424773 0.30464793764334 -0.847192609237641 0.25481332052969
-0.611216701391033 0.225876821213623 -0.0309391151976935 -0.350989387534079 -0.772636172821915
-0.0625255293649717 0.401488881059785 -0.0207414026229867 -0.719398292530724 1.15050007626019
-0.0482718593228798 -0.296406213688648 -0.0796779507454158 0.1650054558354 0.107253709497707
-0.213791778871827 0.131885030534269 -0.133263601095005 -0.589518737652824 -1.08003232811834
0.553485663835607 0.705817996638082 0.725760779730728 0.703431875068758 0.24687023394717
1.77631005631514 0.159399768603161 0.101636820400281 0.522699854450818 0.519875985551116
0.436659066987236 -0.798471304203609 -1.00430154930906 0.659000607074286 -0.553342350192451
-1.03987376121014 -0.896195108052228 -1.51907796568576 -0.422579840871057 -0.851505809696112
1.08028892232353 0.243293283702478 0.940310656321747 0.299668662711396 1.04089557367584
-1.15673301690192 0.198823911106686 0.139151741916533 0.295510483811636 -1.00162322875727
0.0658725612343722 -0.0621941029517016 -0.3757275650907 -0.704066955824532 0.335628074131269
-1.34091324999374 -1.08156840163648 -0.201780419798212 -0.312160032022831 -0.43344805195483
-0.389376490036378 -0.275077525932798 -0.481551627904573 -0.175914491037261 -0.00112599765208599
0.917617318475019 -0.523311606461758 1.7105868969611 -0.277537046664273 0.693870880788757
0.850926478833131 0.462372258140285 0.654225895169144 0.2854709294225 0.408947199894102
0.441025181068767 1.00739782582242 0.821513278202741 0.640670681299458 0.076805663565554
-0.46770704074168 -0.747826339684514 0.54795649666642 -0.200136915554681 1.25189350783165
0.910460851884694 0.730079130183909 1.20679869682852 0.0353518105475186 1.53044049083224
-0.271879740161787 -0.821284006081681 -0.400212626390222 -0.48516710339321 -0.810504990636792
-0.199657225107483 0.183715907089621 0.661677537625481 -0.942718232024124 -0.603342797650038
-1.02396975766519 0.123717638251844 -0.524434100927337 -0.905556267055813 -0.00064247930024903
-1.24953052177151 1.0966842638553 0.238496979465395 -0.165787910800733 -0.822387023038473
1.03336787655587 0.968627472165699 -0.0406984159155422 0.161383759711603 0.969777012643972
-0.599686301490624 -0.476320982280689 -0.909091032405993 -0.15338573171956 -0.126034404174386
1.11698997846901 -0.155432095853504 0.471809981147141 -0.0662128329751722 -0.170679921820221
0.103489569368808 0.507914604942503 -0.90051655505905 0.808551422356821 -1.31444586368715
0.177487520206016 0.409836334508712 0.00276040632564639 0.367895360066703 -0.679266447969389
-0.573170838073659 -0.579144716071784 0.0338926185880162 -0.866532045617342 -0.166450478638512
-0.0426924460575207 -0.831387462817268 -0.385039919953292 -0.658350823238962 -0.588530412932318
-0.914950166501571 -0.534157669857175 -0.891126056198795 -0.281772065969528 -0.764231198182721
-0.455339518430184 0.572842509570499 -0.28648002508195 -0.793845025406029 -0.193702272603016
0.566812489430819 0.447551559057575 0.0328695543557907 0.297384549020338 1.09751635770774
1.06023872702721 1.06777162445538 1.14730693515585 0.343968525286175 0.988926340116745
-0.481980215818284 -0.683364979284108 -0.289665926199986 -0.000691728435717487 -0.222428339327639
0.961377957232875 -0.0289210949099879 0.660371988090116 -0.429300165659716 0.494626468042019
-1.26411036765128 -0.801016553702366 -0.536988225125161 0.018312032555305 -0.640158081371102
-1.00202663608514 -1.4035462525424 -1.62340738956695 -0.929472794698203 -0.302696529607157
-0.955551370387952 -0.263146387942019 0.400832543823329 -0.635443344803986 -1.36038455067661
-1.57351177868458 0.534516193223539 -0.85849219787526 -1.03748426206043 -1.13093623179482
-1.13279332795081 0.0231471682586772 0.193538257227191 1.22118582763279 -0.915408930305786
-1.22155010658134 -1.358165377436 -1.69945898556122 -0.791758958965971 -2.22594210993816
-0.0820974512996139 0.749604589184156 1.08985957451687 0.267204925965204 -0.33563880101906
0.0492974617846785 -0.562461650377332 -0.779142485118816 0.4448677881394 -1.46342493054969
1.30344013025516 0.0308305833270468 0.517595128967094 0.612795460476392 0.978005961635768
-0.583278525875059 -0.852686821317833 -0.651489615668046 -0.730608147271441 0.117805137840418
-0.331160720360769 -0.365016253018023 0.11588778794526 -1.09697520333586 -0.87899866053698
0.076314450288454 0.0118520358261787 0.171502742455083 -0.313822838780614 -0.581550774517824
-0.193120314380668 0.473842312085097 -0.799372526739979 -0.642093670663108 -0.462240011347721
1.89650178474048 0.375086037555301 1.39128025522307 0.829962552322471 0.87690852357185
-0.517421054392485 -0.943314529891719 1.40422307803631 -0.267169832616328 0.194255113015966
-0.695991451024665 0.147006078011737 -0.658291194557241 -0.204637084440801 -0.584526043297193
0.598602913164732 -0.189978087973892 -0.096858604510855 0.369874893245273 1.03039003626207
0.561262796456093 -1.20640672030047 -0.680954341468107 0.0315878986615266 1.59566657557456
0.510863095354047 0.80596103387081 -0.123895591819056 0.805818790592442 1.65418623525795
-0.00558640088782069 -0.379979949649466 -1.39948493563038 -0.757879189014289 -0.751095815052265
1.39048954635147 0.631491135725252 0.00285531773395424 1.20504099941107 0.943171284127799
-0.461559108557174 -0.258966079087677 -0.590610009861236 0.409584631644374 -0.252661353476366
-0.0394198325701569 -0.181349055948312 -0.965860401467429 0.247405766914513 0.890705383012603
-1.13355018268912 -0.308009799598175 -0.593003870764152 -0.761448597988635 -0.0692873679017299
-0.778300802291299 -0.746566202478716 -1.07744152707785 0.794119198416705 0.146503375857511
0.981997157519922 0.830919572129585 -0.449965577195234 0.17927252477097 0.194093567152621
0.605442247739718 0.475825483963127 1.44323407910425 0.231879605461959 -0.596601484733549
0.590932878127287 0.783056682365447 0.296014199931395 0.430686014214091 1.11589195458526
-0.176827483385656 -0.547766452514008 0.791152014364866 0.988328627041847 -0.426463358938446
0.430249776794262 -0.237376832206399 0.137860798117285 0.0619180499794962 0.524388415425046
0.114045072606062 0.572655391544602 -0.836757102336462 -0.388804166283013 0.706719295965861
0.167495313501479 -1.03999948246182 -0.630837944680169 -0.713847306795646 -0.491183347330601
-0.313822029785983 -0.548939753893732 0.464184449276383 1.06758437128746 0.0982351169635738
-1.33145436411717 0.320415483919618 -0.738885003423752 0.522904321574331 0.52685381802934
0.229327011771888 1.43721454039005 1.36617723160032 0.527137014607534 0.408453856865231
-0.668395239956005 -0.737211620767202 -0.440153632651906 0.245556838801431 -1.17972575319628
-0.523308895169701 -0.518713824971179 -0.763050778280273 0.103160866991997 -0.0360655139465734
-0.116589763331519 0.884796996898337 -0.0564776979752491 0.461571975290755 0.591269748654887
0.226564409129426 -0.692614537305877 -1.09388054566239 -0.0508508712711589 0.00174847818069393
-1.00352950981348 -0.861797223910409 -0.545812438186387 -0.0125155748993083 -0.475202722937749
0.357977728291919 1.19688046551887 1.31133876712584 0.566340221218084 -0.547312427440013
-0.549655801883349 -0.959311566886577 -0.24014774059881 -0.198424600853709 0.126302390549002
-0.0599307338443779 -0.852081186645591 -1.17776440821473 0.468233408170294 -1.12890580165549
0.509073921460979 0.804623015728922 1.50808185738119 0.236291587452534 -0.0666079289456606
-0.491155365218283 -0.330636288175664 -1.39526064941526 -0.730480304845925 -0.775288832526491
-0.573138863426194 0.878888528394198 -0.126550784370929 0.524348114635881 0.355053979075278
-0.352538554464944 -1.03051694094335 0.0458550750448091 -0.624195894314725 -1.20624234378618
-0.473730075660698 0.10897035768009 1.54444729168429 -0.562500937918484 0.0545512074026277
-1.15559961196381 -1.63892680000262 -2.46541651816381 -1.31776842736584 -1.24337986896323
-0.728438668627856 -1.31749585892155 -0.533530442370756 -0.671640963633688 0.24529118774934
1.47570055196138 0.516044001416555 0.549320955368718 1.07580110087105 -0.22562780273999
-1.20392698607727 -0.654202380607655 0.146781271979845 -1.4153721685379 -0.422477457440016
0.373825431074055 -0.0899217069066871 0.329482038601815 0.716744386653747 1.3104473300899
-0.362638101262684 -0.913103977476842 -0.744534203763948 0.145794412097258 -0.385017738855337
-0.77626283672954 -0.612433065517292 0.107897290601123 0.433694924899777 -0.367332362639351
-0.00285417846459144 0.179659842181321 -0.640589915453448 -0.533874998600664 0.486192448314547
0.081993947202394 -0.899735551988443 0.453697183105323 -1.0673407984785 -0.996105819886387
0.823952840964444 0.453367022703775 0.983024249229449 -0.0957486691829103 0.828639182259754
0.305981000756133 0.0126190921488248 0.605233168525084 -0.133944307312251 -0.772443309035483
0.219771407973355 0.614767522708907 0.408326622784112 0.702212650876705 0.0652291083063618
-1.4511882796979 0.335637261707891 0.37189232902357 -0.752720146963233 -0.599112411826625
-0.979538804984992 -0.386876513640298 -0.74477399101726 -1.36079660584282 -0.774724743091547
-0.808035325766864 0.0239638503306417 0.884815255609642 -0.191706435985349 0.175473488076306
1.07640998562657 0.320185199289349 1.7738883380328 0.336773366608484 0.364487242752461
0.409063770664305 -0.236082908217065 -0.484899551051131 -0.247634749384104 -0.609096976058472
-0.667549745354865 -0.325220060428901 -0.0750103642813751 -1.23845038038217 -0.479289775827142
-0.536674016252402 0.160452724162303 -0.969281774998376 0.464938508327246 0.170999569621279
-0.676764007066424 -0.405094000230722 0.817403112784913 0.118604733669978 0.15726099664544
-0.196468881097198 -0.10473827236665 -1.21022555154455 0.261365257224972 -0.682163178990691
-0.131381386231777 0.250568650346771 0.461553842639402 -0.804121797217471 0.270494330988116
0.181053460594697 -0.244468599036503 0.0218618556189508 0.0916145381308054 0.212080993148819
1.04168380478411 -0.416960216390792 0.790059373560584 0.69038282568461 0.189056079643166
0.0983989349793474 1.05627807987804 0.311183765066721 0.208761702586502 0.147070966582406
-0.608609053672492 -0.457135614676653 -1.46987317811667 -0.937753145247074 -0.820908345071798
-0.00310337589048895 0.760781919620616 -0.575050430810658 0.274469568269682 0.391485684963908
1.6156160687138 1.97965124498724 0.561064502084226 0.463730127064241 0.537696929194523
0.66995815402892 1.41534503543258 1.20438819526758 -0.824287308614476 0.426436061608386
1.5348816443087 0.877840782110029 -0.995741808244863 -0.00170960122916424 0.449022511723132
0.734511643469115 0.876911285930741 -0.5588387935157 1.11584645259365 -0.0027290387992011
0.768481452882714 0.471485325318451 0.282820721932527 0.754864997206436 -0.0827118990147566
0.174335530799805 0.194232645658994 0.674557065563444 0.625672503838727 0.189491606144351
1.82754916892258 1.32352962782413 0.924191243318267 0.50697014644623 0.338619359596815
1.1020809055188 -0.284023489172214 -0.54592674643801 -0.485290210008473 0.344148574583827
-0.335725684160444 -0.461741611690048 0.0961552183697187 -1.13973974348755 -1.21569098451751
-0.0936306212616968 -0.423872323395693 0.0975283084533694 -0.921494177440301 -0.298461971780056
-0.698080551359317 -1.2176040441312 -0.470529576308501 -0.481705434533644 -0.931242131329532
-0.0642067086509115 0.322367780667315 0.268591060035834 0.907231290834811 -0.482668317169461
0.866008632606222 0.385060147049605 0.0470842259930861 0.810116535989839 1.00881838991272
-0.0873709798429044 0.671927244668833 0.0325517317222242 0.908480434674056 -0.313310310171733
1.27631315496208 0.67952975862452 1.33688511563253 0.43190959413869 -0.317336415001842
-0.0959964952045935 0.0116917770890325 -0.0339425315500775 0.16020087169901 0.389257689684952
-0.107354101583293 -0.776014784147146 -0.5526454342287 -0.653724365810571 0.283295516605582
0.447584092888722 0.648542809122217 0.688651473159218 1.09812693222135 0.542562322807569
0.0476635870358345 1.26166278681859 -0.220729093131366 0.155097505401716 0.0241410578411503
-1.64735194514276 0.2882569541853 -0.795061721182406 -0.812022148018371 -0.676821357741114
1.11132198856405 -0.401824993828778 1.07584422727718 0.341623104247445 0.501518867662629
1.10948284876681 0.312103950721284 0.109903906541348 1.06965885810669 -0.719995382194676
1.0457849483988 -0.564276362697775 0.125604635862835 0.419187237593253 0.311037945555487
-0.0260298470144851 -0.505284040233547 1.15870858633197 0.548383852458142 -0.584496909453583
-0.879869403333649 -0.735484451201933 0.0156456646345358 -1.07538644959246 0.48471028854159
-0.43338432042422 -0.0599499175549517 1.14373449655088 1.63428363102457 -0.171949880160926
0.195179740383321 0.665467064404565 -0.318057262668033 1.27467257389893 1.01593960017362
-0.625239102022499 0.180501209228075 0.46520398676641 1.1230462697109 0.0505937440462131
-0.347719536122548 -0.150384280896274 0.457000777481815 0.0494102963210776 -0.994344943734494
0.145580718188277 0.722582401591544 -0.15029066846245 0.423355255545729 0.0486506146180146
-0.125776993413942 -0.553317965339341 -0.774562060461957 0.991984007583478 -0.602614983389949
2.17821523105475 1.08643795093375 1.67746264441519 1.45335118358041 1.13677978586905
-0.000788130629481814 -0.256416677882718 0.5477946387257 0.293461596579345 -0.327185404159113
0.0986462584102683 -0.747008347880672 -0.622249224551684 -1.18310888354622 -0.207569171107645
0.0472341702514837 0.603696664362549 0.341652684586831 0.171568907545466 -0.471117858619088
-0.662383025219628 -0.139348771775724 -0.531372087041474 -0.937079725852427 -0.304940466857068
-0.292477849334775 -0.246533464485977 0.0217910543639426 -0.370193739758714 -0.501847293898201
-0.140168993098969 0.371327255006371 0.739311864636235 -0.465539208160506 -1.11958658763685
0.0027917500800539 -0.494457334762959 -0.486605401481968 1.29505613826843 -0.854219963886734
-0.947827614554838 -0.742999979595719 -1.22108298375229 -0.344548263274578 -0.284962999251413
0.30673841636079 -0.363009646248014 -0.937145959152023 -0.0426208602570618 0.727532515479195
0.688942453956235 -0.6461002950308 -1.08665742062847 -0.463471232544208 0.0299747947436728
-0.521252383070216 -1.01869151873825 -0.723482177934835 -0.701430331754388 -0.846287860478943
0.598509168874445 -0.579205604067339 0.619592119015686 -0.17190025119314 0.520569462630985
-0.136823743196386 -0.397426530629217 0.183286627191382 -1.52431079124368 0.542536181541878
0.628805675679014 0.733602460762685 1.58001657100179 1.56737954613026 -0.718876306789361
-0.227372802416621 -0.356259078989885 -0.685376723862642 0.29645681365348 0.282482857320089
-0.368480051815852 -0.523507826592159 -0.772493680269427 -0.728011525332058 -0.26852900484502
0.435709445984868 0.669225325542709 0.421804776259653 0.673689493432396 0.789123807284184
1.08333857861281 1.36258364407528 0.344564798459055 1.07910797220603 0.236543840693398
0.0220206027432576 -1.05410525651623 -0.826097521129982 -0.370442029848315 -0.376340309268466
-0.542714727998489 1.11011964544357 0.763323887432966 0.0569798732140746 0.319059883270305
1.69673867520439 1.00228339083057 0.533416587413879 0.477340489795407 0.80077763466422
-0.285111497899043 0.470503403084009 0.417751027398943 -0.614464173135282 -0.419736158037941
-0.537132057317527 -1.1193075548101 -0.434395155582846 -0.830321061908732 -0.330182153509504
-1.08340458084928 -0.712290949439458 -1.34816808684211 -0.405422299239979 -1.01708585813766
-1.03233821534156 -0.345140004000545 -1.45417032719056 -1.32989279959695 -0.629087766243372
0.261121227006011 -0.10207348583436 -1.09075046734003 -0.335268234636188 -0.536111100727958
-0.111551548715795 -0.461494755174652 0.0607414083622469 -0.310168848349385 0.306143080861397
0.934933224718066 1.05638719264967 0.0356096905522586 0.0450136193149609 -0.408330929285206
0.853211773773481 0.523881605539943 1.30223822987915 1.14557380891051 1.25438032345588
0.194791966831106 0.0518787243047464 1.05603614910723 1.18140291300423 -0.598746882211524
0.263563184199363 -0.592803506194476 -0.272508096066933 -1.47248550044025 -1.21984356568716
-0.526802389701244 -0.382014741471522 -1.10531109496493 -0.0259822512093242 -1.02327596756458
0.764340716334326 0.572820722153355 0.0127987256910032 -0.0323708123466953 1.25404686879904
-0.504819106507416 0.704357304878634 0.846040143910115 0.690272216096265 1.13582089787224
1.06409082894567 -0.338417939916044 -0.0930013872591361 -0.435818359978004 -0.158838408591964
0.473946124342321 0.372954479807241 0.012191309951989 0.749773125740359 0.613992608180988
0.817754768493962 0.646680056546408 0.0621696615419521 0.889416550371687 0.448805976471636
-0.450199657335687 -0.73912203397454 -0.195056499951442 -0.0145123756166373 -0.857476311640217
-0.879982111972062 -0.731023090965374 -1.05117258776094 -1.27025673615086 -0.728186661567439
0.00253185632941392 -0.768008880373116 0.0346015571513905 0.279733571568616 -0.341143141978177
-0.377739793945168 0.736082763597826 0.204431419523951 0.252791163433761 1.28627282386971
0.444707202086098 0.729998243498165 1.88757973697022 1.23434455571723 1.12992227150294
-0.248944752929708 0.956757481197568 -0.463724852411376 0.444117427472138 0.781024083891831
-0.566964790338749 0.428478435229359 -0.660240294010613 1.07938592790704 0.121044330122306
0.319082523909655 0.56449775043999 -0.309727074358842 -0.62506787064833 0.203857848821258
0.312324147484338 0.075101896147072 0.90301679122849 0.09203656142533 0.812601707330038
0.0988622179706169 0.668216815068823 0.1388261555218 -0.898247885298695 0.54621297843082
-1.55568842716757 -0.814826827124365 -0.333505205149669 -0.54133346096645 0.25052894893647
0.0986315397489515 1.28061255188498 0.466169621625372 -0.385540096330221 0.098244454613399
0.218008571588599 0.81819796906615 0.330783518062931 1.08689120603471 0.915390349012819
-0.238122756115309 0.095156812463315 -0.559595166547277 -1.26510111810794 -1.18979585544078
-0.488701916864675 -0.472056376007698 -1.15546153270403 -1.40357641965519 -0.938546697753259
0.680955665814935 -0.506863340860293 -0.465318691612153 -0.25059905514219 0.219760203033071
0.801893222264248 0.602104227786612 -0.00364702846085594 1.45156408793654 1.34425872485788
-0.607604838736117 -1.22937537902345 0.204422894646245 -1.18122141235277 0.343071224976669
-0.151815747077437 -0.0906506310696387 -0.0889985196266864 -0.444453717703781 -0.0374995186634083
0.958913746177238 1.22827027072859 1.02018436239678 1.52939237643882 0.723203549855311
-0.591760663943205 0.18238059821521 0.219548373035576 -1.06523487570489 0.416725007241982
0.739192504651189 1.61270723647763 1.51585537358004 0.714634385368939 1.59143290813997
-0.839868651791435 -0.466847398993885 0.266231904327565 -1.30054134765511 -0.408613324772673
-0.653306266288482 -0.941651638719525 -0.417638400268048 -1.3635707800115 -0.852615388992882
1.66018491246637 1.13994922312276 1.74902213731921 0.0561220134004127 1.06475074591639
0.667399678671661 0.222481079050943 0.273297178777406 -0.157104407701354 -0.295597385444519
0.470527628890725 -1.02791487008177 -0.620090453559996 -0.0689078843622365 -0.107046007689879
0.902710571991101 -0.499208831674206 -0.321544088098818 1.17433792914597 -0.388659510331508
-0.598676956311799 -0.380228452509991 0.211676563826459 -0.540275659464991 -0.885420116804631
0.799167700393736 1.12564661975646 0.464534081516379 1.63012070563391 0.554970075889314
0.11896159928718 0.354950273072259 0.789839716372568 0.760195355547195 0.532243667277687
0.409787425625785 -0.581703851322814 0.114433263081723 0.650686231280507 -0.0550908067217225
-0.293505103401321 0.377859940842459 -1.5508108210561 -0.5935037102465 -1.17929749891312
-0.272064666039685 -0.989126217959509 -0.454288287625408 -0.266113673066492 0.278875521315625
0.448421650841588 0.274603390052531 1.10563436487239 -0.00589067630913092 0.808182053109295
-0.0810934548365849 0.0980505824656943 -0.00385011639565927 0.361429599246558 -1.30812466920179
0.809068913713843 -0.738900796426997 -0.488325947877661 -0.822922245338743 -0.183833857914619
-0.423688491377239 -0.732749755398877 0.130249070368399 -0.443007766263682 -0.44389981800799
-0.144887792693912 -0.80236322300708 0.436656266718992 -0.633920722691899 -0.582658514702
0.326018111273827 0.527622624277533 0.247389808709093 0.978511234990294 0.984266923984092
0.16359173936566 -1.3063812405499 -0.352311779487543 -0.576820947460156 0.239959845496673
0.147781451754033 -0.77996369340205 -0.263774171788997 -0.194626419325812 -0.583776897966504
-0.347406648029195 0.270652075120485 -0.442293616579996 0.0379388134698703 0.472044841364107
-0.573389727212426 -0.13853168260887 -0.712306985246813 -0.31519416526461 0.332542342037517
-1.32442687503229 -0.639762980752548 -0.863028639365372 -0.755139435936043 -1.05552791269445
-0.114569612962012 -0.304968596072576 -0.177659286301331 -0.645785321196392 0.82564509037046
-1.1282411406349 -0.27368288342526 -0.152482837524329 -0.342499238011135 -0.636856366334571
-1.70391205402658 0.420403028692637 -0.0892213629951987 0.832260250867243 -0.859770833134747
0.0740774116367959 0.0601877128966289 -0.305515129202779 -0.138072909663664 -0.248595221570019
-0.535524742512719 -1.41269673126362 -0.211824902347342 -1.42390333110929 -1.09627861990615
1.50081802331408 1.15039753392812 0.561823916105997 -0.094315918994077 -0.000849027905239344
-0.273800051421813 -1.04536260591878 -0.625243133310258 0.375179020718623 -0.995694877141105
-0.42141124586725 0.476920453861822 0.324205416308915 -0.00552646499345665 0.548438991768864
-0.305275737315908 -1.20770224802247 -0.581303182426561 -0.597719665976205 -1.20205679177149
0.13153829682379 0.697364932313126 0.361218798122625 -0.23216075782417 0.425879006832826
0.419906086674918 -0.264290984317167 -0.238081981452711 -0.0509933833202701 1.1636188083151
-2.01863227498103 1.02424899082834 0.482922722122857 -0.829805035375132 -0.164333472253866
0.899007789364709 0.238380009931878 -0.574404168707271 0.441805913295388 0.679486147554251
-0.163697063004218 -0.960047844738156 -1.22430908955776 -0.874920572659328 -1.51298008998395
-0.485820134123879 -0.7986183115129 0.144010226325793 0.14404176989512 0.248778522473391
-0.516236204442557 -0.373915326830914 -1.34719232455887 -0.321237634657169 -1.27490841768425
0.0642143196290377 0.504120818949714 0.710745308098663 -0.606840740588106 -0.928539051256873
-0.463914160289049 -0.26736173313059 0.194125523685545 -0.166695619813523 0.319011620336057
-0.0215513172038164 0.395085101558658 0.58089599461719 0.0127294706110387 0.166541081722942
-0.627404435124393 -0.920210684305696 0.555682584125657 0.319590466013557 -0.6672263662661
0.942967766813118 0.697491752693163 1.60697931738548 1.02172321265093 0.363591433979582
-0.150671504781403 0.376414895075182 0.516706604894337 0.56843000261225 0.879524696770693
0.21671962687799 -0.272379927275446 0.52153811559451 0.194073206956431 -1.40341249130152
-0.355552409824058 1.08322181774425 0.449239741526165 0.362809387419634 0.493483973641898
-0.284242511855689 -0.118611302443061 -0.608115331763763 0.42174832647499 -0.761758794365408
0.607511593175928 -0.0794285196862968 0.102022631847352 1.04421614831654 0.759338097043721
0.538867847605137 0.227802958371414 -0.983210051541633 -0.561639681732615 0.11851225505925
-0.782792753407406 -1.22229931879182 -0.330528928551333 -1.36938305615637 -0.473168139230818
-0.541585622907567 -0.873855591815509 -1.57466366163138 -0.955856041157072 -0.107985520177076
0.861519073986242 0.0392336870133109 1.51557372231483 -0.313394645126864 -0.48333195629691
-0.520973702901553 0.121756709780111 -0.0715477861853069 1.4015886437664 0.770656386933817
0.900537106037667 1.24554356150999 0.39869171425461 1.29613869629405 0.592209913969157
-0.211892664248786 0.486854434918809 -0.111635831425824 -1.02815820487655 0.752713892917449
0.566183113380146 0.76316856164668 0.287460372280605 0.530507190728689 1.22453199846865
-0.447279610031281 -0.185028348772757 -0.228644588776927 1.03830602412693 0.60741423348036
0.0787308662561213 0.427569352157937 0.347440187321994 0.505520975148932 0.141077535810914
0.504393195364903 0.322184502382174 1.23987937081815 0.300516660400084 0.224865766901848
-0.216840635113602 0.447991429193647 0.19029702751316 -0.955107777090756 0.114682219796567
-0.732671942369345 -0.317150159222878 -0.23438185889588 -1.15359647809103 -0.638120355385465
-0.321862223350945 0.49034179514854 0.0880996922482508 -1.17939610457099 -0.0321563481462614
-0.352476807442422 -0.460350402715182 0.449777546485731 -0.85581124784927 0.0280114913641505
-0.110919907675545 -0.819746183317351 -0.394342314514058 -0.128514745966758 -1.47202342288805
0.570986235063254 0.421825169480985 0.732043262821756 1.2813271613332 0.612382849592939
-0.96695008985051 0.244812808559982 0.293351808523615 -0.467110808246296 0.228141235254576
0.315168743323719 -0.516250968978042 -0.593163140237985 0.33221628426444 0.363331740534685
0.977506675971942 1.34373030948464 1.13550521511292 1.29378241203245 1.59934567459123
-0.536364096133239 -0.366086918141149 -0.179761564408863 1.22653063619743 1.00957401429615
-0.653100352474375 0.269281130815386 0.130072304432819 0.00456853653367029 0.699991970212583
-0.699252212153174 0.0545118334815046 -0.477716178663931 -1.11109781938084 -1.34813996134443
-0.486335286912957 -0.309806685465009 -0.880979183733648 -1.22439859543282 -0.474471973157678
0.509363562909527 0.196296491880846 -0.312323907548624 0.0588409470180361 0.0227102630149987
0.770676436060143 0.782602086547639 0.876664647449898 0.454113666444198 1.43266618818851
-0.865469942467674 -0.485950887292974 -0.824457432205638 -0.177555339653473 -0.0764061394945621
0.705577408789826 0.371520177150199 0.940494874912382 -0.335865673799492 -0.63163284195126
0.233458636484276 0.756195862589777 -0.176385947597017 -0.633762546504206 0.5064657044531
-1.11629477502862 0.691964701300129 -1.20700697460281 0.392447464132477 0.41523751421955
-0.244396351697493 -0.893127058204989 0.524799958965887 1.2881005737023 -0.0413779032655727
-0.306751682703179 0.0972686014634185 -0.332632675071621 0.36519980751221 -0.00748171807578979
-0.370153499448879 0.526987447166713 -1.30714737362103 0.293201175801356 -0.0478751209282826
1.2708145316433 0.400127481114078 0.306142800937638 0.795295943693553 1.60296010690073
1.21166510711175 0.583634395768261 0.135774515722538 1.30373804389396 0.233034892325093
0.0193613047367287 -0.274129995077591 -0.168092945898267 -0.524490422514125 0.406691870724926
-0.508767012022746 -0.576768419539247 -0.182708157805339 -0.87859098376803 -0.00494148421934495
0.995726648475529 0.741069932075646 1.10618710972696 2.15799484628313 1.00275629768929
-0.455741224073075 0.470986347544041 -0.532539462115501 -0.778831641832857 0.649734807959365
0.246040760805017 0.502396058636173 1.02666478459774 0.0491665340813815 -0.297906643228722
-0.443781259465681 0.0753319170282451 0.252849745252812 0.0893550848948254 1.22748891732342
-1.69560631978739 -1.06516480114014 -1.50496830847492 -1.60341613315905 -1.08801967078456
0.301027383282247 0.2907240111957 1.00556054006344 0.220388674694123 1.00251318740447
1.19885132428434 1.45117919313114 0.436530896218684 1.28003082636197 -0.0522983414569032
0.120518979963376 -0.2578224261954 -0.57621039495754 0.140399011872487 0.246803359912627
-1.46230217520905 0.533490573419231 -0.639565399456237 1.10711937136459 0.488114908925458
-0.213331892383945 -1.05516575565262 -0.0401984771458961 -0.0602580109751437 -1.74829080608486
-0.421930500446834 1.15535114732115 1.15192580331227 1.16807193802687 1.28734930436114
-0.486585464472376 0.140741039612192 0.558392385425856 -0.15679665586194 -0.715835964864283
0.82930196298427 0.983529310330885 0.366153798720524 0.211977164176355 -0.57404494459299
-1.24001894972909 -1.03427159383173 -0.302292899290205 -0.208039108337759 -0.799937643686544
-0.536452136294101 0.356382202391869 0.670006118764264 0.800601635136715 -0.553668920243719
-2.10662701615612 -0.997601645769652 -0.303161114821051 -0.861522436639842 -1.18530656778162
-0.881962185186608 -1.44633575064983 -0.981034205545345 -1.08380228584869 -0.699861846955989
1.01229358606155 1.36661341077351 1.03809461938794 1.30620849601123 1.67064448135812
0.50115257852503 0.561480976350757 -0.356737935464106 0.468042734775482 0.400687615230204
-0.151969048326819 -1.0412570115717 0.552702136090604 1.05784674138365 0.0934999999184024
-1.46909949641188 -0.45292673339141 0.169643505930665 -0.218912435316179 0.13245578999633
-1.36328725415243 -0.469028900674635 -1.91912559439195 -0.127205098408147 -0.669379019920899
0.0643923908758477 1.85443890765689 0.389815386108338 0.836593900683855 1.68928238368777
-0.506364336760774 0.12411569894555 -0.484427498371534 -0.536145288926766 -0.691568806405375
0.774071833973525 1.11684179000374 0.669950917524744 0.413251713222499 0.237238724709627
0.703413229653912 0.891383792303518 0.826166692741859 1.01691564868677 0.607697719803565
-0.434374881018257 -0.766253593856755 -0.77662225736049 0.745433830474093 0.946572383211853
0.622766697983822 1.45947714802468 0.553158674511111 0.670340845682774 0.993120140768266
0.505915635378903 0.223022814083392 0.715181199706385 0.486710187880193 -0.622054823846611
-0.53549374510471 0.773646805893363 -0.0413951794510966 0.853321378837523 -0.279211147390542
-0.0814996434977445 -1.28970742800421 0.434305755447461 -0.785053266312863 -0.342176908232371
-0.0127171642412214 -0.417042173836011 -0.573349934998523 -0.261425573889316 -0.693412461474874
-0.247321992416536 -0.722197587359213 -0.153065766813304 -1.34650859943757 0.299828595621307
-1.34332814818684 -1.4628633190134 -0.729068718027397 -0.239615056308791 -1.01052628634832
-0.225427269206432 -0.352610193870297 -0.819707656946322 -0.391723053621765 -0.474803475226337
-0.663948712043563 -0.253455472461967 0.444214801722273 0.240918193649599 0.0123448178298556
0.19766354482187 1.23874780669668 0.28735023898829 0.324499663431695 0.275391682290805
-1.40175789175044 -0.815877979220133 -0.649609675162593 -1.59082519596798 -1.14834650177079
-0.819382388831208 -0.331289532945895 0.00935132874544782 -1.53253027281615 -1.04359237732788
1.27035429844897 0.907143892368577 1.33068275632321 1.07361347282185 0.317382001017105
-0.83591208852694 -1.19772059040279 -1.65888328679234 -0.987991525841432 -0.0713619228897112
-0.0940681797663998 -0.542819232352867 -0.614491399819605 -0.0227437701611241 -0.691494891498062
0.323109993665645 0.512396043569051 1.30904690576383 -0.594974725579826 0.453974363578961
0.208649168431341 0.914020213935234 1.13924528994368 1.53425607555611 0.586798515112215
1.81369621471976 1.06402225294964 1.44774950765179 0.217246993929382 0.578254082393501
-0.363483690466495 -1.41180829005746 0.039450590396264 -0.0640976951780254 0.968695389546392
0.480646404875675 -0.0658222750965883 0.550923164038301 -0.726079119670904 -0.885994085916618
-0.797599317489621 -1.3848754947259 -0.0842773719589204 0.536876070263003 0.398731257891168
1.17079504188785 0.31012146596853 0.52315127547599 0.509186161709982 0.76799998684264
0.320390904660882 0.549533262265444 0.1002507626193 0.66609505869721 0.726372593213967
0.276974426033881 1.23744582657911 0.290544755697648 1.43694260477947 0.934256978769865
0.190144150215124 -0.240372335677209 -1.37525840662962 -0.768335834963444 0.920179324087012
-1.09472755411038 0.18870420318433 -1.12435486667294 -0.200973884354788 -1.47772712954034
-0.560623795668898 -0.445501521511583 -0.927435199557737 -1.18523823596644 -0.270593633457699
0.883057362841022 0.922181632563071 -0.383879907332561 0.402125026281395 -0.0371129763575362
0.885658041412424 -0.130592191647717 0.247145162132813 0.371866683737638 0.238579112065401
0.189461419648215 0.263045249731361 -0.50024924219228 0.0737501002497538 0.085381043825854
-0.330045996473109 0.304751508218627 -0.393548153277871 -1.49343403922252 0.385262986822117
1.45162972630833 1.47017378315156 0.566499537794603 -0.329554179294352 0.675547260359479
-0.503976130748095 0.318196236082783 0.471470778249742 0.590731280956931 -0.100555802479886
0.955630210021914 0.130194453359383 0.409670184894991 1.6667756386634 0.884307473776349
0.338758079811372 0.963349710989046 1.21783286285613 1.52287071466626 0.588905829243734
1.18197657427625 0.827649011416242 1.53969426492063 1.48381065881019 1.3207760415532
1.06406232558044 0.464658996873606 1.34703719836104 -0.0466826496784888 0.255037650723134
-1.7090615728003 0.325503316721668 0.357082262808448 -0.787492523330538 -0.0578328776501919
-1.03322778985212 0.173481320303002 0.0172746415423083 0.255476749649516 -0.41468602901397
-0.976061112910861 -0.654908505762317 -1.05679722253939 -0.786504622548994 -0.472129689338839
0.941196326881737 0.159760838353166 -0.113400773492277 0.541966888728959 -0.381279931500096
-0.577319478987737 0.397039968946011 -1.22836215434816 1.19374067427629 0.243942840930888
-0.848373918166797 -2.28220233606106 -0.652792410196851 -1.36736577359306 -0.687131630745215
-0.527981474976237 0.426798408035788 0.168309958418847 -0.205185229825419 0.145755661658666
-0.630385282784821 -0.304639069586378 -1.39039848382953 -0.746617176638025 -0.470610459928937
0.835060374737606 -0.98534732258248 -0.998553528465628 0.839928537495568 -1.79495402306735
1.46906300591831 0.0382050083232342 0.279417478935183 1.38165753152159 0.295876957035167
-0.193409350980049 0.450846429584697 -0.618396503612873 -0.575048173216234 -0.791221759487743
-0.9574613132834 0.185040883555942 0.228613499740035 0.0418915879647238 -0.3631588294525
0.991066457414106 0.212083461648045 0.499133447368698 0.284687054549679 0.665274919668992
0.548574961806706 0.394046350007504 0.0556254033773147 0.85253556236899 -0.118176552861356
-0.120602556256681 0.998190733474858 -0.253179480201127 0.647378370238396 -0.690777675891406
-0.056608073730062 -0.615739908364718 -0.104761487712817 0.317339355990729 0.290399499428305
0.100475676703614 0.276787568415583 -0.44270985931242 -0.911732578372297 -0.604670499569926
-0.384149584651333 -0.661320140023191 -0.553982987488003 -1.19356584106395 -1.17522518665359
-1.62200192587686 -0.228086116659539 -1.05296811744811 -0.330262492032335 -0.378801846378003
-1.36895239189059 -0.624646171303385 -0.774477339861719 -0.326312884501552 -2.05388088456182
0.474627100010161 1.62360154689442 1.27071927098468 1.49044919935015 1.59108823810066
0.05402462625577 0.00810279175284193 -0.505821517335296 -0.154907073632407 0.781165210219324
0.747266613599343 0.403916735160098 0.0820028890855193 1.04935440783455 -0.063763606483412
-1.21899009877084 -1.36279276197363 -1.46545338316535 -1.79133428646111 -0.702921782402891
0.857868241136194 1.48008541236486 -0.60404756602195 0.32544804839178 1.44633710893863
-1.74491664158634 -0.746753185316512 -0.475009297496764 -0.788822593422748 -0.985404033855211
0.483366337737178 -0.167745545537483 0.858019859039379 -0.83291653127421 0.202615276985187
0.714816951082653 0.37871985440752 1.04939261194519 1.30909634726538 1.79110904663247
-0.0625957794211377 1.72850255487845 0.460831199928037 0.751080188777341 1.4680247789625
-0.248049567477463 -0.766047052815149 1.19046193219839 0.266895159002449 0.141404488089837
0.412913721204874 -0.124563654523954 -0.102560819635113 -0.576158497234465 -0.0744261927353881
1.34367459296707 0.30284220475007 0.721550423295917 -0.523979851911489 1.58688375306182
-0.508359488376539 -0.825197537352281 -0.648954009905319 -0.874611870978062 0.561808829406825
-0.151761176236967 -0.0131001944744085 -0.473375713704814 1.23099912003534 0.0380867967145171
-1.23536570598571 -0.746349607478519 0.487385731904507 -0.389916484762817 -0.0175216748564557
-1.16442123038059 0.316728961640823 0.292395806167107 -0.872538929916054 -0.436307385067349
0.246751963152748 0.0366366796417282 0.517269599249919 0.57879697426581 -0.062190040386859
-0.0455918925830808 -0.13389729088053 0.206692929644548 0.226243168650689 0.364199176051127
-0.139567729293108 0.720020053977105 0.0939016818560595 0.410856556319437 -0.287012895244837
0.368655808772542 0.239398343850245 -0.109474764093438 -0.0472287652799613 0.568120325669776
0.470786442326988 -0.385199261025607 -0.230569112363669 0.407387229137473 0.476342405135288
-0.161053679300546 0.0299672148629028 0.177677915879097 0.561133307607992 0.970338487942238
0.391376405028295 -0.533020217670278 0.054703491350808 -0.567162101601626 -0.929261128943647
-0.54326278142731 1.15608604207395 -0.312512335441303 -0.179503711907536 0.266008446196627
-0.122232522576104 -0.344922874869135 0.734514310978033 0.0707078761652165 1.67073883400872
0.489792013881496 -1.5859084442101 0.446391112894164 -0.437358708580089 0.600000479496122
0.417667995329051 0.998368418001269 1.20873763886739 0.967927388228334 0.621933795302163
0.87005803762305 0.132381163999756 -0.173502869050213 0.251881255488193 1.17623235523446
0.932635049612109 -0.0543456609377645 0.918816515211804 -0.150594091606086 0.683501210555994
1.19473339158109 0.434306337020163 1.72619147947993 0.498643384217035 0.729149294214041
0.352191567383225 0.683489386503439 1.21399483979304 -0.308011374220971 0.953465884334886
-1.46974554306468 -1.28689339371561 -0.561333629017889 -0.854989968161124 0.172489149978834
-0.308835241223747 -0.591702322972958 -0.754026915878959 -1.26037326976393 -0.383778834432356
-0.221196195507077 -0.18755187130676 -0.342855616122478 0.0563056476504906 -0.35163268876909
-0.201946571128506 -0.452606725288822 -0.599146632816377 -0.593348483890605 -0.287403451291131
0.21595115458091 0.501045556753307 -0.422647748907007 -0.157252499008896 0.242677985918278
-0.152928125998872 -0.304955811204954 -0.611677409858598 -0.0744598486029816 0.731024042911202
-0.285159167666057 0.577057032911338 1.07426018215121 -0.249789766014799 0.928434370410722
-0.671442160426225 -0.670606294595131 -0.921026109173997 -1.02587482055914 -0.54826031327903
-0.0276922660913037 1.24964772821787 0.493017491883376 -0.18733524507514 0.703788218430736
-0.844995481923449 -0.848328473781544 -0.114721523056818 -0.461165140379633 -0.57041688638675
1.61469279136069 1.19519478135594 1.05655717122229 0.666264710499815 0.175774742708362
0.502535085311094 0.247380012305896 0.708248400580921 -0.491117099428855 -0.0546472852189578
-1.02480228933642 -1.50628531043624 -1.02880793288829 -1.25135390760069 -1.27578514004291
0.832363812565666 0.0584355020960516 0.404415173088112 0.928899186321283 0.1208232232847
-0.0510843680968577 0.734775997377198 0.338445190537239 0.816317416243914 0.14256506440489
-0.750674507483972 0.297414851761091 -0.899876342321586 -0.819247584474815 -1.5185891811433
-0.511849035886352 -0.531327173791243 0.0501807782220891 -0.421065456597069 -0.202742347045501
0.0988613370021565 0.343897009804699 -0.106911139151872 -0.698203776064768 -0.336275834391367
-0.673187666964648 0.446939859166188 0.258648828942531 -0.722992908554495 0.0113613413834421
0.751748505413015 0.847275853538436 1.10238991471918 0.531436911567919 1.13203993014086
1.19543552369919 0.436242884447477 1.16905284424602 0.386132608587497 0.231898639937923
-0.0783161322038614 0.572261269394769 0.0849539918561997 0.393991456430486 -0.677366647827811
-0.376730760788697 -0.035171433430794 -0.206207233626489 0.0195416755064825 -0.4229024459409
0.270471191553775 1.10298301119854 0.945535271425699 0.774927898383499 1.05310594251456
-0.566231262603524 -0.663159165098857 -0.309832673158627 -0.112209642540026 -0.848243057473014
0.537751295893111 0.587072378167779 0.459182791278398 0.109478586127657 -0.437931984825195
1.50257995893514 0.85270912132043 1.21109199843945 0.471676765137228 0.481978817912206
-1.33570324297366 0.992677571070943 -0.319239050546984 -0.699885185012896 -0.0432259913334221
-0.809440567654512 -0.751284802652936 -0.310407851676613 -0.541629414805365 -0.450697468890467
-0.654033445117015 -1.30820810471791 -0.680486413861809 -1.52661380674533 -0.482615281752499
-0.500407025293114 -0.766093554283284 -1.5085442525949 -0.0717890611768148 -1.20338561878187
0.656546000773622 -0.279498577479026 0.674491489242988 0.581623218954959 -0.18244671332988
0.546619045391454 -0.0645981259270239 -0.109245082315134 -0.180764078051769 0.78043996774821
0.270837027658969 0.399101480054329 0.092778396563882 0.286470281151455 0.562145371054919
-0.539967773055665 0.228975974090805 -1.00382836265114 -0.0213223396897494 -0.855937519592888
-1.4220839415421 -1.09174727270933 -0.636594945290403 -0.76292727590612 -1.33290747334882
-0.425805645857502 -0.570649540019174 -0.249869040343728 0.226418328238537 0.165556288988924
-0.428594108224727 -0.0731918321413745 -0.336202020396901 -0.486262758239303 -0.737600554814384
-0.0130753908355598 -0.216040925883715 -0.787310197391017 -0.216526529672277 -0.234059540301735
0.054204747468271 1.2987413194323 0.475098218903329 -0.190903125759509 0.120032312307354
0.621687027714911 -0.162659716778683 0.921659690005374 1.49787999069046 1.72585676386109
-0.398659013778967 -0.838646289901143 0.31602016691287 -0.278484459377493 0.50754156997339
-1.08289233795859 -0.702755537689687 -0.474418399180957 -0.169599377721947 -0.463941218944639
-0.228609131181772 -0.19574770357865 0.0180412256109124 0.543979564321955 0.49782212204836
-0.487251417258433 -1.36385044609144 0.207336746413949 -1.31123136138961 -0.525567944168404
0.687714147534459 0.581704407602575 1.1146265932668 0.336839599760148 1.48406913989917
-0.770240964391891 -0.168427741403372 0.10284556570643 -0.539561731393175 -0.552894942907075
0.0287641361558393 -0.852882725200869 0.337454558543273 -0.240364780788106 -0.250625881113405
0.253470943311643 -0.323473031779541 -0.0197512555757993 -0.843324286381195 -0.0840658554967658
-0.421759069133221 0.431604757468416 -0.266512789124828 -0.635454275372947 -0.0608550982984063
-0.323982049628846 -0.371585654241152 0.388730361111191 0.491256469945093 -0.354410354700869
0.587387621594186 -0.012008871633397 -0.343094630850449 0.281991165229799 0.11999254091129
-0.98299386047906 -1.12758456390347 -0.325725324435845 0.121013936359502 -0.526414792446773
-0.710969591210699 -0.649814393378414 -0.699719885502744 -0.714809393327367 -1.55580544241139
-0.133252873143692 -0.475363608125311 -0.912798352517669 0.178939177461039 -0.0643198975250449
1.08401933652514 0.339623312873455 0.797876369968019 -0.191638112220192 -0.990997603105351
-0.646458539207287 0.285016841430194 -0.173042791369289 -0.386300998425451 -0.800911779904651
0.36528030830088 0.304839841738566 -0.309770570647193 0.703272396308138 0.529186708151834
0.790150120296868 0.499862256756496 1.12599759186416 0.808500390054673 1.55516235762146
-0.423280484164806 0.0650247247986068 0.469482995985376 1.0538374827887 0.951943145853097
0.869242846250565 1.31197366207368 0.926970586469968 0.585726628029345 1.68392283760542
-0.714394382852625 0.227954441782694 -0.78406948644145 0.60031007111257 -1.00508687681414
0.332815576054682 0.67898881595059 0.710533230158927 -0.758637949029614 -0.555264761044875
0.951173056351956 0.749140539488007 -0.483887432921298 -1.40111047428989 0.125589830395064
1.1966489234259 0.77416634621816 1.34897518113241 0.940088673369178 -0.728973194597628
0.0741145647230665 1.35627973738656 1.49810230730718 0.588045372500768 1.12290814978173
-0.739766806175461 -0.70520896219216 -1.34130249891751 -0.462637072602502 -1.99302711714078
-1.36026185371308 0.354947028498046 -0.018456274329771 0.538420098886294 0.161735556142798
0.47999448538823 0.355880288115824 0.606321695509924 1.14571290068615 0.845294811952888
0.767941962086535 0.384500123525706 -0.467703629179392 0.106630769152518 0.00990448777623001
-0.430540818664613 0.244401283342409 -0.305806554840979 -0.518054875684624 0.268681900598593
-1.09173524444711 0.830825824574141 0.249077232501622 0.37878583784669 -1.20058898444586
0.427377274891341 -0.401953421241862 -0.32002156593834 -0.446291890234597 0.114995866055204
0.409064673316548 0.281872150955558 0.721789075347325 1.04305702633628 0.904224105948372
-0.918089371532677 -1.0529483647829 -0.697981281279071 -1.29378644226329 -1.12603135908432
-0.477609158982152 0.0603432710453576 0.150270473260321 -0.265361453316658 -0.551884820827099
0.206777899196486 0.294592459980315 1.00374992736424 1.12893346701139 -0.267759516274867
-1.24387985976048 -0.467254420458792 -0.793270897481865 -0.238896118782255 -0.986843967401535
0.360270423147931 0.305062131576961 0.635902468594285 0.478170703690997 0.621126890057792
-0.258153699076885 -0.699694058584022 -0.324142576481039 -0.322067995821735 0.54886052540004
0.38926173807882 -0.349773173696353 0.432134976380923 0.530330739549567 0.739136934822217
1.3707166399589 1.00547486574011 -0.581356126035044 -0.244099471035388 0.655662214218808
0.52911093410757 -0.384475644011172 0.0901666447511662 -0.918063474193249 -0.718526764258534
-0.382970673372 -0.567314030921842 -0.209077497347479 -0.356699125339009 -0.718836765539332
1.26872306774168 0.0143282592624865 -0.138521274683925 1.35375635389413 0.0526737231106386
1.03755098946054 1.30954406150184 1.20710535294423 0.859886750849459 0.752581180795126
-0.507674455772948 -0.842481628385942 -0.123106373891718 -0.289925817010606 0.140621295896487
0.61724912644973 -0.549896231540085 0.182883382081667 -1.55954594811071 0.272022970252808
-0.848879540505329 -0.114348307923047 -0.0846516083368437 0.0876304353658427 -0.690424274558087
0.482826509739767 0.0342388787887474 0.566958131017221 0.735336795078993 0.613976589831483
-0.0128596832221427 0.273830905367527 -0.202809276328291 -0.213055671184949 -1.17099300694727
-0.061127796839147 0.157175132124768 0.404806540271798 -0.819825634820747 -0.285662341992145
0.794443666312739 0.0838174266208562 -0.118723391809287 -0.402151062278199 -0.670394429385172
0.236811299709338 1.32123932045016 0.366027833066779 0.637661369334439 -0.448376363310303
0.0313052970107715 0.365389380394097 0.107391431504873 0.146174472206748 0.809156903153475
0.0669733837334146 -0.571514884547569 -1.0169484390481 -0.381578161362864 -0.619923870745662
-0.596342592036752 -0.6965718688344 -0.54496678242103 -1.51019776118881 -0.79035274372452
-1.1974585281751 -1.36891887751792 0.631244489801492 -0.173960024981026 0.615604119327109
0.658150048711788 -0.0277224667936931 -0.420195740329668 -0.138971961378123 0.402476565008081
