-0.127879037442909 0.205427758399112 -0.511524207631855 0.834904057719174 0.40305731891887
-0.0458239000266931 0.619998144800969 -0.0295823283607794 -0.556437920457792 1.03060779055319
-0.512748143258668 1.2838696171661 0.28512171357082 0.512849855366503 0.419222365430836
-0.308525165851784 0.619791082332637 -0.289683201782479 0.0275613373077447 0.167165059540387
0.293604096039163 0.147879688843572 0.572277907706509 -0.0923615317551723 -0.536211659169495
-1.01452150948517 -0.196352572705055 -0.146228258339569 0.625358125114914 0.358643579579466
1.00689916048731 0.052550617520235 -0.483553702643531 -0.227196365188258 -1.0227424379049
0.269191056118277 0.597299187007818 0.0544377796882214 0.536098362556245 0.081061278590894
-0.80544995502711 -0.547918937172952 -1.31721257591167 -0.684791073825921 -0.660011216094701
-1.15204510248139 -0.437862517419076 -0.964830447432466 -0.597719954468335 -0.332693578175819
0.124442970812313 -0.518004593257377 -0.635497990306072 0.270350840199367 0.583774891380889
0.860750115619569 0.430364795637927 0.161616551823292 -0.71639579455348 -0.707842168996532
0.385744314736386 0.460981440214366 -1.35858026111638 -0.131897221344516 -0.732144478190282
-0.0239160910356924 -0.267437538163497 0.536530556376909 -0.399811938854079 -0.994610123978997
1.88930740355968 1.36791789962741 1.15138097772873 1.4577006750978 1.30776217981786
0.369149449935239 -0.326754318941593 0.0921880856915462 -0.832045503478921 -1.19634618882824
1.00004880680961 0.243864486277754 0.527251396024432 -0.65148735715258 0.578178321759551
0.0274944324415269 -0.79699182229357 -0.611539936999216 -0.831664113665893 0.210014233354243
0.869244094213881 -0.0598993813883454 0.0776811017459098 0.43788327897949 0.576902869275621
0.294317173326483 -0.00231190199059099 0.0942352033849317 0.242724354250951 0.524639269674738
-1.20466067422639 -0.725301740989244 -0.188810175499354 0.0446515983190525 -0.762376465879965
-0.757939456871839 -0.350743034986303 -1.4635630499531 -1.29595505304759 -0.510508675443373
-0.0297553928515066 0.645690331377449 0.250477144757988 -0.170555578965246 1.2800964335429
-0.714345907824351 0.831723496274618 -0.0827715701878896 -0.620662276810585 -1.16892915069292
-0.304262352805655 0.905853634738593 -0.727996287582766 0.694019917505583 0.502877831646114
0.745392820660621 0.877672464100245 1.57505315309817 1.28473744994793 1.10358116234323
-0.115555771856104 -0.700290052058027 0.658564275197296 -0.308111653240753 -0.298441438561296
-0.564325388530117 0.761514886186736 -0.536010723249122 -0.087203915679637 -0.159270147426818
-1.46053365149322 0.848653858847816 0.0863390014079308 0.101185591556815 -1.02975318401378
-1.09372579011676 -0.842371470183351 -0.676442175454833 -0.587324195552911 -1.53832735663916
-0.887819345559748 -1.0658151596078 -0.86180932694612 -0.920164056740789 -1.28655095207298
-0.0204028684823395 0.0521718926089654 -1.39505793841791 -1.11103918236421 -0.545379253874072
-0.266282476509584 -1.14729944039821 -0.222015373369463 1.02930343345591 0.86251737273215
-0.49067601903467 0.236493957257274 0.269984210595237 0.787377534928593 -0.539475340311609
-0.870720055206955 -0.344550540255614 -0.194949684505455 -0.143910527669002 -0.229343116354003
1.19506119558868 1.90655183009529 0.314323247544116 0.253327373245672 -0.176736427537488
1.41828752670851 1.15823041063714 1.48289738807054 0.561303175945372 0.813887086366432
-1.42587674110654 -0.0386975932961746 -1.57802053249822 -1.04451758490311 -2.036206409609
1.12535152456324 0.193581567033267 0.419023575402666 1.25828852969235 0.541257109454308
-0.624620268764206 -0.446503398194512 -0.533958728818935 -0.477333245700553 -0.602093689193856
-0.325551188927995 1.45706924601261 0.134886796365806 -0.106238633225543 -0.991980866264396
-1.32398356630553 -0.0839824253692586 -0.893014397786786 -0.664012044487069 -0.634709539331972
-0.587368426043551 1.09030385386079 0.608774179319661 0.16251964072506 -0.0666904448511237
-1.27606091043668 -0.583885995151023 -0.803014772433617 -0.00305525832897325 1.12303809451272
0.0603913990652495 -0.160975677847981 0.427988523405901 -0.0185107421282323 0.280316952492792
-1.03753722786672 0.184423739479128 0.167871875287952 0.501833690503098 0.349032321162908
-1.37200639962074 0.356737151768083 0.015562176671367 -0.269534278347961 0.208706570264752
0.636541494777228 -0.344900904981327 0.0285069944947374 1.15181618876466 0.987479357567727
-0.32852868127458 -0.13909192063467 -0.90378015293053 -1.52828781664059 -0.0487384012267922
-0.626687711627663 -1.32320102663142 -0.88522636986511 -0.609328029149341 -1.16629799038089
-0.233431681566055 0.128151282450276 0.752861724488839 -0.550853861753928 0.521819673388437
0.896698192647674 1.17854198768401 1.16726884972673 0.62960198058868 1.33601261261448
0.859820053626903 -1.37490158399926 -0.873428974545452 -0.038242288169174 0.702073935587965
-0.0694998663233635 0.306498797084743 0.35063478662138 0.317317182442945 0.346670243436114
0.383464718634508 -0.639663717524863 0.6952149342472 -0.142652548669715 -0.8465550501458
-0.653491371964948 -0.887378709389805 -1.3006862411733 -1.31326392966002 0.177705515772093
0.136992449500675 -1.212487001219 0.786717489195886 0.512731803212113 -0.863492177313849
-0.0783774114753719 0.160445836806265 -1.27369151392753 -1.33322492782841 -0.45600461919799
-0.430356265380787 -0.340451022211252 0.525213575033849 -0.166632865217124 -0.258570629560009
-1.01122099002451 -0.918841060453524 -0.537913732412718 -0.571524920091149 -0.00812153029964029
-0.384675083494862 0.444162760620257 0.859942785402011 0.31608260214177 1.20483426652097
-0.785153283185437 -0.180064795387246 0.544605367975776 0.200355648389167 0.45547814978233
1.26340185883436 0.586738889234195 -0.266957374736736 0.546067916563624 -0.766146610403788
-0.198324919807307 -0.309796770177616 0.0583764718508 0.419691932043345 0.382207370300143
0.497221186533418 0.231485748446413 -0.492478507375681 -0.430772679399392 1.12421127860531
-0.854513398575026 -0.937657930812031 -0.989979682713685 -0.609813115396347 -0.661843666197653
0.351139107287248 0.286601269463097 1.21021149133141 0.369947976322414 1.49951221411353
-0.124853282273645 -0.664419601990355 -0.710744577740306 0.58295241928894 -0.111140219144916
-0.797664654870927 0.112110845655142 -0.702915269316638 -1.07378982919962 -1.89201418354629
-1.43297920902376 -0.336532859304128 -0.00360654732276604 -0.517282216568253 -0.910389095611018
-0.108709149454243 -0.595659379366513 -0.58911736611005 -1.70462561450888 -1.28692829565722
-0.36975506477601 -0.983437002437521 0.48974602913644 -0.554914843041111 -1.52859120622566
0.444275547742676 0.461201657241695 1.69403974068786 0.813552976864993 0.593892707201633
-0.463930925041039 0.0664466044820103 -0.723240874411491 -0.139426381192227 -0.070121931204742
0.0658990734177872 -1.20817125116381 -0.291396111662566 -0.533485967964786 -1.29324763957764
-0.49865201623948 -0.193037779694364 -0.243778602139606 -0.291967854078847 -1.3270583386775
1.60515836679197 1.40326181351915 1.95219061676715 1.60625329852725 0.904375759725471
1.16490545453787 -0.229559904928019 -0.647892160294214 0.580755087833512 0.4294613802219
0.236454670444464 0.491133033842186 -0.292578077256129 -0.247220348978423 -0.187226119768603
0.183931839404431 0.599940982943553 -0.283874735056444 0.664607465190925 0.534756221457118
0.557488957986376 -0.0167375179687318 0.0527648203320846 -0.553260873066656 1.04189374645564
0.11467380334613 -0.0739116477870337 -1.49826077028921 -1.02129085187713 -0.41290951755853
-0.116695913371461 -0.687410531009332 0.0744158979309224 0.691582601122459 -0.223707638225012
0.0379059670590452 -0.0543640563608763 0.229760219634881 -0.201569716574438 1.11741903843586
-0.560637519143141 0.896254102674363 0.483511787628121 0.599977184819572 0.503271383834784
-0.306563953526128 0.441852939447525 -0.10334787326082 0.025846332075228 1.24524412524183
0.68934207529684 0.998742535311314 2.01707089502236 0.152968529145028 0.1719650376775
0.939791734966439 0.66056533592196 1.52184685440185 1.54107230954293 0.403209757563614
0.052115000408779 -0.237339450457375 0.736369907800099 -0.00788959526396775 0.668765695547179
-0.191750762381076 -0.364780231404479 -1.44283103209057 -0.85457523417192 -0.797649539694308
0.782621800558012 0.0884120168526102 0.643837371816945 0.342548902800081 0.451627595518645
0.170799379949704 -1.33452081809447 -0.260069758667406 -0.641786347312222 1.38966944502026
-0.351617639470444 -0.605234133113476 -0.92422097190294 -0.425535935005974 -0.137161669930268
0.47323679653029 -0.119026456478812 -0.0909139250635149 0.729899723662867 0.355982064009743
-0.399896771827725 -0.950004126882274 -0.84392117785742 -2.29986057001452 -1.36927018838481
-1.43838745834971 0.44518635060111 -0.659281906808776 0.561101332884298 0.991870773939685
1.04247050140527 0.188716315914317 0.550650979660778 0.82187992106584 0.692411703261943
0.177645560934031 -0.900644181767518 -0.726102578271016 -1.60701867597354 0.194059899109311
0.252161272659672 0.759486158663997 0.0974303463465791 -0.451862054371866 0.669378460455642
-0.750207457627044 -0.160691979536209 -0.696164686937676 -0.068120457183706 -1.14643139434416
-0.0233437533737095 -0.430735512851547 -1.25817265685242 0.521516574911206 0.0828538542574954
-1.17328285138331 -1.94103253206325 -1.38361183258789 -0.381456736103862 0.360034119313574
-0.574774944799564 -0.937055044741651 -0.761030209930823 -1.07144930345413 -0.303575594186679
-1.6254144999584 -0.85149728115422 -0.379317341436214 -0.329292913357218 -0.578029170567689
-0.42792177739513 -1.17029055349877 -0.70622480222533 -1.3077695911706 -0.249880374430945
1.53225891627655 1.10125642030118 1.06989086018679 0.845407895351418 0.328100828525164
0.889988040179872 -1.18801405383382 -1.10288046628428 0.395032364795407 -0.231305049462627
1.66320640983879 1.45252924337039 0.367912190698034 0.596526333934078 1.31634338914238
-1.51932121355812 -0.119607057720733 0.266500156610026 -0.704783367592555 0.675426052437868
0.719991538382198 1.28683091095584 1.18927976895365 1.76160262700856 1.29165248922232
-0.701106141896733 0.300418638009413 0.13831726705608 1.3117787160778 0.482319830739994
0.361528693906515 -0.156503713234792 0.764997924911461 0.540078031218432 -0.537201428127307
1.32374738576519 1.05992222601735 0.47374898189914 0.853348288690858 0.574354075704182
-0.130629644565082 0.0987708159810667 -0.745287655058803 0.125537245811811 0.0818077043078868
-0.587232204479159 -1.26780964902613 0.903385410656622 0.369867256995846 -0.649814934711175
1.55350176994521 -1.21692706575939 0.16241218188156 1.20413705577781 1.21515812692464
0.358674970491548 0.153216742156888 -0.606204928190211 -0.799032225998089 0.459776835879202
0.445755255418807 0.660691836973425 1.24334973255728 -0.0935252911260924 -0.0737676868568136
-0.263280792281546 -0.0939243132072671 -0.67011909844468 0.670546297870653 0.872770448912545
0.174710892775891 -0.0253966095785778 -0.317807534451139 0.145449058286572 0.502010803532483
1.18599182155629 -0.544930992126428 0.93889632700625 -0.0768901582968066 1.01667835353873
-0.0387486839473885 -1.17261070122132 -1.50607839530267 -0.708290881129374 -0.730653477046855
-0.285006630485401 -0.428631503779994 0.648345985002844 -0.226215770474678 -0.305461515046398
0.210431997411581 -0.273973917435655 0.70264367829863 -0.0314883850566925 0.0452373628739114
0.277201285685925 0.348460363297823 0.769257060920552 0.0814198777956744 1.49590468928744
0.0528713463544891 -0.894091854578401 -0.618570765308849 0.427977038895873 -0.460487516252978
1.24356620509251 -0.25831768226586 -0.601688624689887 0.561663429685018 0.418058710061371
-0.880630332855031 -0.0554239007556036 -0.170305964804298 1.22670575133873 -0.347475515327309
1.03222776294601 0.445184411235318 0.667326433163899 -0.0987891559864565 0.238200392709776
-1.03536182429731 -0.795125678015107 -0.891372575533109 -0.693826287197705 -1.49447269429786
-1.13644232896005 -0.594149232592133 -0.724493337036564 -0.435998895995017 -0.734415950105379
-0.210425780311852 -0.0149178904057893 0.487489760739449 0.498131692910961 0.0949238960992488
0.25143793441575 -0.568780377741398 0.377294581834606 -0.176901511496658 -0.0661892156239041
-0.980995595470726 -0.50818962854436 -0.932096582063908 -0.498621843359025 -0.70918135089804
-0.640692270040644 -0.336655372854886 -0.807523164686651 -0.605479135571873 0.138841591741157
0.680198138807733 -0.00289235347919567 -0.961759787463005 -0.74896463293104 -0.868114925232653
-1.1352130977174 -0.753383329459363 -0.597193117698358 -1.18637138582304 -1.54083417079247
0.174464665295838 -0.428719712745854 -0.981060573257817 1.72665092024088 0.472450649232859
0.166081972609104 -0.180373575201137 -0.571170416368237 -0.903745801703742 -0.180153873110961
0.517371924234236 0.148372708778273 0.293350203076465 0.229474631388593 0.307107662252914
0.407392001614468 0.0137532148202412 0.483854614942339 -0.446263702763747 0.854142016411523
-0.269012263033851 -0.895182563449476 -0.104016300930992 -0.0903130074170339 -0.313926740828609
0.287128919173307 0.792570373788389 -0.465834561973321 -0.289460949460133 1.11254432284871
0.156434172329184 0.314100474488475 1.25051415218195 0.951452562594243 -0.533206198486927
1.01462903926903 -1.15899837712737 -0.927842259660199 -0.0210257440165157 0.0216116804752616
0.107525077870255 0.801039149478961 0.0380424184265318 0.519960669562235 1.65197626617322
1.19067334354212 -0.0473940733354465 0.272091910916777 0.269366677885767 -0.548312942774188
-1.13049811911633 -0.308813621007413 0.623460138620027 -0.823675817249367 -1.46397095231455
-1.68050550166308 1.02792203870762 -0.542933878342637 0.144253915943327 -0.145821991952042
1.49068874035676 0.79280759285809 1.76381188310182 -0.0590805554986358 0.714620721132825
0.780587996640175 0.828341242479659 1.70957059483611 0.615941283022831 1.13356521000391
0.979352375432898 1.07331529612192 -0.524812851519292 -0.790812762556311 1.69960449519037
-0.547364713889118 -0.772007768460362 -0.706314223194381 0.357611579673434 0.0891177206178194
-0.563181242779868 0.159811100866708 -0.585865117719871 -0.655572396581714 0.848507484504565
1.0967904481145 1.15340135816947 0.135801628729775 0.933478827888729 0.931339792768585
-0.789194725670438 -0.530551631882963 -0.548042649826805 0.413226824080449 0.750878337209809
-0.686158275921767 0.623385006955235 0.431633297407301 -0.117183475096928 -0.500307740477865
-0.124359750031102 -0.644369757519532 -0.406317973393406 -1.19367187138373 -1.0993756850603
0.480152380902512 -0.227401524802337 1.43621847665421 0.478482130367938 0.716269044868505
-0.45826051914075 -1.36207051946662 -0.928148194185947 -0.217136040254422 0.10143692184033
0.750566607756819 0.367118184577894 -0.0177013648678202 -0.732791052231559 1.00910042323884
0.340186798789402 0.744153438151605 0.591017974543765 1.8224333428034 1.76926610679812
1.02357131729835 1.20446605913341 0.172021307226284 -0.771242844286545 0.645711219236717
0.180757762998859 -0.314569154700824 0.934949790365204 -0.0934933355779027 0.464548482162541
0.311595355978986 0.10120122162877 1.20164118859354 -0.576300755756886 0.542844093457158
1.48614881164645 1.61317327443358 0.906105789580711 -0.464403877223672 1.94972362154877
-0.206926868973654 1.15470270870048 -0.522596879080935 0.0258551835525434 -0.418673479710757
1.34159280869681 0.908193520924469 0.450083364744335 0.991211990751601 1.68291279094924
-1.62573954058219 -1.22788174994517 -0.771272651960961 0.24700391440355 -0.902546889226084
0.0588089732160575 0.0784556275551015 -0.673511446915909 -0.461362438787494 -0.612787557897528
-0.937447493933852 0.0544938565911622 0.519677333100826 -0.41498164330912 -0.287738355049438
-1.05238984172623 -0.111089601119157 -0.259137478119452 -0.778828234247466 -1.1570276383734
0.546957325136707 0.0793153751732307 -0.896708194209645 -0.514969824518131 -1.18116629723699
0.0293381228606204 1.43577741854194 0.799432563532062 0.166166658984802 0.845978129443947
-0.517878811525586 -0.417148197121646 -0.323627714632068 0.0381771788652429 0.597059051850904
-0.144904232628144 1.18081711014469 -0.127438664033849 -0.273946867693401 -0.37816706933321
0.454940240920299 0.950679425001953 1.1566289009064 -0.120300719402731 0.275236875041064
0.956784535623918 1.60963082481709 0.0885331249861056 0.755829104256836 0.555772746488873
-0.33636274178739 -0.357837648609965 -0.62242790532016 -1.1288023601234 -0.0214533347097308
-0.942463579987197 -0.792125644180766 -1.37785129717739 -1.39869244912025 -0.509932563358484
1.87239697734312 1.10271445930512 0.196213100418539 -0.0205689723256401 0.167073208924529
-0.879752760231936 -0.512882411123251 -1.36093500067768 -0.639552196771465 -1.21345270283719
0.46919412344689 0.201236838175367 0.829698122330974 -0.203927869207076 0.0262578860663062
-0.894877534671053 0.813525955945333 0.204073085204017 0.33045357019177 -0.570697771274919
1.03009622341686 0.430807059868849 0.914303914358874 0.37968570037352 0.41638799608627
0.368503224262445 0.51078221701747 -0.365633145639493 0.607660580725739 -0.72011313622566
-0.369429268740152 0.196359431565912 -1.38825640949673 0.260058596654062 -0.469023599301317
0.865774868590777 0.823585765572639 1.09452903938743 0.287327711959685 0.692415189140337
-0.271708935073403 -0.581181544991282 -1.30686315897931 -0.0340853785637267 -0.184946056076041
-1.40383296546265 -1.18197126793303 -1.35009255764752 -1.19862000482106 -0.539199878051276
0.134729936093828 -0.000218247718072406 -0.542117283878143 1.09806911994983 -0.658101067540311
0.452859897342185 -0.0387874585363527 -0.0279209261069832 1.06230932718334 0.459330425636919
1.20047353351264 1.31967410482862 0.412788594011671 0.901438683177287 0.28224591162904
-0.543286835851229 0.838975092591458 0.967053301362407 -0.0277679263862833 0.910651146287998
1.09040387092 -0.0663874331137289 0.543665649585308 1.35510608826752 0.2116808543987
-0.16146831032872 0.142025033872354 -0.336367182144353 -0.221981590208486 -0.283503942641217
1.03303770512187 0.670986897468206 -0.193078064710845 1.29077743703206 1.08059420368751
0.715569687594909 0.578218066701825 0.674228492256433 1.10724472617135 0.702209275562025
0.224166330242529 0.399029994773804 1.1045118120339 0.00921932736833749 0.488035607303992
0.456793990234103 -0.426849404712762 0.402214245117359 0.282053753805183 -0.56289118714731
0.26224844886023 1.1938444287128 -0.161928622076618 0.309540196832657 -0.21053150619179
0.296687468603156 -0.699838557193408 0.490984927956214 -0.12653296076349 -1.35400820071147
-0.571450416197956 0.114278037008317 0.889347294930735 -0.180091606805933 0.0336561976249843
1.23178853355797 1.56980546297536 0.525783677299664 0.194054310688538 1.32297453859739
-0.00747640048769727 -0.800430955995094 -0.501875512871479 -0.512251131776659 0.495810241330821
-0.00797466814532508 -0.835297397115438 -1.24281685390985 -0.295332438874172 -0.785716227959588
0.0347850152820609 0.436651016922948 0.756540764832139 -0.31130911959956 0.500065081770705
-0.448224406066073 -0.399258836384776 -0.358575336041628 -1.13012409943646 -1.12455981514563
0.760214760594239 1.18317277128091 0.134184543365937 1.28394751957621 0.476520238284018
-0.597046330483676 -0.789499715508761 -0.780408261469905 -0.568596519838833 -0.562760611038691
0.76422643058169 0.394963931645738 1.08823962496633 0.636406773622338 0.218118532260789
0.327742067352981 -0.0957322021460207 1.3022075691169 1.19840139302627 -0.459419207387639
-0.745854049131475 -0.745799797997544 0.255747620026102 -1.0819614941465 -0.451220720758116
1.35552885426904 0.335512933857526 0.926961996808867 -0.139000455603662 0.015854462652737
-0.389818406980176 0.636546699361498 0.164236286783007 -1.01661030837608 -0.711001424453436
0.281339976299584 -0.455874381549014 -0.536260942904291 -0.668547625307853 0.518145539600052
0.492816568358739 0.831571465032417 0.669846632043336 0.848625026139207 0.738136943192762
0.526652012513457 -0.744718951824541 -0.724726498924859 0.15583148332681 0.321166888938115
0.0414473164604938 -0.220773622448611 0.192929156555619 -0.537398731538646 0.461174566573462
0.254915485460672 0.0474897156182957 0.521293671811772 0.941305715619487 -0.607971417889706
0.097551352795838 0.190642589689924 0.255815301674935 -0.0373369718932219 0.190416223378992
0.772750891854433 0.986298981767665 1.51170283766278 1.34951397341339 1.40862283865798
-0.841526827655543 -1.34778168521666 -0.934550609053594 -0.860464650258885 -0.773131321714445
-1.12005013016293 -1.04514970792419 0.398754192679678 -1.22816355430577 -0.781646357170366
0.470247042955586 -0.345223806926107 -0.710049393066554 0.156123105784704 -1.23349224083579
0.648260668118352 0.779347297316645 0.899665848142101 0.429250660427924 -0.122907364791688
1.26256387624064 1.71675793893884 1.62330675445577 1.98387592626819 1.34396043550061
-0.0142496293290671 0.357482427398233 -0.562303987875609 0.15038100232119 0.306969194379649
-0.817979363470994 0.300346498383142 0.794072468419484 -0.286702753258207 -0.985662064728575
-0.842639586105689 -0.00568598639895748 -1.06305917452694 -0.278084362669131 1.09983637863468
-0.970641297470298 0.0482448941443641 -0.529509610747024 -0.0589301676016467 0.547165893664984
0.159984748983476 -0.565346110966456 -0.19656423131795 0.169758770297085 -1.31526217222346
-0.127011589296115 0.679213874806259 -0.00816974935261433 -0.465285723959142 0.132157901608516
1.65813841638568 0.437153557927959 0.273392212125596 1.24204986880237 0.0895011426881601
0.998540073654134 -0.137121901551131 -1.05627645157927 -0.417657569161253 1.06699833813195
-0.878404689870298 0.300367397743204 -0.857181052456042 -0.78448900568155 -0.851437161958182
-0.208814155673144 -0.357181253546699 0.461522258127246 0.848227439601396 0.263073897881831
-0.0384080835811041 0.383291880605607 0.363993562965092 -0.510406219206997 0.176364481105276
0.186304352185798 0.686431089005267 0.346774133512276 0.481121978062836 -0.0923895727861666
-2.31735368203085 -1.33726318122002 -1.18266942230539 -1.44623219586648 -0.777727031269027
-1.67847445748398 -0.789992520412159 -1.20228125312314 -0.500797053855475 -0.526076140600737
-0.121800508227321 0.234806778344928 0.671481781182191 -1.64910000939954 0.303966403941999
-1.8904663050737 -1.33671324723452 -1.13433586139769 -1.20969465665899 -1.42291911644313
0.466886501524672 -1.64301688168955 -0.748247727808027 0.154215729268642 0.346045610578273
0.276964876210247 -0.511826118550554 -0.0646289364946271 -0.32286440751247 -0.670750949327754
0.225075991840047 0.222222798956359 0.157133242121795 1.05290173097515 0.605358521959854
-0.534490388972516 -0.131267298681522 -0.457744840526492 -0.365303543892456 0.0444712414411949
-1.40311489089424 -0.624628895321099 -0.164279797546887 -1.48093759709839 0.0587968392753452
1.09184608000409 1.40803394077579 0.411795945513967 0.743019225439649 0.952864448555989
1.00254872539238 1.42811886672401 1.54541682021106 1.50449996259656 1.56780265064556
0.504458146060831 0.492799866495779 0.818700900196137 1.0713395360793 0.01253073466174
1.00664697943803 1.3099203113236 -0.423717102077554 1.16628200771769 0.300189839709058
-0.192293050820857 -0.674107091726005 -1.04960866074977 -0.14431253413579 -0.428215377252201
0.578249778751602 -0.707964113440055 0.103654414670117 0.816327133290301 -1.13835879401058
-0.677594547471231 0.526138053807062 0.605818798175015 -0.619382453180521 -0.39987395025615
0.689247740547806 0.329610872608464 -0.556419255828016 0.191559379956267 -0.622601498941502
0.863747309454823 0.913760534057259 -0.485480693336551 0.363115211146896 -0.242407179645624
-0.306428009492018 0.101000324681136 -0.797447176654648 0.027145760583994 -0.174001767453738
1.21882541735147 0.603482975894978 0.197057791137457 -0.204531083751413 0.175737919507868
1.76545237625088 0.50664556830816 0.682002694990279 0.44955862288155 0.210826283285398
-1.03108211660782 -0.535680123110213 -0.535907925267822 -0.18826679083493 -0.511615645959645
1.23638051243125 -0.53116114130759 0.777098036626392 0.451576975255008 0.0704203255031434
0.46746063560089 0.00143118323285489 0.306874096354271 0.165178984151255 -0.148208285311449
-1.13641396264786 -0.835050825810414 -1.51728800236212 -0.524665811743837 -0.393520637651444
0.762219056193501 1.12211047816092 0.873048664800384 1.17995237970779 0.277301504210984
0.957966425780595 -0.08337681751912 0.503107244680579 0.967738771197532 0.175195381864567
0.223125135251135 -0.0601842793992876 -1.38373427854267 -1.3263384169025 -0.833100363092183
-0.0970957707002855 -0.490645380054453 -0.799928395663415 0.265167684064721 -0.597502649153618
-0.964961090201219 -0.619283065126485 1.03621099723713 0.0997067024272634 0.07583937788908
-0.0214248164717919 0.0554921168846767 -0.576130109356474 0.253217868716706 -0.34915538102043
-0.391781531822902 -0.636612422125466 -0.729563179926891 0.206541749949891 -1.28620758857617
0.610937266156096 -0.798468474770989 0.169744205832064 0.706510661779565 -0.159603183590636
1.90654442605826 0.512766350341435 -0.606642814007589 1.09160367678069 0.84902241866477
0.141124518060777 -0.663927773719612 -0.673783804097393 -0.630376151359976 -0.322759699425562
1.14791105700464 1.4123080098178 0.427880416191358 0.701899364422123 0.982670231662006
-0.349800827815722 -0.194549560909819 0.226550924832061 -0.741691009535887 0.111653301276549
-0.432337163005511 0.190186854762804 0.177110745165315 0.00857972577853285 1.76726398730233
0.316291382953601 -0.499816651185311 1.06971082212916 -0.547179805395532 -0.415600868533943
-0.258785585963349 -0.167850962099683 0.106225227172764 0.506015194169582 0.703699497852016
-0.327592564794128 -0.0248631119228542 -1.3019158748304 -0.268551479304661 -0.118004224330172
0.323185567150612 0.837924514889677 -0.859553218834488 0.409483677812993 1.03166635672591
0.123068639098053 0.47526795938621 0.222658939852054 -0.578498476079812 -0.036341758973961
0.0968841118659874 0.855837709541513 -0.521537709874032 0.0253661692896372 -0.723940492880648
-0.0049824800651137 0.277392648589837 0.56442825165168 0.709790282219952 0.964370704795101
1.27937539072058 0.855759836610602 2.20526462916661 1.20090156083549 0.0653739013565841
-0.611713090799707 -0.0857791725269079 -0.789580429781954 -0.513101442284138 -1.14278986963964
1.05220658921652 0.718632500851718 0.309492480453723 -0.530160510602374 0.354771885035007
0.191582029942616 -0.048914127252392 0.0395257419701369 -0.343539969709548 -0.388470592445753
1.82689547831783 1.11795809303906 -0.150325303178006 0.800861369956907 1.00228211791656
0.465583204462021 0.528713985482443 0.841998638385549 -0.467785927677595 1.17384148059983
0.457881063302926 -1.20989184409009 -0.226687392618477 -0.543840557179106 0.166427176406744
-1.01624343576009 -0.855533141653535 0.259305105944857 0.021343666173217 -0.556129256019174
-1.58077945618448 -0.870601288082226 -1.35816060108645 -0.823569233468755 -0.0980733327677675
0.49036411587189 1.28605068795752 0.273049969542857 0.922518981542403 0.332286907955303
0.620777809996669 1.40998224911764 0.280371961984802 -0.233270689699189 0.656945962579551
-1.7761956482114 -1.40070267469413 0.255116641104323 0.188571505455484 -0.269828133587425
0.639874102909037 -0.133411750352304 0.817207183434566 -0.0316358162204273 0.880370594112208
-1.41441273539977 -0.835536354976276 -1.17984320942305 -0.978190497716221 -0.112879691262769
0.878002854552984 0.197224403983069 -0.235860133617607 -0.733423717575501 0.0258840611024478
1.27630375983798 1.30310998156576 1.33434590517132 1.28981773759561 1.85484386789404
-1.05980068528474 0.12223671733317 -0.90446122001231 -1.14028996195117 -1.06817255122993
0.440431898640176 0.266197450550301 -0.192920511851903 0.362661170853056 -0.548390205333822
-0.71357646640751 0.452126518959093 -0.0488780637096262 -0.0412340433160951 0.553553514940409
-0.372533813153206 -0.261943461174577 0.205397661852678 -0.561730129381742 -0.743103114667632
0.0738013281161886 -0.177445941630656 -0.34268094885734 0.42459753045792 0.404587979664374
0.226862259844314 0.62369536153877 -0.498240539113882 0.0128054845459842 -0.255571037908477
-0.745341453334327 -0.393108343619634 -0.794549500216188 -0.403872793772241 -1.16131773560228
0.954697058079544 1.25123709793746 0.274865930652837 0.23642717243469 0.297058149823008
-0.215624201168946 0.630230203715599 0.302153490234654 -0.517433446820796 0.458740514239242
0.217471499512467 0.248579803444556 2.03704599233537 1.37078348043386 1.34957280461194
1.85809332264037 1.12004499951532 0.393674548627824 0.868929383868126 0.320480539928069
-0.59717015522956 -0.832110451329972 -1.35547786697787 -0.120886021073121 -0.144978388146473
-1.18600940726729 -0.765316731880245 -1.07191997997772 -1.01625458667311 -0.22200598460346
0.841753900229693 0.821879692839262 0.183907638766975 0.946944385186935 -0.758285721858015
1.46507644512701 1.81557272414197 0.96853633059726 0.225723973072821 1.38681887960461
-0.812034943821256 1.16888259521846 -0.510777264370953 0.398825641792579 -0.961122602487812
1.26645059442072 0.936792038014759 1.32950045308515 1.26065640522699 0.150013721544167
-0.735819013416665 -1.31492135464792 -1.00266394847257 -0.651742790340889 -1.46553043240034
-0.0206419522458916 0.392315589699016 -0.774236341680292 -0.585063500231531 -0.406964921987203
0.721589317244979 0.238704787642507 0.851537836543009 1.07225294743177 0.225924092250215
1.03623991568261 0.352807371361658 1.16352128854976 0.198678185486497 -0.438938131272496
1.18565357099369 0.990060089697029 0.873430296721425 0.978137017089319 -0.513671495654458
-0.585333152394373 0.218228339603651 0.692527766910145 -0.657869921005722 -0.0544465907436168
-0.170895565023467 -0.731567038383892 -0.435444912167372 0.0394578845468226 -0.923772660273028
-0.103318811972019 0.889118244273843 -0.952066206449453 -0.218857418215218 0.28682303823729
1.46512284083912 0.707029748660462 0.346405817536652 -0.278249615543494 0.27585276497182
-0.308571755553797 -0.193128601881749 -0.812756327450422 -0.471342024773573 0.262159172725273
0.207580298476549 -0.344367488816284 0.746061161026098 0.395143348340667 -0.726807134636866
-1.70340807880131 0.12686404946816 -0.171039808008257 -0.667334094726 -1.05495671152107
0.733163369688959 0.456848557652496 -0.264165349701031 0.00360959532359653 -0.0207675733705128
0.139309425284545 0.727763176668629 -0.0322992120668657 0.53041591298584 0.289280974709234
0.542718033329679 -0.56928125212868 0.613343504969292 0.186903381917135 0.116260691304976
0.0803082204311172 -0.52769839866713 -0.147175785758542 -0.525148449466273 1.11776825775964
-1.26058246499201 -1.09464703989533 -1.7185723230464 -1.32870294773172 -0.892296963164367
-0.448496638065501 0.120412790885254 -1.0172543310168 0.421991531038031 0.0234789015696256
-0.576087360609955 -0.786456080954576 0.194318652648782 -0.44664168232088 -0.50140014000366
-0.642741036835791 0.671548881040372 -0.844260553310403 -0.0700326363620404 -0.0758823839301387
0.998161361683468 0.552292445057285 0.206654615824422 0.00376105329305696 -0.0684287556065041
-0.18605470319922 -0.585211489354096 0.106420571681429 0.801791893566064 -0.824101227194124
0.740147793054025 -0.0345599694980792 0.464809669307312 -0.432882837571333 0.0472324315463205
-0.810156133186781 -1.01443731446583 0.0229662777266363 -0.69795317003321 -0.983362452136535
-0.253715716870738 -0.412642324405787 -0.695923283714141 -0.244319503508291 -0.486824048599806
0.396522982288876 0.763308946430804 0.585789889899724 0.380461716017031 -0.615204731092972
0.523693520808211 0.148735875570693 0.311780603354601 1.25721066646766 0.921489321054778
-0.607686869886523 -0.299764734504767 -0.0871983840258353 0.012111690233254 0.519025948849805
-0.177231483446248 -0.355675160619717 1.12970154058904 0.310378905541304 0.619284717214284
0.570716316636719 -0.654306089124546 0.615812246985829 0.380067129424312 0.341790826551741
0.59852005397247 0.800187827246659 0.49273480162232 -0.334430834488094 -0.214782121963604
-0.475555402564267 0.765932828719801 0.172872459336275 0.207983637048339 0.299796389520177
0.282696854586166 -0.964947627012158 0.396359058814485 -0.235674567776274 0.0444727639518563
0.280434722381535 0.576934179151062 1.4488758072738 0.0412978154574832 0.287777850248964
-0.466950378808256 -0.354051598567321 -0.752605721291793 -0.537318882048907 -0.382950098603838
0.467987897777564 -0.6733903401481 0.135470214480173 0.648454058213899 0.608111751649315
-0.210562785389206 0.716672022248812 1.68321977585891 0.480876924929272 0.244607128171042
1.30472383408515 0.957100245404323 0.440429766519027 0.753436367302482 1.3925910293266
-0.727497973715229 0.114877153420275 -0.39714485534049 -0.442581159126053 -0.41225344158469
-0.597360818683727 -0.865591025961445 -0.495783632812398 -0.841093134945605 -1.090978446591
0.0481680332549339 -0.405816851876191 -0.0783280072006553 0.915461565648392 0.302657330701428
-0.538212622969833 -0.607109823918868 0.0642105995021673 0.61788128315798 -0.615026755153229
-1.51113249920533 0.449049379241615 -0.548256814463735 -0.657107609170342 -0.727109025563058
1.23947302110678 0.158811073369588 1.10659178619251 1.12479855074256 -0.0238776703219036
1.15719123754513 -0.32809383790506 0.345276727817117 1.17988720341025 0.0275411213127307
-0.529098748702832 -0.752844141032858 -0.852058584706438 -0.584533446547408 -0.866852980572346
0.947067131611106 -0.0204568757635337 0.286127463907926 0.306022450565361 0.898019688469386
0.108426741931757 0.402297080678833 0.480337792571512 -0.0222917318367549 0.0202414411372871
0.666203602184284 0.44616811830399 -0.678117495967585 0.233462078604359 -0.0867921210839568
0.808506601741289 0.740631057444925 1.14890510179001 0.661342667257468 0.384586416393134
-0.4697703963401 0.258683669843726 0.869331964856871 0.541765477790299 0.195675941617037
0.0457250662869749 0.573189667134746 -0.341161111617059 0.00968415658757006 0.444638228973877
0.287820329545419 1.44558192504727 0.120695214768425 -0.228977342136491 0.599997267714274
-0.476051697085576 -0.258753055044626 -0.641887979119263 -0.939141045654571 0.34025423622453
0.216173671702246 0.0630577420515789 -0.869860002257355 0.171740283976117 0.5857884707746
0.14291232894343 -0.876169944795072 -0.588486704990691 0.0788907178828928 0.395246492103694
1.58168204896975 -0.52941821287258 0.976535862211662 -0.340245626570876 -0.086590031433255
-1.01450449779792 -0.821268783690205 -1.02517503097179 -0.669786035567047 -1.39717710234566
-0.613400173463859 -0.266321566052729 -0.593587719640583 -0.151354112346757 -1.10582375416007
-0.0164841889276166 0.60097455139636 -0.632580320566644 -1.39837761078902 0.475732121576546
0.795444396426545 0.228771488301004 0.42641235769912 0.143977534605337 0.137740985997866
-0.661897726463787 -0.677463560282425 -1.27395894793088 -1.61086590972138 -0.858462640856991
-0.116058604076362 0.630395724169417 0.344701810870224 -0.303036170297086 -0.0921574809827462
0.740150916903784 1.46444738839856 1.31810050341517 0.127547788695613 1.54714323894059
0.0175468215408764 0.0471981583086639 -0.388758032921887 -0.928607965017241 -0.631416346196943
-0.380044818694254 0.240979558998853 -0.205252272011023 -1.01950043004793 -0.0152020157046782
1.13657951189153 -0.0400043835176398 0.940585314734566 0.563100532605906 -0.11024854328698
0.762628169840933 0.952920011081291 0.966159817804018 0.49763393101137 0.944646617914191
1.05296309442633 0.984911109081037 0.222090099827849 0.828112300231416 0.825203574624118
-1.47338092357211 -0.509965928572994 -0.307961866439802 -0.242811960631083 -1.08730521864598
0.119152219170458 -0.676865321285048 -0.26459061025922 -0.121892817062168 -0.0777676554864525
-0.935584515300452 -0.890449684661457 -0.837233306916316 -0.0661648774527793 -0.335322990706729
-0.440799463719396 -0.41407110915774 -1.47022675875438 -0.904475038763405 -0.654723920526039
-1.02686958296001 -1.18725335438623 -0.824955963433766 -1.40600868727357 -1.72000844867802
-0.582554470902349 -1.44737697199295 -1.46210096368972 -0.289288641199639 -0.0924476273821645
-0.602462541732494 0.119876145130043 -0.263098538447599 -0.0193881913142773 0.29615235292597
-0.380079582201109 1.3828850663123 0.791482482253819 1.57979662172846 0.67226042444016
-0.952848108023287 -1.05586921535996 -0.950690714996292 -1.38136422820896 -1.40040799529288
-0.526128535860281 0.712436115902776 0.306872884524307 -0.456821902810569 -0.100410258681398
0.501360213221799 -0.0492778968729141 0.124304812254331 0.332365158779126 1.26550115636415
0.645617874210982 0.0611969814423905 0.998452466304559 0.806043947954655 -0.521346160210547
-1.05567651785631 -0.94975443343446 -1.02744387807557 -0.674253767801553 -0.85278155813905
0.181574941472295 -0.890037126324056 -1.46589496029767 0.0219221717444509 0.100595563572113
-0.191951634589069 0.0817631011893187 0.918495040730402 0.317557443237269 -0.384714998397449
-0.250107244962171 -0.229995206055308 -0.670774683881142 0.734696803154554 0.365032961327441
1.56004793181339 -0.0362428680461274 -0.352988089591657 0.28772543713615 0.468995629362606
0.591828003704693 0.215536084416862 -0.188792689138151 0.945976231487048 0.451906848085057
0.391040400146856 1.63049971301232 1.26238182138199 1.00181972147299 0.764742410484145
0.653479162352837 1.48748741764205 0.176400457713705 1.08168162643855 0.145525052646633
-0.606632405007894 -1.13168813414499 -0.427873499664585 -1.54830130580954 -0.0954173965972105
0.150369176004869 -0.0670972648884502 0.11174152774545 0.617972508381188 1.16206351026117
-0.133378515604575 -0.254463516448263 0.433983923889967 0.27410392688928 -0.47358717756256
0.3766114623093 -0.703397790177809 0.838517242489142 -0.020526639386547 -1.06886031253296
-0.292274004527088 0.769189080738484 1.00754295191771 1.23718002685826 1.30544987657588
-1.21326463113455 -1.36730582643463 0.0849378345938071 -0.58463699862643 -0.811545929217018
0.802804552519341 0.162035596881562 0.565932157095347 -1.40238259524617 0.515424671355922
-0.581729842730684 -0.436626323347601 -0.752725186452686 0.0598043505440175 -1.61948204897786
1.26510993052125 1.38779747124007 1.40191872640309 1.28102802260195 1.33303170541288
1.08908978797117 0.688749091441812 1.63290869584204 -0.260880076913654 0.713802418527506
0.417727350342339 0.21952710698292 0.252598263182333 -1.47618087372682 0.0221525580608958
0.0568503544085309 -0.176169821342209 -0.0640830085818423 -0.170439068912468 -0.909064181766427
0.194875911514677 -0.804581315338696 -0.593882811613787 -0.164727615465626 -0.120622499757886
0.257321957007923 1.28734470603644 1.37846768640828 0.428612481746342 0.219591933363876
1.10990188808504 0.540529617383433 0.607943303113126 0.392120235366113 1.43648206961362
-0.821733644795616 -1.27776694666657 -1.51850409509165 -0.413386338318526 -0.97718495389332
-1.07656070341372 -0.709391139812325 -1.74500300969165 -1.04963184710794 -1.01798338711742
-0.969749122922599 0.291932827391924 0.0392326115814615 -0.856683107190759 -0.145267150689268
0.150520320327174 -0.832899794163257 -0.620756120921332 -0.455570563823414 -1.44260707536955
-0.00431184415879993 0.0509739138808554 -0.478690073035663 0.0332707763125622 -0.994870189938912
-0.7700002825197 -0.0824621966430708 0.36527110647249 -0.51013393168034 -1.171040782886
-0.216970017155875 0.0951342977132024 -0.442012862821332 0.660291999687323 -0.392145385111933
-1.94585987761387 -0.614074304770226 -1.22589255113134 0.265499830748305 -0.896863232806764
0.566518135433302 0.842172547068509 0.300494493608006 0.754246823872136 0.876504063308664
-1.19249516196485 0.408289683146721 0.672108568121094 -0.359637193154737 0.198719863874908
0.072544878952315 0.813753876192592 1.25056646728579 0.627175991743707 1.8701836124049
-0.499787978216571 -1.02998502318681 -0.836558670948496 -0.939530503866089 -0.715918263096493
0.428721883231519 0.859370789577501 0.325836625470802 1.01990293458441 -0.558484380718146
-0.678595326919786 -0.391607246701681 -0.678139041387251 -0.646836371052089 -0.713295896233092
-0.522654114147808 0.496482546164825 -0.647519675541257 -0.358746900855185 0.388026535418677
0.139650905882926 -0.303411833411667 0.632437260215328 -1.37708753860031 -0.272676557817556
0.733991624574114 1.66095029018564 -0.452680891126046 0.554424863202968 0.43877616130184
-0.951062442363664 -1.66210174195277 0.252419590285561 0.912653089357021 -0.624674673728486
-0.223028078627498 0.420918135060237 -0.977453112756402 0.75983446021158 0.136407598797072
-1.11925360956712 -0.266424912753279 -1.37892816193635 -1.35684363704393 -0.719286246781311
-0.261527511544243 0.366757909259675 0.456588766037951 -0.0931653688708435 -0.141513191814283
0.28865901985742 0.491799586754272 -0.55040782964691 0.760407599346933 0.848676297527978
0.0322068931515678 0.109323100910492 0.335404706800003 -0.158904678782223 0.200269042419841
1.50576792275693 0.582541401065567 0.235604319303361 0.110025951031111 0.868974346650117
-0.338136071499559 0.947482539909551 -0.269424929009658 -0.540542329643138 0.0685650911500408
0.572482668790517 0.300182543648174 0.700026185416186 0.047633925630189 0.328858910389601
-0.835749159523114 -0.390014689328787 -1.09383963166886 -1.28271083620022 -1.56577058387067
0.0168790854163598 -0.5784491658582 0.220432746873568 0.095534851939485 0.429602757927414
0.028595292075793 0.298409522797055 -0.16520584604555 0.450325830257771 -0.711162257340947
0.113114825888369 0.521653111064871 -0.258365823425229 0.321462735330422 -0.00926195696937379
-1.504607291991 -1.26436011057294 -1.3475402009014 -0.436832906687632 -1.66042902173291
0.622725993478861 -0.674782949525159 0.283645491882164 -0.0799381918828412 -0.459923206606278
-0.0339171664711078 -0.395321317192696 0.379965699953732 -0.289306339485133 0.411794799906066
1.6354880600986 0.80517651743168 -0.151226332439196 1.20524110055517 0.935758184953357
0.321032987044618 -0.411958716488984 0.40754480133832 1.09400223443512 0.118922818219949
-0.666540267157271 0.380198408122644 0.147955196314094 -0.13186584849995 -0.524844271962654
0.274008633517388 0.254007640002943 0.220728784792061 -0.976330604878622 0.351234482289754
-0.135140597795882 -0.889890337706124 -0.383821913837129 -0.294749712170465 -0.533995168324377
-1.0758048790018 -0.287520322693278 -1.86629647623377 -0.867941532110623 -0.290090189271693
-0.479789838159907 0.225239564726505 0.220123142800568 -0.649320858543482 0.0668428099352515
-0.788239574993101 -0.210539276475867 -0.417635005813545 -0.155871646067075 -0.468153962120633
-0.436247332357997 -0.0198060744518929 0.565938116271845 1.2985152245105 -0.06882363478571
-0.40161482202562 -0.806712750134715 -0.991305923841339 -0.66862112989662 -0.187350727052941
0.527173387141467 0.342001018629695 0.822030999116156 0.0945581273779747 0.75037719138308
1.18604859098153 0.23742418803136 1.18661136694803 0.340344166772999 0.669015074246679
0.0513586349544276 -0.711686643289064 -0.670852975835495 -0.518533303970132 -0.440574620242565
-0.219824681740372 0.206453179351437 0.226784492650007 0.496904303323353 -0.0413331173690377
-0.622868457414247 -0.956076081638496 -0.889753026394053 -1.0655829926624 -0.421322246554242
-1.42724532021153 -0.954976168613398 -0.638744839097067 -0.453335734135219 0.120793884398466
0.502557505573977 0.583109347365902 1.22853053964302 0.0360219831540088 -0.545577794459706
0.0740343227333189 -0.419303832513702 -0.750852363055371 0.883344569587191 -0.38860141941813
0.466686777731026 0.419661643391851 0.131865572770785 0.0257324272331827 0.332973627402524
0.0739048719297118 0.502367668676354 -0.700658328944636 -1.72641653107636 0.273351841822384
-0.669124413966242 0.506104405834688 -0.999334292205808 1.50360536409932 0.926236715111184
-0.17744327272861 1.0068126091356 0.9458199278131 -0.62834266275399 0.871015745185208
0.783868061798328 0.190580076269018 1.42298091983262 0.656975405966067 0.753881102908497
-0.692904087269697 0.814098921477423 0.206211249325012 0.598348578979036 0.678254679665253
-0.585306047942444 -0.672845872183019 -0.47331386220568 -0.814427289104251 -0.404265528678937
1.3240199082816 0.235857935117156 -0.0792508629855041 0.954934314768222 0.885357223870883
-0.387661260952247 -0.842821425631419 -0.788923053156848 -0.997838312841705 0.148184983037572
-0.0388345350461641 -1.26843315965582 -0.284995792836364 -0.503492431358327 -0.519071209787432
-0.4962300021399 -1.01591342419964 0.465426848235605 -0.723069513203243 -0.0433698821478943
-0.0858507192932114 0.43915693457666 0.499908174694434 0.32568550109413 1.00450584575245
0.419463222644322 -0.073001629885941 -0.206199954443834 -0.504933290023077 0.867436702784276
0.00555169238087005 0.738332048661315 1.00843544525442 0.356233626547347 1.20982303198601
0.360711905953178 -0.294581360474911 1.23597529295227 -0.580155908561335 0.571271926492748
-0.261785128617162 0.0124974608515988 0.472306067344078 0.187199445260982 -0.0835075764697583
-0.481366943450129 0.379800367068288 0.740089973596073 1.02788668622986 0.147740316648449
-1.92860850296761 -1.36631097777628 -1.30395041751818 -1.06262713421315 -0.478166008032318
0.362514064555264 -0.110792858486826 -0.260110781300877 -1.39135436458573 0.0295609112116167
-1.47805375589932 -0.598993960885264 -0.204095261410692 -1.21677290521288 -0.845050722827651
-0.550174982114938 0.4812452411752 -1.03763579298139 -0.0481824756260986 -1.12341773933805
0.62890001605588 0.976736042988642 0.399718889152789 0.488934692689543 -0.114497298890223
0.180353263752944 -0.380975393935843 0.920506664863485 0.43167685587473 0.552284347658173
1.05996920889869 1.34592204009786 1.46915102123625 1.18898590434709 1.32966662406619
-0.258661265657259 -0.304265435631943 -0.609079688247171 -0.272433143083289 -1.06394502883165
-0.559343321362754 0.834738603165836 -0.453803938102336 -0.837315211194817 0.242732624831356
0.636237204681727 0.382566736928903 1.84901288576233 0.8216114168548 1.15226725973738
-1.20134335886574 0.0631528683551989 0.180212902536769 -0.68509523179703 0.550766785460834
-0.659382489908544 0.0559617488238125 -0.558031272215193 -0.636095900983651 -0.588311617538767
0.834549679769297 1.43877416869936 0.62555053753456 0.682959526787926 -0.178664126577419
0.510344255398432 0.4837027057669 0.995072848806435 0.374478530618812 0.666028107303695
1.16571697508347 0.501161457584507 0.16999336329973 -0.182395465469715 1.34825576804137
0.389089216126539 -0.836885777497325 0.242824606451242 0.416762852812621 0.790349322180037
-0.680332668586067 -0.485842642089851 -0.808116787511586 -1.21409636217594 -0.306350598432334
-0.927686126554866 0.400508328418978 -0.140520477718642 -0.0782137889769646 -0.886266846993861
-0.434211635938346 -1.04093465366792 -1.2455473687112 -0.576669959576577 0.20442490282552
0.382756892303741 -0.2305064203282 -0.70677981942392 0.333623110458934 -0.564255883241198
0.906493908122445 0.820868337196904 0.308889729369083 0.154864086380857 0.254102130265596
0.906644596019741 -0.569607606078327 -0.871690102431727 0.0289824939956669 -0.318964208616955
0.398348259733946 0.312928386992941 -0.0557536324658818 -0.145543382646165 0.0695158075863983
0.977318533972883 0.96493796977674 1.08257769168401 -0.0281445015889868 0.501470508129034
1.51806985421428 0.678131245109877 1.80689549742137 1.00645461064345 0.851108559823958
0.987364946125299 0.381421264374962 0.405924546680265 0.578790856803678 1.40114147007973
-0.456985032110079 -0.203825419661814 0.548855336732818 0.767261265600419 0.0405295012146388
-0.025567512430565 -0.52980561519005 -0.726352635040969 -1.15608743939725 0.0296693721641961
-0.230489030469987 -0.634395346134169 -0.933202268471873 -0.363485821340148 -0.795356987157911
-1.02148672791483 -0.866919732412085 1.28112072314737 0.253515631162445 0.995834774095503
-0.105716626592033 -0.917564437880026 -1.0398772241659 0.0993411417093596 -1.03512334066022
0.460566276327247 -0.775730550850998 -1.0224256017502 -0.455755072337637 -1.18883462877496
0.000619051503312409 -0.00309347538915323 -0.302699807004955 -0.169023665417794 0.379997795507762
0.185752388866332 -0.617284419658263 -1.65026456018417 0.0533993598058567 0.327464600540942
0.789311465043532 1.34846400577583 0.243266781024373 1.58249655635264 0.913707771457584
-0.548460975919565 -0.464895282510211 -0.962684352016386 -0.558855708911808 -0.24146849371029
0.152599611084492 -0.528573963923383 -0.197208432562917 0.402194928905866 1.62160961172675
-0.53301465637399 -0.23397038873603 0.112698392638791 -0.992359394101328 -0.475744243030155
0.0428280763245982 1.05059585859688 1.36291002533114 1.10233581958203 0.95308708485514
0.505204418414353 0.0951523149989639 -0.508936811947946 1.2065314433602 -0.19406143775601
-0.400507836493023 0.0630396930203834 -1.42806902085486 0.0914032390655838 -0.519749231407505
-0.858152774155074 -0.594812900049353 0.489287058435707 0.021650770853822 -1.02975768821311
0.954769789904696 -0.0558798744024125 0.335608827009858 0.699729766043708 -0.873840339445457
-0.750813962211318 -0.767700069597468 -0.925453558778063 -0.515688640265852 -0.562043636055336
0.512477874683504 0.242417508263572 0.098176188635011 0.921986369925161 -0.155729688355275
0.460610274965161 1.26818940191684 -0.521310024200654 0.19060759639142 1.40895502765251
-0.444693398424867 -0.84115198233592 0.0324661161058758 -1.35838714672448 -1.46600763060414
0.769349922414602 -0.295596150883787 -0.460128571737335 -0.0414433686540917 -0.919769943040067
1.80275459689825 -0.315306381747418 -0.283748602720566 -0.0197341943994167 0.0109942577697951
-0.955242135345361 -1.02627292688942 -0.50068441558243 0.166260110925761 -0.683826805753821
0.572266530432612 -1.6248715038195 -0.386646046071087 -0.20800220458189 0.720204567878895
0.818362944958274 0.34040484503635 -0.623601828148393 -0.0739675124519029 0.350718462614124
1.05786148464474 1.2735313711381 1.25574582832743 1.11473317728481 0.697227410264631
-0.730736582022988 -0.490963716518629 -1.37154636104952 -0.477949172989979 -0.454839170159866
-0.740507083878243 -0.0477986667652725 1.72884175062869 -0.544562767857378 0.195388993787627
-0.403229400145019 -1.12653792507839 -0.629629329669151 -0.717693747863866 -1.47716199599918
-0.296164267589148 -0.861335598096573 -0.686126174076854 -0.574717416994619 -0.561850544407904
-1.00764647340906 -1.05176864824152 -0.709237692770097 -0.463626758430159 -0.0548272993484378
-0.747968488077228 0.174484855288498 -0.839861745264271 -0.136697198280951 -1.07309320182759
0.695308191560073 1.08193053954152 0.503859931974922 0.428721435205182 -0.111054245304366
0.515713033293476 0.457228904291304 -0.5336681037434 -0.0247948604049412 -0.195388305748178
-1.60819710232345 -1.08778617455857 -0.739013104533588 -1.016808942987 -0.420101812734278
0.113604851738537 -0.278318986689613 0.0271183012507803 -0.644458229613613 0.461852785168289
-0.334642652328258 0.472435721343647 1.29704315455384 -0.0800077847596482 -0.387305919474909
0.943540450940702 0.952522191613023 1.0670709067175 0.536037365297443 -0.0720373418594324
1.02649936371489 0.412228559103304 0.297898801738183 -0.576821123242322 1.12455537179788
0.351471596225684 -0.0473443678672317 0.597598934039626 0.334701356032461 -0.0456174256829259
0.632436220516433 -0.986994852645162 0.515841955665429 -0.249628441368936 -0.229069736780014
-0.262441684351723 0.251052896598949 -0.581041424385093 -0.649110403383251 -0.565609159803326
0.120717431380373 0.520767175647512 1.28288176306723 0.0942662998767062 -0.49165664016944
1.28210498080041 1.58522565382649 -0.596132796190225 0.483827617752443 0.909097737257737
-0.416398841021925 0.440334468030914 0.00558617080486177 0.432456296380631 -0.591888395881458
-0.462714420652099 0.582958360726852 0.304064565223046 -0.51909728013902 0.677684429049578
-0.349737808832499 -0.178898456826957 -1.06894820663764 -0.334697543903554 -0.856323593337776
-0.673643325336191 -0.930216354987142 -0.765308249421023 -0.573361580795407 0.04117978734112
1.47369686129592 1.1690529086222 1.59672957712754 0.875278040800164 1.73082616740474
-0.62976899099593 -0.71764482140538 -0.574396074447102 -0.258181917499892 -1.93634860981576
0.654769903066571 -1.24208108026204 -0.124929478677651 0.0193014708269082 0.545294728273759
0.358367239280785 1.15927051052581 1.14341686297401 0.114325844403806 0.73172214445849
-1.56642213423559 0.368807060295026 -1.1200633510101 -0.276390010899406 0.777601779121095
-0.0696298163950871 -0.845786050345214 0.00640091433826394 -0.562697783848735 -0.612792987991761
-0.881396911315746 -0.830011656681088 -1.28331974944599 -1.36696362553345 -1.36576032099754
0.128848432553819 1.73580729874056 1.10063237224442 1.39881462685419 0.996971257837283
-0.0960144917515757 -1.24457686945946 -0.724853047859217 -1.30107309057355 -0.875803896236737
-0.00926813372246828 0.904991250568938 0.258211598226193 0.944977181739395 1.10665643185103
-0.2879672457935 -0.135014356379706 0.519630960319054 0.74781160272862 -0.53917016194311
0.0332104603191341 0.112575097024918 -0.488580780738244 0.512811732433923 -0.470478169558822
0.606923039443504 0.70589975669242 0.7711838649219 0.54025908645928 0.393080376883653
0.435665943850291 0.480588454478824 -0.132373049360653 0.185162102766689 0.045240702542503
-0.280054238369208 0.363045839896179 -0.918512444983494 0.374222287723813 -0.458072068708648
1.45814841157854 0.959307966962541 1.50641538562985 0.908035162040878 1.23324939638045
0.636990082290627 -0.169556715382817 0.982477882976588 0.643510097852267 0.685978621296389
0.024552311118818 0.677670022979009 0.481007135809898 0.283478398690227 0.256301379818364
-0.304701267289481 -0.389300077768072 1.44646677748301 0.0594689952073315 0.0916360709408191
0.0414855961952839 0.27109324356269 -0.0496044068274247 -0.101300953630619 0.158107332907558
0.679264928109029 1.33938743870592 0.515741414345522 0.623494198419609 -0.782968539275552
-0.710376949047883 0.297765899170359 0.0426888018266469 -0.608249400227834 -0.693708360034023
-0.778797391685621 -0.346799224793852 -0.30003668201969 -0.0521868158915023 -0.706320890917668
-0.539137532927776 -0.650099996184708 -0.468911564935285 -0.299576731671796 -1.03319705953103
1.2146982563669 -0.183815984942669 1.14422285760761 1.38695566625536 0.687754793366787
0.85905803310378 1.45811981700555 0.971957674888062 1.12776202430718 0.237031962421387
-1.04665547958431 1.29224076689187 -0.327761753720964 1.16068999747348 0.197972239945227
-0.471565007669622 -0.0515632653833941 0.339479657769744 -0.627753924075474 0.705669824740434
0.44545502243015 0.184163110211181 0.172700060396075 1.20898383251994 0.348827650326845
0.179265389143618 0.412841845085693 0.900629452241265 1.23835198587224 0.152273381579228
1.54262127590412 -1.21918323289242 -0.212061092007357 0.316440269136325 0.424928889239534
-0.0545964425806989 1.06135394928307 1.58501939479478 1.3157314011893 0.566866627832261
-0.707531677010449 -0.00519998604187909 0.0177860375256814 -1.12801396396817 -0.200976425588209
0.999284854734778 1.27308433404129 0.0551023159603452 0.0813507293559325 1.28052155335022
0.963334532488096 1.88154828055521 -0.0760009570664884 0.637354422385226 0.446374234805265
-1.46732616576209 -0.789813382755343 -0.561045080475839 -1.40225606816223 0.174910347868518
-0.655220634530307 -0.838353765496458 0.638728121631613 1.33117474495685 1.01532363544815
0.357528322798557 -0.628288805878121 0.14155174752279 1.04732646272709 0.184536957871337
-0.520768581162162 -1.6855629801201 -0.688785236936596 -0.36104016106037 -0.539559944148616
-1.20394129404775 0.427546666552471 -0.847946824798768 0.292987681926848 -0.434644509292369
0.607379037513673 0.826465215995353 1.29750244309946 0.973127951116256 2.03818260735628
-0.840789019494812 -0.0789794099012915 -0.197763182344198 -0.38583636861732 -1.57140918595581
-0.934249818409448 -1.33139268433546 0.462068043781491 -0.428126112012929 -1.21775375185295
0.103116220710372 -1.00790755518155 0.0971385014714102 -0.371582097510364 -0.410666214204883
1.10564131170326 0.965070650460498 1.04248926177515 0.103350899573016 -0.204632493360319
0.157192050682525 0.12936556928056 -0.12492864331234 0.91936562232933 0.30127034617749
-0.287448625664906 0.0414815951387664 -0.71186852740644 -0.416707875926956 -0.0435244386384218
-0.401382323702972 -0.545362650631425 1.22777797999943 0.434534771821378 0.80528807419571
-0.643910711689175 -0.651742717182162 -0.564562252825879 0.0792677064949626 -1.31310416426245
-0.165515320100943 0.648127808632971 0.875804035099208 0.443345150628438 0.698541909736847
0.657873074967893 0.158156766170135 -0.214856940937282 0.169682994764634 0.357966220411783
1.27009622637422 0.555257022883872 0.662182387622996 1.6867087212279 0.830140386879051
-0.727206629957802 -0.808018390176778 -0.502710384259581 0.567143068131819 -0.601229267015167
-0.90568178530962 -1.39594951423774 -1.00790351902811 -0.390582409487334 -1.40115741698406
-0.315249922371425 -0.529761895266875 -1.35672041090438 -0.586786969214199 -0.0178569331802538
1.54130895463834 1.07613444549202 1.77184982412983 0.21633157735952 1.14916491923764
-0.0873930272123239 -0.507396481644205 0.313024479187431 -0.766894708047909 -1.0130171750083
-0.590794865524634 0.912147228217122 -0.749216703370661 0.0302779709061576 -0.304053094859231
1.00278395429488 -0.262124100192255 -0.463282844414093 -0.427809215570395 -0.126873315237569
0.844828071605126 0.702832657510132 1.30560656090687 0.127839923027473 0.0994107051834259
0.375649377895971 -0.783637260738969 0.453593590719133 0.301566646155346 0.0154909627617001
-0.406550269317817 0.186159750369813 -0.525676129535973 -0.501312806512693 -0.91600748617038
0.810932936895479 1.16456284585263 0.787402614852878 0.294589370741446 0.856311676648095
-0.129047412200866 -1.02790405541101 -0.393402082366693 -0.442410171382413 0.420068437585767
-0.710165199142425 0.464817095058117 -0.899603890089783 0.485280301995153 -0.821151116051674
0.554669336220529 0.527829452881024 0.573482675645651 0.82734139878218 -0.0292300233954954
0.234113568671999 -0.767191873562849 -1.05955532218842 0.869155820573676 -0.13583845830506
-0.0712881331414068 1.40943873756466 0.666748082123146 0.976298875695437 1.14596619569602
0.750286155573125 -0.544282609405447 -1.17933542986125 0.66669861586536 -0.219689558974985
0.527556226240334 1.06662817643548 1.23797953725122 -0.0542252676904875 0.0632539834287877
0.539793892543826 0.0817417772833411 1.07476102707828 -0.280894363280581 0.737004846035186
0.0807798144710562 0.697425263859776 -0.386902342086645 0.0634998093792817 0.432088644834273
1.54862090616161 0.688489534166512 1.49361522201611 1.07663996834634 0.946559955961456
0.0684123443608717 0.307295832726201 0.29235147623358 0.339559996562007 -0.102830710535169
-1.09150553835976 -0.272670581950015 -0.515156535968429 -0.439274177816546 0.0745504805169947
-0.875940690765804 -0.881344062737326 -0.650045402147665 -1.14478283893868 -1.34637663227091
0.140240002789698 -0.790560047558217 0.334521471659193 -0.554011093779595 -0.979423971431688
0.987637487355664 0.376437244068875 1.0697654882627 1.68750991464666 0.560977739724862
-0.257209007035862 -1.39766707694482 -0.650232928899327 -1.1746629354854 -0.267417419470045
-0.76016498720886 -0.77998670490551 -0.978552184356707 -0.84785379963778 0.0272821428986125
1.76336369846784 0.106232957303855 1.31690806534895 0.5905092366705 1.03135788243178
-0.773696387248735 -0.704444263621333 -0.329260402200064 -0.735997733839414 -0.823960758951208
1.66431571596883 -0.804910553076352 0.752450226334162 0.92326126860692 1.31828622437028
-0.342212346763679 0.0662829639046177 0.336558705196763 -0.832359279730751 -0.3976432001626
-0.71320537359964 0.546541694893417 0.0433291648130185 -0.541210607277681 0.0753049669915149
-0.677637980160336 0.672845126594794 0.307599204337911 0.136919281290131 -0.581353337554922
-0.118654102744691 0.100080360240866 -0.771251330173213 -0.179004364093172 -0.439520630631623
1.22578430804549 0.0140342747348704 -1.03875165081198 1.09697213582582 1.30696129957594
-0.602699146168307 -1.31216049044957 0.0194209438948082 -0.36379370271493 0.101527469388949
-0.680293832112366 -1.07479802923524 -0.971882706115513 -0.736697590236544 -1.54629261252592
-0.0152910663197958 -0.226216825280503 -0.734537721144147 -0.0443198713791145 -0.760442542856676
-0.144673471973392 -0.475508023222484 -0.471893799190259 -0.426140649742209 0.115695668088414
-0.148408574337046 0.90758710705459 0.989953826945811 1.73616635221934 1.06963794666748
-0.534334108613108 -0.040493255073224 -0.353127713009905 -0.0685297741031783 -0.991199177669694
1.83062488656885 1.35919464477158 0.630418018277693 0.581775261076136 -0.378195452979975
-0.615572199678587 0.366523447920926 0.228067761947889 0.39776876658392 -0.359098644285112
0.439940170758031 -0.309651690415135 -0.720834784288667 0.229142196439761 0.404583501301982
-0.764865465538315 -1.02497950779188 0.650008766847036 0.789727498697808 0.476181693736803
-0.452200244594111 -1.21460157046307 0.00352506236694945 0.0452692516992536 -0.451372434680159
-1.08560566191508 -0.712807809602944 0.119344685687343 -0.14862088753856 -1.00452948877864
-0.205107295956911 0.354352494222071 -1.00459352731239 -0.156439947369573 -0.344774045639203
-1.07611582005374 -1.20749087822792 -1.29050788042214 -0.428726270374125 -1.34923175044028
-0.543903740515667 -0.497210340749358 -0.280745373274099 -0.385651991930334 0.118201183039284
-0.277172723309416 1.07395997667468 0.779519242666894 1.02926721214282 0.462889710206809
0.016354418165389 -0.727795452092584 -0.769384537952368 -0.916615959067144 -0.359579205691505
-0.538772001771113 0.100172403471681 0.951743462083684 0.693101880943375 0.848907258863541
-0.770812465755011 -0.349302757232308 0.322534108301478 -0.294645906295368 -0.989004016559771
-0.653387030408977 -0.385081872034518 -0.227279727098623 -0.964927079809484 -0.919276643374394
-0.352020578886914 -0.704974406809318 -0.362404282969842 0.0192180294106656 0.137935507892878
0.517756661459271 0.847977854306972 -0.406476096818986 0.189303780315304 0.0541621259399886
-0.611091123347841 0.189988801907965 -0.0193001673308877 -0.628827360480734 -0.0456634356290224
-0.19779664943414 1.42612702391193 0.176655378077274 0.00498420984995544 0.765350976145678
-0.650966168314717 0.921176241204077 -0.307461928281505 -0.0091248126287389 -0.279785304649354
0.965620590450924 -0.308618938866724 0.201239031359123 0.274583779532796 0.251801311902762
0.0880805630417049 1.10815775104221 0.316364012806943 0.726474018425632 -0.414789317013948
-0.432164406258363 -0.540203386688628 -0.843327694732416 -0.871686720806575 -0.357610593885436
0.0448849475643944 -1.17944862415436 0.563579026560957 0.258200363471417 0.962355230077766
-0.728943728494352 -1.82256622546323 -0.0935670926009229 -0.635397835566962 -0.280078021413098
0.125209321313204 1.65233771813537 -0.689745281196904 0.726155450773212 -0.132138560951335
-0.263148520929912 -1.32749338182841 -0.677744055010119 0.41721483480505 -0.920385329304192
0.569595799591172 0.0174592469386496 0.0509341673499412 -0.403110087275099 -0.807560865414072
-0.481445175416803 -0.858377244310693 -0.629673748040838 -0.484352068449363 -0.922095191537313
1.26253306384993 1.20624472470577 0.314437564869166 0.259311774227814 0.809896753321278
-0.530065360493614 -0.134170686347982 0.299769821897062 0.00399139638164278 -0.0559674334441594
0.0258269382773762 -0.74201033585124 0.509757612243605 0.21646970631961 0.411342444185596
0.0312707832107346 0.144564689833482 -0.187031490335703 0.385023440571911 0.727808708332184
-1.38459273092267 -0.966748743263175 -0.967136506320844 -0.937681984439699 -0.69295824147485
-0.403914510296848 0.555106814402128 -0.628072827440566 -1.12454694827863 -1.02357947636989
0.676288107845865 -1.02152227535957 0.285670565319891 -0.145355895414427 0.2881492799148
0.799200371819716 -1.32674287473631 0.346797206489445 -1.0111280874234 -0.27441720743408
-0.0389842216501762 1.43538908662377 0.316941074549062 -0.562522619527644 1.36245644027653
0.936498712864073 0.242498536694337 0.443931478849023 -0.866999130384153 0.712713552600002
-0.226320297313982 -0.632067329661963 0.315373564986252 -0.0348749149890488 0.157728049419031
0.532952842803101 0.6999096365387 0.853893785403247 0.772260874523042 0.0306603443522644
0.365114116185079 -1.28058797903154 -0.483733478183879 0.119551611480758 -1.31138757487741
0.0526330457821048 0.223279199009218 -0.826621794464048 -1.16350651277125 -0.47051126642296
-0.657732249132041 -1.53855989811405 0.147984400442324 0.097730705002885 -0.869141650497522
0.211956179489134 1.03969084297068 1.50118991859548 0.112596091109451 0.176248554461903
0.215399300136663 -0.295717570976204 -0.804571537442527 -0.205212344634813 0.00812232682345173
-0.125394959436878 -0.137287178271302 -0.398084728642956 -0.496931442930402 0.175187383106204
-0.645335612249125 -0.215738712626116 -1.04496490973468 0.120197446840337 -0.871521902887085
-0.567853024019875 -1.33399386704377 -1.56244111939505 -1.55771752527878 -0.756269332744577
0.265846729684973 0.397277450816487 0.7251130372399 -0.0416226643471176 1.11399587347669
0.867988800827696 -0.0133938102681033 -1.3884000147504 -0.821892597462059 0.586845410432516
-0.227632441284106 0.487640895057761 -0.772224010935129 0.794717762795466 -0.130178835900894
0.560479625650519 0.238618970544295 0.474303550670416 0.63619088314195 -0.0113993766403625
0.260969967296102 -0.896205687449049 -0.25403482692757 -0.68984279522679 -0.244123298573006
0.917329365652013 0.496653235317642 -0.0339789770099331 0.341978716969157 -0.205559129614967
0.238383950956389 0.814810736736769 -0.167057064802204 0.475034421148097 1.23880410839492
-0.322752891147125 -0.881284843262535 -0.652088307173394 -0.776982247230843 -1.06128767151797
0.196329392193672 0.757595309317064 0.984204802939786 0.360683896969389 0.644709608092674
0.00660707443037913 0.791884830676417 -0.0966841295737854 0.367101641300058 0.473870518741035
-0.078132866471227 -1.01707870042359 0.315218736364124 0.477382688216565 0.618420037177422
0.064814784780108 -0.578414498155542 -0.191941909213514 0.661161193476609 -0.895101905498819
0.776882513819356 0.488442332909788 1.4918874501244 1.16552880644401 1.00476220673484
0.148765750159448 -0.635210948838814 0.126982017413825 -0.319747092333511 0.483126530551972
-0.331554922210995 1.16491501689181 0.830818248442734 0.365966955736919 0.569487111065438
1.48352366164681 1.77935661319812 0.425472427879281 0.472806432922737 0.0528606418692682
0.900473072251541 0.457349483247903 0.129368457160209 -0.207914101682738 0.0253675894429192
-0.302134206396863 -0.963913604793482 -1.05354678425689 -0.450615667862365 0.0580759350357939
0.194764179596776 0.534879116879195 1.03721353249849 0.878435141856615 -0.801263981989128
-0.435979949901484 -0.274041917327589 -0.0304774740848925 1.24306689880887 -0.557088997593397
-0.575573255635602 -0.641230072055776 -0.554762132099644 -1.06502640739325 -0.0609331548737437
0.259151212659302 0.364445661320176 -1.41213997991774 -0.421437731876457 -0.28461907698001
-0.418737637942376 0.106944811645958 0.550258246115256 -0.346431795990477 -1.3039113468596
-0.0286574013057386 0.899285757175606 -0.160189729888102 0.409134449628892 0.460222081447391
-1.74785493153468 -0.150923970842049 -1.00242608430178 0.133773037772381 -0.588866183158832
0.179932897397675 -0.552743511231312 -1.33273889513404 -0.240799955302255 0.595745541043587
0.503715532693102 0.709031050811128 0.617579453590725 0.535645152959048 0.276282595759941
0.554008711225604 -1.28787546481047 -0.933705517003957 0.25673769684487 -1.42756901659571
1.06256368659352 0.651882819108222 0.496557348651951 -0.345404812612214 0.673935819374651
0.32865770277899 0.00166496686438049 -0.222204751203721 0.0316335731546731 -0.567168532210104
0.55940418838305 0.341055685203306 0.0814858936677298 1.32011598050385 1.38775144407251
0.494839596961738 0.416661546913188 -0.17300434839012 -0.940530492377863 -0.00316396822411914
-0.847281024972384 -0.310742276192017 -0.372117059145814 -0.0157463605206362 -0.622159297718831
1.70975234926204 -0.550305495647062 -0.140377148353408 0.810393084852462 0.696407882008699
0.325570446981801 -0.728515964902772 -0.208618613672254 -0.0229990853260129 -0.532363572381922
0.0317184262735343 0.28291327071455 0.120243649393233 1.06967247182531 -0.814298509428525
-1.4085494004857 -0.512216406855406 -0.540227491341145 0.531596580765542 -1.13338808273569
0.931818527581872 0.205967545744873 -0.475081550124155 1.01352723927161 -0.0807020728788286
0.508310080801944 0.770372406526237 -0.583629075357389 0.709659453308601 0.488347802089629
1.21910899483951 0.241463949854573 0.879617052133529 1.4773246679728 0.95207880562145
-1.07799493550005 0.229861453302103 1.56530114025366 0.590005712702529 0.166127132267075
-1.0284207910423 -0.714930397569689 -0.281219192895592 -1.74649664371427 -0.680151002694465
0.00264582806667053 0.209201169510256 -0.186913927009224 -0.25622852520283 -0.540810651920456
0.464722001802675 -0.999300232879834 -1.16975375907226 -0.0606919252996046 -1.3694076722207
-0.753002363783699 0.199983539211165 0.193264026010205 -0.431115647569556 -1.18466306380523
0.658724406634749 0.87174787751029 0.580862192359347 -0.641205857236366 -0.73646486307649
0.199384067557476 -0.646611558235486 0.0426323540910269 0.788010238664547 0.271106236656424
1.33960156766877 0.940014957562292 0.18335979398825 0.090640443367626 1.18532817977651
-0.296099667591147 1.40915977569972 -0.377526550472428 0.776239225804418 0.798667512718893
1.62722325934466 0.912988810997814 1.15318995901504 0.192079245165142 0.866928159962302
-0.397661985691042 -0.691672338481878 -1.09781559341112 -0.577000922303041 -0.805513480429501
-0.645968657621014 0.0463198985401224 0.662017591938307 -0.377779990006714 0.110377514198464
1.67513272905182 1.13371754564508 1.33582680330389 1.73517972475388 -0.00158693436023695
0.712784638511518 0.555907468049836 1.77288334921833 1.02751216435316 0.488187732227799
0.709172448575824 0.0782383043418524 0.549239791970484 -0.784761042407046 0.490905364995343
1.08643318472324 -0.226466014975003 1.69689057301078 -0.514051547771881 0.538684886290246
-1.37856938050753 -1.60894918699901 -0.992428901780509 -1.12165570348863 -0.756489796966264
-0.671471295820191 -0.694860346234558 -0.448346239160087 -0.373268769596628 -0.421469035553598
0.207006329857511 0.620366666767706 -0.966203831013182 -0.118003698613473 0.157917051213725
1.17483426980178 -0.458009048707291 -0.0670252065272222 0.0918368109146232 -0.190090430776307
0.363040485592225 0.693543527399599 0.469206547320437 -0.197743754360924 -0.903064439781759
-0.327150738202811 -0.55018463066861 1.01354808242507 -0.371949425455301 -0.645832927872601
-0.820833978068236 0.0932183440068247 0.725587273617054 -0.396328704586369 0.0231935848150464
-0.479448152851013 -0.894371142327285 -0.467283047903377 0.18204793207343 -1.38416027365288
0.355340150479429 -0.474476215248461 1.40052922115526 0.623548716478945 0.417314758272523
0.625725636426371 0.21737437722158 1.16571197948382 0.74263881756616 0.859541217329425
0.121351354984726 1.32518853976436 0.980431195112895 0.421776172501037 0.80195863693193
1.15823437363958 0.497732096639106 1.10256784520523 1.26731640778838 1.17572865597697
0.0763590281166832 0.505150339164043 -0.189344422796972 -0.907535987792095 -0.363955436780735
-0.471780721744447 0.23649820327768 -0.64539244381309 -0.668460492750686 -0.481766719198796
0.154283564842939 -0.0275313461770929 0.959105053002893 0.342325248047892 0.447367343957635
-0.110524660900942 0.251040458451516 0.340488313272105 0.353019202606545 -0.397281204728071
0.693185103705352 -0.230518796787574 -0.718891269502019 -0.249209315115187 0.132586200987261
0.140428716314078 0.282411974747102 0.159016769168718 -0.0885767065318663 0.322712754471043
-0.72144682163233 -1.04314867641297 -0.138600187049814 -0.638976510991647 -0.271737917742638
-0.0731143120653909 0.130067950466062 -0.623305223468743 0.657567838181284 -0.0789557352065725
0.43742777639663 -0.850433122924574 1.37819952820976 0.483613450469843 0.637888422482141
1.14796432768083 1.78727648837603 1.05591302627799 0.101343994038615 0.665277841990089
-0.708767929739729 0.306159863018366 -0.602319115751986 -0.722494131183992 0.755686729815159
-0.76064496559549 -0.346640335271896 0.104136084553896 0.571362163584579 -0.448593817186852
1.39910339535405 1.09285495086902 0.133810751678575 -0.173855019735083 -0.152696231157149
1.29730368655041 0.0514726786449604 -0.216727396972668 0.381573099724386 -1.04985621588087
0.138838690723765 0.312882333393614 0.68721904573957 -0.533468749627622 1.01755418409613
0.00572813439172563 0.896449913427954 -0.314971305318547 1.11420496370217 0.576497134245431
-0.0125724481036497 0.372265093648216 1.42122478645039 -0.325748863482959 1.29827400720131
-1.04227669594476 -0.088091435201325 0.390589581428632 -0.70931101371462 -0.37209993689721
-0.284418895607506 -0.264059564864005 -0.0318974280751166 -0.0711886432216575 -0.0325888018589239
-1.31077336641509 0.110899736451253 -0.204106767553826 -0.865347465525341 -1.16599691196682
0.826023622516079 -0.305845123991499 -0.495182259260478 -0.597779903524557 -0.465373954120593
0.569080962592485 -0.0566237613963476 0.523045935957012 0.130405806623505 -1.31741655545792
0.488409687881814 0.376217010436537 -0.746203262555691 0.254773770766429 -0.146020555996617
0.196992538761189 0.0657555031277193 -1.25629682049885 -0.28345726202472 -0.255114418521763
-1.53513298763751 -1.04287073368871 -1.28797098723909 -1.92510227735742 -0.985098621730886
-0.817926661659737 -0.0518844468703371 -1.22540951884333 -0.664086513592646 -0.846971395244943
-0.684468278485488 -0.269540617378737 -1.46517323304207 0.244079332867519 -1.3357029526447
0.684095886802923 -0.377845503194295 -0.179363399844652 0.0010093348171083 0.326638177172131
-0.216488067837871 0.033180407788211 0.919140658373977 0.0352951246947471 0.289218600103516
0.124492838018158 0.0271633609304699 -0.273672378562849 -0.452054998989147 0.0613563367009129
0.309773643171797 0.357035055634508 0.602603002762532 -0.704690672920406 -1.15613595263254
0.0523742184656496 -1.26200119256098 -1.03204404689711 0.582186811717669 0.524663763628935
0.483421743812425 0.663027302270011 0.311813382206239 0.546438807845797 1.43751293098922
-1.01007781295515 -0.832206835654828 -0.335976608786493 0.296518222157667 -0.897810711296411
-1.25527592532794 -0.122756469646622 -1.82437976653657 -0.599743895600144 -0.812640413485395
0.712068415509902 0.933898875612121 -0.593363930719052 0.756588959486778 0.949662659936606
-0.86466372970272 -1.13682707038812 -0.36393077585421 -1.10132380689565 0.35936309788358
-1.07205152889969 -0.633128898335889 -0.240075442915771 -0.64884950869927 -0.688085404857624
-0.59685975759933 0.223690385962036 -0.146555053916346 -0.534477149430616 -0.926287148284629
0.348530216992662 -0.503783354929847 0.620731869257761 0.282097150523183 1.31526463235638
-0.746643960548658 0.395231992101346 -1.13923095209238 -0.0385345530747004 0.675367493596454
0.829534256176736 0.735438471164191 0.703412329992024 -0.0728475202229895 -0.417354446194319
0.0761033231621096 -0.372471824039147 0.316160497821273 -0.950814750500748 -0.0658086956745092
-0.285674989169726 -0.899105549782542 -0.774223567300428 -0.582049797241402 -0.649034701682996
1.62067908652431 0.298590985165711 -0.743345168526124 1.2263783262166 0.679977676757957
-0.37256353125667 -1.21406378618289 0.497104384156931 0.522510309395425 -0.370317826156948
1.70356096282054 0.832605397425838 1.30266704244522 0.735404640399116 0.515190118852175
0.059945725011555 0.203599665888653 -0.345234389138695 0.326877598290915 0.842122784042416
0.229117123579924 0.827619336129634 -0.260518379260795 0.896427370837948 0.52018021559692
-0.635128436057824 1.27667921660571 0.340748238123628 0.0440897788359839 0.323678622217576
0.365640670984488 -0.135543837313332 -1.00915038247965 -0.0365196299851221 0.164859527840624
0.0514390786114082 0.116718831599817 -0.241154798001305 -0.0554184234640381 -0.177584756024245
0.134098384525879 0.336505573051284 0.459275684611282 1.09423099691196 0.0753884443535301
-0.616798374978543 -0.177958663372435 -1.09947961204867 -0.37268577975748 -0.701466514913986
0.749012889591197 -0.190781431064292 0.328111731592978 -0.233665689376114 0.586404696544664
0.480035724100529 -0.921588061557362 0.137429648669284 -0.707609254003014 0.427575712887466
0.19467700542757 0.713568426872639 -0.538301113367758 1.0939727306735 -0.1058918424662
-1.00819058869525 -0.392253373909296 -0.759617805153672 -0.940811476603515 -0.758084158366001
1.59809220682156 0.753992168619084 0.693370315201367 0.364462511661905 1.20467957402205
-1.09707864186307 -0.580669196838205 -0.0809740427058672 -0.248908525840598 0.269121128281459
-0.359465329314723 -1.30861109057712 -0.78657197657762 -0.22998640292649 -1.23316063651105
-0.461481229423009 -0.723413705368432 -0.418378199035659 -0.218270139877617 -0.954988906804961
0.615358246560914 -0.835986020928569 -0.0830036828799123 0.985399983326763 0.184971666806671
0.329465342898734 1.29365986855114 0.985292111113518 0.316744001300312 -1.03911622474728
-1.12202086169195 -1.10083266632743 -0.848518607004893 -0.952298564932354 -0.626245758093573
-0.846309740091977 -0.171800594127092 -0.41029511247227 -0.553663766538238 0.692666867082927
-0.660982028812176 0.179125667933643 0.093643862754871 -1.14582051906653 0.124517892739792
1.06350309557435 0.56754539133007 1.11969028693313 0.234762478654186 0.669536582564045
-0.307304143331221 -0.855407665235637 -0.966686292393561 -0.490573197872768 -0.0686897676625096
0.149508648775697 -0.325033577789195 -0.653463287398877 0.653988914282975 -0.485771481958827
0.606877515058514 -0.687197714816011 -0.164703183498965 -0.0870640335005294 0.0162115173260214
-0.353842351520752 0.0406163376406412 0.15974116219859 0.347124765619329 -0.00102174231773002
0.0672688293573823 1.14408291747819 0.900353574492148 0.391691555244758 -0.376269947461676
0.308173571790075 0.838254013544561 0.692662831066894 0.840109759056566 -0.192725008005736
-0.643869579473109 -0.231007626842764 -0.788700337952126 -0.40346727359661 -0.513929972818557
1.03468302399889 1.20907081482954 1.18923752312041 0.830353388309514 0.30031408463696
0.300771287155844 0.164672299448074 -0.456034681800047 0.768547845668554 -0.638654441894638
-0.710602030284887 -1.27505148547237 -1.1006267498948 -0.85055054030728 -1.21736576685154
-0.455366955203053 0.303681872776261 0.906173589637758 1.41362403377774 0.709832988052718
-0.213593733037538 0.498813035953328 2.09144136235861 0.689684566961119 0.769796141353705
0.0619952116660948 0.532932730497604 -0.713153426917766 -1.1637561498997 -0.899005705571282
-0.253139049809534 -0.198941270569787 0.489441082288192 1.55711353560555 -0.358774549371953
0.747561230246364 -1.60178703461809 -1.39765221777965 -0.0600908369448122 -0.722446923138019
0.7112212323135 -0.850189107457944 -0.726190129611683 0.580535870666559 -0.0699100763523102
1.51720591375883 1.42167512464409 1.14215314878989 0.373876680998794 1.01848499515569
0.816564653954158 0.645106020529745 0.601901717220449 0.0465056832611639 -0.664504410103385
-0.460631968218894 -0.901054899160187 -1.41323117218567 -1.58420812322752 -1.03093151587024
-0.24924444918075 -0.440348528858272 0.754869339809268 0.234721867278367 0.970577457688337
-1.00568510430225 0.714637798489696 -0.0871899652168362 -0.46353691052257 -0.105401807624659
-1.09658382649494 -1.42197565714892 0.465989913272552 -1.07929903091768 0.666222261049448
0.434976510073921 -0.233109205176075 -0.397071136612434 -0.753510911078438 0.307763739554571
-1.70130051318061 -0.693662941332939 -0.678427626801265 -0.829407693739375 -0.629367097120427
0.526909791344385 0.129921520286813 0.163383917547533 0.356452327885001 0.632617317153962
-1.02645250703287 0.47371515310267 0.342770181090972 0.427407256118232 0.787772958094457
0.655131778209382 0.459485982411189 -0.226506621935166 0.336331996193564 1.14605152325454
0.13978891087201 0.22059713221209 -0.26460126084541 -0.432346674891358 0.226101716360984
0.903155500385746 -0.0733423255775067 -0.096015918977146 0.332042391503313 0.251334425390539
-0.928355052985841 -0.617115057754563 -1.51618532173912 -1.38001976443347 -0.851682879395581
0.283791799138873 0.814887982137592 -1.0677937584941 -0.251694234537421 0.689763347930283
0.270244048391685 0.0883533054278544 -0.325278160676668 0.323741709873921 0.21174875951087
0.947346709789386 0.681565742886658 0.723347825968286 1.46024391343129 0.217584315562346
0.359234591553356 1.88813313070587 0.445952455857153 0.220326976800042 0.895714561196645
-0.655303518583695 -0.00974972112158841 0.145932724592615 -0.954190715118733 -0.49695780673806
0.332761571668363 -1.23867299730623 -0.711459550277946 -0.596905682878678 1.16583914743038
0.475777980019848 -1.20196323616113 0.188365448543072 0.0839315306311933 0.00678501901729403
-0.0722488598623718 1.41212276014076 0.485758220268781 0.311988865569026 0.365958864064145
0.492153988594353 0.295578179305025 0.183701688782763 0.718854642614386 0.0380582658733975
-0.187512128873078 1.00372693078362 0.863065755793761 0.277903032819507 -0.0749617004592053
-0.142787758100307 -0.952050810776477 1.13469898135303 1.10943777637248 -0.58809769786026
1.09739237924137 1.13738192262313 0.381158365593887 -0.150115844622139 0.560985894600062
-0.18123937605649 -0.693978801827827 -1.39748883047599 -0.989087996441724 -0.346652242439272
1.13840084425972 0.591371991278528 0.252177076397893 -0.349228879773438 0.543175207739598
0.944359120643668 1.28529726883556 0.501370525353375 0.447964938043044 0.980080412801867
-0.544998776598145 -1.05852001553746 -0.633295379347534 -0.342414345496074 -0.425360404665277
1.4636957651465 1.09499648999926 0.326379791098075 1.08139709991407 1.53201557133645
0.220566545235817 -0.23332658919778 -0.47229064193144 -0.303312320439251 -0.0198972384463495
-0.751943630630587 -0.239756490057063 -1.07403719543441 -0.620674190032206 0.318305820255308
-0.249882336575923 -0.812318706453012 -0.167888265180903 -1.20587502744004 -1.02713782473661
0.656958184162017 0.491709337528531 0.364356226993196 -1.49227154069671 -0.469644525312301
-0.202595053484797 1.51815302347308 0.348662496529713 1.1466256926702 0.845547118277167
0.796626467576671 0.708314456708786 0.96002619555116 -0.589826357923216 -0.3872190907863
0.349082423584448 0.475703396566921 0.361818890507693 -0.271290937154961 0.67993577288505
0.234655887552815 1.15167376059602 0.016009207804357 0.428895626404579 0.866106887684979
-0.71430448511332 -0.591591810177373 -0.675400946507276 0.354806046703727 -1.2813318631888
0.636763501133171 0.233557998799994 0.410416238556137 1.31512892383608 0.880228813052351
-0.152911121082 -0.132298034845083 0.370967124487934 0.52326950307349 0.0048751973751311
-0.508906832675633 -1.02771638302171 -1.61763100782726 -0.602977977648962 0.112896180648882
0.0284032408405019 -0.789919926970982 -0.410423092865706 -0.542331397578452 -0.798211152349754
-0.275128632874481 -1.23225977248809 0.0566752249512208 -1.05117500363929 -0.724076897634843
0.0203709126558253 0.483401085075024 0.382706165187906 0.83368727932339 1.14075922829423
0.59184266971492 0.624953705102522 1.67570037855269 0.297528895464399 -0.0341535331982475
-0.0488232985751 -1.55479395127071 0.458408500037281 0.468239565434355 -2.04552520001947
1.16633881946046 -0.554718243751429 0.454587910046319 1.23195305101697 0.541669153448605
-0.571538496961364 -1.02355482674435 -0.223692452883055 1.10402471595438 0.177708981835747
0.0105725889033975 0.13319208818224 -0.19651303774682 -1.33947682395533 -1.68313444636433
1.21843171450609 -0.337461971667623 0.0451782302629675 0.887695622785049 0.126425788346104
1.53997794064102 1.41539747146498 1.11075727186253 0.050878039357211 -0.272721387249579
-0.380610347862527 -0.825824868030901 0.384778658041342 -0.572058107611345 0.458732330223064
-0.458368766516102 -0.753749027881113 -0.831737707681946 0.109231358454921 -1.02349029861607
0.097484071487351 0.285680268748455 -0.416237443419041 0.335847822756189 -0.475917140454828
0.891141500113618 0.320094457898613 0.860870078514224 0.934975711519882 0.894727936445654
1.7075021656781 1.1278918710091 0.863714767895704 0.890192215769349 1.64023477730701
-0.165271830476497 -0.730677228418195 -0.933511612544114 -0.262415769484247 -0.41640110721509
1.74871475214819 0.953218618864682 1.09881648206253 1.93629778912462 1.7924311420862
-1.08247521561441 -0.779517071425753 0.00443162721988228 -0.798306995497848 0.16905729449721
0.384240033304253 0.506393660119718 -0.133139945996504 -0.539084942130088 -0.0391792238116113
-0.332787463991937 0.139345941202338 0.181184062935378 0.541470227691027 -0.674044917725709
0.121304676774904 0.0653356081727715 -0.292864179482272 -0.0359223722207293 -0.400809017618189
0.715628980780449 0.202905527798009 -0.443918797689542 1.66876569977554 1.49373483502729
-1.18577737361936 -0.783109737789894 -0.580967238834851 -1.39173968228172 -0.332830359496779
-0.164231280434039 -0.73772107577911 -0.617568857145092 0.565450928132164 -0.0808666283021333
1.1098976752676 0.591730751393907 1.90583399135677 1.25092809240796 1.64738342740398
-0.216563161509464 0.290065038402859 -0.320191322485543 -0.551031574908299 -0.603315021796256
-0.682920444052033 -0.542199001699836 -0.707419661959977 -0.326295164402837 -0.150955026219425
0.598819109726235 1.55240692103755 0.958801776533743 1.69096276418962 -0.705392125859343
-1.13059204978492 -0.433278187302125 -0.0759106539217594 -1.4028331588894 -2.16724360906266
0.882695605690278 -0.983796566916305 0.598097310347387 0.01732978992488 0.767651027744684
-0.0212091274240621 0.325620441885614 -0.505351476389388 -0.11792749652118 -0.550113381720862
-0.10046914117063 0.492703828649962 0.185266999476249 0.619878210663012 -0.510158006691589
-0.604005455349212 0.168397523407503 -0.853388329084315 -0.436215406224984 -0.467869682742241
-0.267167853574953 -0.737659143069802 0.440662325573376 0.133556954658024 -0.520402877099828
0.0354555588134808 -0.0750691403200481 0.550005102593175 0.127703744952973 0.380223732144231
-0.942249009370483 -1.44014838457427 0.115846566236427 -1.22022819140714 -1.09220558357295
-0.347880676455758 -0.242583194079642 -0.157582218383359 0.00337077764036857 -0.752042216309824
0.189856907546712 -0.0986167661602936 0.461438554023199 -0.281394841002726 -0.0347593210862007
0.188923469665669 -1.02202784615031 -0.777798535185508 -1.2579991928408 -0.825852721514346
1.54624327632021 1.86103935354549 0.532092190714023 1.12088300736356 1.31476094783551
-1.00676070919144 0.441715831171553 -0.620631704396487 0.188162624420359 0.292090107897196
-0.24998059137322 -0.900475048058442 -0.367800636350549 -1.59308243731855 -0.983065751101141
-0.170666179156554 -0.257353636689787 -0.781786457239813 0.0443671737372762 -0.989736732433788
-1.35920902158348 -0.445374645405928 -1.493075288871 -1.65330200898714 -0.711183742805277
0.936899214288997 0.451873514686045 0.301076757102701 1.18260280124515 0.0934043051426831
-0.0686402526769033 -0.244347694810878 0.506390834586466 -1.29770656911993 -0.565382562730526
0.523587649945567 -0.0670585984076438 -0.41167163718793 0.704329680741437 0.551496705589272
0.3593491781882 -0.84447440161264 0.0281049820896522 -0.349605781286478 0.154659774402555
1.11725957980486 1.20242625960882 0.719181636360478 0.187446836252094 0.40843170106564
-0.365330295231383 0.22583504908669 0.499521385638716 0.144387521345612 0.207556091950991
0.37589873008941 0.856985522334033 1.00554190526374 0.19792274497476 -0.433786250527038
-1.12973309628577 -1.3448803474362 -0.924606260562662 -1.2782476336309 -1.1841647808275
-0.674944878452166 -0.574669511191453 -0.178194511538767 0.140137020853593 -0.618710413076218
0.464381664395771 -1.40682597939377 -0.458830164080659 -0.00824253975023739 -0.500017841844796
0.264348857830546 -0.955933649271755 -0.401825692816193 -1.39316538300941 0.452554177352642
0.529326897623646 0.437919694575642 0.153838820421328 -0.596799768393028 -0.122428379636752
1.22646302780757 0.614919893663377 1.49454659174351 0.320339461493235 0.463626080966187
-0.123129943329836 -0.162131527668129 0.222199802394808 -0.888528126791759 -1.0785587411508
0.881681474104972 0.0951734600974779 -0.320114527341991 -0.106636874957477 0.989082118205215
-0.138004919073231 -1.26078540169231 0.173155330769545 0.727531699225116 -0.822666673752769
0.260472923567649 -0.430348419655471 -0.822662878544802 -0.0550189273534592 -0.469223156844703
-0.037528516551525 -0.993072951375812 0.948472162203731 0.225354448758017 -0.48888144634751
1.0917863880729 0.476204705440256 1.55513086879022 1.0619793080195 1.44000601376989
0.725956155442486 0.383829401564138 0.219262479231469 1.77565540784762 0.225681177679147
-0.519884652527528 -0.981682685236713 -0.326790009858193 -0.697644313211211 -1.51409010372589
0.103706364440595 0.436261784255639 -0.102990450037869 0.550299648738947 0.264824266741552
-0.576619286984575 0.801209012665339 0.703561259934753 0.195327918126641 1.04517854789074
-0.554880772704881 -1.28186059998663 -1.77326932822995 -0.115216234050954 -1.06980508814262
-0.249741680989684 0.826154670300334 1.22126965625857 0.291582589628018 -0.0486709301063109
0.514766452963651 0.411734951317021 0.482358198080747 0.0552890278913461 0.831845636800486
1.96013181868316 0.495751677971606 0.435224911454077 0.481843194156066 1.09440004618026
-0.584563531465087 -0.271555730978264 0.141332266687383 -0.018269790884936 0.554094545600419
-0.845509907098715 0.18390507670546 0.00653381489444742 0.744724771133585 -0.327010900810182
-0.590002832332638 -0.940456905101732 -1.05802984390672 -0.0134831800241565 -1.33230783804004
-0.0191014773632843 -0.766387927108432 0.186619663411977 -0.212848367357312 -0.36671154267933
0.172705075125587 1.23729649203683 -0.0436175128002166 -0.579313345356361 0.236734651852156
-0.893140316106638 -0.192341751241517 0.346426610111981 0.0651019835591924 0.371994169408646
-1.25636985518783 -0.145334815005542 -1.81788271043713 -0.350488734780998 -1.26569023242957
0.411603224894763 0.104261149454116 0.278150343021223 0.510566576466181 -0.852572016478463
-0.493759710294303 -0.574436591147149 -0.831645674748598 -0.147283368475571 -0.349614407663478
-0.237333242258406 0.0838722431561684 -0.537570126438626 -0.307782939905767 -1.07945044466268
1.38220270826555 0.641497506905662 1.65816339089067 0.461225286355061 0.811833107996223
0.850537071922835 0.634504640014344 1.6512341555138 0.590386600579109 0.273147229081452
-0.750447821753634 -0.31018029207269 -0.645538822801448 -0.221808938351779 -0.0261213749104594
0.487612794483591 -0.560793839296751 0.0391803410284826 0.00543897340694997 0.103653813390178
0.957797309861893 0.0721229730168905 -0.410762362465522 0.618644099760928 0.725413933430513
-1.33754448084832 -0.112590410946481 0.804032028270501 -0.826126879524872 -0.048442838836759
0.410467625002334 -0.367934968905956 0.644808158144518 0.584292163255134 -0.285442134868712
-1.3287357310799 -0.414682578891105 -1.00519585474493 -0.344370311537982 -0.823365378710377
-0.056362114851481 -0.106337143326657 -1.84232656756078 -1.49036030979848 -0.943386145873519
1.27357111472261 -0.46363734768783 -1.01967829107767 1.01580445174001 -0.824091739796974
-0.476872637444434 0.551487704922176 -0.597664416037553 0.563167530176937 0.853746322583049
0.026340449161723 -0.882097602468767 -0.769962008316946 -0.166937747194857 1.14603138403011
1.11099588991262 0.905052909113368 0.263560707099534 1.74076885763912 1.12439832354878
0.134348265681869 -0.502265581648667 -0.446411753701403 -0.423507367793392 -0.182826694856877
0.717776774103669 0.778976450252026 0.68999579044729 -0.693277929871827 1.18442155898966
0.172609591796363 0.923647249338319 0.736379373679539 0.126985633316628 0.48617149309811
-0.865941965216688 -0.794125871585485 -1.17483498070463 -0.27464858507004 -0.336001738719517
-2.00260782579555 -0.24416811345588 -1.45184690362296 -0.0680290468460579 -1.35845402845773
