-0.103940826404866 0.533218930079626 -0.623943625528775 0.719251284841125 0.309154697791897
-0.109074729773594 -0.562433043322217 -0.0772049826678229 -0.312112210190796 0.598500227737143
0.392597957188063 0.402546274102786 1.03111247112169 -0.458861796165917 0.572439160339324
-0.665127412977907 -0.0602463286724527 0.338310846597995 0.633409668899371 0.633242727819288
0.602111106257038 -0.285381111113957 -0.272320645841693 0.994852026996139 -0.196119020957504
-0.980882330923643 -0.648658291533874 -0.211941439438571 0.365828345613267 -0.323336790473045
1.42991044781287 0.0469984292740739 0.358973070092065 0.899852181720572 0.329729077853967
-0.264890432788724 0.367180068406058 -0.0328740894235472 0.526630424729852 0.0525787078757856
-0.674994896239629 -1.27846851388536 0.178799041600215 -1.34865155625764 0.0301457667420798
0.811068133629297 0.481633564217961 0.159280739511485 0.635174452537043 1.27795889404739
0.164610976538085 0.79223036586667 0.428147314208178 0.467839145106225 -0.256114174477588
-0.474801454664392 -0.669568005149071 -0.118737776749897 -0.125870847878134 -1.07692332365893
0.77333106885593 -0.418593621735085 0.616074255720774 0.756643501966404 -0.329801331991047
1.78033066521734 0.0783079793816008 1.00881152385941 0.852594422464494 0.634284546443142
0.911031029166414 -0.560867199007886 -0.55376523028256 -0.419343250513132 0.544546783830159
0.74299355624754 0.0716995141888248 0.678578347848982 -0.336006139313113 0.305166176942983
-0.314074341648886 -0.303202778010429 0.200208326990885 0.321282816276024 1.14771617052427
-1.16109057780024 -0.947723408784539 -0.02174618344631 -0.137863568062828 0.222305688962412
-0.108863873487245 -0.109070331826 -0.500627652433975 0.637042553531257 -0.728860523111304
0.658669190472031 0.885513475715516 -0.325128159022105 1.60691907491294 1.56123398142631
0.696574038815863 0.437243898674235 0.819315273366701 0.376273366544524 1.2341945444313
-0.677344605710676 -1.44282138121409 -0.676030238632055 -0.755656536099501 -0.0990912118984846
1.24089544082641 1.50966436623425 1.6532827939386 1.47974261138783 1.20983188160121
0.0312963411484563 -0.822103010366442 1.2749519987582 0.502586594360937 -0.847733266245669
0.258177623753185 -1.12415915797002 0.165712068365455 -0.140943436773596 -0.520219913214371
0.451288829640975 -0.373441982039934 -0.666967663092436 -0.722100126610335 -1.19318459282872
-0.174854320482144 0.0565232258101851 0.904597156621015 0.258390215525312 0.44117690986771
-0.829060457146145 -0.940287960345784 -1.9093402953783 -1.47526512146357 -0.953771285059286
0.707539265511768 -0.307511688076439 0.870289782914755 0.105508485105959 0.777789556246422
0.714530973017992 0.695163593982458 0.751433730256417 0.604165957865072 0.410667698148353
0.182888366726708 0.586461395754382 -0.599876737864008 0.84147380313528 1.07665703841019
0.639834440847494 0.41622080363049 0.021045971635224 -0.629221738610812 0.959847064227711
-0.943021058284254 1.16542805933143 0.264568002403835 0.0676394931717298 -0.251476498752632
1.75496911380084 1.22221619684216 2.18149147847371 0.928692496504674 1.41368802391658
0.276780178923817 0.133903243230826 0.513104033275067 0.881020444389265 0.950159000087722
1.04635510074488 0.458723930013628 0.711794217320478 -0.661981911948796 0.0770547446807815
-0.683981461866569 -0.891769022255922 -0.387413574015304 0.369080417872081 0.300760341168291
0.00567301254330785 0.00320104375926235 -0.546047661832941 -0.945505799597461 -0.582479085525762
-0.789229444742547 -0.140244085681461 -0.694764047636354 -0.42860513143048 -0.557003131681372
0.265023245031879 -0.507901561073859 1.10499904594164 0.935398415062736 1.18966401889208
0.424747767653869 -0.194131268728801 0.562864012300477 -1.54805847785703 -0.245631706713252
-0.293702053308775 1.02450968896561 -0.409043758277724 0.50571012469696 -0.0836419944075664
-0.897040144926668 -0.416663187244985 -0.682156702460318 -0.0370514633838604 -0.912082304240553
-0.339504709780961 0.0709451319283526 0.15311088150461 1.18372947342769 -0.935919647997187
-1.30211510035934 -0.468355191148912 -0.817219845146407 0.12396639336323 -0.706670992958206
-0.144551792924933 -0.261956392476556 -0.483671357291721 0.167806369721712 -0.276299200105997
1.72452804983042 0.668095462888086 0.912840892741979 0.336581156826352 0.345855246728866
1.08523285917824 0.777336639169985 1.4655143772307 0.878428715514962 0.690241230284175
0.364661919497995 -0.0697643169801399 -1.06488429820494 0.426104190366832 -0.623446617846559
0.164189439375663 -0.0292513120009766 -1.16486697042344 -0.10190098246586 -0.0713572935804066
1.03242874847818 -0.375783676187891 -0.894349716380071 -0.263266374563309 -0.105319351160109
-0.663419269498914 -0.631077483899304 -1.02000837230479 -0.314763398820418 0.298049975866302
0.044725392058866 1.51565705060708 0.807457927480188 0.221390055376638 -0.111366944715865
-0.346878109487495 -0.780486479675442 0.509109565533291 -0.531331195670522 -0.102357124216037
-0.44277559931275 0.360572859476023 0.174445166576515 0.135922856582003 -0.578378276961195
1.78697250038953 1.6535665795113 0.988466903746159 0.976578314557121 1.44536085159733
-0.463651023153952 -0.414065122568793 0.95328688448361 0.22296151252612 -0.542011849459532
-0.188128395359786 -0.405783560713633 -0.196410041640915 0.0367947717692047 0.0256323109910793
0.958961407798001 -0.647383680044058 0.0396145954171458 0.572676948550518 1.0145667349374
1.12183118592706 0.0215454950539983 0.784044860912564 0.344011189084127 0.517007438913708
0.309576074399218 0.368312671594205 0.229930113974916 1.15541120232619 -0.271942845656239
-0.410782063383098 -0.437429089729666 -0.596431662741886 -0.856842099149628 0.288672851326012
0.0372232962379051 1.01148139647039 0.6446435383345 0.648689141594093 0.900213213056238
0.070280866593944 0.366533651589038 -0.269812616722412 0.548702155045917 -0.0968673799459331
-0.542416272534785 -0.961035528745518 0.596811875195824 0.560142554520166 0.574972117943905
0.125700604112809 -0.211909532145146 -0.301734693668914 -0.615397704274382 0.490728608086306
-0.520756539870942 -0.633161996236737 -0.634011417771698 0.600623218342564 -0.0864181092363103
0.770618776719226 0.530893501129429 0.37595216169535 0.34979329111221 -0.185272793633544
-0.199977325091008 -0.771380948662497 -0.790219254335463 -0.657128231751111 -1.31000127778089
-0.284720307603736 -1.13335086693747 -0.235315489184143 -0.0293092008687182 -0.336662372872765
-0.636880877116382 -0.759989086887795 -1.25409411324066 -1.12571580618174 -0.775316096228564
-0.184872894464793 -1.01676380574459 0.0711786438103826 -0.198698684581763 -0.0979663278676993
-0.227423379175167 -0.353086176521053 -1.38088137370959 -0.577002520006653 -0.653845496599144
-1.1155194951396 -0.378907772588439 -0.296806939266199 -0.472991692928457 -0.421668482137277
0.0885357178968974 0.100752384089894 1.77605833545336 1.25265167173535 0.528044256567019
0.939487707315234 2.08333217765076 0.992743727669561 0.780195516502377 0.522525294786616
0.103156718808282 -1.28122001179856 -0.459825845079156 0.330418573967519 1.04258849979756
-0.891031082500482 -1.05148104312553 -0.715766248372706 -0.31862633812163 0.0203080724532604
-0.220643783542475 -1.23043044962283 -0.820236935268577 -0.100375352500035 -0.878524064580374
0.059107194458263 0.073784663467969 -0.864375574175835 0.265967450835538 -0.916461441266076
-0.516869554289965 -0.0553214167077635 -0.481723396693052 -0.39199678295697 -0.0313081776420544
1.15344425988016 1.33342646134895 0.468371030261744 1.33715498432992 0.538860648815297
-0.398586529807221 -0.496049062849368 0.536054730937322 0.459475365512632 -0.0214469541321474
-0.22507008507154 -0.27170928802969 -0.418213747954553 -1.05461978511774 -1.40406679399982
0.743336619699263 1.18954085951911 -0.289474109327163 0.377517332611021 0.174506922150754
0.692774715930666 0.529692739924449 -0.0833005209247674 0.0488135725597047 -0.754715985208041
-0.531296338342137 0.80821635679163 0.502546082134581 -0.522005734987449 -0.000947235963427511
0.220174833789318 -0.336272157018282 -0.314461552729194 -1.15599007578443 -0.898652418066025
0.806405981878862 -0.504903978552173 0.519410595516307 0.319468169126758 0.12174291816089
-0.508105669128414 -0.565106843379656 -0.992088198698219 -0.747256964496207 -0.315588153167724
-0.588840113948807 -0.0224068170261256 -0.288919167489788 0.137006799632987 0.322895949904819
0.592691668547945 1.59177570225769 1.14025303368777 0.891571104420217 1.32032415684272
0.205603879142886 0.22651049444942 0.247810481924303 -0.0494078388211333 0.504155608873699
0.699117670600208 0.195573177284556 0.349456964779386 -0.64849122035927 0.732182106563816
-0.960866398586223 -0.852786585306251 -1.11660251061227 -0.741044529021415 -0.736854193537914
0.189504094512916 0.0291070358212404 0.770260839750042 -0.0968382126138766 0.49148018636448
-0.281446717122978 0.0894746357190131 -0.769968266085146 0.159962973670661 -0.394933690943076
-0.58616111770807 -0.750070274460366 -0.252642345176734 0.212358593077629 -0.588088344471673
0.985869258577323 0.0590919908866753 -0.549861621369228 -0.290515874544407 1.25180865067575
1.34709436299616 0.594530477726412 0.494111592367264 0.479974218977407 1.58582854811614
-0.407503214040754 -1.13721740774335 -0.379914546150902 0.0777829175093661 0.495223702224781
0.167205992188037 0.107034159870251 -1.19675700459445 0.495656428531981 -0.456769498642059
-0.27044211838394 0.237741583741791 -1.62106902319789 0.236025882687365 -0.801135994016731
-0.141326836746308 0.242596582142526 -0.461270737397331 -0.0550347779841951 -1.42732384926333
-0.671135937582484 -0.534912578912954 -0.160103970239996 -0.422537910178587 -1.34937678991455
0.78812266213405 -0.566295881093916 0.117757500969866 -0.149354966892759 -0.228404258850322
-0.809501828099878 -0.414087178160337 -0.45924364108769 0.0671319048386064 0.326989543078662
-0.768871361177332 0.468197882227493 0.192396121392659 0.997253384951877 1.1478957120584
0.335264021075697 -0.580086632524012 -0.0656422186561059 -0.714379948736219 0.0317661928926578
1.15217005414125 0.620429131612332 0.434422638524388 0.346446093313497 -0.879068306832775
-0.824672932975683 0.0304271096662915 -0.975546242266299 -0.0986308312516048 0.476036786007445
0.616684246494863 1.08709644600174 -0.143683005062965 0.467911175990378 0.479282853323815
-1.4391457618753 -0.380894670789303 -1.02349359228863 -0.470976515147427 0.0397399705964718
1.84631108873317 1.08311881581214 1.4097237993162 1.33676479874004 1.69139837563441
0.542700813595278 0.158037075998057 0.274091666459907 1.32146190296532 0.839972348350598
0.497769192660277 0.79680171145222 0.226862638273279 -0.0757619468802122 0.389317632241464
0.219757027664035 0.141060856085043 0.123839661776717 -0.553512780153616 -0.626949826873203
-0.44948346930786 -0.59178804851974 -1.35437334823508 -0.123443103512405 -0.594442256284893
0.641085753850537 0.218350143304332 0.210431058807735 0.809505093458954 -0.810398139833285
0.631106394933245 -1.15877850765796 -0.601284970069075 -0.0948044359638688 -0.369576202843162
-1.03950807359716 -0.406984652574499 -0.515264506298685 -0.650889038605706 -0.419399612061057
0.433910648842568 -1.46800687568987 0.593954560916106 -0.838662508574947 0.0432825132735639
0.431043197313788 -0.65140367197769 0.198919550167573 -0.0511856569524657 0.442421013102383
-0.104518397059012 -0.581187786785 0.00250150756638886 0.0556139644444003 0.361373424041577
-0.287400050838669 -0.779401414857812 -0.751376947661718 -0.752337155416561 -0.0191894462638444
0.27081274641516 -0.584017744832539 0.894642633317617 0.231117716952031 -0.919848349971235
1.1879290103784 1.87934024799448 0.586354196246422 1.10359865792048 0.777768271836208
-0.0974775489929432 0.196397789714393 0.296825764837872 0.4796616282957 -0.115781863688026
1.90528167448375 1.13507273134571 0.914878326997594 0.799365299669924 0.855615974179647
-0.618667377250437 -0.46986822491127 -0.232744556173715 -0.084310441778158 0.609471536339104
1.07321669836896 0.448365068801997 1.39886661203909 1.03669789140057 0.532908795659547
-0.111637523581174 1.32578070279382 0.126459250703476 0.281748351695205 -0.0766508670535222
-0.837061448331126 -0.874919225379689 -0.278993807865675 -0.16902469014553 -0.0144519283477627
-0.983445280574092 0.936640048510889 0.024474743523256 -0.221808000711383 0.226502285672776
-1.32565461759463 -0.516952922561626 -0.761717714361246 -1.49468381414588 -0.202182861517706
1.12310736771213 0.85751060448747 0.58033677782719 1.392055583135 -0.0573602556486773
0.491118658309801 1.11669958706531 1.18663029432272 1.71634289444895 0.0907835652361018
-0.288146064544293 -1.27899794169034 -0.973658146161199 -0.649998321338391 -1.08257731494845
-0.239338969164361 0.509078463286252 0.00749300244084716 -0.389667670550061 0.668063920312023
-1.56304449349894 -0.0604179532433033 -0.257070182582923 -1.8960000109156 0.574653202223109
-0.250738575828225 -0.90739126225677 -0.307153453898447 -1.19042028409708 -1.63048104579949
-0.884783695760358 -0.372670718226133 -0.114902367826745 -0.423253733851907 -0.804843862129926
-0.439877438188405 -0.00383503546409903 -1.44657619512259 -0.893071383405719 -0.478320300625271
0.628308354092228 0.564112799088671 0.873485075675446 0.901085863913683 0.516599942727788
-0.00386550117534847 0.17085507779746 -0.720280937079174 -0.387209268605148 -0.471521454648006
-0.718483872458822 -0.28075381985196 -0.272773953326691 -0.00379600024313376 -0.844199266582561
-0.12179090890339 -0.933096185237245 -0.430796997743399 -0.48067582329132 -0.811089030521837
-0.0288231544026893 0.823634648000867 0.242935844383877 -0.658970578235969 0.207745648508574
0.095998174189256 -0.252104999992522 -0.0888423073903056 0.283034977034227 -0.720422354070093
0.713270474233883 0.264298203333769 0.636780201268576 -0.735368408424119 0.241221331381779
0.129115200810866 -0.00500678143986618 0.54615425683741 0.0660752851787548 -0.32159242482602
1.12305516509188 0.569385935263078 0.327391312610653 1.28943078260306 1.21996413539885
-0.409815560977876 -0.621809076139145 -0.816152143602004 0.240260743166692 -0.955764270260323
-0.283724409061048 0.901170308965295 0.713185977130797 0.237812656925186 -0.325376535618591
0.0166660637080677 -0.354221322017602 0.254272388421855 -0.910998872531485 -0.848501037158002
-0.505010806958363 0.158568051297272 -0.418407221970787 0.820436190954345 0.33381332452841
0.621924817074224 1.45546506953826 1.51573485565829 0.556119586101588 0.104942058859013
-0.798489706548485 -0.398486025706374 -0.524930952006413 -0.576628490654108 -0.782644056727969
0.00621299474506251 1.2969097640061 0.0554658552766173 0.278251620236659 0.284453742054619
-0.146286696896351 -0.764016898395077 -0.733075771798268 -1.31425951851503 -0.667905707765528
0.411466532179205 0.396029449039085 -0.270343747129173 -0.0140033340752796 0.0285134382637932
-0.640240130990821 -1.02331384686275 -0.921116209711198 -1.00195677161149 -1.46979185071428
1.05034986172934 0.579143576797079 0.889941342744212 1.01975473409543 2.13880951276678
-1.00175715848004 -0.19127659548867 -0.608131941491453 0.200455832404021 -0.218334830745462
0.369088061824991 0.734760502672525 0.0205363995117201 0.101986504341609 0.709828626712694
-0.681320531643068 -0.346801018167251 0.109940787093778 -0.0478402597280916 0.710744876599411
-0.701945870941859 -0.286813430695205 -0.992261762242461 -0.704518899314723 -0.486996303891342
-0.308137264468698 -1.12722675855084 -1.30044116528955 -0.617837318569714 -1.0622899635011
0.480549439237004 0.932766847750424 1.21947816688584 0.292694940599255 1.27687549322476
0.40171674593364 0.74678218296711 0.133983871328401 -0.0641626019798021 0.3625845113058
-0.773841113565884 -0.801964251604348 -1.21348940235767 -1.09524853900943 -0.526551054046938
-0.35676859502201 0.134783278444743 0.204492559363837 -0.645129829972635 -1.23692551899492
0.135290010228826 1.16829522398366 0.637095506633344 1.45174343596971 1.50334996147244
-0.0581168439021412 -0.454498950327036 -0.652166744324853 -0.336593945150274 -0.502484234349153
-0.277924135538534 -0.789891727463317 -1.42480455034005 -2.23926110230428 -1.19914254048883
1.0633428673554 0.156739711564746 0.607810036633444 0.800172433991497 1.38170400825387
0.0466722107153734 1.20696268121892 0.958500263251878 0.698989362631335 -0.582231661911553
0.13459215730675 1.43501445483461 -0.0898483803595763 1.03531795929697 0.487156785559394
-0.369510816840026 1.00881808132747 -0.480062791339814 0.0707016046052417 0.0562164170724673
-0.224632877210958 0.337209226914465 0.0046679621281289 0.0149924116617185 -0.325772143162401
-0.805192260238884 -0.942030266980048 -1.61187021388437 -0.368845292911901 -0.851734524004388
0.335333650216175 -0.462300198620667 -0.090365255128929 -0.836754053601447 0.891663620495121
-0.892204610814208 0.221447001669702 -0.688371651382124 -0.453911053232895 0.305127701213101
0.663092389241322 0.253959492792851 0.198291714299168 0.0565876284612746 0.507415829390579
0.418278480311461 0.158287265286437 -0.311161944192599 0.16538018435109 0.0485255175062207
0.167769588900173 1.2602663709423 0.105224884964155 0.198812727237314 0.293528215221289
1.49259760359661 0.403558124821213 0.272563673994465 1.13323749699019 1.10783298941284
-0.317425704255211 0.940148223705698 -0.0063061287414832 1.07875756899361 1.82724931924152
-0.652178190084413 -1.26348143658192 0.283112541174407 -0.176595252734767 0.420035055768827
0.407251263715204 -0.106087228587008 0.684264531775158 0.54238628428983 0.280541129179604
0.231678048904909 -0.0310547480328262 -1.33240261314852 -0.239468891407343 -0.167472152863574
-0.900392436319039 -0.707424150289589 -0.586477491075904 0.499086988880225 -0.447601662986651
-0.59576092587678 1.14788353172282 0.97054300701673 -0.241567782028157 -0.44003592389674
1.27223069763258 1.90671320968972 0.946606413485038 0.223280368398319 1.42651116190992
0.0998295427306642 -0.348957322881001 0.182415740919455 0.324273304539489 -0.799252345232176
0.169762485259387 0.947904121426967 0.453245845329863 0.995127651617362 -0.0318998541563434
-0.811150594035987 -0.418314985719204 -0.427880630733473 -0.486299572544779 -0.510974378342726
-1.11530817189812 -0.063554981140269 0.829875024162588 -0.223751667046402 -0.913229809335644
-0.955214278510408 0.675985225232667 -0.457684883175969 0.103001228448233 -0.343126801455684
0.679690624705453 -0.669656078040455 -1.56764281558949 -0.356216404760138 -0.278355903145243
-0.315332803011775 -0.814371182494375 0.185391240944386 0.799107152516651 0.215981342971275
-0.893158603154498 0.103439239939402 0.307550451057081 -0.452894595446419 0.554240712559552
-0.810590616591704 0.894317274118649 -0.329961006179302 0.823397415891724 1.04075576890823
0.695384730268131 1.10656128379448 0.177725585439675 1.83583883569593 0.0782634808707098
0.359363020449506 -0.523513862768823 0.893453090616501 0.256487589235246 0.122992034440769
-0.184269249690528 0.160355546625422 0.719454981338832 0.416455508601013 0.805055495871193
0.415008261240698 0.39506907827947 0.432405168164413 0.357057028711694 0.953118165249359
0.45169805783382 0.175028927216698 0.620518766766682 0.285428688756078 0.871421377886442
-0.635737757641999 -1.08295027998853 -0.648702841579248 -0.13949752915138 0.0577199603158471
1.49225788751597 0.280460757407179 0.736817488244755 1.03581147161687 1.09593114395869
-0.435468706650519 -0.600001387424712 -1.02224389172603 1.25090161381085 0.296895172587392
-0.692656287963027 -0.821879945129717 -0.402854770950711 -1.26269182435675 -0.635035523339685
-0.590687522280983 -0.0352970659643455 1.38497409433278 0.807904576204472 0.499953153430797
0.491784336129331 0.983080582748938 -1.01061360501357 0.546689062915797 0.00499176515934998
-0.00890509054201464 0.0874719974424571 -1.61474983465613 -0.579931390840276 -0.292994367535504
0.606822468597887 1.3325584144695 0.581560090583394 0.93369020448802 0.37184079008077
-0.953483868714618 -0.0986090845205526 -0.73408667008568 -0.55306627982796 -0.515817555911663
0.156136648487133 -0.431008686171809 0.898316649757006 0.162346080723469 -0.13967073526023
-0.0364180045146993 -0.0298810168922258 -0.921993730392532 0.351944542690666 -0.280571259234082
0.308446910014545 0.54107786486959 0.179638977107035 -0.0659708407234397 0.10997136317572
-0.0283107860038723 0.450859664106187 -0.101344198192445 0.292669556316824 0.590451533964854
-0.18079681398562 -0.86724422573881 0.206122182363327 0.029713210368473 -0.287332780451848
-0.368707242073729 -0.207791974797339 -0.298070537045296 -0.332088406089034 0.230209700401226
-0.867093169178774 0.252060087668389 -0.0868914052589941 0.600826734654921 0.0728148947992684
0.412590552202867 0.550762419930895 0.10240042380639 0.745408714306122 0.83712404862929
0.314866900809701 0.487494678515574 0.879263321559205 0.0352830419119205 -1.05295900115751
-0.369301615590778 -0.447811634439886 -0.331142171121463 -0.492063365109534 -0.400563799046539
-0.0565047789217884 -0.56979471167942 -1.49614558764654 -0.838243381368639 -0.758027845903544
0.0279072909799866 -0.58267408460212 -0.578179842218287 -0.204594057585923 -0.655721020939373
0.199779420075039 0.738735619083814 0.416067396814791 0.774115751487968 -0.247019724828605
-1.08430607554434 -0.0913889401112189 -1.48199423561749 0.540897496686256 0.474440382982314
0.162575482039978 0.22355210095542 0.793244569345745 -1.04374695328104 1.23003625989514
1.30859259590704 0.114641344454173 1.3326535290042 0.290806626904793 -0.0301533346717054
-0.288923482841401 -0.274683369156609 -0.310969729438863 -0.857239045390352 -0.550085889323712
1.06775323290005 1.07812924184093 0.795678145135166 0.467199526540479 0.961030472231942
0.529572756426756 -0.911129101338949 0.469290709051156 -0.711858981867262 -0.0940032902197125
-0.33901136855836 -0.0515561201135908 -0.223438713502517 -0.910424336570769 -0.107752572888959
-0.632869049546254 -0.893824070899321 0.0821949769553494 -1.25736404552126 -1.18093722443947
0.817699829336874 0.710098742374924 1.30193834091592 0.769461966441196 1.52548679715099
0.726868940979147 0.799086037596155 0.818893031956383 1.44458082215869 0.310834400056447
1.07188923860849 0.49998720061991 0.535462981372659 0.875814043110157 -0.511755071955536
0.218999786737802 0.165526598996592 0.891798480820474 0.660526532595818 0.970843810236367
0.117139249982066 0.580625305557523 -0.29418211296101 -1.27279826315678 0.800265692470592
0.631756130923628 0.28563376931737 -0.342341536950922 0.867824672171317 -0.499097914666036
-0.10645436544859 -0.461752487609583 -0.434453306090733 0.594908209837257 0.276236958650365
0.560622508647923 0.251803554676902 -0.728381883265172 0.375897756452864 -0.512015419924568
1.1152149232087 1.10429408502267 0.282258074881557 -0.346267305777901 1.16239389733058
0.798438136810206 1.3519520820499 1.02751068838166 -0.520254500107965 0.676330281298008
0.400956597935847 1.64469893496947 -0.292029125010349 0.194892487953124 0.842575000321942
-0.476544267370781 0.404695839427761 0.547986373882029 -0.10333092705263 0.0376474380131116
0.507966813138601 1.04826560349468 0.00154602499849905 0.0916096652943719 0.368164169088665
0.134413182393912 0.117873909834756 -0.443562618578808 -0.612326766206693 0.371139805795587
-0.561039933148827 0.263672227968077 1.07823487214716 -0.921118952427339 0.388727842244198
0.459585107242165 0.491593320211211 0.771217372394761 0.951721454942502 1.16343800423492
0.235110571271392 0.0794784008809812 0.359674565065054 0.105227377445788 0.363633818461123
-0.902849359805617 -0.488695174538278 -0.394920251329674 -1.37213842366319 0.815853369001748
-0.630215659835024 -0.312607562566995 -0.133592526971037 -0.72653539653879 0.747417002043314
0.505673290537492 0.617562767200469 0.686248258117141 0.663975149618594 -0.103680631309211
0.168258459293871 0.398620332288593 -0.805138623367072 -1.23271131203901 -0.277639128095996
0.434100711082614 -0.339905873476253 -1.09078828281322 0.918988020695034 1.19913237561458
-0.897798028931742 -0.676537166810006 -0.69500093815012 -0.390683769446055 -0.427308648148421
0.992715627120029 0.440549454687577 -0.163728825826054 -0.0238851718842701 -0.0552100274787228
1.45212653624387 0.385936850197054 0.748316361353696 0.539612614377924 0.31387669995857
-0.735204185172459 0.865994133460506 0.59807556798237 0.90923177107565 0.507631619751009
-0.180006852588172 0.444513389857393 1.41894187428171 0.199522418082402 -0.827283893263744
-0.130278546103406 0.571960677126466 0.45219761930546 0.763113817659737 0.774283559360162
0.318308245983442 -1.38871962413574 -0.819629485639025 0.352784292911876 0.764557682298706
0.3100530561058 0.164445966977877 1.48854691901312 0.953657159953537 0.688497727703661
-0.82411888998083 -0.75317740890134 -1.27042396455852 -0.82968126326677 -0.603589022171243
-0.55318879222241 -0.599430933820515 -0.276576530274065 -1.02473672085902 -0.973073831177128
-0.210980427492801 -0.687200808142279 -0.184206631602892 0.396082170375949 -0.0452170357041919
-0.495786377803372 -0.413149588223675 0.102645960026583 0.109436800260442 0.446985625171909
1.33204254693108 1.0449101502483 1.6312001316664 0.64261584897355 1.22375662888589
-0.00318025169348342 -1.06663566612107 0.532712913315121 0.963770237825399 -0.234312066542352
-1.6127554172911 -0.665426605058193 -1.15914019704637 -1.14380527478129 -1.24594294999705
0.438575699457457 -0.275957498217909 -0.550632861744925 -0.0390837206224308 -0.27400864573686
-0.791161842335241 -0.917283003155208 -0.498266559533005 -0.0455810778502902 -0.405385190015823
-1.30292977007266 -0.566298300820037 -0.827123866831184 -0.552119191552873 -0.15630817560596
0.647080760472284 1.06136992785248 0.955774462884484 -0.766350429702888 -0.107746133739198
0.816476532601801 1.01801590645966 0.317631936354 1.57185627721673 1.03267762497016
-1.54572003301155 -1.13098042044763 -1.17880214246678 -1.43363549945718 -1.20041122702298
0.447164505069901 1.72770799020971 0.601290072901907 -0.0295858352224688 1.34339070001862
-0.893734746324195 -0.472598358467415 -0.515172640131783 1.02151351379829 -0.373001605939209
-0.227647332808557 -0.159386731501438 -0.518825823648784 -1.14923963063412 -0.881906952341964
-0.0729086853116252 0.741578682603732 0.581222053376972 0.693835869792515 -0.384292947530397
-0.363364665673944 1.07224059554511 0.803948223352515 0.2158972568241 -0.0508634009173178
-0.374856152006774 -0.625555788884162 0.515743863890072 0.305090098786328 0.486208353862676
0.624000669278825 0.648097831404832 -1.63119734338528 -1.42771246817994 0.375891413583156
-0.134152852275346 0.15494532246054 0.358897771288112 1.11838680289711 0.795321783561426
-0.0792858499785334 0.360270939767092 -0.32034635062694 -0.207627975887916 0.075335705408912
1.48456521731562 -0.726787054907348 0.177540486034132 0.960131590687789 0.47899087130265
0.521634942843158 0.342441295623996 0.870176272192569 0.678582192363867 0.14717725801746
0.0377962378523463 -0.0787337670089258 -0.0974601263787638 -1.13321275670127 -0.983248826289638
0.148008294468492 0.799103989573173 0.73078757064381 0.822468450423495 0.36353509951096
0.119252520414321 0.0668547310002889 -0.927459636839904 0.0619389059001248 -0.66828684977036
-0.669780123183056 -0.861226510036899 -0.923585234076777 -0.204596223534944 -0.474179484180961
1.7304246804397 0.392527349769271 0.122302810395309 0.960966653314443 0.640397980112538
1.04459355376523 0.260050971874626 -0.0249005295875935 -0.199230101206156 0.86624932574536
-0.0932892155767036 1.10264937916684 -0.627685575227513 -0.443022079403837 -0.436376898995872
0.478364209023875 0.951433127685701 0.488631339106658 0.903360317862158 1.22113953376582
-0.164469302474496 -0.423802522727201 -0.21665309519661 -0.572020948850096 0.289435287139811
-0.679490666593281 0.252222514034329 -0.214475844085506 1.07995832542539 0.75646540181521
-0.77716999480407 -0.669811224593654 -1.12463063426832 -0.792865571589167 -0.996615099942053
-0.0188804895005322 0.652343191876425 0.566075499172689 0.365010032120958 0.213691744851038
-0.883085266224299 0.10456887142524 0.96877969389185 -0.453256129363536 1.17109868194325
-0.600908956863886 -1.67955148408779 -1.25159011402554 -0.890015959789517 -0.879798000651744
0.737978660028492 0.0726014256717418 0.241462271734513 0.872367944946299 1.34076225784748
0.432000328695716 -0.618208610848511 0.660778137808356 0.953608101850633 0.777214656697635
-0.876321693358389 -0.617142370569946 -0.61172092589589 -0.353082392319103 0.0117800443364068
0.433815662909706 -0.185670849655179 0.916322962563169 0.174442715273752 1.63754825221909
0.222378707467357 0.340684279852229 0.473902850868376 -0.255284884672101 -0.385229289081104
0.742561588636056 0.611886171799428 -0.493903244934479 -0.528942060801519 -1.02136708046083
0.67246631713523 0.0440321474269033 -1.45154272886497 -0.373069390099958 -0.786764834795663
0.520030630165764 -0.663712519036231 0.420364411510311 0.242764264243336 0.507614984739287
-0.731411607450707 0.340670972744487 0.453365221900163 1.00822740472319 1.09917843721838
1.71431037757947 0.436179247855341 0.479211969397579 0.530476273286155 0.274606890387099
-0.249620919864816 -1.05927559330279 0.353672808445171 -0.319878428879456 -0.857253315253115
1.25795768575306 0.582122831856764 -0.257142576437311 -0.188224870347519 -0.0531981548559161
0.517027361141617 0.829443234086156 -0.0869299663984337 -0.600152513378316 0.871067096141038
1.5479093197659 0.485131089668578 1.79829593452056 0.807486503470254 -0.0610620705826793
1.49971774790037 0.219419645978731 0.226330593978065 -0.0495760775496089 1.55368784191086
1.12400519150276 0.631805271500197 -0.00690547671839073 0.594130460548121 0.217356386588446
0.565491686435656 0.230161232686891 0.77731072748716 -0.686240573280482 -0.55049783526597
0.438170973039567 0.460872071263177 0.255240167614159 0.0445933369422246 0.111177243084585
-1.26542003944361 -1.62440807208137 -0.756459515700986 -1.31533017579821 -1.21512803271551
0.885539180601443 0.664337348643724 1.11175394775905 0.681181357576205 0.588009135575154
-0.431900032401852 -0.808646685366575 1.35546232077415 -0.111245227737787 -0.803963473884988
1.19130713645127 0.794930204038676 0.212502103258963 -0.464392819836045 0.274280948225625
-0.743349153440446 0.876835027250442 1.17884426707644 0.185367974614856 0.753313982834827
-0.174882787555053 -0.0011508722635883 0.322096639728614 -0.945010388535746 -0.622259091577522
0.897218049958553 0.469661793062118 -0.518180863120666 1.08925279034987 0.186571309133792
0.0518572062562121 -0.0207342302083044 -0.953907562492707 -0.553616091545403 0.495059024804037
1.42696802485674 -1.63650697067786 -1.20182940959578 -0.120683132115828 -0.367062702193611
0.77603822258745 1.09592913947401 -0.650557971052374 0.919751085938777 -0.421458870079142
0.460493907145457 -0.397934212078589 -1.7272193770385 -0.194915203248419 -0.798344133043429
1.2785979039045 0.630579088372619 -0.00624002736432254 1.36600290713073 0.906665951542865
-1.58403710872749 -1.33212841718666 -0.629734714739967 0.235709065508759 0.0360228810488731
-0.214716250932999 -0.551320416167702 -0.460875346357342 -0.431189226756365 0.0508853950128173
-0.62755543623993 0.0863437123530285 0.441086986261125 1.07509110558024 0.0236522977514654
0.110691687910459 0.169638818965502 -0.321820498451989 0.23454537845457 1.87331084177065
-0.781955907168807 -0.675612272020358 -1.11666390393644 -0.103896520531677 -0.525509494778526
-0.320273579522155 -0.280271680917171 -0.889507947359331 -0.258523139217346 -1.49285333262426
0.57992202897828 1.47245449847039 0.0429505176149518 0.423012043174431 0.128508038048228
-0.0863696290115071 0.123661929002865 0.955915527652973 0.919805882175798 0.555451574763953
0.876072487724975 0.412324940085989 -0.143745651220785 0.985818409368004 1.11241217437129
-0.0370164098201669 -0.381365078816577 -0.400356781842248 -0.321321181816682 -0.471721463170266
-0.405070520467611 0.407136537996365 0.111714930436519 0.0705810807030084 0.596352444587363
1.01497599688287 0.337476046872547 1.15750651436382 -0.544609284739996 -0.581435183700858
-0.113311860602209 0.344846984349256 0.650432774986609 0.398824950490621 -1.06310448795
-0.320741282359196 -0.545925279859847 -1.52642985116327 -0.476530771385984 -0.631886691582939
-0.165494941567949 0.963508400623833 -0.261493800701225 0.703943371838811 0.156937854353015
-0.149959780797485 1.07808712359771 1.36705297880715 1.31178303873607 0.906296931747553
1.76119714903665 0.395706577493825 1.35000566100463 1.46048696973808 1.34223682348183
0.623395897284197 1.20198772949604 0.845418348822132 0.184103852835916 1.12813610863092
0.853597469309102 1.34787373704991 0.794638411700502 0.525361702904319 1.11067033239888
-1.10934928132341 -0.642938337581428 0.94767030758934 -1.1956247613408 -0.114355314047492
0.524026739195253 0.624961328223029 -0.216969023656566 1.50071752783687 1.31014381073573
-0.160765357346774 0.105425601238948 -0.495853717999148 0.263642530188627 0.210382507240714
-0.0501808339069076 1.22753976777267 0.315911275548061 1.33159566915917 0.068645870579872
-1.01657899816417 -0.730114511032349 -0.407211005166633 -0.104188547604059 -1.249868173716
1.62929179312334 0.365259447326354 0.865886834106587 -0.2998477507924 0.473160382178797
-0.096537807068458 0.160676638559003 0.206400099169753 0.910061721390629 0.184180930369891
0.0894284591693889 0.219841114862482 -0.71295932007423 -0.787581597153748 -0.72664911929782
0.36950618380251 0.634321525812763 -1.3901736657421 -0.176550187947517 -0.609494213100214
1.3229596108362 1.33554734721156 0.0203141085474685 1.17957383774325 1.47158310234489
-0.542303749010913 0.0694458869780282 -0.259734800956024 0.138055259130701 -0.234364984875932
0.607158017778315 0.353388785209445 0.178529454673628 0.164504926202138 -0.178358541865054
0.149752562509375 -0.779592151178468 0.407835383238655 -1.44428696700959 -0.409563458900291
0.922461025902696 0.024568098062301 0.847220904422188 0.658063553877751 0.908321703853333
-0.636153828803117 0.222964322165062 0.0562351618270179 -1.18431221607136 -0.408306439720926
0.129638719251172 -0.68079518575954 -0.317641922995 0.243316982269201 -0.446099277351084
-0.906048877285922 -1.38321621771831 -1.48297481272684 -0.746438706728888 -1.00694239399418
0.172099502194862 -0.17025081168588 0.280228860074159 1.07125593867926 0.0699586856255101
1.56640222090022 0.673610497967661 0.162727197835459 1.26018471378526 0.385211723408248
-0.501084554637144 -0.655669342524331 -0.498088217901062 -0.12866263424471 -0.506704228744571
1.00298467135627 0.505400173321152 0.593886855059763 0.521931826251731 -0.582019557761317
-0.0644902128040206 0.0909916610965837 -0.795606706072457 0.133954426792377 0.499842203447141
0.937801361270611 0.82475335525651 -0.934948645926062 -0.166683644459719 0.371703758849766
0.208168871295189 -0.375819796513091 -0.784622960565992 -0.777156699070583 0.407216725632112
-0.445905739277786 -0.685803651240804 -2.19172660737969 0.885102911432617 -0.0100217936043443
-0.635345930473757 -0.527587474892827 -0.376533467459548 -0.761031788866021 -0.723533206824211
0.0275729750840046 -0.0732168002188948 -0.763046427812674 -0.0698955020070373 -0.38202478282714
0.257861424731534 0.899710771529198 -0.174371817795076 0.334809962006456 0.161587949761897
-1.36800901106776 0.0402823659717151 -1.18085273347966 -0.962029360836074 0.202614658727954
-0.616736162833668 -0.492257210593157 -0.19375161130359 -1.15627932782678 -0.0486115931289854
-0.600894226451352 0.459960534453794 0.706782244560739 1.38811019855611 0.996299531287893
0.908100322831708 0.329407691433581 0.828755230896156 0.214248001502127 -0.0606851464567334
-1.71033113326467 0.356094037777247 -0.469892431497986 0.710415172450761 -0.214175926373654
-1.57724147252142 -0.136787827694936 -0.987154374372238 -1.46632862882592 -1.66269715650783
0.0034335526613558 -0.474230244338329 -0.0752016854488611 -0.510453102103679 0.0412444614904904
-0.755314118656905 -0.946684671587147 -0.942034872606956 -0.955450314579112 -0.803961269139084
0.497154116009763 0.144561763591969 0.417546795805743 -0.290881913693021 0.285675098958038
0.660607655352072 1.32728895674943 -0.724824009282034 0.466535285856601 -0.0651578849361813
0.977890599021546 0.349727300799414 0.0869495949897147 0.551028054033355 0.0830758432593765
0.405774825367996 -0.32934332166437 -0.266592587814124 1.06238814993686 -0.276467301555041
0.55437810368571 -0.520388696665987 0.0541147651127331 0.175570012186624 0.0661607954132947
0.675101592535169 0.228997670205588 0.662610953313217 -0.00589283695446048 -0.148994651128771
0.940168360944315 -0.213674296754326 0.115914188817943 1.35243939534166 -0.260945500525157
-0.242700538147496 -0.43412961737012 -0.553400430359953 0.0707169287642934 -0.0620415994345389
0.678274415327307 0.978530674741738 0.627202579948177 -0.0394982869195721 0.674686126736895
-1.81040251354806 -2.01502471001296 -1.43430517873766 -1.31190447368323 -0.850588341251554
2.03493055384096 0.984270188954155 1.29726908820885 -0.366858815393905 1.03701236439712
-0.524388461863157 -0.429503066029278 0.695386905908941 0.326660923904462 -1.20084337584816
1.19043217176869 -0.847403337706886 0.229494544089945 0.227781998152934 1.18615112701861
0.403951230006757 0.631960478532926 0.963755758393548 -0.426793043415654 1.81848901704588
-0.196092458456484 0.422974965423296 0.0741369961324005 0.241428310766297 0.353118898730472
-0.325453407782018 0.268024889523305 0.338346969281084 -0.29232601697971 -0.545220290548761
-0.135826258314148 0.835875118845635 0.542531150315986 -0.602487318308594 0.0618928168723197
0.951738770665819 0.933503935953793 1.54714632100541 1.29962678337405 1.13212741607006
0.700012076128551 0.929455706591449 0.73110104832401 1.41182618209601 1.7161392223669
-0.273805161381783 0.839477660781366 0.481537982245632 0.755853166714196 1.01860339943175
0.0546122340960324 -0.766107808581771 0.59572602468612 -0.00557175265637496 -0.233044685826159
-0.589873423937603 0.402178126384264 -0.953945893588837 -0.123544986698533 0.543163555316318
-0.152650090276619 -0.001924721433419 -0.236993032703396 0.60876096301779 -0.498301555908579
-0.63963360010264 -1.00787413655219 -0.0138037754105067 -0.611295002171722 -0.46243658931109
-0.443644311228623 -0.612299026150473 -1.01152211215772 -0.624924928588206 -0.592809502910994
0.903117232529087 0.18341064280923 0.39346376252467 0.426332403662973 0.621296653813534
-0.724815615254219 -0.22417282372775 -0.451355591289032 0.183995310641524 -0.501039344974061
0.0226233287421566 0.171129102738037 -0.33823844111608 0.733440475930229 -0.217725021747293
-0.581609885222243 -1.08208075830498 -0.840031780445755 -1.67418709017938 -0.976577216969874
0.105214127489625 1.10239140426487 1.85082582836157 0.214965649045649 0.916527185149823
-0.849984291290755 0.943929780702043 0.213910811011408 0.520663155622329 -1.12748861929833
-0.427451833821448 -0.767550703926376 -0.925280236971714 -0.485296410990971 -0.389719910535557
0.0925380817221318 1.20162585975905 0.217898606274447 0.467920290233013 0.456090366883126
0.0584117978874878 0.845452751495143 -0.453452472068003 -0.502178731151926 0.378428551147595
1.65023668030963 0.0440782897382559 0.219282608833546 0.527444336200788 0.600430712330819
-0.154866643970299 1.01336646839966 1.24053955922058 1.39237640756773 1.1334270175666
1.44027001858015 0.463832115713389 0.387222325648838 0.167061289690385 0.566646138778989
-0.208614031824674 -0.738087743633972 -0.318338698180431 -0.665961529091719 0.3630837229322
0.909542685215574 0.270585955816708 1.35696631479782 0.591390105210202 0.204549550455538
0.792482547055373 0.432213858488702 -0.550408992819313 -0.32254646148777 0.414034769255206
-0.0249539788633932 -0.533429064382769 0.690218269090994 0.551343939364942 0.0203097448675923
-0.274354203345943 0.158933231282315 -0.695403405702663 -0.697398443574009 -0.49200994450253
-0.0573188275158128 1.16588433827738 1.34851656828333 -0.599806429025657 0.987732843515699
-0.704996854812655 -0.378157207773775 -1.32800078915209 -0.312974601548363 -1.43985314077725
0.930977128500136 -0.140219384767099 -0.383793084879256 0.814265259412414 0.493867806416773
0.109592744725055 1.24451827267747 0.858689719422019 0.585965746034098 0.420761010403611
-0.239606660862627 -0.388050130644588 -0.0358863472107503 -0.42872033306094 -0.861567875784571
-0.63367326624579 0.302577176783633 0.193770044440557 0.381488337262888 -0.286166465043389
-0.725364726924411 -1.3536278534755 -0.838602123888939 -1.24524335683781 -1.67118494325563
-0.392069720434603 0.00631585396656739 -0.586087116898297 -0.809707204829366 0.113799985314407
0.00847336159138693 0.980764746858244 0.308908903909106 0.445016010826902 1.09195996032275
0.75917440496005 0.959089409134548 0.619315812451158 0.427972897988679 0.925865810232774
-1.36541357171889 -0.861537970135991 -0.322548620709719 -0.646846453560482 -1.05264961051127
-0.279638894825743 -0.644000506028215 -0.620726123821941 -0.532305750379755 -0.151970397229891
-1.68526148714286 -0.910674248699717 -2.12927361601629 -1.23170249213543 -1.5550604083707
-0.791519744175054 -0.360997022441709 -1.63735365547025 -1.15357547151876 -1.16683340797269
-1.31641544723281 -0.611196838371943 -2.22609042148804 -1.07967183285558 -0.979011309841179
0.35852342110202 0.692940222995511 1.08168498742326 0.525524970814968 1.18167137738155
1.40660958283078 1.11681349051667 0.785004018092412 0.341082539797993 0.38209491075877
0.557277775272478 0.365738811807071 -0.975384960871511 1.28569610413166 -0.691393375412544
1.15544585754705 0.667128838849967 0.94193267686577 1.34080072857134 1.8125636874236
-0.422571444416106 -0.393376375231238 -0.992580111293592 0.0271346439603117 -0.455825790585305
-0.334674917753383 0.0309267370154257 -0.121997403441981 -0.690217025871711 0.19012489812808
-2.11542528770078 -0.942539458395192 -0.919048282599133 -0.63222137328466 -1.51849092932486
-0.557081778841442 -0.94361381746302 0.436109995744656 0.189150763381123 -0.309294082305286
-1.00067155683067 -0.216820626913013 0.442038366466083 0.0763948801271508 0.210637391502961
0.58766200070917 1.17417817918874 1.02382890261892 0.742206975067522 0.0922549114347107
0.778100053243659 0.0970844660260208 0.496148048504382 0.505390392570859 1.57989971655378
-0.870648582267491 0.0849254129076759 -0.250885984331 -0.50766711906487 -0.343377427648935
-0.198361602269333 1.13817179475172 0.945495282154707 1.36477662107274 0.669283104360346
-0.336239367192076 -0.788327474220259 -0.777667430934478 0.236817876742291 -0.334332369144782
1.05842670671505 0.537034395919965 0.7470853444261 0.879901173391997 1.56124739010757
0.532268600490195 1.24863798183622 1.22164023032946 1.58839161243861 -0.203228576483336
-0.466770216485791 -0.107751559149857 -1.26402101389335 -0.426017670150891 0.522396824428948
-0.652358822069485 -0.584622664671749 -0.0842185583046168 0.0802702334434521 -0.287412171810525
-1.43026852001679 -1.19277423972193 -0.887555740541024 -0.222285628801472 -0.897222462974272
0.581013057043765 1.16549285968198 0.432359727488507 -0.0532695074119543 -0.21073818579143
0.69124868391841 0.423422117166049 0.926422046068757 0.919746716768169 0.833309680595743
1.04914066240134 0.422790937569306 -0.0580182516798181 1.27262606941847 0.962641076769077
0.500103252833628 0.3356111128409 -0.802414396888131 0.431467306473555 -0.475897722743797
-0.445455866578307 0.0158346616213324 0.164930007110238 0.369124571343202 0.34341304086436
-1.21581493944757 -0.935317640574082 -0.495017300442536 -0.51793681138988 -0.965737147425668
0.117842141488456 -0.242249969636776 -0.080199149389681 0.498660867695457 -0.444358027436426
-0.775500685190431 -0.631217885206732 -0.754635778567886 0.370500805494231 -0.250562677470815
-0.639454751377117 -0.515109392717284 -1.06913295875077 -0.194707115677881 -0.416848312045542
0.0634281886704061 0.2450421284835 -0.0168997445127666 0.469476282984484 0.473545882125009
0.546290750081974 0.00933402497847407 0.481476535009861 0.641141040693176 0.847002501677226
-2.02115696815729 -1.06478371691168 -0.454322787700118 -0.122414527442952 -1.45808505153567
0.684506454268693 0.583896868902529 0.896748038589167 -0.499637991399916 0.698926670723239
1.03784084316635 -0.268427150548528 -0.496201528205037 0.383714859318353 0.983335804914221
-0.342961332567571 -0.81536608585304 0.440603951809931 0.801221945230863 1.28086773725083
0.199564661954366 0.261332816512845 1.57703681448305 0.701941038498564 0.393056654271407
-0.573358567129443 -0.300036601090862 -0.544200233382239 -1.33677286822713 -0.581803784563376
-0.176176071896778 -0.281111753676169 -0.417361545894919 -1.17896823803008 -0.62918786513327
0.635681982229768 0.765086894130643 0.709036256845998 0.828135336804553 1.86364352709918
0.739246827274366 0.346367693312914 0.337971015843893 0.920748987532108 0.707562446980566
-0.500973211339818 -0.476421788426808 -1.5891430218255 -0.851593520238422 -0.495867478615088
0.461643431251518 1.91226542296125 0.373941148467814 1.41925819092194 0.890652306474206
-0.575996832697014 -1.02862209037134 -1.34503051337101 0.0270529793081018 -0.806980229561522
1.42126945874119 0.639046104346137 0.26361366089547 1.06719456325095 0.0913416779623538
-0.116986105893231 0.131240553781549 -0.240899043433508 0.4454275091561 0.191297870467759
-0.45114922438262 0.969175575844688 0.123669563235138 0.583784290844929 0.192632618407851
0.0459044160305133 1.03164554583415 2.1953662044475 0.504275068025195 0.52480417988559
-0.343655343377802 0.321313051675778 -0.340936305647469 1.16363292244055 1.2623270349695
-1.25972767262689 -1.25415408292358 0.146454756859015 -0.0115353571979754 0.466127129529602
-0.638639124702204 0.782615401202673 0.708432757960833 0.589140271337916 -0.787141173510212
-0.435229433570503 -0.619367207814767 -1.23440205337231 -0.341851137248418 -0.0278029178568112
-1.04913392258399 -0.907762783027921 0.569543007580286 -0.0834187829801078 -1.28352521523576
1.12077235065526 0.680499181394547 0.653960156386728 -0.481430454974991 0.302834174296031
-0.200507386016092 0.58813495398012 -0.123423001686047 0.424608439517789 -0.221949436097457
1.33553391289404 0.450843870933994 -0.41086720460879 -0.126658796993165 -1.09105770954936
-0.0989274193746029 0.911873526848711 -0.367486266183566 -0.774095622794064 -0.108625552646171
0.0536302415534765 -0.551507774782339 -0.0673417580062654 -1.02482757253988 -0.199596630017158
0.603393779637086 0.215178933415148 -1.40999269899912 -0.890239779693184 -1.05826178107689
-0.501822335165966 0.975348131793534 0.817903910545902 -1.75749996500022 0.279033394737335
-0.555245118092697 0.0567965304210732 -1.21643905239595 0.864517451067662 0.414174673398331
0.728884093810054 -0.93317128934301 -1.29068946264811 -0.0257679403323629 -1.07655128481593
1.17793628783121 0.427447405922369 -0.193304151318338 0.793469399523776 0.758780993398389
0.579199849150976 -1.08093350348322 0.683476474162107 0.68280217493921 0.567739627469775
0.0990239364457321 -0.0179117023522837 1.2254069298417 0.4795968381091 1.12135579375934
-0.683866238337955 -0.0409286220404947 0.164451860237185 -0.292942218746944 -0.350145601343438
-0.73788598469433 1.22367520196842 0.0689031136654805 0.497856955446545 0.374356624623994
-0.272597242290763 -0.907490505097834 -1.22417931256852 -0.904001000100579 -0.412743055656074
0.446847545147618 -0.91144176235202 0.706187472580428 0.359416931052715 -1.04917702552178
0.655665720179237 0.553947407179671 -0.987741748702796 0.603167335792576 -0.637973618188538
-0.323541258077895 -0.442763849687377 0.0818358703590224 -0.922135941908596 -0.131318702875026
-1.5112878861542 -1.28941912213299 -1.11537624327342 -0.537707298150115 -0.579471982438675
-0.723126662542774 -0.796838037529769 -0.781515759492271 -1.29769626488906 -0.98413733996012
-0.684666042996946 -0.826849853710281 -0.608928691104177 -1.56918168693337 -0.59694079911463
-0.511495176383264 0.350140931410474 0.148705697456214 0.234120024603283 0.264724400140624
-0.205423771965246 0.153171784748625 0.270245174942394 0.564396088648468 0.268884531568912
-0.499517545717932 0.148177067216771 -0.368903320402221 -0.22828956726882 -0.17774256794504
-0.400365512876498 -0.898674198751285 0.101223558583975 1.23126598609583 0.479823096000334
-0.37687474355212 0.0614729152501914 1.22853276291964 -0.237605496657349 0.370480398749967
-0.0997765374248549 -1.12835246544206 -0.642856559835029 0.171524796164248 0.343221865670364
-0.511824088588226 0.388073815043283 0.525011493975306 0.265282982745682 -1.04240356642157
-0.124914477657158 -0.182917180494796 0.353056860081613 -0.398916812718169 0.198756870779499
0.643391641267392 -0.827433706734884 -0.0528700087880215 0.601420996608587 -1.38277122060971
-0.292908458574092 -0.417275279916108 -0.336850064358503 -0.625469928198215 -0.372269398222148
-0.677750632906498 0.893372497934176 -0.21848955164888 1.1213943475966 0.22938288244323
-0.571883214455431 -0.712065835043579 0.185760288188554 -0.137204209746457 0.014070178064387
0.101133318489085 -0.0901139049370538 -0.0720128886834954 0.584197800267036 -1.06101611369371
0.376346657325602 -0.367346967962498 1.53221394298634 1.02088163310521 1.94576697595236
-0.145900628341506 0.360327670011742 -1.09528231840733 1.05992864511256 -1.42511928742936
-1.67934707522268 -0.754287740182102 -0.976205022169374 0.532847002438872 -0.356019288132274
-0.693796895018115 -0.798919274525406 -0.357034549776549 -0.659048690552877 0.175762524175799
0.662592350602851 0.427630529324595 0.186711483685522 0.923850803131751 0.879083878322326
0.558769603055429 -0.120978086845662 0.297472960049074 0.152746502968832 0.206219351139467
0.418807405211657 0.762952155900814 1.01067236037343 0.0159046033179891 0.580293654905414
-0.358884795745673 -0.481629361660703 -1.28497938725393 -0.111763037098502 -0.232403109148001
-0.84992770718166 -0.668615576808683 -1.26332538112141 -0.500350673542826 -1.14432957991346
-0.98148546371777 0.442599549083546 -0.0421319161899184 -0.580468343204967 -0.930476531440113
-0.0697974481918475 0.334685522042126 0.520995332722866 0.15553410380386 0.211765493171742
0.787260880216062 0.974463951299668 0.705427059053866 -0.636078373141928 -0.00486453803012663
-1.08455662262552 0.930487939452194 -0.0567067455830217 0.569841579040953 -0.490668395804937
-0.898454940900305 -0.302253908097038 -0.625100521926121 0.180223307282235 0.000704759453074625
-0.417696858845536 -0.486812223125202 -0.133358459339588 -0.0277684036864404 -0.323768808054266
0.616582844814751 -0.470096279579634 -0.247994625221915 -0.220386055771065 1.80713178730839
0.421655478957361 -0.61724496446359 -0.721087206060856 -0.169456161544335 -0.0566526719406784
-0.249364987031929 0.148162357417822 0.178567862583629 0.231686329922577 -0.56073707416319
-0.2398710284626 -0.461858336824268 -0.666603603189092 -0.598866939460153 0.0859439339420591
-1.00396169908125 1.63616033013571 0.6549081063172 0.6092661112541 0.538934202330673
-0.683640571802129 -0.688493999489036 -0.373124089861143 -0.501082391808624 -0.403636974504144
-0.425515281380702 -0.588552839373559 0.336985896620783 0.132208129092534 -0.704210799934596
-0.710793330212777 0.0447500945988305 -0.576552452112053 -1.0861895882773 -0.633415493960577
-0.904713146987862 -1.08069738917293 -1.06560529245273 -1.01439167903993 -1.7664662127602
-0.307367129838239 0.0442685420730013 0.491439646955744 0.350954494568436 0.542438500150545
0.00212492780495226 0.0242969769835725 -0.374360820521469 0.652517254249301 0.0926373527332862
-0.291236372330617 -0.391874318530047 -0.556632043111423 -0.475047156638539 0.311495838150001
0.404432309668944 0.501301882160656 0.22668570977681 0.276952261735921 0.353321191245056
0.769654836819192 -0.0658401783109255 0.945666819871084 0.563906072103739 1.05959943074372
-0.0284161351418693 0.50033783135229 -0.503412143045734 -0.581867788232503 -0.172497364927847
0.410702948645371 1.69578856196545 0.276628798218271 0.93975355391462 -0.497847674673981
0.271315294205992 -0.519109853727402 0.19505950153111 -0.11802832549382 -0.190180785135236
1.72022246188182 1.32746484911605 1.51208170732908 1.65118265545824 2.08180173418135
-0.92259083364588 -0.129762769149203 0.309449237648205 0.174728791380198 0.929260986110387
0.871752601472787 0.287416878768199 0.985638583661016 0.972978422942924 0.765811712422735
0.0118208866708365 0.153224152386314 0.487419168001553 0.466596236239354 0.941764230860859
-0.605154773762716 -0.199379997398281 0.214717341407588 -1.30733627857164 -0.296664799538904
0.992959139231088 0.962459890807001 -0.341086718300694 0.39478169023588 0.575526515574844
0.455380124529965 1.46802324444073 0.445394309141094 0.0793058479155126 -0.978040989590342
-1.6856408302799 0.0731440202264788 -0.284764135113179 0.874256252588418 -0.951404452784536
-0.476280631534702 -0.703813687748001 -0.73504667501875 0.172814695109842 -1.18093428407625
1.03621883609877 0.405050525752895 0.0350169476156841 -0.892592635960908 -0.419295390865479
-0.0227299183671333 -0.217452066042312 -0.194356141369013 -0.150402931015262 -0.428389351564178
-0.569579182592428 -0.216439077391623 -0.502400944961144 -1.20481133674071 -1.09596494815255
1.04573281330817 -0.672013937713173 -0.0517070033304775 0.312751299523524 0.375924965311016
0.279605897529984 1.11410240255982 0.385992762511759 1.07822845977964 -0.72395016107427
0.0340986444026468 0.365281525303979 -1.10397792105125 -0.0886599284313743 -0.650000594090221
0.408106278586344 -0.610259918245206 -0.279182785840342 -1.35102238369904 -1.71398769220529
0.976993237569149 -0.683489359194361 0.0133980439895093 0.377941895074694 -0.293654035402145
0.0414570137275372 0.387869039359467 0.0734858476812577 0.0883164170288834 -1.45062220660797
0.915055764490934 -0.178870894332633 0.109451272898906 1.00952835319127 0.902599597123599
-1.07204009468945 0.954349304538285 -0.369190524659389 -0.430075238989882 0.139291821016096
-1.88903981157888 -1.54591509105434 -1.24244205221251 -1.00264449774607 -1.73562413899042
0.212024520427075 0.291163749081775 0.945765502618595 1.34528030687112 0.228106876943866
0.101397338772053 0.137854092721593 0.872844098811949 0.807796517802211 -0.204474269581126
-0.0752772793488582 -0.334728615296897 -0.367154749269596 -0.132654407692821 -0.714319591810523
1.73119325456493 1.5354032821205 1.37001733141556 -0.580142502088755 0.974338819892408
-0.112404756464275 -0.864240573588894 -0.823571288919919 0.446842129165391 -0.730175812763811
0.239227499318774 0.823946768032154 -0.122999908144012 0.168024732715375 -0.901582349443142
-0.51591269533155 -0.217850045743222 0.0836712969664823 -0.685462124355138 0.46870121927727
-0.812986116309023 -0.348889066463602 -0.786046210202362 -0.760498159520065 -0.0611942320496865
-1.76484225528993 0.0888618672747358 -0.257219205400519 -0.650663937621292 -0.745860664628228
-0.584035011001891 0.0067805729196864 -1.2673503133855 0.513841873673918 -0.579067348312539
0.890725095981315 1.13193551368714 -0.593933744486711 0.543080676497372 0.623010040030642
1.40326217630912 1.58901337711731 1.1139366328631 1.27411907706461 1.17213022887943
0.661380918831833 -0.617943475967322 0.137679992365513 0.952235436782564 -0.349865448664415
0.313173946088143 0.619005265218602 0.648188835213012 -0.245968998071831 0.398051799092695
-0.0503910578452101 0.549255275628729 -0.191575485616764 -0.101773050281199 -0.13064021108185
0.713646083459155 1.4165916878766 0.382749119886806 0.447584188902952 1.27169186899723
0.876433460591435 -0.741572657133671 0.0456944526785443 0.609326623552507 0.775971633853943
-0.691598932567802 0.62560525090079 -0.10356475025279 -0.576625189528733 -0.407033443189119
-0.702560925784028 -1.27894575568711 -1.06809678955619 -0.283455179813434 -0.662780862655505
0.106010448420843 1.12748946046528 0.885462049813761 0.699475624690876 -0.924931542873227
-0.933780685338016 -1.13055407807889 -0.920443481933026 -0.233544371742383 -0.602759301336128
0.89925321785037 0.399269279587693 0.23377295145699 1.30585513637085 1.01789557322362
0.432135296884544 1.35207652156663 1.65537342931142 0.262312226065648 0.774496236328202
-0.18932617811739 -0.697162125489149 1.00610248202725 0.564690130786831 -0.937397606643056
0.888266544362743 0.953372692719711 -1.09461659590843 0.790039784660765 -0.846232121509705
-0.10823302035873 0.562012459250567 0.106561288830185 0.992836552404384 -0.347994076262666
0.641595689250355 0.945680906429359 0.75967349437008 0.590421874351225 1.21085486539544
0.490820977656644 0.685917504664468 -1.1030847732752 0.472774938279868 0.599884300144708
-0.363796914046935 -0.288965798970371 0.284460103634227 -0.504477335736413 -1.1447743693515
1.33579422927003 0.868507643276006 0.398185870150439 0.20079849988183 -0.524298830650566
1.5945383724197 1.22496264331124 1.2048578395421 0.708302180138668 1.17048772792704
1.10037857999604 1.4265877264236 0.800848869156664 -0.282946561107626 1.73135065033
-0.361655724387418 -0.365284660279833 -0.6073073731352 -0.0886546286879797 -1.07975791884312
-0.466758543263199 -0.639118383841949 0.393422999889054 0.244984372804388 -0.0166074127047894
1.41021439887329 -0.404272407723942 1.28524202259792 0.551497520308827 0.93108197868732
0.172908484962472 0.349222661191243 0.41615235570606 0.164878019091857 1.45490155737765
0.473021396607444 0.172344961627383 0.353913410987091 -0.199273773060385 0.448827465370346
0.659133696205613 1.65003377820726 -0.535781932650566 0.605965015500796 -0.289077911931524
-0.505425996754647 0.249409630960896 -0.993840092339082 0.0467140267687272 -0.436936681876799
0.148272964167434 1.0101075222064 0.468798502995841 0.0338345272200262 0.392243350033809
-0.00369872565060036 0.645239714607061 0.10931613804041 0.195431003682855 -0.913465351471577
-0.407676198846589 -0.5759301398408 0.105526472608048 -0.32550441690418 -0.658548257298531
0.678538017519952 0.428732243356426 1.30103957162819 -0.558437190790349 -0.158420855077992
0.547274987683746 0.267998350828187 1.34224038495499 1.22378882354324 1.33517844127123
-1.03481626925957 0.790012572798041 0.669524000943143 -0.184013938527642 0.708533733616909
-0.950791663647682 -0.631497267434022 -0.578821256191487 -0.493155288514 -1.18271136992932
1.27100340054592 0.697579992301131 1.34815536710492 0.85012588489603 0.184581917799247
0.199256994256146 0.51598922817505 0.864339351772781 -0.358099972575735 0.489700881393342
-1.07685364856525 -0.334690586339437 -0.63086181511709 -0.809413215472261 -0.28185840343464
-0.537872859057363 -0.639368922350262 -0.407526183438961 -1.08440699984167 -1.03655781524216
0.816450236038091 0.741341986440975 0.344137707598613 0.182076600299725 -0.208968446668402
-1.09012997114672 -0.565545772184461 0.066194693532034 -0.402702334982858 0.289929112984745
-1.13386628489051 -0.820128440521487 -0.42205030201033 -0.268220012038747 -0.359012897438217
-0.830785713713575 -0.481772142496024 -1.53138105964899 -1.34311454957475 -1.00326949089309
-0.882545393914991 -1.35381418771809 -0.629037735082777 -0.956280071249472 -0.0541106709283638
0.228577914612682 0.301534941546852 0.403051022150673 0.671963972970013 -0.202419979320004
-0.179722221432297 0.195401264785702 -0.150990427227601 -0.209711882454105 0.800844342825235
0.92453515567557 0.652421032323859 0.859337337053328 0.523270464414084 1.02953006176937
1.87674076224552 -0.458962720924594 -0.0286703689269044 0.953192062100749 0.187757571643247
-1.19725468178461 -0.613260646275876 0.272522193209024 -0.100359277906295 -1.40446008967363
-0.373140960884044 -1.22317082411268 -1.96471490446123 0.432047061725703 0.558943858625797
-0.00543241652414142 0.324732758641068 0.459819876773684 1.0988584603607 0.491552214004431
-0.934244592213729 -0.699016419303539 -1.29009089725079 -1.58830490353427 -1.22621448619937
-0.278762656285109 -1.52701485339879 0.42957970719873 0.128965027849168 0.0819877422058742
0.281535897929148 0.792710233073066 0.275404609378066 1.52833493343778 1.03393220827881
0.0915203078399211 0.258160142393455 0.0698084729585741 0.78066828275733 -0.581761259382277
-0.648194913623837 -0.634655614216928 -0.211591372024965 -0.579303853604934 -0.821870735801976
1.06752673685499 1.13528792458776 1.11303097267336 0.0860869892245547 1.28677784685413
1.36599810915546 -0.789621086207964 -0.00785918821425166 -0.142518082207842 0.558613419643337
0.106312281202666 -0.662070396769296 -0.329295706598867 0.299667100352146 -0.197320984850259
0.145563887415776 -0.269363695366165 -0.43611519935613 -1.12521091514286 -0.573905633097726
1.17516958235236 -0.0126428436984333 1.27077568643379 0.405392979535763 0.203591026286289
-0.600941394607018 -0.223032881164945 -0.652728256948632 0.833583138467759 -0.238698226170713
-0.253880280801212 -1.30643098588116 -0.271469276739188 -0.855587828989927 -0.663048011502085
0.638337388030123 -0.0451989031909776 0.590738254867613 0.177738576015605 0.293722995604568
-1.53991619545281 -0.821051071599408 0.129279364654495 -0.786604128394813 0.216002329804863
0.859544161731651 0.857653598675706 -0.553323185075478 0.23492075083888 -0.409718904534889
0.113168118491915 0.169228829468865 0.910375239917657 0.46648068518319 0.326359643264012
-1.04379355372909 0.205092773849199 0.0155149119457887 -0.256067610838326 -0.891478044956826
0.100448649942555 -0.0926475478009555 -0.895031959981496 -0.663690026780136 0.466456207156034
-0.896749866444229 -0.320876942570575 -0.6288103501691 -0.481558958411012 -0.159748292522027
-0.875583202521192 0.323722026050073 -0.395220476146643 1.00145645069907 0.382992968360138
0.275648451749582 0.683253633214929 -0.69209310620432 0.391997836733539 -0.390369862666345
-0.954495686179752 0.494552980845341 -0.338602922750214 -0.35588131412738 -0.336629772478343
0.222360912109729 0.960836405989466 0.0931333963932725 1.15060591195006 0.944973543610977
-0.0989189728845717 -0.237744361301541 -0.710980902155536 1.00119139509095 -0.778794261832308
-1.42453385031912 -0.314785808297433 -0.322991630781523 0.395177299486425 0.318518092485388
-0.0640143133625328 -0.467916508885082 -1.39339154268575 -0.835287075597348 -0.239767405283058
1.26832419899441 0.724536091539654 -0.29871685425305 -0.446327943116286 0.395771768635373
0.371289883972906 -1.25571659520721 0.295409643756069 -0.0412136521807597 -1.87487634466174
-0.821868924545883 -0.603382437744297 -0.124755138427036 0.0181149254611461 -0.345914098817017
-0.339244660144859 0.696176462383839 0.297711893102153 -0.808792486105304 0.638603976217207
0.310815885079104 -0.107514870958283 -0.883262098323795 0.0244122040186955 0.356707084436482
0.326778975875868 1.02847591835295 -0.581605923429656 0.077538015901461 0.902321630999614
1.33254614776643 0.0834805505853926 0.522186074305038 0.123690156566752 1.34168284958001
-0.854876377751373 -0.673593230839487 -1.06117887149548 0.107477014485393 -0.967976542208175
-0.812374603923976 -0.545795776529795 -0.444967836284013 -1.45000678988993 -2.13084132560915
0.0803486904108098 -1.04686027676914 0.400670524770319 -0.00992513191483995 -0.903343494567154
-0.742342773992034 -0.425664105993649 0.0122315175271414 -1.17780780120676 0.16077181102691
0.064863824035109 -0.627152326274214 -0.335225146337356 -0.432509831078237 0.41888727681718
0.309575647192328 -0.553866205023753 -0.789150109686996 -0.0733046057869825 -0.498132142257395
-0.521288262911679 -0.987450551151879 -0.953061387301035 0.0953131817787935 -0.0290262976119204
-0.0267524583004798 0.574677643858214 1.12088256971483 0.524982589971921 0.293978585982147
0.847538901893301 0.0729823449917117 1.19022400685203 0.787313952317981 -0.391688906001908
-0.497037184199024 -0.820908723533787 -0.933900605409683 -0.868618986044469 -1.06406200156822
-1.0070904950502 0.347571477338738 -0.627720776546893 -0.696207036165054 0.780459934536582
-1.62807150375506 -0.601439126168305 -0.796442412746264 -0.569000693511762 -0.269296601960391
-0.0146248307144291 -0.181171552976865 0.573939506198176 -0.580207291718571 0.538099367045274
0.941468794084773 0.161322217264284 1.17675675004976 0.588742393672124 -0.195074154818256
0.173213362424309 0.304402674367117 0.0831616342310488 -1.51642806957875 -0.196013284954716
0.25827342030068 -0.24459225462064 0.027424870544035 0.063645254253022 0.814496235886783
-0.961451108561037 -1.04645537623343 -1.0830338904012 -1.19715638560504 -1.45648420944497
0.97068016416097 1.17055890973474 0.608812951305807 0.704076015563309 0.988333256098652
-0.326762636596072 0.198895232826875 -0.750473018496184 -0.794754348004132 -0.0467972580419062
-0.611070650128487 -0.713882476007503 -0.372317837878307 -0.762694057478198 -0.25670173134469
1.28799670390039 0.629127559761329 0.0286994254550079 0.576581999639093 0.523106254320149
0.101707238884452 0.827019246423295 0.638414667238546 -0.194838419744967 0.388047251038719
-1.47596772543404 -0.860149233963899 -0.92582553352056 -0.40898377105885 -0.401364611320051
-0.334567445165638 -0.523170548058031 -0.0726211765996498 -0.880374110817802 0.687011301892143
-0.301795374378763 -0.818606799488625 -0.526144640201408 -0.771703687855041 -0.937169996273209
0.685752331061492 -0.205331170793923 0.671020928805489 0.27719840503662 0.117596901370967
0.0985710909532792 -1.51802010322534 0.418726066189861 -0.139014618760396 -0.488364130392961
-1.20905027926066 -1.05210929380244 -0.9225335361168 -1.45861504246837 -1.3371640101319
0.123078928094203 0.00165822230630626 0.724340387145287 0.0362516043188033 -0.344918393508419
0.388815567637939 -0.0943955216081885 1.18381055445171 0.507463471026256 0.075746681673578
-0.178453647438034 -0.695085206260657 -0.79424868834678 -0.306874206643441 -0.336952619119375
0.465154981642168 0.456636243526594 -0.463074300956016 -0.0805733100395707 1.18032587991273
0.781361664337316 -0.15810583764558 -0.0417869335725841 -0.595948390021512 0.570328839256797
-0.41398334883715 -0.40215927709545 -0.105064584965527 0.305568186283112 -1.35034542872911
-0.717452840076799 0.274987922457237 -0.961167846363878 -0.404168795398665 -0.0809417186547434
-0.784896867238943 0.436732700785958 -1.30435608883044 -0.260846183452344 0.512357353062941
-1.04388307883821 0.00841867902843404 -0.846951758901789 -0.774678178986452 -0.45523941325014
-0.61925253690972 0.284694097765898 -0.255803679347734 0.40152489676337 0.842418424703312
0.636954768381309 0.73242540902306 1.29592283174475 0.824750238760026 1.49839859164199
0.146961472661611 0.44015447826102 -0.508650564679947 -0.116173013343703 -0.598217195723398
1.41699521406911 1.4454001938907 1.69544687157938 0.877309476196108 1.36763131664452
-0.891146759635972 0.45092064387001 1.41193983680935 -0.85914781402477 -0.0977271188166534
0.431401509018502 -0.527210037978589 0.130577179353022 -0.55542236894513 -0.525141889830765
0.455465992398281 1.95895839526127 0.868614855076343 1.01951045480404 1.12660966908471
1.04269668716429 0.333430415483968 -0.146092599957807 1.0115923705885 0.917062073574171
0.375010808317351 -0.0836814924658883 0.339456881666634 -0.113133255175227 0.360832969943707
-1.25431788110014 -0.61828247259104 -0.950787203863505 -1.48445862822875 -0.237838444835473
-0.0757823337272841 -0.0625644141647994 0.0952229118434248 0.135668500501834 0.190050682494223
-0.0144042668814123 0.513902658604039 -0.887548079662787 -0.824336209231222 0.0312594569989722
0.0985868780067609 -0.527993793549561 0.581385935432 0.013396484189376 0.44537446359359
-0.450735079114555 -0.643554001438491 1.09417163673141 1.13996130755907 0.413353440351355
-1.15780381497287 -0.996753803940358 -0.0615268205274291 -0.53125374281337 -1.38977529541562
0.13773002400052 -0.472138358478283 0.2174948912625 -1.24333568574488 -0.555947159517983
0.570647743659221 -1.19557148062621 -1.05518082475691 -0.387982499777441 -0.764650311837873
0.937259130741723 0.805139215379572 0.362733491786945 1.11916867764117 1.03622625260101
-0.972643934428801 -0.0503751273180382 -0.431690481816288 -0.886554762345997 0.341061582933636
0.732351867243202 -0.0330843799005204 1.09323210998009 0.483613627295548 0.73191941498853
0.151889594857769 -0.305088566914751 -0.176255534525504 0.0441436002484361 0.658812593359521
0.790070339400516 -0.0852338855008506 0.118360550679081 -0.264373018259411 0.793766281922903
1.44704001373841 -0.397448589466199 1.6673345450156 1.12233681072024 -0.528685567404097
-0.305473661149772 -0.115716469222006 0.265091651434869 0.0796855081091216 0.630921976556598
-0.202859483480141 -0.728045145748021 0.226749039607579 -0.164743527170375 0.36225212445458
0.704483615869994 0.603356155732859 1.23226003062123 -0.11075124068587 0.941541131289136
-0.558674709568037 0.0780507311914022 -0.772356288588372 0.159647838487625 0.687315637751069
-0.176952127717243 -0.77018792577552 -0.613627236224777 -0.637704783652236 -0.874546615410584
-0.212855225002321 -0.41792378224906 0.110450414959019 -0.674144103859922 -0.734653526054201
0.849588017458954 0.970094433047157 0.691591291622318 -0.139777664836287 1.69093457404349
0.330845710437416 -0.307213968812695 0.498768934820817 0.0154230525952925 -0.646553013820907
0.328286192723657 1.71401891256362 0.833255649751044 0.282489460901185 1.28323477951474
0.522270998394057 -0.136364132807165 1.0298630208949 -0.83908890970124 0.00656546961753006
-1.11396533141228 -0.964507227931678 -1.42468988737685 -0.999462643249947 -1.00027448021037
-0.514023188850477 -0.648035008955469 0.0378946668286852 -0.0642071436485157 0.494961741657495
-0.67978568258673 0.024970571938536 -0.299424524927321 -0.866776834975905 -0.906620161983982
-0.043103442358044 -0.493522786638933 0.627393714717762 -0.282194844184998 -0.241722316198065
-0.728193326869958 -0.150448780508499 0.64672693858522 -0.48955048173426 -0.791352867917871
0.0743869025412265 -0.104750534127008 -0.0640242825838547 -0.41491475737446 0.397373023693958
-0.865699969255365 0.121652549425203 -0.902849361413267 -1.15823498529637 -0.669073380579523
-0.985757466911161 -0.202764572990775 -0.356461464864501 -0.635046626779862 -0.656133551227723
-1.38219073505495 -0.322973524704384 0.877872582176458 0.394098497416665 -0.558686559660458
1.02927398835007 0.768905567186244 1.48942089386691 0.525491522186475 0.926801144445766
0.399987792358701 0.273747918889814 -0.41773902855286 0.587907261073935 0.0124837629026039
-0.454064610148137 -0.299210969426439 0.127068534368249 0.335479340869866 0.529494182468621
0.371440618236655 -0.0333080074492219 0.298074376556572 0.492690015079937 0.920440583088011
-1.44559460438515 -1.17729598225215 -1.19452407669824 -1.37568646693099 -0.903579267608304
0.280979713380555 -0.0292922239099234 -1.38166016446794 -0.0974869798452065 -0.380374019028141
0.103946567031631 0.111673191829121 0.349796065348202 -0.0304611443885805 -0.566402588109868
0.177858255058023 0.198014494817299 -0.471625674399066 0.0540453120350003 -0.0701369507824739
0.143751091071223 -0.715186142191486 -0.250685946154539 0.0258442362552823 0.155274390780857
0.25463364795422 1.37985227318905 0.3804708821625 0.423720701792657 0.176879019760232
-0.720190953981954 0.525662799895845 -1.53161172755119 -0.992105008880013 -0.598074577044703
-0.49975087217365 -0.145205312796446 -1.16665590464302 0.946681398016775 -0.0848592487479407
0.723702987029024 0.319089173494076 0.93883791536376 0.320333504344053 0.282850058775754
-0.498825371800201 -1.18057969296257 0.273940417207985 0.146764979075457 0.534577157103195
0.218105279558625 -0.392399012604296 -0.224684404257191 -0.105736867598673 -0.362493537252557
0.53438041696977 0.0116691748331397 0.64395908393868 0.128955772610035 0.330761326116542
0.696293828288907 0.869118306721561 1.37962257253385 0.13046212130068 0.568656131777491
-0.387778525504103 -0.721380159988252 -0.0734164511778024 -0.113982431830499 -0.857513872974444
-0.455758704389183 -0.497665068492613 1.17263496709431 -0.93172852725877 -0.831169595529004
-1.84055630367036 -0.735656285124436 -1.12000734254624 -1.22387614607118 -1.51052811022854
0.414670797142018 0.847586580796841 0.461973994641459 0.265072284580406 1.10214237384622
0.568831770368757 0.853913517771553 0.553667979527607 -0.135240002259938 -0.149507760955287
0.0411900711349039 0.300963078280847 -0.763037587188567 -0.225437386276579 -0.241231112029005
0.300288660635867 0.729419999588788 1.02002213056308 0.733775703654952 -0.20726012610256
0.655950449507073 -0.46733046724806 -0.418460168640618 -0.721346118597317 -0.659498122732595
-0.769268091071032 -0.829394981914417 -0.840594511452012 -1.31270636246652 -0.193776737144047
1.50757334669791 1.26226249705865 1.34554841359112 0.40183975327772 1.34424530599988
-0.376467894194834 -1.68782632295516 -1.29326967521814 -1.03590700331695 -0.485503053945908
0.196751301389863 0.649634153231469 1.17125123606257 0.231705733369529 -0.538798377766222
0.741716265018428 0.505006049821848 -0.121455823950468 -0.00835382117696688 -0.747280620194006
0.219542839149713 1.3301200234951 1.29367191115974 1.35674383565597 0.517692576176416
-0.396088858905897 0.657187549522644 -0.197705610633565 -1.04637862134534 0.691864255889619
-1.1858224852434 -0.278483068694094 -0.342710788343558 -1.53005486481601 -0.0608501201268428
0.406864569412382 -0.168868902585897 0.311232465470017 -0.632273195931112 0.00492014602346863
-0.526817808241046 -1.29394440146436 -0.868220653630243 -1.06933000894873 -0.150286081379948
0.424170225585264 0.0922650821415154 0.339107439841337 0.521676492443701 0.159148843751282
0.873814599109497 -0.570866890206823 0.200743308907206 -0.61454204395887 -0.0790994314193172
-1.05467297353559 -1.91224765554504 -0.993027482401113 -0.385288723541843 -1.37398900329132
-0.510844701496362 0.298735717090898 0.959577077662658 0.716210553150982 0.301289115625577
0.709663801192533 -0.26390734479723 0.104042355456837 0.199062159887068 0.86440025160891
0.8353705329053 -0.152479165562544 -0.212007095809412 0.052945753530347 -0.0654140204694979
0.363258013445917 0.0641696131555897 0.563923710003317 0.399600412165117 -0.596726187643905
-1.36750817935598 -0.536645229343403 -0.734371641542542 -0.476782150815246 -0.438897180587388
0.445465942894669 -0.317416001645472 -0.817199809795161 -0.506195864613077 0.0457518776737213
-1.12094408402717 -0.0430067752733364 -0.0657096214235596 0.20785768606878 0.253067137735378
0.151967090132397 -0.102810897964198 0.522384338305729 0.185104621374967 0.222930894423265
0.771769947847158 -0.891827868954565 -0.383651491533893 -0.131115101499741 -0.661176983850856
-1.27020740479203 -1.28258094350651 -1.16518002987717 -2.02179562288006 -1.4501530010208
-1.19183689769875 -0.143137265107756 -0.771470144356839 -0.667513618488795 -0.953707543930111
-0.488499722882486 -0.867866970288235 -0.667179131853272 -0.662440428365176 -0.313121078684755
0.503122724952048 -0.280870264706982 -0.254829160391013 -0.050828981974541 -1.16373072159589
-0.00418667664016262 -1.05602148258437 0.847031546437398 0.555453530369665 -0.710180905369645
-0.615374964598009 -0.00919897474842314 -0.198467853771189 0.114104540109793 -0.743148260631769
0.346645182814225 0.709435169012088 0.111623882989297 -0.0157345620026629 -0.712503724111707
-0.00674237780404126 -0.824058969836857 -1.00881711225401 0.478779043710785 -0.516872289928156
0.548566227750848 0.564875078283083 1.40528605585399 0.650067323306569 1.11551475152861
-0.350710515343475 0.0482854920145991 0.314875986783055 -0.767589659068005 0.278493717404489
-0.637265124014993 -0.465044867217668 -0.88055812897894 -0.845064524423082 0.0792227648550359
-0.463888094772126 -0.708305900891493 -0.150965184981619 -1.33409325755006 -1.13120377083772
-0.828498398716514 -0.898830666013524 -0.36681869672188 0.0803412261918473 -0.751464336957241
1.55430324490225 0.610095970843838 1.00713064410903 0.463165570115018 0.92173517666357
0.129216206615715 0.775467649018462 1.60864524211293 0.94570903021641 -0.109804437347608
-0.329306330300696 0.501833532689568 0.75840113027184 1.25946602065254 0.689483242261744
-0.150411560308922 -0.134476930600825 -1.74669823501667 -1.3384901162575 0.340630669439579
-0.479829508688482 -0.657646445406989 -0.969069133108797 -0.814047514568552 -1.51968032382676
-0.609660243550368 0.2529867205295 -0.853282266747488 -2.01949060346912 -0.349360918177151
0.411371883221177 1.45507740015853 0.441893139165504 0.363201637308868 0.0445874102277017
-0.697321738649855 -0.419011593478782 0.280692196531828 0.0863886756090342 0.357109508128999
-0.442819484300525 0.486999310390749 0.0630230985840118 0.146253920246649 -0.788126839366928
-0.750402932978209 -0.797370098773675 -0.00822745700722878 -1.31128001250369 -0.970946670465909
0.199971767515517 1.08526881825598 1.32096571002515 0.638065566208456 0.280252774402915
0.70840945450576 -0.166160413411377 1.07893646149613 0.825772332514371 0.325831144191103
-0.308451572971947 -0.326934007001388 -0.317850894024861 -0.533166349880266 0.0938583148970867
-0.0331855393596862 0.232221809640963 0.0800132589192781 -0.0749198201861574 0.730052743985524
0.330071173861953 -0.786997723695511 0.603482246025051 0.631963976670379 0.660352427967397
-1.01873867134556 -0.122220705206692 -0.706245810143501 -1.04793211726346 -0.513547966182959
-0.169135565383031 -0.823231154364787 -0.298609527057799 -0.530659422961653 -0.114516440336171
0.0976245167923239 -0.551781489542966 0.152068961453845 -0.295292699119153 -1.06270482136769
0.170679909793432 0.314747145259632 -0.21736802691252 0.224268234943399 0.696565930828279
-0.316182844372705 -0.568643964081261 -1.06557478508663 0.320622070371545 -1.43425208078553
0.134155185328199 0.368744801436851 0.147859687276611 0.361426747016202 -0.346728260868195
-0.684470539610311 -0.0657979321525987 -0.0962522708613448 -0.48051884265141 -0.872792953637789
-0.0905049407764258 -0.19154399321464 -0.706486813996436 -0.404853234057309 -0.449190311382648
-0.821571678398726 -0.370329370452191 -0.768851150049428 0.0253425541203762 -0.119651743862061
-0.468538647708843 -0.573644242643515 -0.775712717411887 -0.0694601988795233 -0.743561672234664
0.868130688729239 1.13515025133931 1.21102357345998 0.584692114197371 0.64799885691977
0.19591563583991 0.478843449491035 -1.3277389843645 -0.386592685176136 -0.774851938854967
1.47238241416411 -0.555221777549092 0.0613802310632218 0.448058922286039 0.962865929130937
-0.932970387549485 -0.550394553937295 0.224180223682862 -0.55233502548205 -1.39410467046544
-0.399463117182002 -0.844151283318271 -0.427807476614412 -0.733476408186639 -0.363573501072667
-0.361859680220783 -1.05337863913006 0.658899229041459 -0.528748387564178 0.903642728946032
0.436268535630222 0.0102139764032138 1.02022866400909 -0.777154190766749 0.0886339106026593
1.0507395664906 -0.398074005404991 0.426926521557152 -1.0871892365109 0.845272866151205
-0.478680851545153 0.507383978157245 -1.16875669052814 0.793251285985572 0.647927408464014
-0.356660533063128 -0.467161337137765 -0.135992179769417 -0.852338639716884 -1.03911723167137
0.255375752772758 0.22740810953575 0.529089841928342 1.21235667849752 1.36798647595837
-0.280811366696916 -0.59288827156303 -0.919743953539191 0.0296350985249066 -0.0256133412420918
-0.313880844653754 -0.873341330358135 -0.416696731951759 -0.31097089823027 -0.526166081899737
0.546031593712679 -0.936139715632286 -0.772165306285096 -1.00403180826422 -0.163800809383712
0.166801542111781 0.956599079908284 -0.475366839933373 0.588052422868783 0.435984711509793
0.618644204429204 -0.576917879803525 0.114947749734004 0.365664190965399 -1.45683763424518
-1.51241900160928 0.826759117506582 -0.627092412982309 -0.419088743778196 0.612600428342389
-0.27301175959448 0.0230762431031652 -0.202180551515593 -1.2613479676672 -0.0719176619720219
0.964468878263447 -0.130145392157692 -0.859817273095894 -1.203910979098 0.207508080322056
0.993183325845263 -0.45223554309411 0.996151355272714 1.01929137632284 -0.580829344709452
0.719654227450447 0.871536547016303 0.970312587068619 -0.215143922618965 0.708441922161246
-0.0250630302665216 0.694547524235724 0.941217168502502 0.433418997136675 0.642740096814447
1.1345564645386 0.320861665147291 -0.154430327318498 1.23774188218613 1.01413718966026
0.613756798185536 -0.0971215924461918 -0.351019600777845 -0.45845691896386 0.396955316238767
0.0943940429875098 0.784739176969877 0.444169875955827 -0.983040418766705 1.06356063887199
0.376378827418548 0.319673302206742 0.50654225772474 -0.14956436823331 0.109465309743661
1.44604664728562 0.611297999147691 1.29538933333217 0.504992552561714 1.27461645784433
0.9531597674366 1.2397826201056 -0.868969087178799 -0.55554870315516 0.22789675054982
1.12147871908335 -0.674961122944597 0.859038568415864 -0.413495048696977 0.937276348351393
-0.176781254624678 1.04808803418708 0.568389984597213 -0.554216904988429 -0.313748653988323
0.63122793741566 0.596053634223101 0.536244605910266 1.06571009498463 0.739208120576271
0.61981672024115 0.162998332287261 0.62270234306076 0.755714399880027 0.659815329718802
0.260013867744071 0.563512985884606 -0.437929529027284 -0.74610730390714 -0.592526967253657
1.60539001038646 0.762653029241058 0.178235404141644 0.477277950630741 1.0719307747687
-0.0925837050833259 0.15921246939035 -0.223432667709406 0.0261412180165185 -0.301174550645676
-0.11704545708167 -0.938635450731485 -0.179399970264965 -0.235486683590345 0.28691454127041
-0.928403360499931 -0.703653947726984 -1.12011422372332 -0.556502067670351 -1.28768170616991
-0.187584963751181 -0.512041400013246 -0.0339895090129186 0.631953024638178 -0.0363204019415209
-1.15354180734464 -0.367697714396395 -0.0257253454680442 -1.0494974080535 -0.333751854248853
0.820995790268676 -0.665650681758551 0.172848262974217 0.167902605744953 0.686566957818717
0.0996276567235036 -0.323185151557118 0.469885402487346 -0.992226692138715 -0.866205534543801
-0.0415895153682661 -1.28223496185392 0.173251476680656 0.448680400760152 0.118229321773777
-0.597963864067233 0.102389557172066 -0.663523832621619 -0.641682284735693 -0.309057995365357
-0.51205694383403 -0.0420181952241272 0.704851131727286 1.49416768567352 0.745614857756261
0.706828930913769 0.253952363107275 0.280102649906552 -1.09612796395571 -0.22332346667591
-0.486136319989647 0.389384948278113 -0.604168619207363 0.172346458685601 -0.260052930292564
-0.214706602679288 -0.0222602754489735 -0.715199632817231 -0.304127693510285 -0.332726683356653
0.412447906765702 0.279502784578068 0.275961842382361 0.762772518553471 1.99145259381797
0.256526742769021 0.444161460300674 0.491833405078437 0.394954718221107 0.215745472578802
0.0593448770255005 1.23363159406365 -0.257545493926588 -0.0328013461039262 -0.276572297036153
0.0926274107989354 0.122052663278114 0.573362935206869 -0.475579728570951 -0.497423433090133
1.16919840938131 1.20996995455857 -0.370846144767834 0.81641899676786 1.49234506301602
0.23107080376195 -0.357947569047157 1.06580645323596 0.327136225132463 0.582956978105089
0.985076985125428 0.817402000716747 0.211540145135783 1.10860805811599 0.875269844559585
-0.501685158696298 -0.132954878752675 -0.903850614569184 -0.789853183509709 -0.0699678602631231
-0.492934683980706 -0.624055783877889 -0.628297738082548 -1.51104549667082 -0.855897859623701
0.454480663219323 0.818451796180757 0.578835872646671 0.51869543719171 1.05070727556121
-0.523916419752359 0.284609258602283 0.918867700692953 0.611727879256162 0.965973838228168
0.419934811365047 0.382641713228876 0.896174768588293 0.640108700983383 0.0859062979266902
0.540829316348594 -0.453244872219162 -0.0526995721046934 0.202186270179101 0.845815967914227
-0.738526384356562 -0.792580680313992 -0.754379951615604 -1.27151348032524 -0.38601188934307
0.0246782401154828 0.308965819366354 0.117449859533219 0.270002170854508 0.830123776997779
0.850078526838289 0.601627284046521 1.21511937953576 0.290382555339141 0.574123761856267
0.482247636413877 0.621576395686012 1.23195357120642 0.0896526875764003 0.621428422785106
0.299647854906913 -0.340611814929691 1.37216403698645 0.174866949534051 0.85507561994434
-0.240835330548647 -1.26825457417069 -0.0751238770503881 -1.42864738943261 -1.01921842860511
0.539798481574986 0.836972707059952 0.384100107342733 0.219085724925039 0.449033980698291
-0.0351666940971883 0.00643693700618157 0.339833285225039 0.769974750744815 0.632744542713164
-0.494461810850787 -0.324133857630057 -1.21194505343745 -0.981644125990538 -0.307430068198355
0.229716710763198 0.0329502387074015 0.476637780311426 0.557478376636232 0.400136665138654
0.702199166567251 0.23210257187602 0.993786387851925 0.526059295557176 0.401870755701108
0.689475192154873 -0.555871809655353 -0.955399711940101 -0.306055165186348 1.17149560362532
-1.01381692905806 -1.53942493695212 -1.10647026410608 -0.188414999186274 -0.734362772276663
0.425424495453409 1.20143032637729 0.967629404569819 -0.0643142815092796 0.0609842543079009
-0.747952407098426 0.12783175371492 0.40255487319238 0.164803389256074 0.498589707403112
0.690055905824635 0.29700964496701 -1.23103443446507 1.13360029545505 1.19251821893574
-0.646232942794572 -0.889639157307352 -0.858882294547065 -1.04274745546426 -0.835911653339329
-0.2232863611704 1.0896899032944 -0.439408351510846 -0.74945901914336 -0.166110417254048
-1.80253456064278 -0.6621111466122 0.144535748849916 0.641558577091757 -0.642265262539878
-0.988143651957331 -1.04451049348571 -0.305395163603212 -1.65610788737618 -0.651299719228136
0.664374916647126 -0.0980453324127817 0.154570060663942 0.883896807870651 1.21368747068738
0.481750880204097 -0.552747541785545 0.243762746447527 -0.913145516337586 0.14479204244793
-1.14067904469718 1.1682561567765 -0.499727887543365 0.672331260112027 0.0937585483418162
-0.711500186675187 0.393926491911056 -0.729396928935015 0.102461484255766 -0.584365768506194
0.470892395320543 0.414607978808158 -0.537598842969841 0.139254056237146 -0.231778398409143
-0.474087154177654 0.469576230095535 0.212656988368938 0.369496688235702 -0.242398348001737
0.236949094009576 0.302104825065315 -0.118237335187847 -0.240720313869939 0.103241780138644
1.87701049534184 0.934855973988757 1.32704942810227 1.06561006778118 0.220956976171653
-0.446754533040135 0.281379864438295 -0.589866436025685 -0.0853999707331223 -1.1803352878795
0.364355273000555 0.314117597302068 -1.08496203842189 -0.602823714501684 -0.929022197731046
0.248990728714531 -0.306582721665044 0.779427246202883 0.0138001025539495 1.27560365938145
-0.329521408754083 -0.24051496934931 -0.0112832515344441 0.993570123475155 -0.506585019070421
0.592726785908699 1.3382572010099 -0.836514466420831 0.451656237103759 0.980126483172798
-1.69524965201568 -0.78263710828921 -0.00652956111836535 -0.00570500801867771 -0.703514950692723
0.293372476817106 -0.924449106458113 1.18074707712113 0.068843632016339 0.889375435495386
-1.19466172956203 -1.21924426495041 -1.14506545358599 -0.790182309688753 -1.124992207127
0.356040803923745 -0.00531458016168485 -0.756389663009474 -0.976221255636938 0.26764940169271
-1.36204683223105 -0.612532992523626 -1.01114562377258 -0.198958009308137 -0.345207987811072
-0.243661033704206 -0.620253790469475 -1.16092774174885 0.0047530953319508 0.00946662797832508
0.66399716761935 0.50827358147297 0.896329592918824 0.331186438667859 0.805001146235151
0.0786636771773617 -0.0273357109695276 0.182905728864979 -1.25259025317912 -0.181247825818612
-0.800069728404005 -0.596964080453539 -0.368495059068516 -1.52791427507271 0.0233881703282541
-1.15583976510156 -1.21642714509142 -0.761427501993456 -1.12939128711466 -0.0216276560158215
-0.414574190813354 -0.907230200881861 -1.46274037798481 -1.04281169255633 0.407210021543607
1.02170629471148 1.1436705334649 1.26097624160621 1.00531708374796 1.7337149172196
0.38848355268849 0.916139634111703 0.689346701520836 0.112093379455748 0.0136235627059228
-0.251897746237698 -0.135008909122895 -0.158585401493705 -0.111762002596904 0.137886866581602
0.172409433439751 -0.106066970393819 -0.314768781059664 -1.24747737422916 0.444953270914449
0.527308602920216 -0.959786849854658 -0.17903732172061 0.618328979479759 0.0527182888689726
-0.475734116619482 -1.68207911426544 -1.29882774016067 -0.846464705193795 -1.2640994720905
-0.872717237707988 0.456084974156714 -0.0153861698862094 -0.376599702917223 0.372073363449038
-0.177532400098008 0.0139377235304099 0.581692277042501 -0.583159386849384 -0.391049446266619
0.77477555332486 0.351881156835041 -0.566211054388152 -0.398633181013256 -0.441022006362169
-1.08302367416778 -0.770445141804603 -0.889109949738101 -1.06932408155289 -0.826727592336011
1.13194055578064 -0.671717342690451 -0.11502913658238 0.107912402817661 -1.47980447032007
-0.304772898582837 -1.02581778633189 0.291689133658514 -0.0254060269093302 -1.020497344972
-0.152009922502421 0.952415265173261 -0.40142002021885 0.323185507290928 -0.225299859916693
2.16976341368458 0.0193422130103629 1.21768352582443 1.63117945087541 0.116377445668698
0.292880585817999 0.394041862939912 -0.150876763171259 -0.678086014254464 -0.520951109917367
1.20904413875112 0.955863101904548 0.0729570869310823 -0.62701823220658 -1.03913646292127
0.128115478750411 0.274763557229766 0.148608916106422 -1.26872752015233 -0.528448059141932
0.0359138156309585 -0.294526669892225 -1.03648560416902 -0.475276880023771 -0.481851491077688
2.23187689979614 0.783594367428014 1.56549139295081 0.447864742308105 0.298098425471279
0.0889395052839849 0.0804493934601724 0.0470076269139631 -0.242353343171141 -0.474276218520611
0.137427742423652 -0.71609251440272 -1.38004139304907 0.345691152639951 0.210555342259303
0.595421111858011 -0.0335083183547209 0.374051810192774 0.1984707827616 0.328220170448647
0.560311013471506 0.8706443603449 0.799201889320356 0.306000265040154 0.704103074071473
0.0516297076584112 0.120558344263054 0.41727667117894 1.03663291847897 1.34995877796027
1.1570641704947 0.909479248841124 1.28219108215467 1.00239792992514 1.33146906510819
-1.43079374445934 0.296907357769764 -0.322340655303736 0.548316583045147 -0.812065150198627
-0.415392834386275 -0.657069285422407 0.0371993278134953 0.556951960522074 0.588404921403667
1.33710791795899 1.83785535629064 0.99217188179816 0.87756603707571 1.03367550103522
-1.07206614328474 -0.649710181573471 -1.12046405415614 -1.11611497532602 -1.18313789137926
-1.2130593051999 0.360854797389001 -0.645961479174226 0.139169308231784 -0.241545566626094
-0.659667093746894 -0.13253986942322 -0.314651384802006 -0.277099446586091 -0.0624497477604249
0.896193139792967 0.424711336349202 0.975048050511751 0.430776705155913 -0.0255152499625082
0.719348427071376 -0.729137088071467 -0.412458600997712 -0.0608074592527563 0.483733371317576
-0.258785478919636 0.400444184090415 -0.238795244661927 0.0194474147630612 0.252052792883704
-0.602456608988931 -0.21520608468314 -0.345721654199532 -0.0891421505468536 -0.634371318819482
1.15371578294188 0.967333673888089 1.07019157878157 -0.623022750195001 0.113320480329804
1.22513421544686 0.496866821155734 0.802385543973643 0.527514260503856 -0.0587842140555908
0.279235778833268 0.112350206071002 -0.00247420530576517 0.716674182742517 -0.467144884590283
-0.0539672604272913 0.497074629137968 0.189427281894516 -0.238521886226177 -1.03919307138469
1.08450221712743 0.833884501967477 0.865617673959155 0.515362092841753 0.456850758359601
0.677446699719441 -0.0110482933257371 -0.497690244821931 0.279056433611079 0.269048162421768
-1.21881788514005 -0.553215752990503 -0.854157473109984 -0.884695756911023 -1.51720021274267
-0.724440601084575 -1.51622470585075 0.587586472437939 -1.0210316256341 -0.342755273659863
-1.4831946978985 -0.597014914032654 -1.08282713445962 0.00594339138366889 -0.963153545625869
0.0324114018527038 -0.657549613684035 0.22921392232601 -0.96181669118368 -0.98972246365201
1.5574523666871 -0.852334609204224 -0.224509978448198 0.39934935276267 0.399252647395754
-0.256127317722863 0.29900699390713 0.469785322151278 -0.777378230375399 0.319441480524208
0.349111486334211 1.06245202055407 0.902980066710615 0.547024115628409 0.467337809396393
0.291226861572108 0.315177387084996 0.292796926302453 1.28028174419891 -0.977555591952967
-1.09925784538695 -0.44024202864414 -0.411471917554542 -0.703279935922559 -0.702183835265589
0.682198942505504 1.61876026221202 0.652269810850343 1.00955058355976 1.05644898303859
