0.852448650764115 0.460374327088296 0.289478470382998 -0.78081017691055 0.777507156172955
-0.943316149953035 0.694690947647333 -1.5983044456578 0.54599791112679 -0.00150439280593945
1.13663301107953 0.116282138149938 -0.257801047622248 -0.219736020814261 -0.753693199782489
1.37770960053187 0.935365406100366 0.411270280174699 1.1164277492807 0.853063667722261
-1.89893331253011 -1.97415632174066 -1.37245155630997 0.406070703547579 -1.52421693624696
0.892123129760008 0.344807839678326 -0.445692485373698 0.328568898535475 -0.269399994844279
0.94411551251401 2.05693123410568 1.07432782059977 0.729298364715583 -0.625363609816043
-0.0542806009993966 0.672175578607856 -0.650938899304001 -0.846937385656352 0.989400561443489
0.123519664095183 0.994497196516555 0.313502394634509 -0.566439544568926 0.0373905647151084
0.490585129583322 0.517717423216202 0.0714687943714093 0.896549529489819 -0.0649997437337917
-0.459413337988247 -0.0801818564307653 -1.97141368966891 2.68288318497794 0.277139395365322
1.25455126570899 1.03791389213077 1.48800724855745 1.50348748429123 1.13025809591968
-0.251432805507421 0.598379880164943 -0.211071208586957 -0.376268777776503 -0.333851448647399
-0.855984467091202 -1.32782474618629 0.196522697089447 -0.740973421099754 0.651193340033784
-0.843377627505561 0.391980367763856 1.05040426849169 -1.47470642504912 -1.16646573107405
-0.0645069391433476 0.934716738278401 0.283472328754188 -0.517119057224492 0.594539445807325
0.00419639304175962 -0.506002296513202 2.08351305576014 -0.0602223190137385 -0.705974891791715
-0.162306176214402 -0.660053326256534 -0.820982437083189 -0.628850355289227 1.65362432666526
0.0263464815744572 -0.12116993091865 -0.290647817695354 0.0139657374122424 -0.878091534667571
1.06394611758095 1.10962393528878 1.12124180134972 -0.20149118821509 1.29135837480423
-0.282082552568204 -1.00464055254143 -0.93191387808006 0.0243906864221981 -0.299720521841684
-1.79688095400585 -1.61402269501134 -1.54864849181491 -1.04254024808973 -2.60902277907465
0.114285797741089 0.237179090224761 1.69864549720023 1.33731765659039 -1.54177682427561
0.680618514107239 0.0538980375222308 0.000158150488759085 -1.26383391226325 1.30825714676786
-0.711406445521205 -0.631896786269485 -0.729835023826288 0.474713113914448 -0.367810859625864
1.23554672543077 0.437205452583825 2.45768597914976 1.32158173115229 1.72976282667205
1.70991823320793 0.181263779814791 0.0310679058170392 0.854643376072507 1.16543747161899
1.08377338163266 0.0631611020060191 0.844284482671454 2.91369086559079 0.837114995936303
0.34856284593426 0.443099455729524 1.63457283059748 1.58744928311436 1.696075825281
-1.12054036601834 -0.377461065564041 -0.234912832765086 -0.589501012508233 -1.33730586544719
1.11427598640052 0.588804945937061 0.973848278032192 1.88933748902006 1.47349065604041
-0.976322585421395 -0.87343457830354 -0.0299171076466935 -0.885948396950636 -0.662009337236791
0.466853191670204 0.361018366292708 0.479520687487118 0.511007586014799 1.59391923864838
0.905063479025776 1.10987360350987 0.425901075794437 0.198982372616949 -0.384521777443214
0.236342986513117 -0.985353802306874 0.77826721627224 1.04740719406439 1.67168746270835
1.09716479896124 1.50261061591654 0.00805096624061818 -0.279664596274918 -0.00506666615440826
-0.113427925707984 -1.40195090961655 -1.39197572600848 -1.58241138204215 -2.18503236029345
-1.12828591713484 0.45935647183187 0.293342304760622 0.263018920905836 0.0901660618422736
0.114634496890808 -0.904838750813619 0.046024426188004 1.30168973969141 0.503604192805768
-0.884342826881255 0.481941681101462 -0.355082962803934 -0.938101363500258 0.850653500777367
-1.25821469362946 -0.150391817055386 -0.853073837464186 0.240667380957385 -0.159897301976147
0.786194383390443 -1.50374525631452 -0.233668764704676 -0.491317091932906 -1.63167304486924
-0.0584325552497562 0.132446495553986 0.161879668013247 0.435017138902231 -0.507848857518006
-1.63515135796498 -0.214472791255975 0.0121487817403842 0.0247864637316258 -0.50114225647716
-1.22951133091041 1.08012375469665 1.01610500461629 -0.479390097772292 1.36153394021187
1.30927842261523 0.646104944991599 -0.501103274063098 1.02100645398582 0.24609868517823
0.445231535552322 1.59630451473349 1.29263916691616 1.01471008168974 1.23045881608784
-0.776750960227261 -0.652053580856311 -0.27660962775297 -0.260319505587148 -0.0865102473776774
-0.551501941646553 0.0859043844606291 -0.245133672638566 -1.20176372426125 1.25594633538763
-0.502888103885956 -0.730328345120462 -1.06399947881716 -1.99279436642376 -0.904883067712442
0.53154665148899 1.08653584304626 2.68018499559026 0.0558934008168627 -0.101830145524608
0.388101931637696 -0.0129574557732388 1.50085204223465 0.50526384795768 -0.112211049571875
-0.25762587360873 1.44767122940116 1.06580169861522 -0.00121637651815402 0.480632762521656
-0.395843055198713 0.548866060236061 -0.100594583258886 0.921539259248869 0.0220776827479794
0.716446698781762 0.511759242618889 -1.2641869337877 -0.691427629454571 -0.532593439031969
-1.20751311087636 0.750626337483373 -1.01174172149343 -0.037831621383049 0.905375507099296
1.59031403577913 1.07395200967267 0.120540561370797 -0.403010199777291 0.7838833529331
-0.15278947855325 -1.50325696525682 0.410052766857407 1.52948827268495 -1.29377221519504
-0.0849589184076625 -0.317973252969679 -1.07034896190573 0.410631354063499 0.905029260631041
1.21017610902808 0.701311206116194 1.70538272201534 1.59602726586274 2.13662591966745
1.71989213396677 0.774930766725225 0.588690067882785 -0.299675550327215 1.41108784582696
2.07093256146861 1.02883005393824 1.26610897676382 1.46037434987871 1.23054979366014
0.806057335229606 1.93871675577317 -0.414572738171836 -0.268566802767011 -0.95815709866232
0.725511770180982 -0.919211552855758 1.83846686359388 1.53161814495232 0.324045570597654
-0.190276259401156 -0.4494453721367 -1.36570488641261 1.61655355696844 -0.596773929025867
1.55112819259982 1.26266180607372 -0.620896596832428 0.536060178603801 1.23053245943072
-0.7515685877357 -0.856175942060786 -0.115085578446201 0.341155808300685 -1.05312215974977
0.0211427464296972 -0.757668087083869 -1.04830366116957 -1.00085535067079 0.545575997497208
1.51115035727918 0.91985503675415 0.143649318225681 1.21498416058723 0.774653210863379
-1.48546610179116 0.0807263991425029 -0.277401281725366 -0.542796480732226 -2.08770648225915
0.835653722004739 -0.432945037773396 0.78665331461368 1.02343842404965 0.118056172833088
1.66083356095904 -1.82484773757543 -0.839708904494967 -0.6567145941589 -0.693680546759351
0.197530556023584 -0.55300128538489 0.578005514806707 0.853622468344026 0.81252806974052
2.59332727073853 1.42351977008314 0.514857419278618 1.84420855785178 1.18359168508621
-1.29559102588164 -0.235932840692409 0.436002999728168 -0.894932010691417 0.169580480124654
-0.517356672947532 -1.57410265387436 0.46595956409797 -0.0573260878393088 -0.599784309656042
-1.78799101604908 -0.187865883290189 -1.2379612717613 -1.79183605962549 -0.90895703650521
-1.31874595209629 -1.71602198002865 -1.45293293097782 -1.04008484656339 -0.717899578923151
-0.948826541655872 0.578709413216777 1.32817060597996 0.978118865867639 0.898079200180392
0.515943726819143 0.530970308866811 0.292557057388102 1.47735617884411 0.381720879569312
0.341259213830511 0.0171650054283688 -0.27961793309827 -1.33809043890847 1.46301910216636
0.038960982878404 0.590179419844663 0.696350418386109 -0.0481788011465342 1.77904952417609
-0.67026174250191 -1.7224587941182 0.031221764951207 -0.611885332817577 -1.568403541327
-0.323671021160875 1.57060368789755 1.09434126750136 -0.447837823052511 0.73602185632341
-1.07372692491775 -1.3278175932569 -1.97190200075478 0.169144006811865 -0.235432705832802
0.208496807070728 -1.17672227891982 -1.29137585983254 -1.41020216900564 -0.335558858908522
-1.08505670797707 -1.19366692057597 -1.40094287569466 -0.0702082471817503 0.371617321504348
-1.06221567322591 -0.386761531081271 -1.04374772443218 -0.82866965893391 -2.01170377950401
0.539160289579849 0.235786126873004 1.03149945253667 0.2204520025199 0.65843868155908
1.80177558424018 1.10124389287963 1.4664977128782 2.23057747234842 1.06091625811075
-0.641801004211185 1.2634869847621 1.31599169843614 0.208733019339555 1.3797003944465
0.462649552265871 0.328701980637246 -0.494500374038767 0.169369591993209 -0.302449610997711
-0.315388150044388 -0.131718729666219 -0.0647764245071928 -0.414451498441175 -0.743963454075315
-1.22748040481823 -1.71941176884315 -0.521529369018865 -0.658165367426509 -0.49772570440805
-0.544562982086083 1.0756687336237 0.810675215433538 0.167969721173601 0.0869078991620456
-0.537441986313589 -1.380023607167 -0.62023426028985 -0.529818605945223 -1.60220505642182
1.09810144199595 0.441850869651137 1.61309445475796 0.835430586319727 -0.873219612993065
2.18911996773199 0.0272643552031065 1.27431266158674 0.51260088860359 -0.21846982394006
0.39873119942492 -1.16283405456743 0.520057372915262 -1.07140559737134 -0.798434656222048
-1.49027177586991 0.0084056268018485 -0.833303018473382 0.364694218617778 -0.379863586207271
-0.13265653353968 -0.508708061659159 -0.688930924809358 0.743422183979001 -0.229810687498484
0.59195822444145 1.03882783066888 1.72428513760285 0.22983373548426 0.743989480336581
-1.22252282766521 -0.21267893887996 -0.380260761007911 -1.50933310964934 -0.681831076428515
-1.47371069047572 -0.426256634162743 -0.766018404613814 -0.178255973181765 -0.527315629760771
-1.2567102083586 0.380477697722744 -0.0420402015686763 0.478664981209165 -0.868870820426258
0.746038272504138 1.0754369688682 -0.42647617885921 -0.108046780320184 0.880134208507866
-1.35875203888284 0.279141405529515 -0.110621094248519 -0.0181405897646431 -0.59582182883095
-2.39880545485061 -0.0104626342015177 -1.26745965660014 -0.424666482764714 -1.48408732069318
0.532721572323148 0.234895628356696 -0.280780595198722 0.370392164965325 -0.276453829842643
0.281305117005667 -0.23166673551439 -0.080391389522172 1.09257592373945 1.27759770030286
0.0580292747195486 -0.27300061808053 1.15701301178491 -0.299129276358741 -0.499455874537766
-0.874451719334719 -0.864739234319937 -0.258526247134438 -0.0307977429315668 0.578868076130229
-0.492894111058538 -0.373119874261733 1.08563813518442 1.18198629221793 -0.829006656318923
0.182652729006097 0.139295868088669 0.0763266629333618 -0.610235329768037 -0.286738062914078
1.66700571760759 1.03146761235433 0.220993891847557 0.310082607494849 1.73386096561355
0.694593401603765 -0.14927045991689 -0.422806008748254 0.301271814467872 0.707920537048756
1.18858685893044 -0.0192751711879616 1.32500038011341 0.495530392400277 1.40872121090718
-0.908391436099107 0.427915437136875 -0.378347744819269 -0.222852084597913 -0.887188458851923
0.794558816616705 1.23327510879721 0.551934030888558 0.727720341592198 1.64910045326053
-1.3337980299001 -1.36536394843213 -2.34067889175956 -1.09443743464188 0.0406383322949186
0.195053121059194 -1.12274752007114 -0.00851769487335893 -0.455980099020245 -1.44778783794091
-0.414180876268451 -0.558406947074953 -0.3145926782774 0.573386360150055 1.60066626297946
0.139729250848288 -1.05720086231669 -0.183228605433091 0.0680282133793795 0.422778943319195
-1.32159431142677 -1.54579907327043 -1.67346047669247 -0.978487404313765 -0.710374559513272
-0.447565054490384 -0.236156493245848 0.704264636839999 1.36987118146559 0.62474475395745
-0.00825494834268928 0.640904650336798 0.90089893482839 -0.785193359690635 0.453986859507225
-0.025775750838289 -0.0324040642311841 -0.355160212897991 -0.826608287017181 0.651870116585555
-0.215539134022917 1.8188364326626 0.0660535857407083 -0.138075565143526 0.0981651577269667
-0.438800760661287 -0.0701851673383717 -0.485256539263007 -1.19405840078616 1.22784382080203
-1.01853373112564 0.0188076207138827 2.1635103487842 -1.39293586551277 1.2379559076074
0.735363904307751 0.894141031668398 -0.632436328121014 0.950604054603257 -0.511175103298828
1.09672182969945 0.862113961615823 0.887287986336113 1.54788886052526 0.000337667264263826
-0.10907737728313 -0.192737855539024 -0.345039072082002 -0.85254577643613 -1.51856014120629
-0.408112993471991 1.00553809684911 -0.172506551765647 -0.450949563747322 -1.28503812758304
1.20588635714637 0.365905195991719 0.393133336342147 -0.335009882182086 0.256980149072891
0.394904785523201 0.606732843031482 -0.240125435567593 -0.217934028374038 0.796759756754923
-0.686255214698052 -0.221142387038538 -1.52588741273601 -0.962348253826176 -1.21301167616112
0.794938095606243 0.334792814748306 1.33936694647822 -0.444883014899217 0.201058320108244
-0.642932023092598 0.74325073859245 -0.73536782822624 0.633161652138235 -0.644873830215295
0.0241010939561151 1.29881787599104 0.0559357440426053 -0.844895964915139 -0.217520956727077
-0.282953352707652 0.702321929767399 -0.547408244767424 -0.148380888379636 1.20341822905337
-0.413580088338404 0.120561286567463 -0.185035472181623 -0.698809682538602 1.17561570419948
0.945857074422497 -0.35211378759911 0.1771505761989 1.52251194706681 1.14736693737385
0.707421646134475 1.75431445189063 1.58944954311346 0.409167467797988 0.819069532700037
-0.660249527383486 -0.52576753547749 -0.3593458415191 -0.594308066546695 0.33323652015247
-1.03909462672966 -0.865062603289296 -0.66963794315303 -2.04991444007292 -0.685262686286687
0.193846955245323 -0.700074375862321 0.726701795709135 0.604006547910297 -0.383676541917736
0.0816955356653986 1.00347930316592 0.517093122780327 0.845056917201739 0.540800279825066
0.0972709295990796 -0.761882314955038 1.89398694904799 -1.39000033401414 -0.498128619237668
-0.272042438112522 -0.919714308407109 0.166479569264542 0.323856525324986 1.78351767839576
0.834359090731216 1.26636393720179 0.673196719852871 0.329186795718042 0.439465423512597
1.23283342572861 -1.02492166562144 0.289966245165702 -0.208696686235182 -0.210970086589635
0.704448005569189 0.346121248862351 1.03805006962566 1.02322043106794 -0.126525184090306
-0.30093074702029 -1.09574595403797 -0.718686212260059 -0.527474852261569 -1.7803041714077
0.895359210812468 -0.42687995961418 -1.63177487959397 -1.20030443893363 -1.17881637771088
0.713540055134727 -0.210091233907278 -1.12005559773057 0.330215428895203 0.704099313068546
-1.05093255881846 0.0367531624829746 -0.171791995784916 -2.20797805053801 -0.886077671531795
-1.04770153896302 -0.0984731750055266 -0.96907178751922 -0.467270274376443 1.22753638322492
0.978771227746702 -1.07672018939849 -0.0862596598259392 -1.83945409202942 -0.433351523254093
-0.442206864402412 -1.63412717255111 -0.201243874064022 -0.923860443283508 -1.10917117265698
1.7520189420391 -0.209408619556129 2.49343242339694 0.680949355532773 0.82962360037354
0.679651027063543 0.00431488745877667 2.11621603458544 0.320175189568926 -0.345315561317421
-1.45285349931209 -1.67058487774526 -0.429791180624104 -2.88453093380932 -1.99273718461496
-1.35798033079008 0.0483483909985439 1.34638098984894 -0.179690905665866 0.483895287841889
-0.124235079732683 -1.48847320096458 -0.905409316406299 1.38588080173314 1.07345884246585
0.13624238944624 -0.362038425940175 0.402335548426704 0.531133310098598 0.737619775441568
-0.709760003836162 1.1530114576382 0.498220207094073 -0.251839090756208 0.05013754965539
-2.47324774348448 -1.19805359639108 -0.93297635363466 -1.95970706572939 -0.890341047352156
0.588959396979625 1.15255150846103 1.78212182016427 0.932020684780215 1.17408013993802
0.130837481833945 -1.02819454977582 -0.563992071942584 -1.55154849946079 -0.491686392884811
-0.727067546802513 0.79389898901976 -0.693488274981554 0.851463386417924 1.02244727038133
1.02132744041238 1.31406996077942 0.373264149036243 0.591723279294616 1.31529449139314
0.19765502861166 0.959976638010465 0.873487153988673 0.159550577512264 1.44568007254328
0.491629269928528 0.305303541314397 -0.367288542554017 0.854580497165328 -0.944302286308816
-0.0468206707258349 -0.247017821305744 -0.546737112781017 -0.704627216500678 -0.476290808888751
-1.68502368898132 -1.9786414208982 -0.750864881558612 -0.348992420092572 0.214753103772775
0.730665291706109 0.362686731063402 1.07738680682988 -0.190647182212082 0.409485573197432
-1.26050149068301 -0.622374617022215 -0.0885563852596658 -1.6282886836676 -1.90140901391178
-0.804076222920537 0.374866881298388 -0.30252435984612 -0.691221542428623 -1.15642283599877
1.78261335807024 1.97391344735973 0.826287367717813 1.98725622693553 1.48112377119405
-1.76139997620246 -1.53914554177191 -1.26870538806058 -0.0739945278546225 -0.739468279965406
-0.250678718010453 -0.254098725238859 -0.62955072941256 -1.706415167398 -0.325599927703474
0.517286788784876 1.25797749288913 0.292594342618496 1.02040783158235 1.11748292687037
-0.14162665149331 1.37146860461227 1.48823661294918 1.43677352130164 0.917908578819259
0.059232789111825 0.0244561642007271 -0.725056954403646 0.94076412134955 0.194789924837058
1.59064221652931 1.98247347912956 1.3123772555378 2.00461885745885 0.55941245530822
-0.211782423323174 -1.40127816041222 1.97753446828667 1.35813985516951 1.00745079202668
1.66458002606468 1.09800047526196 1.06364482325754 0.712835423626095 0.729898543931867
0.00764990614038214 1.44508721576292 2.41619980019179 0.288278854423794 1.51091893754697
-0.352409129345672 0.132862309955563 -0.0724560457196371 -0.871550082252641 0.529541671061712
0.30122278586944 -0.968672647906571 0.193253521330279 0.929085745585514 0.681454348576732
-2.01316685609559 0.202644558134116 -0.596228222382958 -2.49064905606746 -2.53834284585902
0.234790214163683 -0.144412556467274 -1.56350673290024 0.969499072334011 0.84345665914328
0.545050960055025 -0.830318770648281 0.286752946666459 0.973668322006723 -0.0762643285532834
-0.664091029321988 -0.48304252833911 1.85611487979039 0.653155673584514 0.740049799238823
0.857034697441613 2.02406158084829 0.606327799595883 -0.573414607945934 0.890088808719587
1.02093150019504 1.23146974153811 -0.550791629235596 0.715272840749651 1.75431047813623
0.506613053999423 -0.0720068307825441 0.383213105036287 1.08008733172955 0.741608065095758
-1.0077821045072 -0.69617701429803 0.3672357877962 0.338520618876955 0.525845782158835
1.11093925652677 1.21407448510001 -0.7926315300554 -0.82513448030398 0.37645750283171
-1.23132553356183 -0.570188717019786 1.11999188021026 0.174478936528811 -1.28064805266947
-0.730784090555185 0.96613667644126 0.378501036850092 1.33983614365896 -0.146034598055721
-0.0269304994768506 1.31285986787214 0.0437351197774032 0.954448514183696 0.406693798646789
0.163894419890149 -0.520200675834209 0.778463842175216 -0.658776615269448 -0.762288033533255
-0.355504194561596 0.772805383359848 0.392550928361023 0.350509403689551 0.965795859004054
-0.0806989349711102 -0.786544361211173 0.349314862510163 -0.68746433729625 0.461730021880748
-2.4031954847338 -1.03402237735263 -0.756772889798949 -2.20978317202532 -1.46727116379481
0.363186746217228 1.26652732763076 0.325119637831797 0.298196848986658 1.3663595554424
0.329105839620327 0.904528052045089 0.00395305622961952 -0.205892727502084 -0.322628901715096
-0.253213131334646 1.91128558568206 1.23631532330827 1.78496822418969 0.318152524762893
0.514150424037742 -0.286204218511433 0.488337055412798 0.128994522316025 1.61239966900877
1.01889911181062 0.815672802621723 0.561722169777203 1.04410209199321 0.510678070964089
0.723347357225165 1.23734474089448 1.08356886330314 -0.051921199308146 -1.18719837988161
0.439800892809393 -0.388939042343004 0.954175249854588 0.436542341547024 0.563915868447894
0.721985729874585 0.667395680265328 -0.811095166945023 0.924409354854565 0.12842411703104
-1.39743757409131 0.410910516240746 -1.35996000031936 0.457974704768611 0.321662258902721
0.106670274627759 0.507047563949403 0.152490748929398 0.350525440888666 -0.693117580057636
-0.190794067487621 0.26054013075007 -0.359306106030183 0.448351877918025 0.271332018027758
-2.11628953316948 -1.07190248280587 -1.32942999674802 -1.65342137563633 -0.809067630008427
0.411395402178078 -0.176119310556074 0.518707475019554 0.39766757662882 -0.153278763781419
0.111021945476982 0.330787883503996 -1.39033752460698 -1.21943669581283 -0.916422416844258
0.527773180618458 -0.000118555887889296 0.697805833230996 0.888813212301559 0.752774474103209
-0.626929068452413 -0.495943079540342 -1.19132730794108 -0.938539402158372 -0.894267377193284
-0.639838751848645 -1.19737578185666 -1.49183841463909 0.438049981632659 -1.27253705482324
0.730899154706433 0.246658731900347 0.751650496139323 0.225895019929985 -0.371012602834343
0.658787606502848 0.423063077884748 0.136613797157797 -0.152357000450947 -0.504060470362441
-0.160046283949935 -0.169126296072979 -1.20376989950054 -0.131947056747061 -0.443727788336696
-0.533123247580268 0.306637839035586 -0.147670386999195 0.54301238713608 -0.918239712899403
1.4032127272281 1.79453206188224 1.3011855200862 1.45173677674342 1.28811423114602
2.22552804506858 1.38651657014238 0.731288161819199 1.19510409477681 1.46675380121614
-1.40249320192014 -1.34092597913323 -0.319806489495144 -0.300188139963716 -0.687230039025563
0.509034213017188 -0.137543954476932 0.36917352886024 -1.19469238206899 0.730145185678998
-0.949901362351524 0.123829953292996 0.466553059871872 -0.15911093421758 -0.579018476151331
1.09500063070855 1.17937866956205 1.04315075870491 1.3304490080335 2.07694362984679
0.073515721013406 0.879141029775128 0.475274370034358 -0.886371854357801 0.231974302999774
-1.187948694562 0.348873778169693 -0.738534771426653 -1.23239588692188 -0.920976122172857
1.29008222831952 -0.145614539171897 1.02006071767857 1.7376168876753 0.748388555823836
0.696048692651961 0.119797106993702 0.564525800404368 -0.442137902088973 0.715296132187305
-0.445540033784157 0.845082573278045 0.887547952042439 -0.0501396483491115 -0.263064195430187
-0.765753553611887 -0.10324388872422 -1.57813153870948 0.123808548624522 0.316353350089329
0.349927018027777 -0.347578679060539 -1.40046615286625 0.373212517831282 -1.3755301990102
-0.155242503492249 0.0299610037782887 0.0548629700209275 -0.995534962314298 -0.992069931805785
-1.94047885935957 -0.830453732006175 -0.725907986387939 1.11926537172189 -0.275538753402917
0.642934878036446 -0.906323444918403 0.865947196089887 1.1284354425016 0.461200014306424
2.0215857756609 0.577855437099788 0.917416326700617 2.73093614117166 2.28440972694423
0.612784451999105 -0.293488134546174 0.104383251838814 -0.131418152795378 1.59862348317718
0.630105100832211 0.285506737014853 -1.30671591304985 -1.95277433496656 0.513003232889692
-1.47435728845186 2.91533049804152 0.266422852921728 1.25594601122585 1.89010304488793
-0.093758555961765 -0.217953121803305 0.12506195249033 -0.0914743872739961 -0.510231228211516
-0.262662049390323 0.458761725645997 -1.50406041847763 -0.177851571583345 -2.14557228977948
1.98706000721629 -0.0209585241794452 -0.593212256387544 -1.14463810130881 -0.0877052185348255
0.271339932820257 -0.225305000974718 -0.000481700015009301 -0.20100692452925 0.582562015287662
-0.0105692273258061 0.24279189497226 0.57862833059859 -0.0191714710698157 0.317847369589555
0.705836843308666 0.276673124275986 1.70584730288957 0.104305019938879 -0.284588500668234
-1.60665594563655 -1.60946929430179 -0.380926042455465 -0.0863755944916795 -1.15944893514164
1.57429649468712 1.25441161193063 2.28667265405879 1.60062206494864 0.68235754939929
0.819984643960132 0.449702283440804 0.703156979346417 1.37372308535678 1.83204167803246
-0.804023886804859 -0.0775880011095259 0.758862005246033 -0.990826614355709 0.401309917306359
-0.355522614830969 0.297177507555982 -0.689118017780761 0.763484729229692 -0.0226950640878537
1.14163027654681 -0.0608886622762711 0.532787724506448 -0.268527317602089 0.581120395806523
-1.0794488480943 0.788452014985017 0.381849760312337 0.437390721631848 -0.00086217400075661
0.476584853933391 0.410311908209135 -0.545939741822071 -0.623231387101581 -1.55043205231021
0.246339319729526 0.749069877491981 0.332742882533505 -0.0996624210727004 1.26438358016266
0.938237425956814 0.697149399530137 1.69558902705021 0.462518377371484 1.6237033180493
-1.17010418341383 0.658444625688869 0.386064736093753 -0.420557658071033 -2.13325442967366
0.759249389994529 1.67048869244374 1.1966049936444 0.584725755865205 0.487962514561646
0.537537220779681 2.44683006472003 1.04347636228771 0.734287250729762 0.769878151664697
-1.42737901796771 -0.875522880574879 -0.975165567223512 -1.28815208558606 -0.89082081872455
0.196658050976627 0.752693657629378 1.099162823176 0.938881011590766 0.368453487196779
0.296102915880044 -0.52649676958864 -0.39681199918985 0.62598966987177 -0.415694311659974
-1.43633394235293 -1.77222225891486 -1.36883529831156 0.742679437916373 -1.73274994144034
-1.51943321251363 0.648553976217007 -0.680500424072644 -1.28582687329938 0.71294777821698
-1.04193161675906 0.707333073818163 0.382104712812327 -0.389192698443619 -1.04433079459796
-0.442300028090142 -0.167872278614076 2.00364071790193 1.55304059789823 1.35547781655045
1.44385947501795 0.481203975471841 -0.325278072926208 0.569907027831909 0.393202700503685
-1.3047500009751 -1.01246020464182 -1.6825331883387 -1.04944954409581 -1.33466913371379
-1.54487169194677 0.00136959997513841 -0.406961825324115 1.60181790314524 -0.549804888568082
-2.29867615952466 -0.705159589717003 -0.663834989783704 -1.18696486461272 -1.67916168438157
0.727647910172131 0.249379854814381 -0.502801191072975 -1.09130125201814 0.292621192760661
-0.188766946854671 -0.85886675252824 -1.04502307754379 -1.25093753307869 -0.737921209647337
0.0904693097879311 0.00395234215920834 2.07149315315942 1.05702168547593 0.338383003326839
-0.754647765818593 -0.524695796473859 -0.271571723920367 0.378318136533534 1.2004103112732
-2.46484382324521 0.868483907332134 0.259964294025314 -1.50143731969361 -0.682054207037239
0.945820415000534 0.743687530000017 0.348178560345108 1.05485075875254 2.02013437693034
-0.784497181370485 -2.72748002146543 -0.116477556442833 -0.612935359747466 1.4053522087448
-1.5335861363954 -2.00723043692218 -0.0455455350596411 -1.91859856205019 -0.452313057995663
-0.847437866259813 0.702367941074512 -0.448593937497747 1.05469696264408 0.994733978140244
0.367366781341661 0.772783288711986 -0.586025206442042 -0.408873201991401 0.38045573573959
0.0704366976875954 1.09670381519385 1.86275647367918 -0.186423013218976 0.454649104842444
-0.139511979409951 -1.55775353144496 -0.531014706155539 -0.662066699656816 0.373936589659337
-0.711626815565809 -1.01722258001349 -0.373880007649112 -0.318509775205071 -1.11692154786684
0.767736269707873 -0.365967709647156 0.703398346231036 0.45011902513165 0.966621066758521
0.512948923432366 0.597760411011627 -0.679379969565433 0.496214148675147 -0.572328143878958
-1.40808891894454 0.596396439713 -0.070113607963379 -0.743365612818692 0.660122421641344
-0.366621959849033 0.715218490065021 -1.01617764964712 0.632568021930445 -1.09096986188
1.04865994014923 1.27522552679553 0.176062904763619 0.585277925938879 1.62225954854387
-0.652527407424753 -0.227731951884801 0.577503851005803 -0.00742976636315779 -1.65713920352097
-0.812589212269665 -1.86089050546883 -0.737192728343973 -2.1033598824016 -1.61189040807033
0.0301544392588024 1.83708542902983 1.99781759090329 1.69102009107663 2.38319636650986
-1.0376758355949 -0.688649418975647 -1.05363848106063 -2.09024390868142 -1.04793284144111
-0.402214777355681 -0.919957543041752 -1.91032222686311 -2.39751772433325 -0.270068947812702
0.9206022287111 0.855402347984835 0.557187416774962 0.972196290778933 1.3320354604933
0.34497726966465 1.04384607212337 0.304049444641438 0.19494561657119 2.22084927254725
-2.07118424683414 0.2753370715262 -1.18695383882402 -0.887837706020828 -0.304899487583592
0.328316850933097 1.46848333344318 -0.10502257766601 0.136177783903875 -0.475546631268568
-1.71694664508794 0.90939094178744 0.335085934048813 0.141738086004903 -0.0953106347637267
0.801543389865422 -1.22605041134 0.0500310396903862 -0.0868861061137226 -0.875985709807875
0.826717643308016 1.52164348020857 -0.656510222419113 0.629693235677098 1.41134333669347
0.416495464045156 1.05887526213765 1.89954973790655 0.426635989117093 -0.279671317869392
-1.53740037298169 0.302440010480763 -0.285917259185303 -2.68017126621217 -0.899774215948627
0.942980182804962 -0.934928252302242 -1.54472639264578 -0.264630980980527 -1.76099843746
-1.28453982345253 -0.62259062366721 -1.41369848580812 -1.32165827645599 -1.24220290823928
0.202245833414428 1.27314369497851 1.4765594247799 1.00233101741937 1.22568525082797
1.51354770941455 0.795673847988145 -0.268583244081954 1.20689469740601 1.42162389567941
-0.0594252833408049 -0.189676856479898 -0.0959024526650111 -0.29048712225921 -0.632527866930332
0.347239679671206 -0.0522462223084558 0.632633780810426 0.621077339987761 1.29060785232142
0.82930916031935 1.62230672445747 0.604906074713735 -0.727269394286489 1.41831444397937
1.70616460845985 0.998721414236859 1.75268125034738 2.08202076063509 -0.195977550100691
-1.15650138763037 -0.920103158447686 -1.00800938955452 -0.0365565841104747 -1.58792876913858
0.384065502681079 1.32889401179396 1.30373411413095 -0.641911895520026 -0.706563608534211
0.286241387520189 0.518675415813468 -0.526776243144091 0.687696771746937 -0.386762686348614
-0.270090130531574 -1.0111708418134 1.15202717027164 -0.0431274263875761 0.199555975206914
-1.4510043255646 -1.53090836693768 0.168066827600228 -1.64519509497347 -0.067335921562095
-0.180198155374416 -0.00767503525940425 -0.280385401025676 0.802766781430004 -0.111915889192191
0.605199892825465 2.17047759108554 0.952091703333994 -0.598887841445679 0.90844142990422
-0.632971766148052 -0.689906509930851 -2.23039737697542 -0.690781240948236 -0.698651941234532
-1.83713504914902 -1.37624721833023 -1.1523412106832 -2.39036273921265 -0.374077626568484
-0.0849258364442486 -0.523919306622271 0.165855474493808 -0.311365487588071 -0.974291637505312
0.532603788446525 0.294771735880721 -0.341057388687241 0.200071158021822 0.116622496366733
-1.12203571953318 0.00301602855684388 0.159525853906328 -0.246742619950308 0.298607130843744
0.348940140412635 0.0703001813869957 -0.152181785050274 -1.6792380073626 -1.24161029104895
0.00874271410917112 -0.117102015176738 0.0209725447048309 -0.72039332664604 -0.170264523357997
0.863357320920442 -0.119271608202323 -1.03324726275668 -0.212074423613775 0.435944509721358
-0.726643900257353 -1.02864958853203 -0.340310774587316 -1.92794141112587 0.055091701398022
-1.84094821289818 -0.324816177584053 -1.78950543980872 -0.811495297780653 -0.436718880883994
0.104842734529298 -0.980328958514802 -0.839559620963963 -1.42965963537558 -2.34341021923892
-0.230769448301604 -0.0864479472321659 0.261486545820231 -0.500317643462635 -0.621784642740298
0.20859535469264 1.15234772353356 0.497017094069238 -0.267689047359091 -0.16963641585843
-0.973244351644932 -0.986119972892453 0.479091964005163 0.506881264850089 1.20646806951879
-1.83608700173577 -1.41175172853825 -0.0706573210480622 -0.701941090665206 -0.323110218319045
-0.375218616678954 0.669132944983755 0.228596227028427 2.93955494571425 -0.521215171271946
2.61129066537015 -0.556439312032163 -0.525145565563153 1.28177142462799 -0.716045604583511
0.577389638942729 1.26508836787077 -1.55170669652942 -0.570979552309827 -0.390639125958596
-1.02964338024041 -1.34045571452559 -1.90775272737501 -1.27626881370165 -0.509800059895612
2.24932873632648 1.61695192218402 0.302053138849764 1.20299267885266 2.63601866067817
0.10983730068652 -1.29095088622011 -0.262697670335611 0.277353496812987 -0.949525850916176
0.194145369490587 0.0655632563876778 1.13363705900467 -0.106830956956955 -0.179210607506238
-1.47580378779009 0.624778161171821 0.891522820053568 0.64024447607422 -0.0725737630391377
2.0421410534102 -0.744037485096404 -0.0652475549810888 -1.15061438068166 -0.156129993329746
0.21737650884144 0.629694996300986 -0.370700554269781 -0.142552490091327 0.87072322445268
0.353251478566684 0.666847978430649 0.233386524167742 -0.20779122905794 -0.478141898678503
-1.13910027908857 0.668517618917572 -0.0520401295254671 1.01600471071477 0.167683850544323
1.95643470086571 0.394484473173515 1.03353912760274 -0.382585164575304 0.189111421684955
-0.0825337032360864 0.0361921294851382 1.39080675001001 0.369280834992429 -0.514413914422496
0.552818675447528 0.163474593403232 -0.106413978157161 -1.10012187069607 1.39009279403642
1.07436006612315 0.475762752799953 0.217846082115722 1.74654414444562 0.306582230109497
-2.13553438966215 -1.62132144419212 0.571429704626498 -1.01827198425396 -2.1068147341254
-0.873851132529791 -0.763073536608507 -0.431778624959217 -0.989243835766393 -0.474247727346026
-0.394464978115428 0.320342374389628 -1.62978320948023 -0.712450238295041 0.926524644766086
-0.339251387399803 -0.906098522142612 0.0586076797875048 -0.0774474185967973 -0.930721396391529
0.691028368095272 -1.04811328566333 0.811798576458902 -0.796486021992236 0.0921672869652439
-0.602602345571185 0.5571083691698 0.673099648542767 0.653689302492242 -0.438144977820316
1.1288400784677 -0.885209956120403 1.06131393564418 -0.255273880808309 0.46804276003102
-0.286197751688499 -0.533136008602839 -0.94870641091346 0.394639480870844 0.952743154102165
0.543976657523452 0.629428484971059 1.01477533818338 -0.704771712438123 -0.821568193173925
-2.06524174691697 0.396256152203122 0.133457580596779 -0.977018278065361 -0.706079349247548
0.238585171921014 0.0777867316129808 0.725236455197639 -0.49475460039341 -0.444649906778829
1.83093128327299 0.399382103156023 0.94843456493229 -0.170512454299373 1.35898653455875
0.534330861336967 1.34683271719919 0.0792648909228674 -0.420242242909803 -0.500388927573297
0.686592625560737 2.28600895432102 0.948916500699247 1.35364184444964 1.1637891632778
-1.43750628734117 0.74867929275114 0.843858949217927 0.663331590010628 0.204698214743884
-0.357940185082998 -1.23298938775443 -1.11604286511878 -0.165971592045869 -0.360470287145369
0.455578712081469 -0.743120738956001 -1.21639301232595 0.00598925174078037 1.64010464466561
0.635351208827992 -0.953882913292593 0.366997736857751 -0.188265327931566 1.44809129881233
-0.807416268662793 -0.861381457534999 -0.171942640270419 0.442922964756943 -0.670996295653821
-1.04777442522995 -0.592187090698065 -0.956910694665907 -1.51838007883534 -0.204250062308518
-0.331564205270338 1.00110386669109 0.0813524309858294 0.527569313911473 0.0739398467894118
-0.0717969512365917 0.469038694610543 -0.349894848703658 -0.501477893332752 0.939389984669012
-0.0776121826066072 -0.719649359799669 0.559447223060402 1.38456111250642 0.288644690226375
1.93513808232238 1.4853847882395 0.945685048511407 -0.0167388169816549 1.34699400151612
1.27110560649149 0.585083581810994 -0.660703134570791 0.52384677869233 -0.772932512228994
-0.628532348137604 -0.577733766417196 -1.33357942151006 0.275815943440794 -0.651119105099478
0.0681324441862394 -0.426428196538169 1.25994817549397 0.819873224831572 1.203551982405
0.886175148109821 0.516585327847339 1.19076068437185 -0.419081944362454 0.397923403836593
0.354360832652754 -1.20051459439666 1.2065359498473 0.653926110334737 -0.637022585390922
-0.149923235821072 0.0593764671631333 0.695663604605765 0.848782829859918 -1.46122567753961
0.285947565779554 -0.17083419497132 -0.205868123395176 0.183802255054969 0.146199523556875
-0.340699230560977 -1.36956073299708 -0.667931408896881 -0.051603670037755 -1.52906246048396
0.467232158987003 -0.357874273824371 -0.684775880145432 1.96624739935992 -0.753687975143787
-0.304619984095001 -1.29255322768971 0.0313290467122564 -0.513516029272431 0.742004980842691
0.482129750884623 1.61503735366324 2.1649092233783 3.02317942533477 1.46725654905338
-1.41089498228728 -0.631167556739831 -0.383568631357794 0.435166730006206 -1.71208227886154
-0.240281736728081 0.711643565725435 -0.570271185594389 0.761142653844021 0.366591583634243
-0.662406447311173 -1.31582725660307 -0.190599658460758 -1.05256024208374 -0.956162145524008
1.18547652094154 -0.88246855524033 1.00904893919388 0.51306110738053 -0.890488929856819
-0.876363124261928 -0.708659919121593 -0.809810800116335 1.40259506514847 -0.20700680724458
0.601754169337776 0.174470144575929 -0.425805202370156 1.38300833078888 0.0873700399525181
-0.257764885935288 -0.0885786642330369 0.199897053842232 0.895180552554244 0.32990216105473
0.621416025333166 -0.425168897552217 -1.5884990370796 0.523325857864524 0.865474375839216
-0.529798729493432 -1.2885934856869 -0.897552220471826 0.409752122848316 0.772822963035743
1.65050238537708 -0.87015966616827 0.470192815852801 -0.222222624753613 0.376949523127851
-0.862637999729775 0.394805824194023 -1.16626625709708 0.434153785390032 -1.74383404456215
0.813120886377557 0.371417252377507 -0.137055079462931 1.29524527574045 1.63589611985444
1.04581910964954 1.89821525763001 0.96490821256824 2.56583871659495 -0.271388533809928
1.57519828666649 -0.0647328043592866 -0.565624894320217 0.310193867071976 1.3040634102674
0.586663954340875 -0.0352121595066886 0.63365691470696 0.730005216274387 -0.542890394539607
0.459631288656169 -0.76536535683122 -0.391614850708344 0.635745187699466 -0.806541433949675
-0.876073384260076 -1.93655765070843 -1.69581546664782 -1.48707647682032 -0.655993897456727
0.822188666614569 -0.797525462212987 -0.451863194824605 -0.822364256539342 0.934562425111881
-1.71812152072907 -0.518909883359773 -0.508088443714126 -1.15334475897925 0.0688910902588963
-0.575528184077786 1.15814995932227 -0.201562326034184 -0.0900577517876703 0.0294962721886554
-0.655637107731796 0.228288276685741 0.786728077643438 0.523623473799104 0.928723579954648
-0.0794489381156412 -1.43027923802586 0.0867293054783679 -0.828379958057907 0.99184552461014
-0.12512332584878 0.357921585892988 -0.57895631195081 1.03556483609232 1.55830826548438
-0.00718703537407417 0.603094284927553 0.665898685707108 1.43062776377667 0.756869171758467
1.19272868924637 0.0147184256113433 -0.337909210786606 0.802702290170269 0.287044532759042
-0.739946087988415 -2.04083174651964 -2.20813756937396 -1.18717455408068 -1.55212705546245
0.302724852507851 0.201903506072169 1.16805870134383 0.797790171897962 0.498653042693124
-0.566136180105324 -0.514178377141349 -1.38054935728054 -0.960155446558909 -1.14583409526142
0.234856905299544 0.419304105909675 1.20934483840135 0.478883790876948 -1.21171264125468
0.904803143931088 0.306446475649145 1.0594999268283 -0.443548209559037 0.993334957760846
-1.92480487038615 -2.49058328678551 -1.29486932651395 -2.03713401115091 -2.20503728127258
-1.14109874944885 -0.514301045836612 1.82750608821788 -0.426083286680331 0.0940276021230515
-0.17089751877268 1.01041161349257 0.913198227038262 0.525902549953588 1.28388764659797
-0.886873020990161 -0.376185062528437 -0.00232500264341913 0.264791317271218 -0.63851530653782
0.0863099852195761 0.445919227088035 0.31289708973741 0.107058947365207 -1.14844028517296
0.836582181094667 -0.368735854366157 1.08586739278667 0.240564442933244 0.752129669870046
1.00929184388954 -0.202005221003339 1.0703589680047 -0.141687887532299 1.77084975153641
-0.235022433409539 -0.494472338735315 0.247160343989799 0.485587047950914 0.515076375815154
1.98103121481477 1.70377649647391 2.08699792924873 1.08441724454303 0.739386214727973
1.16328262905931 0.991182077141828 0.600499514891946 -0.0038586928271897 0.453182850783192
1.1769522234618 0.124607791642605 -0.63983319294586 0.396364769259457 -0.466831164807644
0.528995335497448 -0.596564774729789 -0.618040303679245 0.226335434261008 0.787431667807588
0.311710552117631 -0.724199107116731 -0.53755631205725 1.0667013489249 0.253256984388861
-0.47881133357246 0.51282148628655 0.186617273282412 0.305211906318252 0.330683347971945
0.496806397082531 1.68938570688398 -0.0518788757123097 0.809028588220893 -0.627820578670633
1.27259722840498 2.13741660253309 1.3220088675116 0.468717828765459 0.460337506087143
-0.134286730841042 0.634805291576885 0.623522086051335 -0.33009407808109 -0.0318889401731644
-1.24701051885054 0.974203528788322 -0.502759451310534 -2.14105118387214 -1.29143149945347
0.932970208617708 1.04550852123763 0.580247498096659 0.504188302867772 2.77527836584764
1.45180289501413 0.0489180714627976 0.708557592699789 -0.188956328569881 0.539443888346936
0.782455999369267 -0.410516147510949 1.14107937781438 1.18881771611883 0.20090996611604
0.710114688209493 -1.35365901815862 0.694345486021956 -0.496647205850653 -0.800169647550731
-0.340397719272252 -1.82429077613181 -1.60711849437188 -2.14933644053908 -0.234270824105916
-1.06680508848862 0.0561877849559217 -0.322260145088311 0.0790864269279532 -0.857352536049841
0.762164587235689 0.937381183358997 -0.400187496771097 0.629992491242829 1.37255591082582
-1.42147817284392 0.27971099202806 -0.0866412754905981 -0.885294600304668 -0.163582486182175
0.861782362834611 0.484087948506254 2.28566552754081 2.74136114633761 1.71664337488685
-0.145294522801164 -0.120176649635229 1.73157675007713 -0.872547117506929 -0.996932175953885
-0.609131934132462 -0.37081884079652 0.175242875257927 -1.0390559378759 0.137116233116942
0.0599578962038402 -1.71358017084984 0.269778670203139 -0.0144030305897651 -0.748212062316211
0.672200490641985 -1.45212477254113 -0.843870493288 -0.942013505453972 0.651642221220217
2.16756206738822 1.52042791655208 1.63471652817412 0.477916133762631 0.100947842040206
-0.845367843461897 -1.4259906603926 -1.42814825849952 -1.29011551718948 -0.0755360309604094
-0.0623783168162407 0.720725361796543 0.103213451736744 0.462007900049822 -0.823914629173536
-1.2824788836905 -0.77153181498489 -0.191673878485268 -0.369951666578956 -0.17017240178257
-1.42425015831844 -1.02952675660391 -0.831757765287413 0.115260746995686 1.03056473661869
-1.30775342816465 0.758847566753742 0.394370723792244 0.213115414095647 0.434611591489904
-0.93128068712216 -0.990425840648161 0.00786555217236783 -0.446089357680077 0.147725068445452
-0.315014915648878 0.101418343246532 0.122664986408334 0.593708165669937 1.40666176554199
0.51470912839732 0.677729879924734 -0.73396637320864 0.485397497396436 0.716146109275171
0.141560076866322 0.597860885319096 0.311579997749495 -0.507109661589195 -0.659867288517869
0.732140273008665 2.1961553016352 1.18865829159552 0.265241520843417 0.147577335627841
0.181192237748092 1.01476145342091 0.247444106728221 0.779641986336313 0.286689763014623
-1.73414440994999 -0.416014080251923 -0.934665048908469 -0.351339497667466 -1.28892587233115
-0.264754711270402 0.856607981025097 0.814578594562891 0.422571366463306 1.18214245624204
-0.0254698475787891 -0.426582635168024 -0.0966186520335913 -0.828595205309877 0.139899360613607
-0.283182092882388 -1.51042764282031 0.695548771149871 0.684321938590091 0.207997608010467
0.703447546424883 -0.507172996866946 0.454182728153497 -0.0275816568301056 0.284481706941804
-0.239921414902889 0.279848207328521 1.531951572528 -0.232622069133172 -0.484508721451573
0.113702167272397 0.016154078313388 -0.0864666937436941 -0.404358804360547 -0.806463257651175
0.022832751120272 0.527598513341776 0.0426741610426865 0.686828602129483 -0.481644332592135
-0.821489955851178 -0.429863113137484 -1.3062692521463 0.889842990969601 -0.489459199012639
0.273285936269278 1.36257909836266 1.21909719570098 0.45618775521589 1.36633056743074
1.21694671760854 0.641125847511585 -0.0948173910298101 1.68830454072925 0.860064841940843
1.69628278498395 2.45288123713017 1.90137335649038 1.7383917924253 1.07917669168945
0.620959603650286 -1.07668365907123 -0.193319324607372 -0.967937182185917 0.226330022164172
-2.24217076760441 -2.36212112547256 -1.32685612444622 -1.00858538452085 -1.80586525913556
-1.48501286333011 -1.61211899119962 0.0911350074127739 -1.45247666748113 -1.54634184863608
-0.450570391007746 1.01998597746909 0.00780350214282857 0.213025715783193 -0.0417460257754127
-1.4074751477305 -1.76265322049227 -0.500677546244692 -0.25649768877863 -0.740498595948452
-1.02657404764051 -1.54627525406804 -0.456915117333 -1.48641774685834 -1.09727430548316
-0.494764026475882 0.878845307507343 0.0321928922031233 0.776594410611957 1.00401604641339
-0.648000194362126 -0.686011552041271 -1.36495231163045 -1.04226801699788 -0.837874219071777
-0.223854649889605 0.156475619767047 0.596243384708197 -0.0712372622239442 1.41120706640273
-0.450162927476586 0.350577466881614 -1.43956339657149 -0.980015710904319 -0.276823895118838
-1.50501990253526 -0.518359543555417 -3.84263532357463 -2.29730125634263 -2.6551474146271
-0.220632151236748 1.40168518696016 0.0105036360105971 1.3304678312652 -0.0139648441927362
-0.989267547328343 -0.66395865151208 0.440761238588329 -1.05626581459305 0.0339148143036659
0.216411522436625 0.194042046940671 -0.619685471528712 -0.334221661943426 1.51692602593084
0.919036562080933 0.588255873341698 1.03843476667269 0.713910348743757 -0.00664957492005019
-0.378767984796964 -0.571495643599114 -1.05534148634966 0.759575653276856 -0.562417114803841
0.616476832288301 -0.201750619233905 0.902606969127927 2.2574143684173 -0.984094715519482
-1.38111681479391 -0.693893876196131 -1.05053622157965 0.312445345249105 -0.238754929291601
0.911109893472541 -0.389842807929507 1.89067850702159 1.11039966588004 1.68752403503444
-0.992710139273875 -2.05339159663243 -0.325024069973504 0.0502273526579068 -1.69571166597556
-0.161039253043872 1.37021310824277 -0.789672278162793 -1.25240707579701 -1.50063967395898
0.9642904770143 -0.649447313765442 2.87033355363986 0.154198648684738 -0.321404843519033
0.272247785257834 0.341785983935517 0.125133227466917 -1.4490566352836 -0.48895845690382
1.36458109094769 1.42458046739709 0.495160309530629 -0.46302590902311 2.67152770524931
1.61165124457489 1.58484184892408 0.5956166417427 -0.136049371479732 0.744501665754748
0.445590804933717 1.15489608107694 -0.494561508875703 -0.401158147063383 -0.00200483707171478
-0.183044776297926 0.33374282102681 0.944792201503123 0.141119855272211 2.02281357871777
-0.903070177220715 0.445507434925996 -0.0312702116737744 -0.615222456676982 1.57512901577048
-0.0281704054385301 0.224519747522146 -0.0925863687519595 1.36904588972845 0.218557962206036
-0.907767103263186 0.232332533037428 -1.08960967758815 -0.619006065036576 -0.40305819272993
0.423710139214364 -1.84452439228002 -1.69873685047654 0.694688552034528 0.650526633455088
-0.31257494379908 0.910021468658982 -0.280318050947568 0.220001070367559 0.936967595034375
-0.288239843699055 -0.873698181960419 0.00859422132503318 -0.388831868753267 -0.796177620134647
-1.35660603049276 0.414719329662715 -0.507077822054308 1.10126529370979 -0.971729420223909
0.172917044432914 -1.40251923009251 -0.392067002246399 0.0225583101760895 0.198915841701079
-0.646740562007492 -0.45467708033797 -1.07641116003295 0.490300885785349 -0.6370516029528
1.86329239450941 -0.201875241003623 0.926256526515245 0.13490403595297 0.523549855765104
0.169199555321511 -0.71218729214112 1.30247803049153 -0.600871487533633 1.40868746406297
0.382660362052193 0.878927154390178 1.49124609117516 -0.0220451935768143 -1.28695230178267
-1.50995830001281 -0.647287037757106 -1.23788193267922 -1.81912527107504 -1.41238484076995
-0.145019379111473 0.386142040502853 1.76575491668906 -0.2435664737453 0.873373352907367
0.158275507317673 0.685954103530695 0.803457253717369 0.871466915047161 2.00456858973828
0.833202638725348 1.70749517867332 -0.949906932229686 0.576304143689318 0.267882339967733
-0.67459389263868 -0.595450095221448 -0.630568768387692 -0.166945599136076 -0.0392907731993535
-0.147833621996264 -0.51319615023442 1.31913109808623 0.600243952623772 0.320812104220644
0.304324693616094 0.766181040094024 0.962995287650671 -1.40175330139497 -0.478590649714121
0.372470146442843 1.06224798604466 0.162331712466083 -0.993735320743802 -0.0942464465310686
-0.57635413757451 -1.09666984241369 -0.519528990142595 -0.82661755182654 0.896699547740357
1.51440068637761 0.549094378373705 0.918764462598881 0.509233722308805 1.5075913323563
0.399423233909631 0.10693320136406 -1.57744583034423 -0.69185725649398 0.452548367193218
0.194666849484803 0.192949468148813 -0.0685431596992417 -0.530074679818758 -0.155154977428094
-1.40190513835705 -1.5861332275753 -1.23426653201818 0.545537462693094 0.0615826397453503
0.281117423869632 0.777312979865964 0.614276948080907 -0.866723749919969 -0.572227493122406
-0.935671350563301 -0.0127444804230481 -0.72937172413174 -0.303185524151319 1.38878605302502
0.14614434771232 -0.632754505295722 -0.0611910360368656 -0.368397664634567 -0.5631818672932
0.714582776858681 -0.641495557733203 1.47556644321352 0.337971120107197 1.41572059775375
2.23697796257276 -0.0759602393461096 -0.109202020729168 -1.00338177342962 0.205418172855873
-2.02309742308678 -1.85624980677954 -1.10545548065751 -0.10604860637898 0.48327062175471
-1.8299804833589 0.146121316417572 -0.0878926795271585 -1.86603902753733 -0.766657736532906
0.714563947720471 1.69419721810897 0.387805633486746 1.62691925430861 0.364819379546272
-1.99939357620635 -0.943681467139811 -0.78138665118257 -0.804719350955302 0.18658657724945
-0.966105584530998 -2.52668466787195 -0.323855036334362 0.174814129442546 -2.18411330897922
0.663708141038655 0.105706937690074 -0.539271366153039 0.0164730888566441 0.663942017015843
-1.13872284350587 -0.981119744232559 -0.444882045766643 -0.37348290092889 -0.480022489681892
0.134578798120346 0.896263155143228 0.214918381634132 -0.281878990393677 1.29902263862147
-0.610714495631058 -0.28424965692873 0.415904130790779 -0.790424286757656 -0.208442526120626
0.610484632829279 1.20022730922559 0.789250419956022 0.775746048006286 0.991895877676106
1.45165458418568 0.69447298192787 0.690425997731128 0.611245553630896 1.10717869378555
0.0156027610282645 -0.831332612017607 -1.26072087539488 0.507538946776983 -0.979133423107902
0.240543166931954 0.851757539285447 0.636002460575164 -0.874274894229414 0.157298477299948
-1.14491241890648 -0.140558474420355 -0.557716178567565 -0.795893280472614 -0.518540744389606
-0.649175954665646 0.00870100771088356 -0.47513201050299 -0.393462686728665 -0.152601472579073
0.391194093316173 -0.531248479193009 1.93753303505964 0.989280155902301 0.873710835951653
-2.31084498849473 -1.43423977746078 -1.03499444668358 -0.14536835355971 0.174913650164969
0.729024411185512 -0.507918194092046 0.230781267808673 -1.00698407619839 -0.0573681914197529
-0.794906373708557 0.410676601864939 -0.844956252157308 0.418919231728206 -1.51768355735472
0.217640480767472 0.388529495848146 -1.16478182688728 0.965654275522806 0.314969958957147
0.252998997964565 -1.056996293323 1.59984126534568 -1.54336862210145 -1.41694745457505
0.258333708409413 0.530879843121189 1.92397820054998 0.0642099125762554 1.2785892206937
0.58372430138884 0.00707786406834385 -1.04006245513717 0.377003146846522 0.822208133036918
-0.380974171332959 -2.01771636697942 -0.591020444492228 -0.334241579419417 -1.49565778601641
1.99249949516547 1.34769079551796 2.05982327587201 0.747649537740475 -0.168626051461831
0.60036127080072 -1.25807929139392 -2.03667480099325 -0.607989996299606 0.322299011636985
-0.509464406581387 0.245048210205074 -0.800642556922464 -0.758051733301096 -0.560665400071999
0.502851666440873 -0.951284080977461 -0.401841008945407 -0.0368507017799826 -0.606245076728158
-0.102022395277519 1.03259016266756 -0.512146001882682 1.69745264734991 -0.880142030202205
-0.0127532799154008 1.98841585279542 -0.158602304215358 1.76772375925504 0.731713283810508
1.93639619848801 0.593374566100782 2.24677892630629 1.86429934682527 1.12071058333615
-1.33582507482074 0.111763265497615 -0.270205841797451 -1.66251372398589 0.478018541629505
1.79405698341161 -0.963532021951914 -0.333400897830671 0.689163043033153 -0.618477235992498
0.647854483681709 1.88711350801491 0.351771935064641 1.22628821547981 0.50091791522922
0.668659678022536 -0.313776795502721 -0.721953926466864 -0.0206004040028023 1.39255278513442
0.408201213127722 -0.45440164312637 -0.499737480824557 -0.32215126333091 -0.487723447977446
-1.52307677229954 -1.07123434758791 -0.824243190637687 0.365989185497251 -1.94425023047633
0.181107279908384 -0.17999492693061 -0.635697157168104 0.45587572761139 1.54209124071273
-0.220032380623964 0.484843659993587 1.4994131246153 1.45055248199774 0.0924653938927189
1.59891516789407 0.260141525386894 0.104388242735142 -0.704035304791176 0.527492865732625
-0.371499050438896 -0.109609408907293 0.527126866190164 -0.528940413949034 0.665080653571058
-0.862839518259546 1.56474602595892 0.119245249365097 0.981317509934936 0.656621277881004
0.815580707872439 0.230303346891767 -1.07868443043858 0.48248960537884 -1.27736961370411
0.127008800491374 0.425088928081273 0.439859025121428 0.242549892154984 -0.341005431494204
-0.0177840123081309 1.24568904786659 0.28309588814102 1.25107663679927 1.26949376209163
-0.587115792189669 0.823093629112626 1.18949842595027 1.18422980216499 1.10808763816427
-1.14914289894471 0.0550924012412327 -0.0699618201580138 -0.390448197615274 -1.50184282298654
0.999538650720008 1.16370762137721 0.607325945573103 0.852214597659062 -0.054757989112525
1.20302463308592 -0.349818958414781 -1.25638021588729 -0.387388672338898 -0.425312360356409
-0.23965737977888 -1.57044588487535 -1.32829726138128 -0.0342082078786888 -1.85645466366151
-0.0932392175461838 0.427339106959292 -1.13759777437301 -0.246462483425241 -1.52507894898447
-0.516541144326036 -0.548651515761496 -0.722526487181523 -1.05646972116151 0.192037708979567
-0.131136039387392 -0.0760423429159463 -1.03548618361165 1.35642944896378 -0.352834408140352
1.5377450872161 0.124439122946117 1.86092333775889 0.428184253148329 2.01172855817358
2.80682070411263 1.5063188111823 0.919236931038622 1.32115108135406 1.82032271901639
1.01292111982294 0.925613282239784 -1.15787650857792 1.64014058159102 -0.0108309023676925
0.77410035519037 0.650886377078722 0.643252305913424 0.947618305707189 0.14794451314861
-0.210464633892232 -0.296147912803747 -0.645481664765776 1.55221088932391 -0.419087567137042
-0.381434796026133 -0.59963869306969 -0.539302450822268 -0.920311799578499 0.0449095708729958
1.38754503829715 -0.839385389415897 1.79170075070171 0.556905474861623 -0.891462812875504
0.165596695742476 -0.584307484592086 0.0609868800705486 -0.0685415295727662 0.0999941747437985
-0.531782471413316 -0.588341080534596 -1.01658613123917 -0.00355261300647139 -0.0289551455740518
0.696318089805307 0.175570795859166 0.778098891279204 0.690099510658518 0.342682662213046
-0.92710708798904 -1.90411881922938 -0.332966473220577 -1.44785818756765 -1.47788955604074
-1.69855229894407 -0.485871505003133 1.23819353132484 0.111792341234994 -0.169848692214628
-1.13765581866756 0.548097660450154 1.00449964266869 -1.08880967720852 -0.624391853060107
-0.30406843274289 -1.63512326458502 -0.807009595775653 0.373271006108778 1.35384772840455
-1.12081799984811 -0.453558920159374 -1.99838260541433 -1.18395762370059 -2.3858946432787
0.21938176863403 0.377389901820505 -1.14190130079732 -1.28117981219612 -1.45717479714429
0.58077554147242 -1.98301986350197 -0.0657356386285526 -0.323064568383192 0.060604227756837
0.278988158188428 -0.131335383337521 0.618883682496719 0.301201111520255 0.282547734503271
0.100696965672834 -0.436635267751048 -0.145563529077746 -0.0689849613260771 -1.59921697223491
1.71300623913657 0.637185902836253 1.04656971750647 1.39991880009346 0.904946744308598
-0.868835410806096 -0.280548986397118 -0.438447265445543 -1.38346927279441 -0.144809691359582
-0.599309297347924 0.365477983340945 1.73959355923876 -0.280199789331934 1.17200817871095
-0.274061410001981 -0.0212831018183383 -0.605757590092484 0.105058641326585 -0.253210552330872
2.11416036601325 1.0357003914903 0.103364985994243 0.144304543416098 -0.159656631760456
-0.836425355009957 1.69130197177736 0.554095571372932 -0.0519046478650111 0.981489478126574
0.696231681913807 -0.656003549147935 -0.130654685389951 -0.437059767610993 -0.410546953192663
0.212088796982175 1.00723277767564 1.06217478174294 1.05599328809273 1.29262070882163
-0.44332676588354 -0.24892122619684 0.752773055365466 -0.503613859301659 -0.449401888102721
-0.966774685699761 -1.60061060468299 -1.51461690351033 -0.998479521545613 -0.564476022072571
-0.696867289209947 -1.23492389000071 -2.01675601423998 -0.998120893046691 -2.00245059535802
-0.0701827273797718 -0.707366595351281 -1.45201222912667 -0.276037090397219 -0.993853977820179
0.115155195476753 -1.75387682754874 1.02938948068031 0.0586686267282365 -1.57442823243729
0.681103244314466 1.37465783328521 0.712209244698155 -1.80399565493213 -0.970352836025477
-0.391574043674897 0.00689855512522544 -0.581499513526898 -0.790552853410873 -0.448790183823702
-1.02550479425289 0.527952555431407 -0.37341305958663 0.324369534568164 1.3042479039983
-0.133545215431421 -0.410664621595499 0.760247021282407 0.145126408432066 0.609636455561122
0.250982750203981 0.070641376530938 0.543439499394807 0.893922802987728 -0.814679726335941
-0.909905772031395 -1.17772292070427 -1.03836852933051 -0.069106381251725 -0.275639073258132
-1.59254784189104 -0.22925135085528 -0.196627750775874 -0.995846103111438 -0.157594260811635
-0.530965444893408 1.12428603325001 -1.85157367858032 -1.09547015961824 0.668743843119113
-0.180773396283586 2.85626366831176 0.781972521624355 1.78701421324681 1.25466013717583
0.0695973095147479 -1.09757112314468 0.0168957504459389 -0.278725069073204 -0.626702655575819
1.09572504575344 -2.36793395381477 0.177638693175921 -0.49722633225591 -0.396803161151992
2.53305577037817 -0.905050219053881 0.170455459082593 -0.0576706644472159 0.00472342132345737
-0.972941289056537 1.18468090364558 -0.128101992800071 -0.00353886167785133 -0.718901873895732
0.352391435954984 1.05466142189425 0.996024575307097 0.708418249215455 0.143514758152834
-0.290505228845204 -1.09580385476492 -0.97003639895858 -0.802986527946027 -0.747424973297715
0.496879790430859 1.25132120954431 0.779768889664905 -0.0477155047657062 -0.101010041710133
1.80994634926553 0.382595685848652 0.483864291268716 2.49503769779708 1.22860499503879
0.235855897556836 -1.39992535109645 -0.0847691642683201 -0.473339794963565 0.585297513213923
1.23744931788647 0.476185868653974 0.972493588800965 -1.0207033818946 0.738412155872712
-0.81121994199382 -1.40691933293262 -1.4551125173222 -1.63769724785122 -0.124173964779599
-1.02910334433009 -1.26215147382832 -0.451373165536395 -0.136394406353087 -0.856087611836816
-0.547107188896695 -0.0634365903031244 0.00648808108505759 -1.39590038978551 1.02346903714737
-0.788440172132323 0.319887987579568 -0.0319227279631984 0.0579495839405903 -0.0331060692269747
1.18979015609599 0.332436668257742 0.92141983605651 -0.287799833738802 -0.105412020352433
-0.697202186039172 -0.618326535521557 0.586345321324916 -0.976682910622902 0.855334292639034
-0.0580071083176098 -1.14994521258119 -2.03988241281168 -0.321216102655377 -0.45558687919827
-0.176315900767721 0.910818173527749 0.702944649580611 0.0451120626295149 0.43989971564651
1.61393531698867 -0.403934294651193 1.10937847752032 1.0715289337463 1.41263522569317
0.637503953710961 1.00051177599827 -0.665197220899837 0.959267669077716 0.623415392687886
-0.652586653907 -1.94449915050601 -1.45385227750892 -0.609257362678348 -0.604166491406221
1.08878328018164 0.29426557443857 0.665467156624381 -0.186968855893875 0.352829893223039
-0.411307592999222 -0.828165217778012 -1.02792942051439 -1.46661851646308 -1.45494215919829
-0.837654211523626 -0.454546018087248 -0.0932919134211186 0.327960907369196 -0.478593028290136
0.118446348114274 -0.754124587488144 0.980932828501985 0.139260057287204 0.180735940350368
-0.267467026871912 0.824027711544868 -1.37812056688053 -1.00784019941927 -0.668420391812834
-0.405297275955267 -0.504695742085656 0.931909873439161 0.441046876889046 1.09112107899784
3.09604891299721 2.26593853283995 1.71483184345732 1.51637618233448 0.843282061393108
0.0765179526620965 -2.19932971669642 -1.47236890784515 -0.227479677064102 0.911838828706422
-0.128763153808391 0.0748393135503409 0.19512633564782 1.84351601061311 0.629679166910359
-0.970544944124037 1.25126836361806 -1.01961904541951 -1.65642884038514 -1.23021289061658
0.850816076345937 -1.26771671354568 -0.783001733350187 -0.263873354045181 -1.50487076822644
-1.73313891069889 -1.61682017998009 -1.98365326725813 -1.67990676844852 -1.84865956201575
1.34267562194286 2.13580475845724 0.838694367224139 1.20215032506454 0.891293119367925
-0.392947218621902 -0.641884488167691 -0.943851652524284 -1.57171186935504 -1.16469292613679
1.23629443047201 1.71564131303114 1.80683358922529 1.27312344549241 1.63130056289368
1.39823047083074 0.246126535676502 0.37400498340193 1.47266027330184 -0.366970973050784
-0.349879213789519 -1.72089637286124 -2.30355797908008 -0.329744069560017 -0.494322919471894
-0.41702025373937 0.360584884161746 0.477071627197013 0.57157862797613 -1.75432108772869
0.380592350713119 -0.240345104336753 -1.42677511469466 1.01987001333396 0.343583193907889
-0.192757377037891 0.946008839786921 -0.405399335730316 2.62674792912465 -0.0450410858789154
-0.772219114015097 -0.608122642501066 1.68125255832847 1.21245885066272 0.634501466142059
0.99779464346627 1.34286775423768 0.42548661935011 0.562725683007848 1.26753055158808
1.19719180320889 0.543273546941746 -0.0998872022152621 0.940705553234711 0.654509496409322
-1.37260679490303 -1.84219703126716 -1.1460913337848 0.393459100476906 -0.682516553881242
-0.117979527217547 -1.10189377798022 0.353984749932439 -0.622356639761768 0.0477158101741381
0.327798570952367 -1.72088879849022 0.260247152956595 0.558922806896626 -0.271110501982031
1.29751138713727 0.42519648021539 1.20144971992495 0.514257856008637 0.406305623361146
-0.511746897193641 1.1628023634707 0.671292474096693 1.51330321063235 -0.393270544830229
0.199775641296088 0.427031127710687 -0.662124883573484 0.574782857018137 -0.000115744464221856
-1.87325035492876 -0.746032315906984 -1.64035502123102 1.37197298719807 -0.471839032965907
0.614339502251967 0.29738718211177 -2.23076201513073 -0.35600855042396 -1.46031613308673
-0.0792006556826934 -0.300118106275476 -0.925087528606805 0.593319988990885 -0.417255007708121
0.907287337056426 -0.366119511893952 0.666267313367011 -0.449778269808091 -0.558336852202362
-0.207827056911219 -0.381237778825118 0.710861222534508 0.384360761680973 0.0912066800288875
0.306914973877745 0.7054774669087 0.546507284195628 1.10315910507438 -0.56016723262663
-0.323692242124583 -1.60870549622034 -0.510225582628727 -1.55160790136412 0.246042662837667
1.94151740655392 0.65891918813591 0.58309414898463 0.178172733670761 0.269869095932674
-2.41426716839178 -2.33867816545074 -0.536679754553706 -2.19732143902194 -1.14231648128534
0.750129436770673 0.530091321088602 -0.510508483047443 -0.278438485187522 -1.00432659885564
-1.20920495081324 -0.264761842121889 -0.768489697275024 0.0796555708080628 0.466117052482223
1.59282145276921 1.28580293301121 2.24943431717914 3.26938246519153 2.86351577716755
0.00879452686202806 1.14825895624182 -0.0554658731303853 -0.395825437065764 -0.0573900597575952
-1.09013840732086 0.0413717187118494 -0.24389858670014 0.172848622014349 0.370231103505091
1.39519332494928 0.699316180226144 3.03592919586567 0.796757103795238 0.847445004267286
-1.52389563310471 -1.3441989574774 -0.944230339676001 -0.683184617098797 -0.995656576910666
-0.39009655504167 -0.386367036475137 1.17386577622634 -1.03675760619907 -0.937962230020969
0.00349170516837047 -0.036554851941251 0.516466315030836 -0.0465793607945589 -0.970754873259257
-0.0201322079238287 0.755923523427705 -0.78694522904054 0.468421715960468 0.705730645174243
2.35174747219687 0.0206618368015942 -0.866722149436797 0.822209711990819 0.293952058821258
-0.825779730779967 0.356544241067276 -0.240137203664898 -0.548164123086164 0.122177120091181
-2.51082035431058 -2.52356846954247 -1.91349555167371 -0.537492764216585 -0.26928373210763
-1.72636478090461 -0.661021835781113 -1.90127022341019 -1.32732499435994 -1.4934957124313
0.419893821294255 -0.745978386584357 -0.378136173650576 -0.836517610105388 -1.25568216659848
-0.712447698598067 -0.317667346510065 0.399995249077344 0.843760758751328 -0.444001782077116
1.10804873976544 1.04068517710801 0.64089200226135 1.68250977058891 0.850101521028611
0.286480286660042 1.83962364906383 -0.325629873312652 0.745977620664042 1.27426219057894
0.780617336416455 -0.854146709847915 0.51877031779774 -0.397801223664405 0.185682688752626
0.886827348909372 0.929600735860901 1.21006360422431 0.140706707307106 -1.88683154019289
0.243474633546782 -0.932599182635145 -0.78344292877053 -0.469855417937624 0.174710500636817
0.334868944635635 -1.74078568070286 -0.440925815401275 -2.20482401236293 -1.28642341886719
-0.647281879568528 0.0129225768034815 -2.22522924936641 0.631319989026323 -0.299620060047825
0.237351059878331 1.68748004703934 0.632246803986515 0.315062288660123 -0.0910225023024931
-0.330814052688992 -1.61186153499573 0.229651586697211 -0.885125464339435 -0.961552811951248
-1.2466984818313 0.572867417016181 0.592351055360949 -0.172665174034272 -0.868234809803604
0.0298365918798376 -1.28652180202295 0.235891484347318 -0.974899886987234 -0.80139108690933
0.378355973256559 -0.00274283649878945 0.586765278763504 0.1395710046716 -0.221022349121459
0.946586764239471 -2.03289499213502 -0.623542521692763 -0.599090840852542 1.76442667529233
0.79886503495621 0.617567250810357 -0.145423032268918 1.36477613513986 -0.202259180738565
1.06838507579144 -0.064170607547988 0.56641584516256 0.448818160478512 0.657714356172901
-0.160154422756641 0.490832264757043 0.746128299417423 -0.290153821414281 1.18401613079152
0.768302429566385 0.908495316190957 -0.235139516631324 -0.0921348699253891 -0.635502427173387
2.18911508833053 1.97710316970814 1.11701159499336 2.14353198834823 0.813915640462129
-2.06082338029338 -2.82371803697859 -0.506513046696974 -0.810857959694436 -1.87013831985066
0.266933408112315 -0.202891055565617 -1.92263629449139 -2.069996985829 -0.947390232968837
-0.00937712056360612 -0.509185311879851 -0.483787786008021 -0.881686569473373 -0.48158143193497
0.188459837912231 0.521353447600071 0.372274233197481 -0.426025557660209 0.253668318211306
-1.3435538888345 -0.590878836580964 -1.7907549262944 -1.46401915453435 -3.22493884374721
0.253375478266507 0.424903834031152 -0.293488986109556 0.672122624703117 0.803951413278884
-0.438123513542536 -0.501990775862755 -1.5107028371541 -1.53386334300635 -0.840353524948234
-1.14169060389225 -1.31115627219472 -1.53287322974086 -1.17633787671946 -2.22758617326474
2.24874081945803 -0.68445772549551 0.546590674089933 -1.40459240567438 0.554012270643401
1.59399948318777 0.249099631681771 1.10998772672861 0.95649412481139 1.64362836194624
0.463597236707995 1.07915034382667 -1.4952169016268 -0.386407705022857 -0.293545155502902
0.575359627276455 0.626466203167177 0.218572681042697 -0.732640136853554 -0.263553185037601
0.605941868283412 0.162485183768675 0.43956900037404 -0.361978633761947 1.33679637930946
1.05621602557315 0.712886151408817 -1.08257174718563 -0.108012314138869 -0.787144463287681
-0.215965754912642 0.745050718424647 -0.181191924650002 -1.10367665217244 -0.957085677649962
1.41744038168134 0.281877807549738 1.12078043677682 0.231872811259462 0.164132692653085
-1.81274212331477 -1.22703029102407 -0.889431444993478 -2.60086996109356 -1.95653074997025
-0.271760566978306 -1.2742319938335 -0.580625711603094 -0.143546990761077 0.6483572451633
-0.420221777043913 -0.38502624095033 2.07946921849653 0.210655852230503 2.87241924178594
-2.37181565162966 -1.00849128339375 -0.216735281968591 0.256419630512109 -2.06968565198569
1.662906507589 -0.868377020601318 -0.467917277086296 0.713854810942166 0.113103901616149
0.910937001406815 0.902937103060571 0.734408272150375 0.501031590536167 1.89669801497022
-1.6442794390666 -1.04133664593532 -0.777832258845349 -1.11719184802513 -1.5503996769406
-0.355256566749159 -0.0507602645369633 -0.245322429706307 0.347564489108462 0.829972413364916
0.253751515338388 -1.44358732501936 -0.862138739560547 -0.438933211040437 0.385443896761929
0.349706721303909 0.290349780295891 0.788029096509922 0.0691508744830988 -0.733532959133993
0.00867100564889361 -0.833803390950729 -0.881374433833707 -0.710465909528166 -0.728313231263483
-2.09320366386669 -0.52435190896091 1.19544634697225 1.04564659829104 -0.105453775805275
-1.0691801564087 -0.90740238598052 -1.90597298265331 -1.64231132606066 -1.58579516671843
-0.014517083440652 -1.41831113715397 -0.931777162698451 0.122678177520775 -0.624903313463496
-1.00349636035881 -0.754823222329012 0.840516606659309 -0.249256234690581 -1.4228888113057
0.79448631529481 -0.921413752950714 0.6540577346389 -0.127794082580619 -0.0952346764371189
0.585018438047255 -1.41223268946294 0.0447398045588595 -0.428111074196867 1.0088656302889
-0.485393242362204 -1.15848111872934 -1.28025927359567 2.24902657863122 -0.868045913404465
1.31606139830113 1.19758574739603 0.552392591708183 1.04816753403594 2.54812387535815
-0.258079556392553 -0.103566648783521 -1.04609027193442 -1.04621156678922 -0.898494236263551
-1.05070261746274 0.345675780971471 -0.341601358719501 -0.177298751321552 -2.16575186731933
0.83485008343608 -0.702113522883883 1.25389455746387 0.124157133081969 -0.739600156198802
-0.937126759613666 -1.13044183673963 -0.925562629061946 0.132606353370092 -1.14195487614529
0.988945823305514 2.22645659043325 1.66517977028709 1.26010899339031 1.25051131085999
0.0450577628449711 1.32875772603893 0.898471817341332 -0.0350299310878796 0.597764890418188
1.65026247695909 1.11872358327594 0.933345252275698 1.60669390899548 0.965221017892772
-0.212470710243198 0.184833099610007 2.60015506441851 -0.242390810010383 1.16469407987143
-0.380696395232327 -1.154200149239 -0.152377690842858 -0.626930191069501 -2.28997793504953
0.512111385811824 0.156060666085025 0.429638010006903 0.153343353361041 -0.560690001574777
1.54481143964964 0.448208479516303 -0.540589789615569 -0.857957454778454 0.112665050669659
1.3357676841448 0.345335955926978 0.40741311308442 0.323053477174657 1.42798863647134
-0.0582430965704858 0.619022763036785 0.0456405321428847 0.504596374669667 0.232386486247334
1.88090442415498 0.0889591736699923 1.64199439566982 -0.25181568140852 -1.23985026611741
0.843450401731391 -1.59785980658611 0.388280914192448 1.32701881398353 -0.803843709375292
0.768113103325743 1.01836390977138 0.886827784572366 1.83463795243684 2.27093573554959
-0.427645591194187 -0.318644090905049 0.73281840861719 0.209885409087617 -0.326820402628366
-0.628987093824377 0.829828505303537 0.370713152021106 -1.11471157125045 0.974112957296499
1.25459164876994 -0.696682888242444 0.895115541436841 0.00953503347587163 -0.231248642699071
0.883982948742116 0.669799401872013 -0.099951633549002 -0.714120679499866 -1.68543325971216
0.840795740103824 0.1253878849001 0.0734158706929336 0.678398209451856 -0.581520151493171
1.27675289334498 1.40721220803493 1.27062480326547 0.935501113198633 0.736192083985211
1.84711876618186 0.49072077120276 -1.42762093266346 -0.937947331555287 -0.438207426449958
0.127744043096464 0.257624636043197 -0.697122607864178 -0.735780942627831 1.04505727295861
0.593166994089691 0.945152229179203 -0.559099869123579 0.723348099948843 1.25797652219127
0.178611840941268 -0.350040861163787 0.320644310988176 -1.57797741639282 -1.06520168490108
0.754474717981542 1.45866656635253 -0.381237414338349 -0.549692366818008 0.568275682548696
-0.331016102392352 -0.150283093506795 0.287568772368267 2.78778380940791 0.310487619782804
0.111433017453807 -0.713685215181451 1.04698123154866 0.163904553900589 0.611663408341687
0.0978139869837379 1.69415027400525 -0.170703124441104 -0.0459857192216925 -0.323211169209874
-0.42420277642486 0.0214528941265698 -0.922959091765457 0.114831551231347 0.289635164238354
-0.339140122930857 -0.630761858211127 0.311855245057894 -1.29505357947996 -0.782383500283992
-0.171425582340073 -1.56467601664124 -1.16654821203996 -0.166778889941887 -0.934631363294719
-1.1177374038059 0.455206700814156 -0.33770441874616 -1.51641076678807 -1.02557581629818
-1.29796342256033 -0.318953891548547 -2.25218356111948 -1.67296257190425 -0.536432544096945
1.07577452701437 0.107318748417955 -1.51274536946918 -1.79685096623375 -0.529292399518394
-1.60306646100626 -1.93233949468669 -1.95901471558615 -2.36917267716166 -0.862631706234941
1.13910288683597 0.474559847200539 1.12980557108305 1.72035799403248 1.02068535512952
-0.550997174469697 1.38828072219948 -1.33345639183472 1.27212592046211 -1.02100360490416
0.107616424691706 -1.89283840909096 -1.62328939476832 -0.0585162870379922 -0.48182625858728
1.07348760861896 0.492372650802453 -0.854163421044883 0.38513085762547 -0.430958386526252
0.829725711292373 1.10382382610453 1.81213650465046 1.57299401589236 1.71832102823627
0.730817492538944 -0.794838404698305 -0.812762413195683 -0.251307351528606 -0.136506163358076
-0.0751209886158104 -0.122956021762451 -1.31743807901379 0.0462349802222079 -0.111621845225678
0.0178655186080962 0.617659181976774 -1.06504775190924 -0.228176603170462 -0.719571321868067
-0.819723436655188 0.531316391169901 -0.730363796323402 -1.48758301905708 -0.173325046447025
-0.0416835301469275 -0.0736005785259229 -2.26040312841522 0.196495007352106 0.12815280715713
-0.878486966529104 -0.271361403575874 -0.084427455451929 -1.84308046601484 -0.906880221273697
0.165887180880595 0.179981792679536 -1.2068358667448 0.0874767929840784 0.414085893753443
-0.631271412334919 -2.18674048637086 -2.00603133058854 -0.642493455058093 0.0898867883690927
-0.908184877493965 -1.19324446826823 -1.03548736991127 -0.551502203471817 -1.59139328924748
1.1027468523834 1.07562519907843 0.334282367791329 -0.211346883065323 1.7597183901555
1.76407007396118 -0.645534031594457 -0.811638913345616 -2.25641077104454 -0.266337836756229
0.416955421266452 0.744940680206472 -0.303812346317278 0.896038347958908 0.322452464133853
0.434216554373837 1.83150409841736 0.252354593344745 0.340278672162524 0.850125974369862
-1.39900298672292 -0.477715099209012 0.165250235575917 -0.00649105895389687 -0.630376607437509
-1.54640409320257 -1.72800355628203 -0.549657852394068 0.694877971048097 -1.04347930633559
-1.56514066853625 0.525496657811218 -0.1462012984629 -0.399643107865295 0.200830701026741
1.50135004520037 1.26680407086855 0.456638968978352 1.01640454648384 0.21917153905883
-1.35217298955641 -2.36215624817215 -0.275033006584096 -0.265112830265365 -0.429506866978067
-0.0471942108100566 0.760971205783743 -1.41843997538221 -0.578325572524068 -0.570194695886752
-0.423233506010438 -1.11102683100954 0.186634973868696 -1.18315263926503 -0.0554001164449071
-0.344381836898378 0.833576287834288 -0.00598654927726294 0.716903092502722 -0.513060711500853
3.27572042249307 1.6360752422936 1.24281712724207 -0.102591991555618 1.04616533406098
-0.455083289060473 -1.16491605192766 -1.88021905521728 -1.8529703899922 0.174371955193418
1.19125448871849 0.257759766980602 1.61276031954282 1.38170474323413 0.987593426405699
-0.67102650677563 0.118997487162445 1.42640071371356 -0.141324943369016 0.601173113315231
0.604892680346971 0.429377589298903 -1.08084577899243 0.108148364368485 -0.0619175262197304
0.113156325449028 -1.7070279273228 -0.141716982429025 0.449153409944328 -0.914648701690745
1.89201058692805 2.55567607310671 2.18909988487047 2.21691610859287 1.15626786643418
0.500432393652426 0.864118288495025 0.93524235825757 0.362912425577407 0.670332001650823
0.455411951481393 1.17241346205642 -0.131378354201002 -0.720752480865738 0.0679964243645099
0.343416212591633 1.19581665627559 0.228272977312986 1.91420846571608 0.277166591587541
-0.120600324094027 1.26998108138977 0.732226109013508 -0.348227434748007 -0.521878298886235
1.71957671874576 2.10580848281222 0.430604092197257 0.514050813112623 0.435335497984197
-0.0267157181712744 0.607348851729485 -0.803774107159657 -1.08661776085594 0.0696546136332392
0.476143223120251 0.430903146802016 -1.24363272314016 1.53786129064318 0.96022346810691
0.760951335288613 -0.411538192093956 -0.465046100517802 0.360830938064728 0.0311936402411239
0.459320674006236 -0.693205147817704 1.17966261928847 -0.608979603769305 1.59109538226564
0.281099546874021 0.465700138190872 0.284002589927218 1.04278894252471 0.245813081098971
-0.161318811391207 -0.485674425534055 -0.616291187215233 -0.699766434999293 -1.10123454966639
0.590731686930043 -0.829314891902335 1.59654795668578 -1.43215956765994 -0.875284548477416
-0.0795185136735835 0.765052208971693 0.768049178596761 1.18095915215428 0.204247686166806
-1.26316659815401 0.267163753257082 0.343955742260927 -0.038604816623521 0.167872331473027
1.5371315517019 -1.38912415916862 -0.0920776851960038 0.194337352184259 -0.860770227179629
0.48514263855605 -0.408618268047641 -0.558413299652224 -0.232752785627911 -0.0699263929309565
1.24476108063293 0.203997391250542 0.143834299677855 1.13109012665446 0.148881218926134
-0.307608388548869 1.79421425960312 -0.326734632754634 1.6928141473557 -0.439311658470519
0.117555084908413 -1.46592528605818 -1.90625208278006 -0.348280298070692 1.44700959917226
-0.54277090603628 -1.65671395282981 -2.00903428019167 -2.40830199700711 -2.15583682296132
-0.875099340936659 0.426549397227533 -1.21380918594769 -1.5368411843702 0.740556858686315
-0.0216941296740084 -1.26288307174667 0.233747250238083 -0.0685767133784956 -1.00999574951671
0.826148606205427 0.0305256395384561 -0.141501999696972 -0.865290589973362 0.734850481727199
-1.22782629490949 -1.2941735217141 1.86087351733079 0.839409659454324 -0.715847341311747
0.676094470114805 2.54291244363192 1.34946025333656 1.01289310798285 1.80781372213511
0.421484532209744 0.0295145004641134 0.653768428808974 0.286225342751553 0.0260122815069897
0.346611017479143 -0.190929958677777 -1.19739262554256 -0.335892932172284 -0.858001162952936
0.506574342192913 0.400694487683308 0.668844507748878 -0.595990097235688 0.346383600821767
-0.0593837121169131 0.813302415943482 -0.196113259582283 -0.0982174132726412 -1.21711495808753
2.7037550656671 0.800616207781041 1.09796097618394 1.99217536039955 0.995610532430774
-0.418282111629309 -0.0310601371077358 1.73166092218203 0.879923351862747 -0.132432106168024
-0.531823473569111 -0.644564103041275 -0.705089292834774 -0.783621911313722 -0.627295311910084
0.15707773397179 -0.160151882788354 0.120997124154824 1.16614488033136 1.04230263636332
-1.96524039395043 -0.865656149708784 0.158288115662607 -1.90951854325239 -0.0428221360818066
0.649231029942689 0.1440764991021 0.646551345428544 -0.285681168893935 1.54343490008595
-1.31383114276032 0.555254271202716 -0.591901293880475 -0.284738930584147 -1.71868897462588
-0.0300290760954932 0.2423043999423 2.0397898738384 1.09533699474429 0.404533270286334
0.41835924155178 -0.416835424768335 1.11573505701926 -0.147832522399108 1.24600269454989
-2.596405584937 -0.521273997622092 -0.896011541227406 -2.11724173798072 -1.61059149174554
-0.695412444989704 -0.0423483151175684 -0.084555432759405 -2.13669373987682 -0.79161843031482
0.541359941017296 2.12379632730239 1.35134894884466 0.747720431559808 2.78280883957073
0.156533307240705 -0.114165356049357 -0.107548100680641 0.753049413361644 0.402410719234103
0.29322018881055 -1.41011189364065 -1.74713565038341 -1.40401683699912 -0.534266819405286
-0.243436382915117 1.24324955581602 0.334763299756472 1.44463103894287 0.899929601898627
0.00674363624018001 -0.419079394280831 0.125514271938516 0.437767602292497 -1.3824029325248
1.26933220043949 0.846333697169594 0.326087101695879 -0.0683668687426854 0.0900571198866557
0.582782432161028 1.27623832452333 1.38064739235287 0.339240576686471 -0.999963228816053
0.406478744976701 -0.331574203293149 -0.75547115560455 1.48717320939929 0.614208917155698
-0.547480203768098 -1.02367866922919 -0.397917113956164 -1.17154924749974 -2.25828482525707
-1.48251432006492 0.935606234015762 -1.36744676226399 -0.826620680896249 0.192009770476357
0.218973955812512 0.115102833923916 -0.542163973682348 0.442482785548588 -0.958586424671462
1.01922064176339 2.14777843544446 1.69337812120313 0.701654016932817 0.0907785297430325
-0.399359409783232 0.415053694397953 0.395683026528481 1.31656542449638 0.231343818226866
2.118183092918 1.76273740521954 0.756017459670476 0.548227179973461 1.15477077544225
1.84519850813872 1.12886789360455 -2.15944319194977 1.96788554944086 0.3391579254777
-0.843940257054064 -1.45070869952009 -0.143266188132077 -0.376458214768207 -0.951270711371759
1.09279586210687 0.691535063713043 -0.103929869687366 0.662213243885669 1.81593679892704
-2.07575590699101 -1.78591939702553 -0.380049242074072 -0.793738739437839 -0.362274805471406
-2.82824673724036 -0.565911722090469 -2.05067871245651 -0.907150792961645 -1.59991694415023
1.35988688597721 1.16692828511247 0.0250892662686077 0.0298504230197087 -0.470240785879676
0.0365655456032299 1.54051931620572 0.224600719204468 1.01119411605825 1.39270006647434
0.370832414487661 -0.673770410320671 0.963102847890108 0.382867941324541 -0.836693074788692
-0.043595876340953 1.16900191787312 0.472905123477685 1.67719550355313 -0.334244099327014
0.265256818523127 -0.180163651199627 0.501767295790868 0.568602347866785 -0.649966259140108
-0.733422505872671 1.25501342795713 -0.0628980625936546 0.621102781179113 0.833993462832527
0.605242141708456 0.32051845790188 -0.506176748796425 -1.20053491958962 -0.952308319941733
0.334783879653072 1.48860282662815 0.493216207459212 -0.16246013075762 1.45382303512037
0.471215989157932 0.197835447897153 1.77219416193578 1.15482051887335 1.40080859226298
-0.895857266404031 -0.573975018573786 0.7561836838419 -1.71742367372892 0.903695964024871
0.581442172315134 1.08004061784494 0.808696635486558 0.0568912273002117 1.22494259135885
0.295063972822172 -1.20406918738138 0.124013872548361 0.364447155131755 -1.50273753789019
0.44929437102143 0.107114694056769 -0.878961455079543 -0.456628350377422 -0.602390747936054
-0.653484726828983 0.41255346199956 -0.583085855731705 -0.385203081202747 -0.683751167800516
-0.280836869733806 0.196793979712487 -0.247791122125138 -0.576075657653242 -0.593394000131906
2.01193012452453 0.805202973010443 0.720270552885887 0.069379078448838 0.494523417216274
0.37442913845156 0.747363393229344 -0.0174342703534108 1.70831940801606 1.3144293220165
0.256389969912399 1.59294006481076 0.348701630380806 2.24512980170884 1.1828225490456
-0.815662162223967 -0.334908868484805 0.121092404384402 -0.17953595624301 -0.510668492629809
-1.30980730313017 -0.66859817811631 -2.2065461409785 -1.47597348685634 0.661253346012275
-0.383843672048746 0.494117427087791 0.184724094616487 -0.234229364113493 0.679904496201247
0.896704819220711 1.30448170760799 1.51019292523213 1.49723552436413 -0.147980848892974
0.211020706302015 -1.24865666447476 1.54657231930278 0.376498892854372 -0.121783510526972
-1.44864955923454 -0.38546070366761 0.836888613251259 0.818264775754303 -0.777835422329327
-1.33350380872223 -0.584871286316097 -0.734376583093503 -0.719063749722753 -1.40808538351836
0.469446896714419 0.785392157342573 0.243814200856466 -1.8363598400969 -1.09990268050451
-0.701609555191394 0.882404036367292 0.0974868277120294 0.786830291880874 0.135525789648774
-0.50147550785307 -1.53675275748491 -0.704022154305212 -1.59674548057266 0.135045255996358
0.0888198278132546 -0.365791396335838 -0.953558438074478 0.00540744102463233 0.187074723831727
0.191009875693592 -2.10153179000099 -1.79152680801967 -2.34134036840305 -1.94707348546582
-0.854610711215118 0.295449434031876 1.39522902621423 0.476934144739995 1.41982563093931
-0.592917756231033 0.222841246124191 -0.117173465807287 1.19429011044733 -0.764918351035388
-0.271882181726684 1.01221840133925 -0.430807966681731 -0.195931210014163 0.254713079274867
-1.6422921250383 0.0482183395436273 -2.753500558423 -0.916831293229691 0.328709846319515
-1.25831935349183 0.0343824562847385 -0.330867891815775 -0.61880334166807 0.675791579485906
0.546217374669849 -1.13854281726706 1.22208355624484 -1.54291909579952 0.723269872558861
0.675451281983428 -0.393444144365617 0.440149839839105 1.93531330722155 0.165960700205652
1.39599222685914 0.0772576646008989 -0.0866000784900979 0.23206496596911 0.183459296888883
0.705958782029031 -0.824965014044372 -0.242163808453599 0.932242966393309 0.966614654151726
-0.315850774502535 0.588153484644658 -1.07200896183161 0.628519666620304 -1.06300693285281
-1.40834900991287 -2.35609119859983 -1.17956922598933 -1.34084210094676 -1.08705248712228
1.79486261675035 1.60170514904394 1.72280994244156 2.64685939637935 1.7810010867071
-1.1000153737347 1.29726169948229 -0.999335719051572 -0.557409489966846 0.351013884319755
-3.23267310661483 -0.0385032839468779 -0.704286833614718 0.23772077931742 0.0877973997277765
-0.753597320331185 -0.429146463713796 -0.982991573972591 -1.04099287826609 -1.61794112121287
0.418750676273099 1.78364301882329 1.3370787695875 0.629838857259639 0.302384738712542
-0.57146806633127 -0.90711609004096 0.28312908597092 -0.644565213683395 -0.201616337055579
-0.546974022860914 -0.259982695961407 -0.266250334018524 -0.758333590581947 -0.800431925903561
-0.32384598081213 -0.332978396210968 0.595018436989884 -0.898116107397444 -0.918700427310285
-1.56655025640107 -0.385045487088074 -0.150108920065494 -1.67897050893066 0.744390257364216
0.238611369590082 0.863338999640261 0.743931902468826 0.465157724110918 -0.121467279027101
1.04922827303649 0.548447249795267 0.190148833475861 0.0340940099148227 -0.345760890675818
-0.653882667786578 -0.655009234244133 -0.278180210269582 -1.51312630912829 0.163317251632282
2.06771039056667 -0.41121661477754 -0.66870167024043 0.258991998494679 -0.489070635402297
-0.761124077624594 -0.441617968524473 0.967211771395152 0.039917569562074 -0.248820855224578
2.19939776917121 0.830543974557108 1.65222979351161 1.50429057220958 1.06390495298052
-1.04939806473476 -0.777525023694493 0.369082728233527 0.448878315997269 -2.42690880890335
-2.17966856700102 -1.38362392525723 -2.09587627541557 -0.941770377087544 -0.338905207639734
0.087544157420571 1.17127982287843 1.49013352282685 0.820401325412477 0.351967296576044
-0.743202786542655 -0.262082932883327 -2.62668623958945 -1.08528131138206 -1.50392456949256
-1.48465239858696 -0.801943349412867 -0.250593737984647 -0.186739809164095 0.518347842325087
0.757226769855392 0.183084102980984 0.900172940197034 -1.58981894812673 -0.0299140910425675
1.00463382881163 0.575005653571275 0.387420096450907 -0.4965118322914 -0.580239719015594
-0.113906330082505 1.23148907352766 0.43366632220494 0.984124224805717 0.130539927354438
-0.372448914308245 -1.74107020937648 -0.0400236602730851 -0.609736370324236 -0.292479123319812
0.698418210773188 1.05689928544354 0.850085958723856 1.28996253975544 -0.870876225763336
-0.446347937363811 2.10561056741006 1.91492222407495 0.477892383038343 0.143511866220207
0.156229062174273 1.48991889759012 -1.04008940421777 -1.11441555051803 -0.0238855912778054
-0.933746262423867 -1.88463295393828 -1.8225518010889 -0.813440935736049 -0.823158969044601
-0.698544148682666 -1.29692866333865 0.616314704322696 -0.959506191768883 -0.093897962232295
0.22034072301473 0.430508361480346 0.452750288091778 0.357918795837512 0.39419473673629
0.298797964356059 0.399490394220838 -0.234753332916206 1.26309642158529 -0.235773086118229
-0.174035968940139 -1.88116008681842 -0.244282324367219 -1.43289397219032 -1.01094644740614
-1.21781546556712 0.58087126632167 -1.4531566155336 -0.800979128405273 -1.72009090818663
-1.96570539740021 -1.10124061435848 -1.4723023054452 -1.19218659152182 0.518883196377319
1.02001779826338 0.168097122006388 1.56301046450268 0.322441171068127 1.70178986402031
-0.275984178665858 -1.82979770554507 -0.264979404519697 0.804736539884421 -0.801203384625954
0.31117580023001 -0.53987515794797 -0.49543483433603 -0.747763038089949 -0.822692038392951
-0.286326476020953 0.714590657846432 -0.34664309702612 0.262755338952825 -0.0510757423393087
-0.1121469521995 0.813920353442613 0.447551648436001 0.24870460391107 -0.901006598039992
-0.0503512722902167 -0.00152208051845508 -0.126097758362715 1.26877938563092 1.77695692001469
1.53934747287155 0.364382335842954 -0.44991776206391 0.601603347135459 1.14347341832844
0.623351790733702 0.32909704855663 0.957063874418322 -0.0892024379710357 -0.299827656811098
-0.15756258538399 0.108815874627755 -1.11877604932958 0.332826812221529 -2.1231140209777
-0.803901557192636 -0.0405394877625842 0.183194652173751 -0.335946305035812 0.203722131907076
-0.587759563159808 0.222660528367683 -0.73224305887017 -0.708403749571286 -0.861290422557075
0.48395799265843 1.4475989704952 0.97196790169313 0.214406360231007 1.33832687408529
1.15685665523787 -1.00933726305845 0.375541060425011 -0.618864944415198 1.17656805187516
-0.962905441276052 -0.49823406710161 -0.478643299581649 -1.46591359634813 -0.277495487648811
0.24442091301442 1.00013715883036 -0.180080900799479 0.165773480918479 1.00211138774114
-1.31781202195993 -0.46070567383464 -1.21144142714837 -0.45272733311833 -0.0529860212045443
-1.83919449124093 -0.173734477276378 -2.03297858279462 -2.25884862279178 -2.14109839931016
1.00778297809606 -0.628895292487238 -0.600326507082441 -0.128649122969292 -0.642165134420377
-1.33316726752435 -1.59404000503788 -0.906561730867612 0.688222947824047 -0.481649781621729
0.00763126209066961 -0.351822864721576 0.231410791116109 0.951894541601213 -0.165703719981958
-0.54738392330457 0.819801327543609 -0.58664239554164 -0.603533695102682 0.386461246749296
-0.3537570035723 -2.20115640136984 -1.44063757628276 -0.795842274327476 -1.36533659076098
0.302598822944219 0.900296531574275 0.722168110111245 -1.36364214922924 0.858860977855484
-0.930506066264969 -1.30171473229568 -1.94267085325251 -0.610223321249511 -2.74412357811735
0.635675808995253 -0.560326106537049 -1.67285544418273 0.586006596616058 -0.789468898934858
-0.948847754279743 -2.00675887941299 -0.747752856303899 -1.06601879117956 0.00194261133002359
-1.91104126058939 -1.75760580314759 -1.50729534036692 -1.06747363425887 -0.478705180587193
0.186728165274308 0.143718860338443 -1.23631573681092 0.330455662018881 0.76120293280363
-0.760270052361072 -0.416082378791389 -0.444641706279142 -1.2525603840846 -0.389495443873735
1.96700585379395 0.914691726621825 0.659883230809013 1.1208612921614 -0.171845852827105
1.00994727431482 0.155753922247745 1.56660900480846 1.0345864938121 0.873372031552764
-1.19792922027991 -1.23981108354794 -1.69412632830473 -0.658410061074327 0.976966822782733
-0.237309097920192 -0.436690855475576 -0.555466212608567 -0.758257712632922 0.100662936325109
-1.26518751371789 -1.02978428240278 0.671982681581527 -1.92299383445213 1.69345630895244
1.72972100002183 1.46915944989084 0.236827030906616 -0.269001427779873 0.972811737111251
1.43048264422344 -0.647402339574358 -0.195680582096589 0.410675994474293 -1.15234198347723
-0.538823868798982 -1.50557385837422 -1.63109782344148 -1.95262538986641 -2.64399397864761
-1.65319359250078 -0.0421729796473796 -0.123689673657256 1.03372705273563 -0.789461558832275
0.493801623256517 0.307423217430606 0.346439673893396 -0.248467287359557 -0.787791231925971
-0.910048652096458 0.184475157774057 1.28122420452263 -0.402329057370781 -0.454827409584034
-0.632922720417941 -0.450259015965071 0.983492223507352 1.3675532532451 -1.18090748470969
