-0.273391915431738 -0.331214598983412 0.108343245559767 1.00899845031265 -0.632253974522782
0.455493590426786 -0.51013003996554 0.342729857014502 -0.200165453560102 -0.357153942105778
0.225650163523172 1.08429999077755 -0.460099827573379 -0.259514070426728 0.0451258987555453
-0.754104074437054 0.249525433490774 -1.16286313845872 0.0116946003318411 0.0484333158853011
-1.07643241618861 -1.64612764988733 -1.82601229836687 -0.441014567239984 -1.47336948638605
-1.51254164809016 -1.83442237748773 0.265873120467676 -0.829717643680937 -1.529002828865
-1.88940141974682 0.139528217016008 0.245698919487443 -1.92285577535934 -1.41870487163703
-0.226518530540254 0.272729121373107 0.96772220449707 -0.149735865019995 -0.694872604853074
0.49043709528729 0.361736208075177 -0.215872237956251 0.514584698284941 -0.00112013521631046
-0.241872931846508 -0.384674814729633 -2.28429642587942 -0.438399250212236 -0.792575024427077
0.872567868817182 0.167111992436181 -0.261106103501094 0.351835656927878 -0.779310058989895
1.0244893079187 0.889167482163155 0.399321337047717 -0.337829978710095 0.858660581220499
-0.380666593454796 -0.296791000819661 -0.758843603855684 0.0978489218670474 -2.49415917988979
-1.16320701469007 0.142175540374141 0.791356762869801 0.0173961651485692 0.165141598646258
-0.828687605388332 0.0932684141346932 0.678958180771087 0.343750855907104 -0.410449232814848
0.196349833891662 0.39524084422275 0.73175913457023 0.511928291190455 0.20797609325679
0.875248771632762 0.422349139701812 1.25902166570264 0.212549769163074 0.647797799268318
-1.16401924952146 0.519978674466421 -0.668065900119068 -1.6121508246515 -0.785644511129454
-1.78790354420495 -0.496865517066299 -1.88580432255046 0.219663590356197 -1.83633999071624
-1.27259244833183 -0.0373456300287849 -1.96473164791674 -0.985782865148752 -0.46376425159512
1.42666314205566 2.09579523603033 0.0194536436273763 0.627070440033272 0.806099335582583
0.942548484128924 0.399626173271027 -0.813196446058779 0.65173543424335 1.00369038605884
-0.124623137875623 -0.53334530125088 -0.901154716085081 0.696258929856902 0.695890532355252
-0.44526969727233 1.40977105759277 -0.859930301798489 -0.477720260377542 1.01577409891434
-0.275520119303765 0.583019783240652 -0.34825996838697 -0.0941483283790878 -0.46131734622938
-0.343819310902657 1.56439598824338 -0.528372373653197 -0.151021390511779 0.709506492293909
-1.06370336207331 -0.272662918304635 -0.332588295326945 0.101021246671139 -0.571115194860628
-0.972054012916861 -1.32843799370948 0.9032465429647 0.151919014484586 -1.86295895138821
-0.43805672738981 -0.0786229935089673 0.806617996905647 -1.23337358606148 -1.40388645118329
-1.11919177217148 -0.109901059290062 -1.4843750865022 -1.19329810693295 1.246464711813
-0.375371317708355 0.751004547022171 -0.213761463605829 0.491097378238891 0.533399201561082
-0.385095452708212 0.299991787005846 0.787864319472348 -0.638802753420426 -0.0422001968313521
-1.5497711029868 -0.866948600601775 -1.3291846031886 -0.199474659570021 -0.609862735501347
0.573401016621522 -0.243738130075341 -0.352474895706991 0.361456643002629 -0.291570287500892
0.985606342876021 -0.360147745546997 -0.0889854045373066 1.72470849495558 0.314793561709821
0.165330334358325 -0.1156964783571 -0.292938203967137 -0.23556656822679 0.726916375823976
0.567299545331491 0.428262104835686 0.809401867983063 0.284266541110513 -0.269134296303369
-0.996390352476226 0.664876923150812 -0.616353346536307 -0.138751053627409 0.990873324632681
-0.161502943851165 0.201600490810667 0.932662749104475 -1.56678668915601 0.634253861367821
0.806051115745306 0.437133480815804 -0.451684042321066 -0.922384787979073 0.247010212925029
0.76052001433248 1.56511912940304 -0.693502271878296 -0.536443899363333 -0.0747486035255967
1.11483416146812 -0.86314435092787 -0.413989273507536 1.2300517805516 0.925455903299904
-0.886924765062199 -0.14752246808599 0.0503228005689254 -0.965143474560707 0.604790733990645
0.459396971797958 0.0293349655294808 1.00391040766661 0.222130482129718 -0.288447786367863
1.09867789434786 -0.252174702502768 -0.485652660166437 0.262564446901393 1.2243642920149
1.41110161743928 -0.397529365390317 0.937172039244913 0.910339533289892 -0.505558803665408
-0.547999889015109 -0.306409476008402 0.309209855813878 -0.193557950973131 -0.237012378506338
0.106869047647473 0.448286758198266 -1.11187652910561 -1.51955316794244 0.304795154587513
-0.501675740122224 -0.84182661555042 -0.998831603372682 0.826115838355049 -0.343234713116652
-1.76017611270806 -1.62928668980418 -0.544330074376529 -1.8954611444466 -0.198175556626822
0.682319769160283 0.912013294758947 -0.0519956773264191 0.265057917214909 1.63831793583322
0.60801137331238 0.272726386390721 0.175907989910909 -0.0738275450023152 -0.266700185903122
0.66130386898215 -0.548816575454048 -0.122378241348152 1.33770300280054 0.313129779417828
-1.35458299920453 -1.45841938514692 -0.702707152290431 -1.37197171603687 0.434589062038161
-0.306029413532146 -0.605688913903153 -0.0176605187504499 -1.5049306250049 0.383020942010534
-0.776973883402023 -1.38882717626518 -1.98281667899979 -1.53299176109676 -1.03214625067435
-0.348061172118167 -0.343537287707623 0.119488127221696 1.15249051218652 -0.211698355060129
-0.568763260582101 0.329738593699461 -0.753612524746821 1.21242119955552 0.403503362702724
-0.0454719750116058 0.509787667301686 -0.909860026008492 -0.936753032738173 -0.372141415857881
0.166141059051775 -0.547030907618449 -0.308469134998837 -0.662406574282238 -1.45347383201124
-0.215464076159798 1.20780099415356 1.8805576213613 0.263845251121173 0.512756226724673
1.24797101112628 -0.226076800541424 -0.151531567883605 -0.191965082873483 0.604874485191126
0.639234741893614 -0.719047256197715 -0.73853880424186 -0.722782520248912 0.426785508856444
0.0255481165096136 -2.46267980892113 0.242828758663369 0.403544999845357 -0.979607507509357
1.04158923306542 -1.16420203427781 0.597030762108655 0.460343380807316 1.02982830633459
-0.66058724306357 -0.444326240293557 0.204619065238754 -0.556846680574465 -0.192184870900062
1.30559715249037 0.47749084006322 0.314426492037146 -0.284335102049225 0.336121913066737
0.823927584858385 2.03233661281092 0.0286761639443295 0.350003846249784 -0.0162016057809677
-1.31144498499252 1.43498419514256 0.0845882669801296 0.0984553890980416 0.277375434210916
0.278379060133511 1.75914793541405 -0.392052581842432 2.01682104028011 0.686326823385381
-1.88147298722192 -2.10283887586662 -1.39812575375635 -2.26567694858446 -1.83073793786527
0.220866230699051 -0.908667331824771 -0.494989802058987 -1.33750141088185 -0.74023849327426
-0.931270919209521 0.303410970855579 0.68135240367554 1.24091156421202 -1.34601264060359
-1.20037652812728 -0.59221483600958 -0.622768895932017 -0.76963849502122 0.339766367596587
0.598973203719452 2.28478275679216 -1.07009507626786 0.801811866126254 -0.100808294151039
-1.13847184946394 0.157117996037962 -0.354643850530587 -1.88254103955562 -0.327135234220352
-0.72952808088677 0.438840290213726 -1.7248900452023 -0.8414234662197 0.808873730133345
0.518292122812192 1.49831531749799 0.451519956781906 0.591542128127204 1.0225915458985
1.78780168225488 0.184379428856484 0.612043524848452 1.01865020499692 0.669281776972237
0.560621047450562 -0.160214055509106 -0.100924184844154 0.961854843047715 -0.206356730946259
-0.364393768410103 0.144302619504338 -0.275523178497865 0.0911726686849576 1.81292030095587
0.837966902106226 0.600641428341566 1.20534521858661 0.229449212053147 1.67351616792422
1.15893694953376 -0.292192029846956 0.0356702685063478 -0.385837435337125 1.3011657475493
-0.509009845265799 1.02089271276769 -0.753184425232124 -0.0576183086488744 0.466521229592387
-0.350305101438234 1.40084648693887 0.346404809165092 0.834628989900487 1.17147544449253
-0.457938512535561 0.219203583585063 0.424296324270998 1.10877272761851 -0.188338102288322
-0.718363326416226 -1.09006808890787 -0.751762386505735 -0.165544324004828 -0.461729944423095
-0.617767348555191 -0.011634869473903 0.846670675478426 -0.880241014797659 -0.842438185562341
0.260729174817954 -0.0621080021478062 -0.922395753180172 0.644593010364046 1.38044889615604
0.68340741466687 0.0340735730128741 -0.730331910173491 -0.461854788605628 0.405228796361174
-2.82291776876904 -2.01905213275247 -0.844826644933223 -1.5934894698445 -0.777604179108892
-0.306786419895682 -0.480917687076014 1.12568219903487 -1.05061750449657 -1.65717131469138
0.943458303322767 1.563035187021 -0.541941575049744 0.347265578899743 0.352892258403056
0.910020338742296 0.518762492008657 1.12445611598506 0.267792556650646 1.92577130660583
0.615570026638459 -0.303677506580333 1.73175203039274 0.077164463540308 1.44201903369302
-0.861050847465926 -0.0923448668428767 0.0961440829050348 -0.0676353483377745 -0.385608214961834
-0.191080020026967 -0.26435902105764 0.983593423102571 -1.18365497989684 -0.579964952734421
0.445753827640731 1.22526864091994 0.601476235499713 1.37987887756668 0.825468094501625
-0.510196314854441 0.175771447312478 0.0560916586910061 -0.744790670127371 0.783648471787013
-0.913746552047212 -1.19640318394067 -3.20429012149545 -1.02607908390853 -1.34836568791292
-1.30563178977651 -0.463812639953432 0.26961383642753 0.0548959636275719 0.253755316552664
-0.797660984723267 0.0861658667025123 0.358048691858997 0.486804338538003 0.361140869939002
-0.335919544383897 -0.765966340013582 -1.82390162810005 -1.94636927387064 -0.677221299617433
0.68933912869677 -1.06525999930223 -0.270524036154699 1.11580349730517 -0.207028910256437
1.87961476814387 1.8818687539321 0.456831156345211 -0.0491253500631381 0.0901713104537721
-0.156094055413294 1.93331898467943 0.43802397986659 1.93536714937545 1.14235445950084
1.69225391531291 0.290334734026973 2.26667709945649 -0.200166537695937 -0.14895472709272
0.208859391285112 -0.584270374439088 -0.71946116353018 -0.246658412843505 -0.348430059304163
-1.31935921080632 0.188317471547775 -0.826020759315992 0.502292163757795 0.0696892653450999
-1.52131453070836 -0.731976182642683 -0.832869875326764 0.508964934164182 -0.316016656329771
0.226752117612452 0.13569216822507 -0.291085657006014 0.344834131396884 -1.25188366792412
0.365294699262643 0.934925525912246 -1.38607849864695 -1.03466008755912 0.35508365691424
-0.316995020543371 0.446098884596179 0.237450752954157 0.228800629509505 0.109095160588499
0.58607371447941 -1.81237160320917 -0.135565495698207 -0.0336120029200179 -0.846360047492284
-1.29518592437196 -0.977794236627159 0.396137504314859 -0.626722234157793 0.0172774837707588
-0.18868483127615 -0.180525207674887 -0.758664382388466 -1.27240435124624 1.11078455584099
-0.401390298453363 0.552940270633664 -0.401997258678265 0.775601196121354 0.0349253311128817
-0.127177684724247 0.800847736900366 -0.00426400266950865 0.185945694960162 1.56651597252906
-0.86471051360691 -0.440019946680272 -1.57918488713296 0.236005240591982 -1.0192135483509
1.63543822807757 1.67011992047957 0.769078739957038 1.09407684638369 0.20261946043785
-0.395877636930301 -0.846631366479751 -0.142230063030508 -1.7472191492848 0.156171729269982
-0.186115716561182 0.959269674230238 -0.0542685190428578 0.68429822825073 0.919590204451335
-1.0797421990155 -0.277456129419374 -0.0364250194220783 -0.905172326687107 -0.17912239519973
0.415665737926672 -0.350783972565186 0.964333441124621 -0.336279828312415 1.43271962999764
0.707338582349504 1.0254333497553 -1.88980012591188 -1.19923928756704 -1.85629557436158
-1.12083486963579 0.377435981487285 0.564610233154489 0.795283868103684 -0.72388445409165
-0.208324096715258 0.989061178218973 -0.917536556352106 -0.0667130528721464 -0.0513508468961544
-0.960163367033485 0.343229681001585 -0.302396016704788 -0.234969444258765 1.15386258389267
-0.183408985200674 0.950593714516148 1.46998252701205 -0.33381528118771 -1.11221143149827
1.8035023545281 1.03996900583794 -0.100771650814301 0.986090294386876 -0.173972460236545
-1.44922372419143 0.382558814421303 -1.18332024272012 -0.798419537521739 -0.00163230034395215
0.115141073086703 0.0666792476480551 1.61411075011076 2.68375158470447 0.946515215877236
2.82500586644206 2.02694712636363 3.00426952461578 1.68154720833628 2.42309923663169
-0.97008861013836 -0.780022780477127 -1.57596642305837 -1.05998554249254 -1.08315909293749
-1.45022201792394 -0.72651100737782 -1.81422673920494 -0.534193684552006 -0.132781818607206
-0.706467439919881 1.24664618361939 -0.524106966201 -0.132156701110108 0.673433771046521
-0.202207410907581 0.325942251271756 1.33987871117398 0.170176939325257 -0.343672179447463
1.28578921227212 1.0735179506174 2.66552776022594 1.27852150100499 2.05670412218386
-0.998798177304471 -1.54685740782611 -0.329368794440592 0.822897360329725 -1.19608723858928
-1.16225938784417 -1.70177251094147 -0.709318553704952 -1.56990116262174 -0.434964122693579
-0.0061485422541752 -0.127091251923255 -0.961652176946195 -1.03371224540164 -0.444207866509994
-0.135058230597715 1.14538933226147 1.13293449731453 2.04845481491657 0.495497858519462
-0.281864568971592 0.295472449726273 0.347590048791686 -1.65017771232217 -0.458984822797833
-0.444162346566184 1.48367616977658 -0.2862138804086 1.23126686078041 0.49369843596415
0.940819621421479 0.805936188888077 0.487246417059222 1.52125405975947 0.841041605682026
-0.523678755845559 -1.2931882587419 -1.16130909931639 -1.3795728309156 0.564366763712028
-0.603743392900453 -0.326409189640131 -1.59769868084587 -0.5965226817933 -0.522985097302519
1.45931466996774 0.950470833805373 1.7632748262231 0.939849498135345 -0.0366201696857391
2.87711938801793 0.622272466894982 0.626031232446985 0.686617726868063 0.334315359559083
-0.838292552605764 0.242671296598881 -0.689051108037709 -1.42527904725435 0.196785819567452
0.152810874734893 -0.299869846498468 -0.253216412296196 -0.707586282427542 -1.25411350881242
0.155255423163074 -0.00990132303620649 0.0556022963088672 0.306320646491704 0.125447787575527
0.326224438597824 0.809898448029885 -0.387427042552054 1.35007819299857 0.743221916103126
1.85791237431603 0.69466209123859 1.33670551242306 0.328654822545676 1.25005402342492
-0.291036668746737 -0.139647432140014 0.237585941222922 -0.0756694411104501 0.0258713122020345
3.22255401123176 0.670593826588259 0.688329751336511 -0.291367566802723 1.27265540698614
0.0518548121012258 -1.47151367187573 -1.84885054082927 -1.03118502071662 0.421333122761386
-0.0159934720106683 -0.261988821784225 -0.220888145763999 0.350011931661836 -1.50947447893109
-0.643670628232565 -1.55852526072638 -0.378851683160682 0.256100864534246 -1.21412492222388
0.0428368578294694 0.210374952647192 -0.982867890398196 -0.367513407256038 -0.453970332917985
-0.966081182208234 -1.06775844520135 -1.58289142765082 -0.810080627361074 -1.36348866483148
-0.547967152187389 -0.143129379927874 0.323186522148207 -1.07191959718493 -0.735681504952121
0.898605006754572 -0.208216287624234 -0.0640537987089163 0.210544529095533 -0.241732076111214
-0.512590703939579 0.340397816432578 -0.117993196152207 -0.707829878056686 0.0566164161976219
-0.431608735613143 0.595116038194029 -0.166593219707007 0.869789872108481 0.65024210854836
-0.0281857274654261 -0.773964800947758 -1.40954125335057 0.234431008287989 -0.544482233121429
0.144511319825023 1.33451488848122 -0.811908389075182 -1.39088926040094 1.4091792764472
-0.433560792617893 0.292993064300344 1.04390287802888 0.698830180674538 1.17852225350192
0.886380161249906 -1.59840045177325 0.637228990096703 -0.101928977535328 1.85602362238269
-0.594855816689647 -0.198115998822373 -1.04187508664923 -0.156300127575552 -1.00836137497033
-0.609849722722002 0.305548718728156 -0.304740348657987 0.984477848418901 -0.279962341073239
0.00727233745945904 0.143650864937248 0.101739420873936 -0.0355947444035578 1.21212579814824
-1.58910076995252 -0.533274197185456 0.895580222591959 -0.457429258002126 -1.60683308104495
0.281954863188265 1.13189196426311 0.719253850959738 0.245409847382727 1.02078627889161
1.70799333190891 0.4508708010288 0.994788226348999 0.511277009211784 1.52875032830206
0.309987957198764 -0.31821736485655 -0.35525181593638 0.613322845120058 -0.287845225054889
-0.853514129752863 -2.37376853082722 -0.890788695752925 -1.02110289280789 -1.1283783675677
1.53991593172553 1.00415997610765 0.438678641555854 1.43685879649449 0.639369244887422
0.0738216973359967 -0.0585449364562669 -1.49955118994525 -0.78935870377819 0.436618567913501
-0.042425892285747 0.158157434980936 0.450324244300841 0.326277211095464 -0.266539581289104
0.0545959261568522 -1.42737485966862 0.76808278178664 -1.49051362765501 -0.875497034785156
0.103796485776161 -0.769588252179295 -0.391294322998832 0.952327851564252 0.436768785828019
-0.342879260131219 -0.136881295474065 -0.748706165327006 -0.636618892750621 -1.840762958595
0.0722177787595782 1.38175356286875 0.594569425267639 -0.0221084429996764 -0.403004069409823
-1.30866556332085 -0.719193307901227 0.151029934126933 0.356613075910426 0.23671026830848
1.23197847343878 -1.87562483474577 2.17650697644053 -0.302526694469547 0.845704629511043
-0.0972809854824334 -0.948074141946591 -0.646656090001288 0.919511810640984 -1.05761303580974
-1.28623675436457 -0.950410584134856 -0.30527529367566 -0.791291554443389 -3.01629672272804
-0.397520473134906 -0.0230521108602686 -0.58103968484458 -1.43973463891769 -0.730935245689143
1.20282877769154 0.193088808913642 -0.58774726637196 1.51569555289504 -0.370334284404887
0.73806305142703 2.53445059257566 0.853078977688592 0.784533061845132 -0.461669601065641
-0.219494894254093 0.448568682148601 0.952353498760557 0.799026201211744 1.22997920538653
0.724582529414565 1.02876953121391 0.573536003149918 0.655220027251893 0.485799384205557
-2.34501386405309 -1.1751198794884 0.838766903616103 -0.899848551220048 -1.30182239701085
2.31605384944828 2.17217166426732 0.59043884131467 2.24345425140289 0.358153402239848
-0.363803146310339 -0.12775598928183 -0.821346497433849 -0.572155805881075 0.410507181326737
1.07404010819315 0.76759434304928 1.17616054080556 1.18367317584791 0.630441231304278
-1.18749151394236 0.372439530584855 0.832131179828288 1.37134159129673 0.81388221663034
-0.743071258316544 -0.080237423614429 2.42223148089697 0.595164934991516 2.30170992900944
1.39120369961611 0.699768528691672 0.840155655235223 0.938100552487671 0.231965459405683
0.412935781850245 -0.443163078773327 0.371538270138701 -0.18252016878637 0.320270173664552
0.211682785776545 -0.0744738362977412 -0.949672785111576 0.131104316220662 -0.12290554627112
-0.133320223170186 -0.0636722717493545 -0.59601595512056 0.0595840188703706 0.105879864951229
-0.0465528024302906 1.26597954645589 1.37795403172021 0.598434881710215 1.08957758365985
-0.482754329676325 1.07970488875393 -0.564037107072026 0.4842653050833 0.171544654777658
-2.37155493665748 -1.40878089072917 -2.52686104929908 -1.15490216942646 -0.942744249685761
-0.486420728637589 -1.22046933807772 -0.566260363287111 -0.91818155295447 -0.68074273803052
-0.611606430974408 0.305785330124925 0.367144972641321 0.197883576680628 -0.052879653286361
1.3600694595641 0.0750083846029155 -1.35907320444628 1.21338478659394 -0.864204007916901
-1.23862224541308 -0.974466995838221 0.726342414631398 -1.23884749416808 -1.74847508751669
-0.436621819158503 -1.48475039201361 -0.520939464374852 -0.980253399410589 -1.46588372650584
-0.865407472597461 -0.194021901924393 0.379622059492102 0.18667434417 -0.238410013583542
1.16914245483418 0.85829912236519 -0.0752118110365831 -0.359078744656272 -0.426214720778205
0.432409377748717 0.411187962095388 -0.602070360684449 -1.66959062641805 -0.078990238789057
0.70401258458932 1.09186907004858 1.24884040793446 0.0338353503010747 -0.314795832054953
-0.9229479636867 -1.11197687100317 -1.93305969211111 -0.771164308035065 -1.43714247084456
-0.914120056931789 0.186955120110294 1.33245565705661 0.359254804879939 -0.575822072423525
-0.24315430010276 0.832056119037548 2.34082856047361 -0.0724661394022439 0.0498490896402909
0.5654071155852 -0.016953143815712 0.934684979354443 -0.557284395916236 0.019035981644962
0.771447029105849 -0.476087168171623 -0.206376302495235 -0.0579557010633091 -2.41687070597702
0.701589611786987 0.202654639976815 0.254918479835863 -0.37591641451142 0.414633387899759
-0.15173616693677 1.58250622398646 0.541470444163028 -1.40892910227875 0.157367228265339
-0.0717347841530392 -0.254947523982536 0.297597988069873 -0.0317762234311905 0.232647226517076
-0.7473043864948 0.183280483833794 0.550424077386077 0.621865562646312 0.613209781319129
1.17623707423806 1.66082923020452 1.55925650780802 0.532052184859363 0.281418821955462
-0.34384103744061 0.674256962789395 1.35790179609684 0.172717200221245 0.604899873591676
0.361753462908013 0.831289599670566 0.956651745484515 -1.4993855557124 -1.1229061114409
1.00738220247737 0.599227542742352 -0.280847326661719 -0.366657787101048 0.618715444920246
1.85686574506468 1.02334709766082 1.29609744509586 0.497566585015955 2.26522329353508
-0.15696509136777 0.767842421349907 0.0187019322739229 0.165846081836541 1.34622502105684
0.470072078443267 0.115682586449217 -0.908870137090913 0.888053162185549 -0.286024722159815
1.81903144216268 0.0121443025535391 0.794794292554158 0.421057774696624 1.73955073117943
-0.206623817489084 0.958990317818204 0.728682236688676 0.496911066177809 0.431697700398209
-0.0443980666301971 -1.92022227150358 -0.872257589177005 -0.735598774324447 -1.44144095296182
1.34931784111766 1.00258328172471 1.91336853725299 1.25080708272014 0.620283949382027
0.174627812297923 -0.0503634629869359 0.315183737861156 1.66041794135954 -0.418643301437472
0.139378500211937 0.0696846857224472 -0.605816706228408 1.14104748253306 1.12741774200801
-1.14356243876549 -0.467016845596037 -0.308449530066617 -2.15634493267337 -0.611072005962067
0.531298066769637 -0.575037704881984 0.679779114555234 1.35092620568808 0.192498989973982
1.67970488162333 -0.277207703476747 0.227693853876875 1.22811655848007 1.96096130926416
-0.0141788104566964 -1.13466859141008 -1.02591069410329 -2.00944865311659 0.580176007132046
1.21315520027705 1.29595060069575 1.20929165500454 0.434178199198716 -1.52680708236459
-1.4256662280064 -1.17304383840292 -1.69166458387469 -1.51681443092593 -0.703120646123161
0.861501108580222 0.511211895357941 1.46359574601498 -1.11866855180934 -0.372565782070256
0.160934135695938 0.137609874728226 -0.318894267158936 -0.282180383014201 -0.306418130326875
0.129561165029626 1.02916803196528 0.0155251150612628 0.287991670629969 1.66671653575645
-0.78121289911595 0.618187213218493 0.210862447606471 0.530662507195982 -0.319403772050435
-2.17356305392219 -0.703551360737176 0.358414152214965 -1.69320516347903 -1.46145751849008
-0.908492284360002 -0.889123557355414 0.313022934900815 -0.513148744076044 -0.0371594539070214
-0.172942968574627 -0.0836602418122891 0.0145774849027163 0.978388969619655 1.45777544453668
-0.501367971659784 -0.575179767656202 1.26834359005267 0.479789203450475 1.03014137117188
-0.0398288515542028 -0.744118616957358 -0.00293338804125039 -1.01577341796806 -0.367367780163522
0.250547575414339 -1.10121112570493 -0.629186648235361 -0.521020370585164 -0.601781254188886
-1.38044518722292 0.422103366899054 0.361281296603781 0.326385478356543 -0.223650526147302
-2.46510771482798 0.595479426876499 1.10106622555841 -0.744270446366465 -0.371691935967841
0.299591279567723 -0.0304920176522803 -1.43648018841047 -0.382129810832532 1.82033092454194
-0.755736157646125 0.181895127587779 -1.26059604446011 -0.104381096452376 -0.402854814249751
-1.19571738652366 -0.326535450589001 -0.77665417664072 -0.193433162928372 -1.52488456023973
0.749087956563377 1.60896509149424 1.1449379464336 0.704296036582971 -0.700153098523569
0.403856012613093 0.208566401526941 -0.116539355604834 0.990111041570888 0.327390656016685
0.686062860511014 0.533656081967924 -0.806369113105918 -1.54563614586156 -0.0269450218567103
1.41521047139345 1.08597685104314 1.20689814863116 0.0176702309428545 -0.237595552246575
1.01269970002984 -0.875280359285236 -1.85859837115391 -0.392676031828233 0.298458463955199
-0.575354773820528 -1.43337131294093 -0.513051492172965 0.780111485752107 0.256777261916938
-0.368262549129942 0.257521422206221 -0.732935709176275 -1.13853813653175 -0.80561234792507
0.0500607441610021 1.21546411957015 1.01365379134225 1.67268577813092 1.12045386236164
0.322965035378507 -0.794313984660157 -0.955502985158098 -0.756441547959124 0.122718225104604
-2.18256601366855 0.159136085983919 -0.660559703908897 1.23326817689106 -0.3577415227461
0.820056440895332 -0.147393376258262 -1.35437055711348 -1.78722363828803 -1.10505065023727
1.23848868188852 1.23023075314449 -0.862584941341165 -0.609996957077561 0.572732459632266
-1.3006023654496 -2.55809177154363 -2.53266511225984 -0.957407446014666 -2.81172016136723
1.42926703460999 0.751464525120911 1.29740385383142 0.223684810988989 0.638798002309399
-0.0941434003495914 -1.53787216963826 -0.00797361306048727 0.486331940701142 -0.264529921872338
-0.08197723685193 -1.20100596746897 -0.998684099611949 -0.889166216724519 -0.254106891346662
0.967374549669761 1.13428543927533 1.35521518126122 0.803892617799065 2.04032638193893
1.31047907635207 1.15568898688975 2.22136926367925 1.29524193105359 0.338551455041483
-0.466571558251776 -0.668404459554095 0.0593424467897844 -0.467271514505126 -0.12282786505136
-0.384902682938081 -0.288304689146851 -0.320215521772049 0.9928433581396 -0.0930857237082116
0.224395696517357 -1.31144250348176 -1.11677262826402 -1.15156967637389 -0.942318057938095
0.545445190095402 -0.0175801200895565 0.310068854254037 -0.790835682413388 0.117795806276231
0.251184115615618 1.7975097607977 0.402575124872573 -0.608757178857531 -1.31190324240495
-0.65160118121956 -1.11516514783285 -0.663741987624509 0.489402205199251 -0.300329419168788
0.368076373476224 0.033691044901343 -0.648298325549502 -1.78594828538344 0.783367380781319
0.838911149926158 -1.37636145071654 -1.84153009119698 -1.0777014124949 -2.01676139950348
-0.771809929732618 -0.686548468856291 -0.152848666585967 0.767280140788031 -0.461447297020348
-1.86936675803895 0.921585092050769 -0.826073792957778 0.405451278789558 -1.13363415704194
-0.915709010146936 -1.53867289749017 -2.02670452731562 0.142541474958705 -0.904811460521943
1.02154827109591 1.67698592774924 1.83935466378643 2.98139125322281 1.3390677761936
2.3255561742263 0.095987162650765 1.13331819920998 -0.118833747170261 0.929211659701311
0.548305065561936 -1.11968973357373 0.473247438669569 0.0254819798131796 -0.314768679224803
0.565911847535823 0.696003874830809 -0.910956599645753 0.00359893084207349 -0.445928366862603
0.643208178154177 1.04482764777124 0.0213939646142415 0.932787991732725 -0.094293429518222
1.86102479135637 0.570085421299026 0.465307192410024 0.902926254205599 0.137035767654017
-0.089216931764777 0.0235660431734378 1.0344417465432 0.242853477591917 1.04987010265052
-0.908604278577002 0.785371888897258 0.863523668589827 0.0260718460073968 -0.595062555030043
-0.53174479176298 0.00131083217360082 2.69675485170524 -1.38679997302912 0.00283663600263005
-0.386936552613087 -1.33952674145862 0.573911759317296 0.432109518796941 -0.498251173563613
0.47223861433644 2.05305373157905 0.0970867229470038 1.95408648684069 -0.205343875883131
-0.543984782992122 1.49745940356768 0.23451132432269 -0.358074617514006 -0.129917733578902
0.788190121160078 -0.504405533508344 0.83092874584439 0.457954376202607 0.67657993842359
0.0649137745903051 1.65502023690932 -0.341591800770335 -0.79046600743017 0.223211107154196
0.324849977404769 -0.424140930605468 -1.29203072759548 -0.0610494627106776 -1.07572655271335
0.767247221767549 -1.14404922444643 0.119644023445138 -0.0473144673283205 0.497055591290025
0.835390479915495 1.08045873200935 0.240096134756596 -0.173276615342435 -0.7424517181723
0.322265027931746 -1.60053745169214 -0.139872030047911 0.36696246383748 -0.261985009663743
0.259967921002552 1.41177189301606 0.947269029840051 1.08761167066178 0.806196669899268
0.0858863495749486 0.755608445912021 1.84854889750272 0.411805588207946 1.15332349999854
-0.900325711568901 -0.425570386318906 0.105946950256493 -0.297251279239344 -0.345396727432775
-0.0703250095408025 0.180117700437558 -0.195536104637322 1.04404316571655 0.620271116583099
0.0397152212735651 -0.624987776104194 -1.43033107666528 -0.942970160523956 -2.55827524685462
1.04646933654603 0.367825541302958 -0.835387635838113 1.33222744516175 -0.0495938269596998
-1.22350816160232 0.157232830601676 -0.704984672081123 -0.86196568524073 -1.25920542775449
-1.59143783635729 -0.520725561185773 0.652743107295463 -0.292753531710483 0.312424708849733
-1.47540893965354 -0.603971693842476 0.537473418971721 -0.29237038375303 -0.546613373090974
0.38498903228945 -0.812925751124124 -0.138415701664896 0.250418615610102 -0.341520564925755
0.022479909102174 -0.475624274966296 0.200689482757379 -1.01954949342814 -0.946127489638973
0.0288155248109273 0.0823168653684787 0.852174959897865 -1.25077567830422 0.960495376247934
-0.505354603884745 -0.43183316917708 1.16184543744011 0.509550315204499 -0.514530353861479
-0.581246252722423 -1.64784934737439 -0.359080887535546 -0.0694998067563458 -1.18452651360037
0.513177934429498 0.484158374195545 -0.793381596155271 1.31941576071515 0.663968358088684
0.954860239044911 -0.492213153792175 -0.648888988825201 0.947224762456992 -1.72597937126937
0.226027170880749 -0.402853766245117 -1.05598880662382 -1.09657289125518 -0.267061827057186
2.71483597535738 1.53905255352268 1.66258624791003 0.753028453122573 -0.260242416721047
-1.22148477907495 -1.08173828644817 0.561909388190277 -1.33782936363672 -0.279185813473669
-0.89934752519321 -0.118917972071102 -0.870208184135149 -1.18015495810949 -0.833762672938455
0.386081915608837 -0.470057372143366 -0.659777977024942 -0.221900201469483 0.090798055700815
-1.07399506783794 -0.720770305524407 -0.558175580737277 -0.235461094293642 1.45130370764322
-0.775794281407285 -0.359154865336381 0.227415216070699 0.209024369365339 -0.939551274686905
-0.682423228591982 -0.803425132521033 -2.19856459653277 -1.48516738435322 -1.9055225657687
1.69774953616038 -0.0749070505864589 0.822323523421753 0.826984231222765 0.815968073006449
0.477560873719888 2.29160030199655 1.19800011938672 0.0657521633520453 0.120215891911226
-0.900382085040824 0.734109878224088 -0.616121048422788 1.24481124506251 0.914378619217912
-0.238913169050638 0.162669398054602 -0.60917224368102 0.289200749844469 -0.276518645628253
-0.803652885921318 1.3514217106282 0.183503207635998 -0.726003501751859 0.199014018861933
-1.56686728672329 -0.687808218288751 -1.27348488109643 0.288881064113354 -0.905512934404787
1.42179081523228 0.214149970849502 -0.136826337961927 1.26729859145681 1.5158763620102
0.140314426656652 0.77576696807149 1.66089112883719 0.203646175007363 0.561812702489731
-1.47198859164539 -0.420862065554683 -0.0675151579931355 -2.60025816429184 -1.01733352673669
2.3745104026469 2.01625967193874 0.374553312986412 1.02936943568062 0.367521076054626
1.35614866859252 -0.659624185878394 1.85380189415083 1.30034496471879 1.60251286559819
1.87064801446678 0.858873116434743 0.832338262781569 -0.11409415578777 1.27674040165461
2.29316957220257 2.02253696827427 1.63187733530746 1.53956481430596 2.38199594571536
2.00390684400343 2.66545618009416 1.00829787025848 1.55469322559229 -0.103472406245611
-0.0314972304045906 -0.52842447653011 0.436884553614788 0.986127470828877 -0.151753787043814
-0.145751261484117 -0.354139543881074 0.767536095668108 0.479474200170202 0.646417953813785
-0.415301995153327 1.59956010610643 -0.242425367002759 1.90084472470575 0.880282059876349
-0.543210944914035 -0.676713832013448 0.613128454058597 0.40317526319427 -0.626747598344669
0.542724826804448 0.272488733725363 1.47695366472856 -1.421968904325 0.727339208442385
-0.730754777420305 0.43476841952829 -0.298981045459862 -0.470026509768143 1.73148414177747
2.00547101645064 1.60742769010647 2.08690035174252 0.603293781198405 0.653190812784602
-1.49166800126994 -0.903219725440885 -1.50782692430043 0.513306191833552 -0.562590248902293
-0.0911206571374815 -1.81211812959471 0.876027504683012 -0.195660491416333 0.450244443479846
0.547491902063532 -0.661814573840023 -0.149667339194092 -0.202224623278588 0.948258265415869
0.0724863307776577 0.575077649503731 -0.0485398580496834 2.3417474091429 1.65596974175788
0.58791256209697 -0.102470210141191 -0.749900011849987 -1.26962646344829 1.18098910474755
-0.493262403281834 -0.368022630126482 -0.30962170521314 -0.442422219974485 0.550485455798081
0.19784275688242 0.153999678550408 1.08034069072429 -0.413535763595687 0.410859390634211
1.03569757181296 1.17392262772352 0.322112026751442 1.36380062165474 -0.275239662398969
-0.2239354934304 -0.36690165404666 0.453526126656053 0.74852558764665 0.682787936728745
2.09154847291794 0.356523819933245 1.34050197152712 1.67784692833564 0.585613520807316
-0.494444407849466 -0.937906974311458 -0.311646352644478 -0.675466043540935 -0.303326424830257
0.690862876716598 0.370116376829022 0.00726342140764333 -0.477335891889434 1.45780342334445
0.577935412402782 0.590354452489736 -0.0500969437445261 0.589739733521056 -0.0841149914397898
-0.908794847812633 0.00393934355695873 1.30099067929612 0.785039102415311 -2.31297521596488
-0.0970045020338379 -0.918548914189081 -0.648721246249374 -1.65498557435299 -1.24795896552609
1.70101862726161 -0.0178540152442672 1.2641589625666 -0.348424708752957 -0.700643234599817
-0.753555639619162 0.0124362393514943 -1.61409125122464 -0.637640089696731 0.221512769093212
-0.468098650022262 -0.344613053398951 -1.05084004651494 -1.08561686733446 -0.397514527662157
2.40350501671981 1.24046636521014 1.18694889047316 2.17391042861189 1.76506637778759
-1.44419051291592 0.260635002658032 -0.333064880263812 0.700847826240791 0.280905753746569
-0.477265957223227 -0.546029630621439 -0.240572878682196 0.136741099776545 -0.18679603554676
-0.697538452506628 0.189493025570914 -0.550878761221555 0.698600837450256 0.0401440949161896
0.571446251569856 0.735618505575232 1.34621344039759 1.09598610468429 0.989706445831259
0.180374616421471 -0.657487230869171 0.732542953049553 -0.759261485163629 -1.23504251047662
-0.913565644222441 -1.05123685773435 0.311796578588371 0.362562903629686 -1.15076322456501
1.20032368644637 -0.426433703816879 -0.663026063357015 0.203879398427465 1.99610347543365
-0.238903251518102 1.41225867984098 0.242976681298026 -0.343731755352674 0.182210025400522
1.17950229148278 3.466104809571 1.14867046192127 0.102693978232406 0.52411565579863
-2.27036737153455 -0.422224932687283 -1.21742714222958 -2.20436281726099 -1.51042616505823
1.12882587672284 1.32941151703993 0.654833812716753 0.311950103548053 1.91720854842335
-1.98202693593698 -2.00713562765374 -0.246841482432292 -0.466814750843294 -0.330348008548064
-0.585602995009403 -0.409781644539836 0.402372072658971 -0.605292790727045 -0.293740729675518
-0.392911915437522 -0.392010259264898 0.298876091708291 0.804708225276477 0.791863857282404
0.619023561103145 -0.2703288961329 -0.380435680324229 -1.24624129109902 -0.839911905646026
-0.55310716756637 -0.0149563412329692 0.265784024849602 0.776797735940972 0.269919847918154
1.83973674465075 0.354367196488856 0.710767552938615 0.125408851201557 -0.0692830724613682
0.967111578087807 0.104837484978483 1.13627317677883 -0.180730304628917 -0.603050881782743
-0.440697196690053 -0.671004222666065 -0.793973151156407 -1.62289577695993 -1.01643315580784
-0.566178652137996 0.711407994773373 0.107186369543773 -0.647799751834598 1.04521290181894
-1.29906926316067 -0.00925654771679058 -0.614737272592286 -1.98568451322912 -1.21419161044173
0.579074587334956 0.0226842769115689 -1.01983312007718 -0.525186185608581 -0.20102379694218
-1.47042671216917 -0.857760586901334 -0.722571643321349 0.853140267280718 -0.333029565875144
-1.5178162193535 0.0616348335791309 -0.440086954898799 0.936912783529182 -0.635348175296871
1.38551398868657 0.957852939453621 0.991518693032798 -0.834543027430761 1.40503054473718
-1.12875249502466 -1.51992684388836 -0.710520160456278 -1.11071982236299 -1.20926617125324
-0.241573545352931 -0.717587655162821 -0.52436197117036 -0.657262442430277 0.232415339241065
1.47408705728074 0.164846542898468 0.100898554658575 1.88909586481552 1.02170846532947
1.76666906914015 1.66614061687842 0.384560349602859 1.08670760822194 2.35612760256759
1.37517010045421 1.40511886250376 2.41702615084847 0.0849354991864415 1.55837402463874
1.38804244519434 2.23910903388086 1.25654415179867 -0.171193425692545 0.994744896767653
0.204245636243669 0.0102589370296657 -0.932352773850231 -1.04997861304082 -0.761930686925163
2.42060333450674 1.73900830276983 0.236355029065309 0.590021047376411 1.6270061699931
1.25014500163147 0.030588293239132 0.696373644222336 1.7263223770383 1.90319669665676
1.36530769737873 1.46157170560191 0.739993813297818 1.14653785339958 2.57850009974039
-0.0198766406014886 -0.175980714644185 0.724045597323731 -1.30181576869216 -0.0384799941590595
-1.02655454787631 -1.10106337170509 -0.681732806329636 0.246672108184741 -0.549866689974084
-2.09130634821376 -0.483978277939967 -0.751537468668602 0.13030819511625 -0.873764038062659
0.496557499602569 1.39817930262574 -1.08067542342243 -0.0145547122061318 -0.688303025381913
-0.632862163621353 -0.247584372436881 1.50686495147444 0.351075791836684 0.860234953705584
1.38460820947954 0.281625730641479 0.0252583422377215 -0.142478247528151 -0.343018125018064
-1.3510502486719 -1.39172688030354 -2.18040103451815 -1.87733506737321 -0.858045846191696
-0.305314293321941 0.654586099272595 1.04166143250987 1.62940188719786 0.500331851770903
1.17133900236674 0.0328182626401122 -0.593495686323239 0.059018911826663 -0.588286605833641
0.966455487743625 0.864197436134758 1.46502217156033 0.493971962206581 1.48697266997216
1.5217482180528 0.346917836777461 0.44279669977391 1.62589922214648 0.179069245131825
-0.714367320506205 -0.71263841349354 -0.497105097329319 -0.513527916095259 -0.00877124712824526
1.27372873905474 0.110238645009997 0.0107999547341558 0.744871100241733 0.446305820450078
-0.609659265455971 1.25421492682607 1.48938697300471 0.61038207538178 -0.649127598216203
0.385543230083489 -1.30614997869055 -0.0376687702714999 -1.4242419212824 -1.44647719875693
-0.915228355279966 -2.27874453514331 0.645230124925005 -1.66472349644486 -0.286395445207526
-0.12551486847851 1.03384810208063 1.50372276734289 2.43387351228812 -0.604035127361957
-0.989875324701592 -1.01688691851689 -0.732059430244269 -1.34297950928076 -0.699071380919329
-0.510246263585183 -1.76169503105156 -0.616670449052382 -1.17141729918868 -0.316619849043662
-0.687424188372116 -0.92476750605383 0.840304700069945 -0.571006261941384 0.0894820624508074
-0.0536044604314145 -0.702733259857943 -0.82686302706086 0.0372209717879582 -0.718805475174689
0.414418219054826 -1.28207624106719 -0.517556012765302 -0.348195706512859 0.593420878081625
-0.86247675543556 -1.07255727975294 -0.605770559092745 -1.04848646555536 -0.822703867750227
-0.459194362812645 -0.579836195104387 0.00156206739898465 -0.0611644129869123 -1.61214933790889
-0.774118012391287 -0.413262073538263 -0.174274696877299 0.931329163643061 1.62127695474599
-0.0274921619230822 0.531960782694398 0.782770831734879 -1.3844423729183 0.159626517798028
-1.10001003219641 -1.5998432434721 -0.259111754024235 -2.25040202428845 0.50463976936721
0.0322895085769948 -0.412979223162664 -0.280269270605716 -0.00991212051647394 1.44759192128356
0.13602025334491 -0.515918173947839 -0.84580430999247 0.944902826390474 -1.14900650502318
0.595574298236336 0.372148567690372 -1.28893871780151 0.332047673243031 0.3336666892301
1.39776368006505 -0.753503635796272 1.03770802885797 1.24243501581261 1.05248757299111
-0.204131851577449 -1.86612818362338 -1.04946881152571 -1.20615644682576 -0.148697106574516
-0.156789173963664 -0.15642185619638 -0.511665209742682 0.0974373987778591 1.22563966990787
0.331719563973193 0.564901518597378 -0.0156410411990549 -2.05087397025991 0.694637981621108
0.75759207323966 1.99683608047373 0.706015159562705 0.476492360794754 0.556355379217347
0.351700201965696 1.03352932952988 1.71565855942634 1.49993086912311 1.44792689499953
0.267395314898401 -0.0229147069433793 0.050288169655369 1.2628807648612 0.678627453997956
-0.630713993305452 -0.768472782859906 0.364849834880041 -0.149102745732092 -0.0991786395652068
-0.412482465517275 1.74033172365192 0.131086181394199 0.0416248543667191 2.07796604001487
-1.48580271582159 -0.565291836281508 -1.11995869125657 -1.5994035885683 -1.24164127891625
1.03551548529019 -0.0246117090379603 -0.00199768719791311 -0.619162239198534 0.231741279552056
-0.261267749066413 -1.46691817063037 -0.65031063847402 -0.00818199115551937 0.7069767896608
-1.16497590146383 -0.963103531662678 -0.648675871735507 -1.57570064490413 -1.08595140070424
-0.800343296667102 -0.140290855217064 0.987665095199593 -0.193105421354376 1.13054465647373
-1.20248305347957 -0.622453533352967 -0.119566238428281 -1.01020486958381 0.297442193928669
-1.78181017919329 1.03997423924682 0.131010789883734 -0.676377624992991 -0.583013363276488
-0.0944051239111247 0.025253773427297 -0.239914764106188 -0.417461257173431 -1.01541455062779
0.296260619052573 0.634329818799785 -0.631569843856352 0.537096377448125 0.482506843109796
-0.128046630180667 0.828349383390442 0.808336121744861 0.330121051186652 -1.11231837272306
-0.782217457702923 0.479633423215978 0.55769637458123 1.18068215350001 0.02818175083128
-0.300334483543794 -0.0488488769342878 0.313686710648589 -1.42123028665944 0.121766878900364
1.04702675461106 2.08797729699632 0.29532177633232 0.607826150319013 0.287649856731674
1.68591605521504 -0.537409676386144 0.484072100889062 1.25804406846866 0.423484381211901
-0.471117197292716 -0.179398519603515 0.722062772593095 -0.036720628600279 -0.687423368493892
-0.847668692601432 1.07991707964074 -0.289070264490972 0.146716856107841 -0.908073862886856
-0.459041393842744 -0.807175562086826 -1.56238767336472 -0.849635809224813 -0.574264070424899
0.895571330489574 -0.739694562524118 -0.137630737197712 -1.60691291173305 0.150975410794734
-1.30376516740785 -1.39695099993489 0.502847714220939 -1.56589495050262 -1.20929720113675
-0.11943873291004 0.509516075206799 -0.923505580625649 1.10451715231548 -0.764402200671878
-0.34121358737669 -1.28165574068301 0.799517664518154 -1.08439022854107 -0.610368652336785
-0.930401736644908 0.879376305884394 0.122030505148214 0.315078923021566 -0.559493663684003
-0.0879873938601392 -1.96921870466822 -0.770080324492403 -0.225136058226981 0.355323411159515
-0.448920681893457 0.0301769809223552 -1.63932108044403 -0.05834361943611 -1.04374684900371
-2.56497746060674 -1.07375468183346 -2.97958439421651 -2.2940648290073 -1.36897648782195
0.771932145277587 0.0483884730435092 -1.67886599910498 -0.790896445423662 -1.30970041723517
-0.47127878122754 0.0672480269108305 -0.156105253951785 1.21892589654681 0.787216154174117
0.212293792562717 0.244723899322963 -0.96395606408608 -0.498789487387618 -1.02360216621604
-0.462119894086853 0.51071231185365 1.4079799555865 0.333441179786972 1.59560222155413
-0.551615715331651 1.60650630710466 0.148646658309158 0.294354785291331 -0.214887297923434
-0.137325956504831 -0.267900469862397 0.619963164788148 -0.178276371778746 -0.586375435196593
0.0957719459784392 -0.16340718434129 1.56726922551424 -0.524363410570658 0.298789379888588
-1.46112490387049 -2.0450428348207 -2.64567504267205 -2.88776771367764 -2.28420889260667
0.676033333936847 -1.0360198567866 -0.232102021758756 -1.14603075921745 0.671751192484707
1.50356433734442 -0.27336815019751 0.154779164544986 0.264030519732381 0.883334885328728
0.125305012090414 -1.23258007287052 -0.14280114649831 0.907053587723199 0.0355638776591539
0.95606234213112 1.01851691787072 1.13460893921225 0.203684625309725 0.482830295288979
-0.0958297902002819 -0.402226178148705 0.148372519302881 0.106149411402083 0.518451301491831
-0.411406743443898 -0.598228614253828 0.123481542336314 0.17149219279972 -0.575352389213831
0.303036757685251 0.458675085151221 -0.00289137298183861 0.0157344122633005 -0.970051145497634
1.42557762897993 3.06125762724207 1.90134352672844 0.619189498183078 0.324071119133478
-1.40006365838256 -0.476940829802738 -0.468808462617321 1.79220648720283 1.59544958271429
-0.0964627817506984 -0.814369174479912 1.43852905400204 0.457225453774448 -0.186022490632952
-0.776643790562049 -0.758859984205229 0.449901438335903 0.0462923435183627 -0.0721471408705363
2.19134152027687 2.06909220517297 0.822582664705114 0.735607863340935 0.119072746636817
0.372314280342987 0.219169316706311 1.61519697316473 -0.278651959501918 0.964521585109991
-1.79236509450368 -0.774543146138907 -1.38320404355754 -1.05180205522218 -0.909547582168877
-0.241950529008941 0.0587144011865812 -1.4654012368984 -0.327011545304787 0.194989056642078
0.464216655864746 1.25461389963889 1.28463587735568 -0.330152322465546 -0.489563701141547
-1.21223503495644 0.488411995597659 1.13440109658834 -0.110416739139372 0.633138200780445
1.43623359644467 -0.0417048496598978 0.669826850546637 -1.00280137497286 0.670161677878833
0.280888059927162 -1.78036050635996 -0.699694168256177 0.554462725738448 0.243138719926305
0.275222125181743 -0.253824995485893 -0.50429014870189 -0.862953319954854 -0.736738382817333
0.689900348604995 0.529440055630725 0.645806671006385 -0.00293427768187135 -0.402035216557466
-0.39134365364924 -0.587166042577705 -0.885544200377109 -1.38686082556283 -0.973197023384057
0.424500065427572 -0.623038084409837 1.25204385792558 -0.441011462745614 0.321029249221438
2.14300600663992 -0.00891927650241961 -0.678087844748741 1.62811033446928 0.513835765409265
-0.424856662162937 -0.499493456059781 1.61135637031092 0.757663203905243 -0.115879841334997
2.32422015342463 1.76692833876018 1.04220758010443 1.57308570220133 0.584736962523406
-0.40813116340152 -0.685450869128984 -0.653114872191686 -0.425311950817801 -0.720115199043152
-0.0209756768269153 -1.00072551795937 -0.996311555562655 0.192926728112332 0.0151839108663376
0.919653332184781 0.803679502053479 0.318625717530196 2.5477781956071 0.577468682458692
1.20814698235103 0.950690595543255 0.918783886048356 0.236308688446711 1.71635108373655
-0.466714802963676 -0.724571843355617 2.01337352944946 -0.405638644616505 -0.721686367177799
0.416327076359729 0.525532623492283 -0.107607788518618 0.733346773536436 0.627112766323111
-0.155055211674534 0.687682661437378 0.259577651033826 2.07003346099967 0.571041034713216
-1.17890269280981 0.266017612236532 0.730782380719294 0.44380209910771 0.9149240813796
-0.0973524940119927 -1.49597468414137 -1.11381698967381 -1.2014159473375 -0.54779455406222
0.944360237896321 0.218400696306677 -1.16819578880109 -0.423070993277535 -0.156000614044661
1.22059649868734 0.884183823693185 0.951400963836964 1.1324215995522 1.21597772262925
1.41104203764913 0.797330548781111 -0.112047436026986 0.489254613243024 -0.153536294583759
-1.79632014818982 0.905083387923614 0.422888140235254 0.309310521673406 -0.153732001799468
0.0976097076708405 -0.225322550745595 1.24231223405247 0.841034168022556 -0.636611178673732
1.61779336469273 0.737222436028067 1.07748725988279 2.54689576895801 0.307184752010111
0.535492167202818 -0.168426928314292 -0.00570450264047034 -1.5101739774661 -1.03539398914189
0.18197781893883 0.357779906235658 0.972052654075255 0.234302567791404 0.60578451191443
1.65126920493302 0.636353568172524 1.33560662726453 0.712061954932752 -0.109684702637757
-1.71653637681921 -0.820372023648503 -0.410994805634531 1.06790088593935 -0.904723155413044
0.385316561672867 -0.473986377168257 -0.117160444791185 -0.612261083285758 -2.75103649914429
0.267337255410858 -1.24658328643102 1.12365615804713 -0.805307087344815 -0.24609035017471
1.90147511668281 0.999509923297831 1.29797515170845 1.32908270226749 0.98421457226036
0.966038382820805 2.03487527272101 0.460478716774089 0.0954227634460918 0.738173758314474
0.89079490467807 0.401800319608129 -1.08444420761471 -0.546669459339818 -0.171424812863984
0.604834435648768 -0.0745213276510598 0.789418583894198 2.23656818509867 1.9744000185094
0.621335602614207 -0.256615298685934 -1.08855839750975 -0.18926967254755 -0.397268017622516
-0.245900573585949 -1.34087744017158 0.609582364471522 0.34789292507815 0.188669440200252
0.549948490199494 0.443020394996934 0.560623251019612 0.335697257185743 0.43515776134651
1.92647154815314 0.075318501193973 1.99662975792399 -0.215316726565706 1.18320259187157
-1.34330591654494 -0.212383558531182 -1.67971723784312 -0.741767211686018 -0.701638542571171
0.0123748902638564 0.685865371366978 0.317895099813527 1.69243181827231 2.12853999482552
0.548540632056687 -0.817551633631519 0.109750896989447 1.39534752592932 1.73576775358398
0.88173982802137 -0.480572696811268 -0.111262269532251 0.512269426043989 0.723010867938818
-0.172764250446084 -1.82692317558425 -1.06702368628912 0.965599577458988 -0.840947275743866
-1.71794039238359 0.754493327705736 -0.247347884193903 -0.300896356296887 -1.80330816176969
0.428397468584584 1.22735615202379 0.481882929153018 0.294440143172112 0.973356057775667
0.526256585935653 0.317024858922001 0.932785625820118 0.411531428008705 1.42745698986786
0.135182554854703 0.596875266460685 0.603156649896922 0.884119002217793 1.05467174518635
-0.91499607899166 -1.75958125423859 -1.30506222627307 -1.61638623034263 -1.63009173735193
-0.57697323251428 1.94046868221589 0.0174734125005591 0.465014767150459 0.681159824583402
0.0639708324265628 0.520954242347 -1.57146147625899 -0.0137183339686376 -0.495999844120506
1.93908149346774 0.421683977553235 0.658476639879565 -0.0980131627439383 1.23890247891619
0.682369480817959 0.43644577677254 0.594557561318775 0.782980426851802 -0.181055029370529
0.0685043049920909 1.69539057067846 2.64986244070756 0.683802248549501 2.27818860063191
-0.780526453080148 -1.46307725483624 -1.94599550915816 -0.687100206523078 -1.61973061615487
-0.0972596632459405 1.15980660012477 0.512080890175288 -0.961675488882779 0.632710257491572
-0.744541042994655 -1.62633292058515 -0.669724929172178 -0.0265074386395262 -1.02891217850018
-1.37852347061696 -1.75456994461347 -0.509225674504265 -0.359045754991452 -0.804105436055248
-1.29957537557884 0.544470500755785 -1.61031402588944 -0.389819680725933 -2.1901487024434
-0.290000458794547 -0.583824800777838 -0.406199550305283 0.696338503687858 -0.616816023255034
-1.68934406201386 -2.37995137237575 -0.819480836721764 0.685999801825706 -0.633793447003688
-0.296926361369746 0.519234517066105 0.120775586868249 -0.308069828321075 -0.203104996151496
-1.55586193963766 -2.59018228518416 -0.827650193692422 -1.28765279818457 -1.62687680752983
1.1761278041884 1.51944527860688 0.5516086745292 -1.06860851206911 -0.450230333962128
-0.733075481051129 -1.55122553561973 -0.666660444101559 -1.43923314321607 -1.10864397945071
-2.01720868381207 -1.4892410336253 -1.36240122228171 -1.56112809769274 -1.52718019384587
-0.368023385616496 0.781499550676383 -0.591637984763754 -0.734597886181671 0.794194931050275
0.00482626536255243 -0.833514846880624 -1.10168531839254 -0.32771922027488 -0.130470505727831
-0.000538981848898348 1.45766741125034 1.95762307081691 -0.256019035525932 0.824543439776595
0.855988165667969 -0.411319828239411 -0.174262907086373 0.108259535337993 -0.819573332607482
-0.862936189542017 0.593227397590942 1.27552532031943 1.09440953887214 0.508517009071151
0.863383895567997 -0.0238315557094574 -0.907738279527347 0.0882685671404338 0.694484186948192
-0.491169060055728 -1.08924273909822 0.173192026230298 0.613450563155901 -0.644816151988576
0.774484215693385 1.21126731253807 -0.252115917381451 1.19561289379486 0.971183356406663
-0.772926388075602 0.216024159993989 2.40732032378757 -1.3302265336155 0.407470248849846
-1.65779292768822 -0.828728231591657 -2.24026031300112 -1.15376050236293 -1.40153785211029
0.160266483856106 1.01711688532415 0.57243013261969 -0.170158876972089 1.36111105352547
0.852937956420928 0.166412767524285 -0.162620718634266 0.664109986475772 0.252922457252589
-0.332477732920077 0.562072193996298 0.251915150225088 -0.45913674230724 -0.466681986449807
1.07515957109596 -0.371483535867287 0.317249598516662 0.352230239947127 1.11865442470893
-0.306992578109551 -0.722133449308184 -0.63235764043471 0.213554670058749 -0.269996149506765
-1.31826575431972 -0.779222046482135 -0.216054727185163 -0.566231242410042 -0.497608991504465
2.12705075143293 0.873020504138532 0.892673865892135 1.21954178800868 0.21779196985126
0.759593043357222 -0.0378362073007376 0.852306193810765 0.620747233551044 -0.962809544022819
0.65007165901947 0.814063398409219 -1.07556753895135 -0.148022549794872 -1.89795402056289
0.360708183027981 1.24041533537287 0.193961094933908 0.227053877918976 1.19522104180273
0.665594829834974 -1.15654885052654 -0.332177383512435 -1.7532454436702 1.10729228423847
0.339660909088475 -0.291679837511463 0.238153947745803 0.303262099145443 -0.163467696111849
1.62493612433456 0.114653372072958 1.78352084046983 1.40416809523614 0.474089036173868
-1.1336242200562 -0.112856105414042 -0.148945300366931 -0.114598059425494 1.30877711357306
-1.31456925788806 -0.251811673374238 -1.49759512694421 -0.0274787585001512 0.730147556821259
-0.16682748630674 0.317850985683427 -1.59435862260691 0.0842464669021944 -0.954000314064438
0.182260720551904 -0.323263796587592 -1.63641050209667 -1.87752769940737 -2.03071185309927
-1.15263061856381 0.063992140242756 -0.512650994973175 0.502833141201659 0.648685102695802
1.16302719914934 0.107262880255982 -0.127783928617668 1.13735573646669 0.31794954504463
-0.065575458771324 -0.787793687746687 -0.678222254119185 1.08867166732383 -0.906959994359198
-0.925262498093749 -1.03415954021202 -1.67510550789679 -0.79523314314277 0.631107916552477
-0.725541482315323 -0.354875513090549 -0.905411875203435 -1.76572497541432 -1.41257020583759
0.253533854074139 1.6765137910019 -0.504638945857643 2.72070191539461 1.01553616787128
0.137858821633949 -0.608493276572368 -1.17400976715843 0.259906885733157 -0.761873328267974
0.0134580049421574 0.690891861839117 -1.39913774098564 0.538769401043414 1.06792236295706
2.65001743509053 0.0925794613589073 1.03470553032713 0.301923181724368 1.06080498455246
-0.165397759245345 2.09417315072596 1.04329798160157 1.86139143509563 -0.363428675103257
-0.295569484598704 0.194171735372019 -0.288636708831807 -0.294430918675995 -0.0280521247584639
-0.356988785097617 0.809502140791881 -2.03670728308164 -0.199930173014407 -0.600414150621572
-0.656132631576979 0.450363225126616 -1.81492985811312 0.110142510454839 -2.00352897055145
1.4989463079658 0.737281910549436 0.970528381618995 3.12916306772714 1.13702354865661
0.867605275619626 0.954969542701674 0.116403814386876 1.40055345434221 0.0165760007221476
1.02184274245436 -0.176488996518881 0.575024311358466 -0.193804070018574 -0.412463335952898
0.676539987908376 -0.164265299785026 1.69321516241633 0.328470949865724 0.392409682958705
0.138781998282324 -2.06865390105536 1.31916774310485 -0.671843133392461 -0.366802280791776
1.79060190262336 1.39821306961231 1.13344794427512 2.47949965317309 1.47904353782307
-0.051348938568262 1.42772296230832 -0.571065545994642 0.844105230093887 0.169290620240079
-0.693886984225005 -0.240280103878758 0.393425049329306 -0.165886199348073 0.186988933656281
0.801785167160324 0.576505088956691 0.000205434088567324 -0.356117342204262 1.76188607175528
0.904609953359357 -0.693449567346533 0.208036692349142 0.42641618093714 -0.76901620115077
-2.03942473389947 -1.23878564423745 0.0869015621816406 -0.578904117146953 -0.110934986023247
-0.428617320231081 -0.0104553695449777 0.26766714041206 -0.106561610824468 0.0802927181311112
-1.11639729077302 -1.22271572423831 0.338153556196203 -1.32311827378499 -0.827510499577529
1.61857476373231 -1.26300460451226 -0.403444001989377 1.26019882878098 1.85893210705862
-0.642754938248782 -1.37270904704473 -0.980117512889262 0.372218233926817 0.412485930020289
0.562109579961771 -0.478671960465439 -0.816016120386766 -0.1192747334836 -2.61696219667285
0.676339952908781 0.938480734487234 0.692103374777173 -1.17747426688658 -0.721152569435719
-2.43386670727293 -0.459757193454612 -0.0542595325542611 -1.59005290671452 -1.35292388528823
-0.0742692467539915 -1.27796461286472 -1.33762426909073 -0.976523694377962 -1.3197670739047
0.108955908748711 1.71866009045747 0.45475719897675 -0.659609944979855 -0.162460601245293
-1.22732236030385 0.530226617105275 -0.767550727546846 0.771537200349907 -0.88344569832504
-1.15992385906572 0.229692558851196 0.0217398181723568 1.46554551899146 -1.72792191158441
-1.31849162744715 -0.900407424405939 0.41340091991503 0.772321056725444 -1.21975470408051
-0.380851525207803 -1.17470433645582 -0.888654616792396 -1.797490905537 -0.568519730331912
0.651096415362666 -0.353543640882239 -0.588307968874686 -1.5075257370534 -0.682031009289886
1.12242465821116 -1.95716538955384 -0.932064118964616 -0.0831814424264422 -0.955170748892684
-0.143896209922219 0.388499026863174 -1.04958154451201 -0.707333069073788 -0.912717741685115
0.504277038086663 0.890990227830478 0.321201653780739 -0.263307711076344 -1.30737565770243
0.388960702596696 -0.754158834303031 0.798817675996171 0.546278798970096 -0.149057251920171
1.01918466615839 -1.15428273861062 0.444764458381434 0.239471063514446 -0.784587279698795
0.326038317482631 -0.23857004947441 -0.251521532469127 -0.225576878609594 -0.245601706311217
-1.72589956926594 -0.802033346202188 -2.54278057574929 -0.781248989610128 -0.624271487717118
0.462413339445345 0.219531233794294 0.0818609986087132 -0.18718996357376 0.341831164902687
-0.761992852989729 -1.08190836923517 -0.363454824101334 -0.605814386685284 0.376780153992148
0.224376288568211 -1.26664838163897 -1.4226247910596 -0.561842953517618 -0.864714196135855
-0.265871354150696 -0.098777965834338 -1.08514558425511 -0.690480945637985 1.30432871563229
-0.284167475553159 -0.4610141217062 0.504455619156372 -0.00629015456347373 0.757802716692053
0.90452380137487 0.612682628618992 0.566238664521985 0.866136833525613 -0.410197582483699
0.111386986355163 1.34272073996022 -0.428803140260149 0.428778284601714 1.23341978917423
1.63169502191912 0.805135444810492 0.950996889217646 0.975170048083793 1.36685733798141
-0.798468256675427 -1.17046314494224 0.275095134430819 -1.37147829466973 -0.998461811464087
-0.641245493459066 0.414899876982559 -0.879374515585041 0.138911437686302 0.145119997258328
-0.195321563489735 -0.731992967816084 -0.444562379080307 -1.41270810091113 1.21755420932983
-0.830062843289334 -2.82355418693806 -0.48405168535496 -1.88712265742482 -1.2062314089417
0.709441462156727 1.78963325764924 -0.0585474478741249 -1.00171192055872 0.0855115859823837
-0.629931490434527 -0.469321425161179 -0.770238684561847 -0.270698624377935 -0.317813099606077
-0.607603513080087 0.792101703089224 -0.0126134372139632 -0.41277715607325 -0.598182707690172
-1.71588269273803 -1.82512481496647 1.11892098070175 0.0154467323319898 0.63653374103538
0.872242845435778 -0.137089761170175 -0.0159149088163071 -0.727025998702643 0.193958567079707
-0.654585179421924 -0.451499692600275 -1.68343958703241 -1.48283150946347 -0.416575102843871
0.911440756009477 -0.410448716413366 0.0100990375229356 -0.337271872573703 -0.704908233745136
0.500989815654004 0.283939618273833 1.10697413654441 1.76581908458841 0.28122683042839
-2.13670037635985 -1.13340986913554 -0.610467250404268 -1.15733523560736 -0.241996998768963
-0.311795696299485 -2.00118068490634 -0.935954777493957 -1.15755696711786 -1.65053124401196
0.765999203420433 1.47736895507974 -0.347288572288868 -0.612799808944231 0.165730720223821
-1.64806119359106 -1.17995088371782 0.521512125751224 -1.01285686062878 -0.573423636916068
-1.51615536321272 -2.65726189433237 -2.86841460884859 -1.46099731725237 -2.70026045384342
0.650064646774955 -1.7513236844374 -0.0865091710116915 -0.797398103426586 -0.646572524496809
-0.324663078995738 0.709026350222084 0.437979569864741 -0.769675207957243 1.4367641819609
-0.28447594297335 0.210237161863008 0.187784538296981 0.31647146355661 -1.35309723063661
1.3062348613349 -0.0799514416425829 0.479506525745892 1.15585117268384 1.50077092291967
1.88253138126982 0.804413252995125 1.19225345955658 0.629745484615603 2.33661407798779
1.37767468741767 1.45485924536559 0.362578641218314 1.41536604050411 0.899204832452633
0.617335031667712 2.54161706703687 1.59185712220585 1.5578457934759 0.278256601040272
-0.122708551825837 -0.45585740055759 0.74862315415562 1.3269520167013 -0.354691324155313
0.685872401324722 -0.67127731830555 -0.526144347697351 -1.22410600904677 -0.273799463757447
-0.0398903838945555 -0.513828142545323 -1.69630709755649 -2.02880528929165 -0.372091020164731
-1.11492355596196 0.631123032573836 1.85835788188145 1.09195802511172 0.267371522765569
-0.515384055701096 -0.102881078314799 0.346264760704907 1.10914015182072 -0.643897979827928
2.13157075318595 0.547003752437248 -0.651194404971052 -0.210858234686501 1.3637923565033
-0.283838179305062 -0.163901553623342 0.564869095234371 1.59333282118154 0.810574651866255
0.487515900896424 -0.0915482297663142 1.75738501030109 -0.0059305072064206 0.53801546795684
-0.422863415860401 -2.37078408788683 0.490371419804972 -0.752434746686277 -0.621536177696157
-0.0386136460715179 -0.425628616689044 1.20903997320763 -0.324002129625347 0.205895828279768
-0.22093870228463 -0.912137788586493 -0.358081839899568 -1.33865543322653 -1.81677052159882
-0.503315075526331 -1.18152267596654 -1.43954478741329 -0.610501002945537 -0.230394280522402
0.947809706167839 0.969119252999393 0.32730910675058 0.631198053549833 1.50308247606409
2.30969575088186 0.467304550491722 1.35795617329305 1.19861393258753 -0.632519729849865
0.293494015657219 1.00105840580413 0.299727506558205 -0.277728038779938 -0.739456743269797
-1.58432323318249 -2.13372134118778 -2.13103039202644 -0.512442128675187 -0.320265207020248
2.15103919557464 0.422803595813855 1.46880353078299 1.37479098868291 2.73978478750356
0.3011805997716 -0.0630016328312694 1.41036267932859 0.0783276883672556 0.339197217749388
-0.678592022977743 -0.179060921216729 -1.25860905635026 -1.19762709415735 -1.07414726730947
0.291982716492001 -0.097386608268223 0.256788838895286 0.808185233798358 2.52682621952216
0.320276851685203 -0.32228086842914 0.503744673950249 0.754602270818957 -0.52728896336073
-0.705619691326769 0.0933565465865613 -0.505103989718866 -0.0144067451612054 -0.969876489047664
-0.0374812035790403 -0.220897041039058 -1.66586587798237 -1.91383116792824 -0.342104639682172
-0.307861931895586 -2.09441767692837 -0.716473446537578 0.858571949737367 0.0569973351573661
-0.989750494086235 -1.32001859445617 -0.14806146004869 -0.432599532043609 0.253986093198235
-2.0109541262252 -0.279032210966515 0.694665757575543 -0.172747881873511 -0.557905125599736
1.26869774214846 0.803814770454724 0.864828652455379 0.162593092168704 0.81492793605346
1.24157569295123 0.0047853262822055 0.488298235028126 0.761619970858959 -0.149456566759207
-0.255297226823389 0.7913129714108 0.196772429578146 -0.980882641686032 -0.656621981119315
-0.850237175056574 -0.115356252270003 -1.24323790712446 -0.101481224025532 -0.383004270613347
0.242472580009383 0.425963701874852 -1.24648800796993 1.45097526512511 0.411649826730453
0.437862105674479 -0.238639122429385 0.545863550539394 -0.0573439708890883 1.01258980886529
-0.120932748405085 -0.298598334297771 0.392417619215101 0.28221989615756 -0.368853469721663
-0.298831708367023 1.19602016453215 0.418809324062364 0.0752776133131623 0.754707550414655
0.880408696376114 1.78496830433431 -0.538375249265316 1.27748655597657 2.09805327503756
0.197134017874338 -0.011773412256165 1.11302297665118 -0.00330509995178382 -0.11487139566165
0.480681501838116 -1.3111683306983 -0.125359293245336 0.104300790796629 -0.0147364334375461
-0.348789923015772 1.54486222588595 0.188944528984768 -0.0580994358546115 -0.878520279742301
-2.13351464172987 -0.283683220683193 -1.22977528586334 -0.823354595109319 -2.7656914355519
0.873003578258193 -0.00660463068934858 0.923398459163264 -0.500598534326495 -0.354162699498891
0.440300080640132 -1.74108912515254 -0.498072325561408 -1.22014688000622 -2.27443423252032
-2.0347618614986 -0.333312505458859 -1.80830031482961 -0.643667289340343 -1.63535113425642
0.635217616048411 0.788860674855153 -0.92806454710234 1.11693370293478 1.51790053378147
-0.947410476166292 0.307507926252303 -0.519336386644095 0.152423999223703 -0.364061552068395
-1.46954388489499 -2.02043176540154 -0.334139132920614 -1.73114483833407 -2.53529646221003
1.44557475504486 0.286777752774466 0.834636698075877 -0.103501292086762 0.341903890119194
-1.834823755326 -0.858931425519176 -1.47198065753843 -0.515367640785251 -0.00549151152537341
0.985080929834538 -0.474425207338069 -0.353061966974877 -0.607766753872465 -0.470459871404549
1.76563896310311 0.393633947977 1.11579461256492 0.225683808724527 1.80987376334626
-0.1399670684565 0.54006618954501 -0.175577912886316 -0.6360667961262 -1.09129885972684
0.182090145614979 -0.479745428833098 -0.80792074960836 -0.292610486471783 2.05583359269569
-0.241311184104136 0.110474963994934 1.22902375556241 1.2238327477664 1.2499860945546
-1.35523328504274 -0.0776874208488381 -1.66759406923387 -0.0865418987560601 -0.777559713181633
1.32101211947104 -0.0845212365968963 2.32238785748504 -0.799088135410803 0.471523129067882
-1.3210385309285 0.399476986350205 -1.54528318343187 -0.575004789178648 1.47671854246394
0.404924924924891 0.412181889945281 0.843012165234697 0.111518629389153 -0.779414453723449
0.753190513801305 -0.45166889406969 0.822112731979056 -1.14697129646174 -1.26900067942533
0.694039765486597 -0.715988722043513 -0.763127153551068 1.14582416699221 -0.502147618953162
-1.67384807423783 0.261902159175202 0.126487161389652 -0.508961454102712 -0.865393399904721
0.628567332828037 -0.798327614530926 -1.46046268365598 -1.55212071564639 -0.235237593077463
0.551009844686473 1.72934547360396 -0.190318443256116 -0.389497479565107 -0.384784604858694
0.941169794249078 0.0861197456104625 2.28664302988263 1.81186786601737 0.737090519104776
-0.571211923117937 0.450348581253442 1.31999660263451 -0.52263595184409 0.534982548330808
0.522624499781358 1.64214105175366 0.211519983763545 0.668555474518577 0.372487093469392
-2.21827777205231 -0.909604270239538 0.506944676172958 -1.77843482877061 -1.90205776621092
0.226801577522038 0.21843007861187 0.544613342561538 0.834092179108903 1.66108622537149
0.168877841006042 -0.683229739646242 -0.0334052708776305 -0.0789984322521834 -0.469338358055503
-0.730906825720114 -0.166310563373106 -0.938900961373063 -0.47374986721479 -0.713401633457453
2.72175974796335 0.995940410143525 -0.253429916362013 0.343934662013412 -0.239700278108735
-0.883482713100238 0.446754926442722 -0.339550324661546 -0.639793399564855 -0.736490381967611
0.594958523308282 0.587070706810334 1.20825709540141 1.04666081955067 0.661188267048777
-1.27992927646655 -2.04618986100955 -1.94917036048995 -1.17999483132395 -1.90735060339927
0.546935475847567 0.823883714079367 0.41810940038637 0.497633677353895 -0.761876200427416
-1.17908036181126 -0.0406788133909755 -0.917154756840775 -1.81445423384315 -0.716135432221424
0.138994525392661 1.71865125653198 -0.52003388573242 -0.0580514462395701 -0.874288328834057
-0.539410948895152 -0.526950237662194 -0.0121612713479557 0.367347535462662 -1.43097150203803
0.230267744877872 0.526614674101662 -0.412877983879427 -1.3322359285384 2.47369828554741
-0.190203279719182 -0.890356240409236 -1.33960378364734 -2.52552143383878 -1.25413001622277
-0.292977864556953 -1.27404686304297 0.0642151111011153 0.49656735325583 -0.961307218385648
-0.872346308129825 -0.610545628472876 0.467568616328468 -0.401994402875475 -1.29371394181073
-0.0377387615192118 -0.511642979918752 -0.977753675627451 -1.36584763943158 0.540383210546373
0.402286543737918 0.108846424554372 1.1503791509915 1.49366070595538 1.25804146251011
0.111321656535817 -0.742828920215309 -0.340510405431473 -0.438407856050156 -0.0520341848634398
-0.323303619950295 0.266647311342388 0.108965926658257 2.20561126824521 0.690295372045943
0.322203778388657 -0.606290478223897 0.344993881362015 -0.269472695530601 0.705621923629097
1.65388264359893 -0.397014737103132 0.545889836056411 0.109915301878059 2.71080171509837
1.08833209853957 0.666375903093117 -0.745995007299813 -0.521494628176513 1.03950137611134
0.654424976286948 1.23839291503866 -1.83722337613297 -0.983037887639854 -0.527596039627785
-1.31181307136666 -0.460316610313043 -1.55131218396162 -2.75999477333411 -1.82886652598529
-0.900643441497172 0.407264589054491 -0.592403529076861 -1.42057474851601 1.16737154672061
-0.673847947202447 0.271573176121144 -1.99486557598852 -2.43732814874892 0.937603981220753
-0.987369258187858 -1.28861348895184 -0.777224093825445 -0.911032788174245 -0.0187214043414607
1.07167097189901 0.718074355016747 -0.607186263070472 -0.647029631312694 -1.01415643815793
-0.41401339000145 1.16999545841273 -0.00725925097169963 -1.31853313983936 0.553247843386497
-0.167148477204924 -1.1108847615473 -0.606747387512793 -0.315719810204173 -0.29787285851212
-1.03246921273754 -0.564835698622541 -0.100005712546222 0.237449817593825 0.0795922630606438
0.308529725609909 0.297424451684701 -1.05814098405616 0.0621162508232671 -1.39899954380481
1.83571882200831 0.127007921526518 1.98752862225525 1.50911157259466 1.34738704889552
-1.26718049406019 0.332711307316431 -0.499337766891662 -1.33979688948549 -0.169518691077992
-0.522072311801887 1.73174564872221 -0.351976595901335 0.272406658982115 -0.264387404334825
-0.44146225051261 -2.69266510178965 -0.365270798914324 -0.650476663226815 -2.18295841534898
-0.56322390190431 0.382855485053887 -0.0724686724874299 -0.447626340067982 1.14367417746389
0.453689677051227 -0.088404537930319 1.38704492312737 1.07373435310757 -0.540468407400902
0.702185322934438 -0.0673989279123088 -0.347089943215164 -0.839448453128735 -0.286542437367892
-1.54609603900077 -0.831718517722454 -2.06511065658145 -1.42754830398463 -1.40060697808316
1.37505640278595 1.15950660825916 3.26624738483886 1.87655184205054 0.489462443734939
-0.862045435597349 -0.617802440322948 -0.857750443472131 -0.25835701717307 -0.213947608935936
0.386132784771659 -0.196803184666687 -0.314169561590375 0.674688692529278 1.70987815661367
0.739733129539623 0.388057872845392 0.992021020082858 1.60294966267557 1.75114949843974
0.760156428376222 -0.643638218940461 1.02263164621909 -0.66524850353438 -0.74545763201809
-1.22266376264668 -0.0306850066693992 1.30295884485351 -0.157957272736393 -2.45236635141265
2.89261444933492 0.0729321045517856 0.779332361880502 1.39042950658381 1.08054681814834
-0.527059999237079 -0.971927870893677 -0.607399153283539 -1.72779910147976 -1.15786569867414
0.421776833619921 0.32403612342012 -1.39976034363132 0.73017282393063 -0.200039904035571
0.348226046059749 -0.790594244580741 -1.35357636546993 0.544916193650568 -0.128885435105538
-0.699342898693325 0.317329223777509 -0.200992015583813 -0.821332084402688 -0.79021564747647
-0.423016741666213 0.669763832034576 -0.110489492393649 0.296969267855715 -0.806818623422825
-0.449229526391131 0.522701693682978 0.411941623418058 0.538773270744822 -1.03671020457462
-1.5605182166367 -1.61718006593771 -0.872029236398239 -0.0915882102318372 -1.06940183435108
2.54243463354085 0.824771262119032 2.79635408528845 2.75308100072407 2.38709173112866
-0.926596994562664 -0.393112155952955 -0.424746449731768 -0.670794874034607 -1.01979396135816
-1.25257321227738 -2.03062992773041 0.15122186957325 -0.551316462576188 0.443180511509802
0.833480706825965 -0.988252990100391 0.132507733118142 -0.588804454182313 1.34813310389309
-0.0349847146229837 0.051346522733504 0.489116620787272 0.721230953574995 2.00445482040189
0.668505588233011 1.49014228916496 0.506372444315003 -0.701683166136308 -0.826168074610742
0.86395122042603 0.900954041505759 0.922493288744038 1.34999326909561 1.04265382425022
0.261547739012914 1.06479300551037 0.993914540646181 0.965040503430392 -0.320836862211499
-0.6949526585769 -0.836511051818086 0.525148233091906 -0.558612800677918 1.66190703316834
-0.796029970984738 0.281486939750172 -0.584520978791853 -0.817481787120043 -0.796066222992297
-1.15178844002127 -0.0686747213164594 -1.94213304105811 -0.853182348843049 -2.05734906433491
1.90488630215481 2.76401789264722 2.59582077312607 1.79355184340707 0.957037519016634
1.12137179469486 1.74024852467401 0.148607011991887 0.284104201781 0.168963208867032
0.0265003132712936 -0.0717591463807722 0.235419982797631 0.119005279052169 -0.372309938413861
-0.841630897133021 -0.382100278264706 0.59288179809533 1.10478881490241 0.130984421610187
-1.56977872325708 -0.763942166617454 -0.831929023457346 0.0472513146493692 0.565409984502119
0.314038406749694 1.07533152285674 1.03764434211815 -0.392674954391712 0.325843846167823
0.918957561795914 -0.685260685189943 -1.27288855701124 -1.4758150567384 0.698949763386695
-1.72293999727059 -0.589950539205186 -0.760241688081193 -0.758336257293261 0.162075000681245
-0.231921221554984 -1.45063521989439 -1.53208124452483 -0.800529206359687 -0.745493263246756
-0.169999736112416 -1.62313316549346 -0.18871123987101 0.238759641692395 -0.293882295819283
0.392360370250962 -0.51688912925115 0.398239868291065 0.0557676468724625 -0.61307269295634
-0.0155358578510098 0.969333568622987 1.0579223624229 1.32947600439282 0.0213596272251496
0.153509513952852 1.53840438481285 -0.548023429425117 -0.876209088036421 -0.249374933761186
-0.861315593347082 -1.08435081806045 -1.81905338426366 -0.696641905938583 -0.670920889699201
-2.31518556818681 -1.20472314089612 -1.28629590761792 -1.07729043973087 0.100553672976009
-0.839516940454901 1.386854668958 0.789010372728694 2.08048635715401 1.45100339212143
-1.69830882510703 0.162163788653311 -1.58717569883944 -0.606777533214485 -0.0424590133807255
0.272144814527746 -0.596807296357544 -0.514666772992363 0.870604617572122 0.0146499568284385
0.149955565019932 -2.02672097584798 -2.02421790592798 -1.83819408950287 -0.756543196393349
0.0826030122193501 1.35643816187717 1.91722107424587 0.0819738722615071 2.1928815055481
-0.433856160518173 0.231397755261342 0.742649009625383 0.540858372977464 1.9326269479118
-0.828722936322204 -0.358778739395409 -0.0824040388491274 0.60789326493833 -0.336189752171265
-0.586987622558747 -1.27614604867323 0.562369560829244 -0.571397922252975 -0.738369614684482
-1.25337011823214 -2.06319784006655 -0.126998146194618 -0.0572989097326894 0.165170184869484
0.649696492854715 -0.0361046869800399 -0.217507197420148 0.191785972698369 0.670168153340058
0.130497562694075 0.358529983850878 0.391415371323274 0.417120758152945 -0.396332130175553
0.349934979227483 -0.162388293712355 0.546627624805171 0.199508461198874 -0.161316437326477
-0.249942335835162 -0.0967677648061529 -0.838906190120458 -1.10315897394175 -0.261478205174637
1.28912873440769 0.137567076388277 -0.470744130991751 -0.0632870377793061 -0.806796135362843
-1.01489447614401 1.86884526314779 -0.650184019707252 0.172727341077837 -0.0552031820670359
-0.0375037403847027 -1.92330906926875 -0.52376263237663 -0.78894124752187 -1.24182252880805
0.545888400675625 -0.539005717835354 0.35818465953077 -0.867893278001508 0.338125604550578
0.731961230347453 0.190196312157712 -0.147924046575427 0.0506816646645817 0.889045112061338
0.0786825532856372 1.81024221070093 0.231461770398923 0.274662104570747 0.233484194600178
-0.696540033063558 -0.139298636225599 0.149189330618618 -1.03474502892668 0.515727153517719
-0.876684957481394 -0.772608393499446 -0.944319332964873 0.268204539771894 -0.714398743604938
-0.678341371097407 -1.99706398598521 -0.366443550861676 -0.302289188540483 -1.44111939723437
2.71906239468346 0.705396515156875 2.17445323165597 1.51705594392368 1.23405846284749
0.54305144898535 0.636422422795151 -0.0339139611819599 0.75898876300427 0.452055335700046
0.56683103382587 0.145295904813398 -0.715371288264734 0.174773814814224 -0.11330632812761
0.600454493108864 -0.0327529711057123 0.715518797620583 0.972822318682181 0.464260733783798
1.27781261209678 0.796634914960924 1.22137846376312 1.26412864922371 2.78073399755171
-0.62629813718147 -0.631289915062784 0.0545714541853219 -0.42892280357087 -0.852227073604473
1.58550917089547 1.03679014212636 0.606347985595177 0.744248992730636 0.141048884987889
-0.716062462214732 0.144726189438708 -0.173824137582713 -0.0100149263990349 -0.152369998269467
-0.999249649544422 1.4986910017248 1.48302641735715 -0.059616528629455 0.682849253004601
-0.683651287272739 -1.48375834935001 0.38807320137622 0.255688007319089 -1.047159224127
-0.115655378896831 -0.262364521450231 0.963024798514797 -1.17401153035951 -0.622862325936724
-0.256384085447513 -0.382816496780574 -0.398383318818567 0.200873090890129 -1.62807162104384
-1.25518799648211 0.391090965345709 -2.22394299045437 -0.331575504766 0.70914214869804
-0.672185785206427 -1.9740266173407 -1.7710139852848 -1.04420388518185 -1.46751948618458
-0.883425922318625 -0.514694626829364 -0.336145471295565 1.11030099374907 -0.559358267887066
-0.92318813424104 -0.208687811885202 -0.404077059492251 0.491133475493482 -1.40724966935813
-0.0361563100898192 1.53449459459484 1.00980548264614 0.70889697115244 2.39024549767274
0.0060938786674687 -0.0495583103796521 -0.709643257564726 0.203968670384283 -0.908461557614521
1.24150073048188 1.82491540497722 1.47252213216232 1.1612312671899 0.0790653076213941
2.70150650410194 1.79577453035273 0.979917696859256 1.1452932757557 1.55370963594194
-0.504144458216203 0.982131882225699 0.0620618578147843 -0.714321304740937 -1.42870743594164
-0.667853280257509 -0.940479124835931 0.593386675535873 -0.847790892011302 -1.65604014874887
0.876577468175435 -0.238627660833931 -0.405310504037704 -0.649813255163284 0.721338419068049
-0.550120105603678 -1.08826392449876 -0.775224481956068 -0.978424266754605 -0.587190729680846
-0.102256543839556 -0.742873515585674 -1.13183095500707 1.52731173137391 -0.735524924228166
0.357175534883748 1.33227298545138 0.805668254319719 -1.30321538252884 -0.218329149435007
0.129997324893685 0.823052112387085 0.0309776609826521 1.64473285780276 1.84063616416326
-0.628587092436022 -0.171228148428915 1.27109719949189 0.934941720089681 0.00617796044236062
-1.56053470536513 0.222603874042242 -0.0621676427019235 0.946594927991632 0.489389951167007
-0.00134690414105226 0.895902369392348 0.549066413845337 -0.0419736741820861 0.647185052885332
0.790711287978457 0.287403045545569 1.03298563791113 0.925829566875243 0.835948257582462
-1.06144911089385 -0.994940470378299 -0.420932401025323 -2.03120783740534 -1.2200072123873
0.346479326385844 -0.37317418023481 0.112544838946616 1.90974272171436 0.0737553584818652
-0.118298426859634 0.15779192315887 0.299718481433644 -0.870610677965584 0.0157539132213505
-0.511117385827261 -0.842026883860106 -0.409245228421831 0.473179928998984 0.534214563745789
2.13891972336825 1.95826717021038 1.99617874895211 1.8734961322979 0.377294942830394
-0.145884948764336 -0.491107664621563 -1.03548767454184 0.0201342850208483 -0.913200337258035
-0.25078815641075 0.741702376581851 1.32589435561021 -0.043258715908749 0.458801704501985
-0.818118976140301 -0.0909508658425056 -0.458096131455858 -0.0558891133860984 -0.763867920345591
-0.728229811230954 -1.22582246889889 0.598311360243825 -0.422959213696494 -0.285355954120635
-0.775929613191828 -1.10128181943341 0.0801575193227478 -0.4381676035856 -2.20874739824985
0.968157318279523 0.228943257907133 0.818899471266162 -0.0430727023072843 -0.318217344481301
-0.575694093229476 -1.26973024925914 -0.0442765959887024 0.219617477225856 -0.856087644528608
0.616024832165172 0.333575386747606 0.471830670171987 -1.24369515858485 -1.63260427335695
0.249835737357766 0.20405897653681 -0.279456761989912 0.403503079993689 1.46079489484558
-0.54695917979334 -0.281518706885949 -1.19055780796273 -0.960373413403462 -1.44016926041959
-0.816353946215994 0.268924535851372 -1.51611293858709 -2.17459774306211 -1.25376047080534
-1.39020638506979 -2.09550583087306 -0.944946522722346 0.44809206893793 -1.81501421750455
-0.626876791588528 1.415367065485 0.375250775565668 -0.0698950770854285 1.38235569057938
-1.96211302860404 -1.71747306240903 -0.882117086440421 -0.912462383164201 0.700900269127438
0.153630616389164 0.223171455970693 -0.0874544022137342 1.65486135349903 0.83591061899781
0.144154636267551 -1.19451590075925 -0.324861756825143 -0.562589908956816 -0.629855819287478
-0.761456446877776 -0.440250435957594 -1.24378562912214 0.291082601635811 -0.99666525572881
0.372818789354825 0.597206198469703 1.12538931575519 0.990488457112698 0.761590890798084
0.594179418267968 -2.28980713269589 -0.170566341824097 0.735312226797751 -1.78679887471512
0.107159269797047 0.403535928458087 0.504850482329962 -0.318601082149003 0.751666558098847
-0.221974420437434 0.938950645910708 -0.126110887888759 1.00965830774585 0.477328115387377
-0.761633755907949 -0.458361228440793 0.686075613524885 0.48800191909004 0.471947300696452
-2.78931141357196 -1.03447527167777 -0.822241710814746 -0.938204776820283 0.0915130483491539
0.449446211490766 0.809219430848408 0.618195068214975 0.721154089200488 0.760500009642396
-0.0317986314396103 -0.859180770981745 -1.08914184957805 -0.948733569099453 -1.86043861646305
1.89638048245883 -0.54777280545973 1.35653023439926 0.724434143832557 -0.14726713821218
-1.11364245799741 0.834008786584152 -0.89786788291114 -0.378317135190771 -1.63471661290957
-0.774311916163044 -0.413694198148379 -0.555107541259172 -1.33306114673303 0.796541357902387
1.87798457576382 2.75405311983895 1.97915896251501 2.20001793811071 0.352100175940149
-1.12627997809143 -1.24489839757864 -1.13789397143574 -1.89321144945047 -2.03733407640046
0.260320546568914 -0.343322624492384 1.50399580508514 0.57856512838437 0.12313143714438
1.20835116829627 -0.794754221116303 -1.31039642351186 0.00101796812236195 0.147245238877733
0.362072593581895 -0.350713787584044 0.606082434246699 0.912381775932134 0.534421055528859
-0.546045845511625 0.49724135500912 -1.39135615713493 -2.08533507064352 -1.16351323416018
1.10574629234095 0.135602290092773 -0.170921933370171 0.671436498005165 -0.703517024544092
0.503801876844861 1.87122979237469 1.12620255200317 1.4229713720979 0.595867351018527
-0.161177892960969 1.20914122355234 0.714386860162011 1.21196324289943 1.21273588861819
-0.558780262926941 -1.00845341257655 -1.55928484604773 -1.1915204798592 -0.378548702153728
-0.257650487627917 -0.444232083615184 -1.79160456171241 -0.179133299062761 -0.55599724375278
-0.185129899271592 -0.727817927211356 1.65758440057257 -0.300595353710238 -0.0609502036291446
0.530148050395316 -0.99953295738303 -0.4627733982126 -1.22292057763978 0.206729979265597
-0.138624737649978 0.555694245389889 -0.612472701549593 1.45105550739289 -0.270352302920746
-0.651388652253365 1.09206742038521 -0.989645002604865 0.772735338081627 0.491110783225507
0.868104643806007 0.322151162401085 -0.32061995552497 -0.927964987579299 0.670635813838568
-1.66118669886392 -0.444381125725743 -2.22600242913217 -2.02988591434879 -0.155357409280149
-0.731510793691894 -0.897162986351068 0.125475155480452 0.841429246902498 -0.180209135040317
-0.428702737010219 0.0875298476618935 -0.233636085928477 0.0815375028548902 -0.0110846910953775
0.617966766234722 0.413629678077046 0.493847796115079 2.02599286989963 -0.519062313933917
-0.454131644653298 1.22367482385873 0.934699876823945 0.464936909277905 0.0836802670128712
-1.72710928663652 -0.173574474567953 -1.39300124028838 -0.99206598429968 0.354346454624797
1.42784265912507 0.392868596029002 0.171541967328352 2.38029823804611 1.68681734604302
2.11761621211091 2.42618821185117 1.71439212441617 0.773168755826233 1.89278067889901
-1.30344154086669 0.658958998490905 0.0234785113675652 0.464015715037715 -0.00113519206854679
-0.225450762908672 0.381064079981504 -0.406993934026204 0.389884722237446 -0.683413064712308
-0.119749189823135 0.588442684836613 0.463710922543967 -0.802379689562088 -0.609754401089353
-1.08114434380979 1.09906791525292 1.01768002449546 -0.38511546975819 1.54242098789572
0.101853850681688 0.754334169171727 0.604279722855799 0.553475083195248 -0.977855286270339
0.979161146650126 0.0931781346196931 0.671058169353157 -0.981929259631881 0.627969404760769
1.53100385267015 0.576364990712265 0.923902193584434 -0.687135951200479 1.22053199829446
-1.02440103937107 0.642696320838559 1.15320844571359 0.909222444001809 0.00215570255834477
-0.0328820225998725 -0.567361811630115 -0.347743955356336 -0.255725983505174 -0.48459510824633
1.13958021628 -1.79413200814859 -0.314124446568748 -0.546361205056946 -0.583640976955359
-0.0481860860815098 -1.06528834670694 -0.911041469853466 0.0944359136551189 -0.415371859076011
1.70333617524068 -0.639803771062253 -1.01667789639726 1.06890745108565 1.74611093510957
2.26170716275161 0.985264070986393 2.13864542500828 1.19274323480321 -0.25756522845036
0.235383512366473 -0.781112934500776 1.44220963779431 -0.428718821849211 0.827020144584263
0.601349980592589 -0.190070128648471 -0.824545472244922 0.836834511541835 -0.765596854567653
0.836708167076848 0.222651847361519 1.74558491979318 0.522995853424847 0.469412357293051
0.343270413812737 2.20659848119183 0.175811094668379 -0.291313073091434 0.629581200883938
-0.529948465526171 0.467150036841001 -0.93803258966947 -0.651665351075455 0.0885450108392805
-1.64504122341018 -0.797137167231536 -0.277469561459423 -2.26232072260696 -0.894553698044864
-0.570821938120941 0.0137184599686256 1.46216315812704 -1.05862190441588 -0.445288057589818
-0.680104052133013 -0.997462941752831 0.547299374049947 -0.540233644142921 1.36967729220662
-0.944921887205507 1.13499946650105 1.3535018093511 -0.0410336334614505 -0.747876011470819
-0.593973646820534 0.0328613832015531 -0.759007369181323 -1.3975571443416 0.608074093274574
-2.36779826565488 -1.25050802097562 -1.14170903568 -0.575232762691758 -0.592670228143181
-0.091444390442698 0.767073827370563 0.836633032786362 1.1281556944791 2.34042646205071
-0.469488105292514 1.10935011471721 0.573341909154935 -0.633453508891386 0.146532776424408
0.937442361966812 0.372943608510077 0.140522048057395 0.348284969908627 1.65604564029817
-0.235423444813375 -1.34687213092795 -1.93320113347513 -1.45945085026251 -0.497210250547671
-0.118776634004364 0.168668476027491 1.5023629579173 1.15997925493867 1.07250985412578
-1.59855854615774 0.218313309983621 1.29756531057864 -0.316630149516478 0.304327609963736
-0.13923380845262 -0.976874161232237 0.839897681323577 1.02407690239357 0.711740140152302
0.031762604107165 1.46866426134076 0.309314952030484 0.209765556219742 0.328331272603445
0.814743641089007 -1.08717506036654 -0.0351021607145166 -1.2572213267985 -0.646561793924995
-0.295632380452613 -0.117078738446215 -0.934071386140957 0.529616253921156 -0.563938828880197
0.00996006871220938 0.617496535123615 2.42489793659407 0.136170157719168 -0.198372933706915
1.45662052811028 2.09556253718831 0.892631403395419 3.16736632770641 1.37782637687963
-0.623982950844215 0.726633555746783 1.08798831297621 0.053424394184488 0.241755924032282
0.171670273580102 1.86202517869903 0.0322414610424336 2.69926931939964 0.51385547804703
-0.625466148170017 -1.21827970223152 -0.0961758938712971 -0.735502132319927 -1.46298277332483
-0.578455996104737 1.23843265510742 -0.135873383566787 -0.771365475238174 0.555061510462209
0.424263628818469 -0.581997650107708 -0.238704319640212 0.865104546246396 -0.170770036835522
0.891177692195297 -0.819793926902149 -0.917336501426252 0.491752250741617 -1.72129208949767
0.077414164565527 -0.714333750220333 0.801157978832499 0.095597182853427 1.0719969300785
-0.284506381720052 -0.820015702033505 -0.553059901610855 -1.78134470848731 -0.411656626166917
-1.15904695426187 0.800446591103696 0.700057779393462 0.483721121932878 0.66618006034954
-0.394246834495199 0.352881602849669 -0.770437439544724 -0.357674464382996 0.67660769841161
-0.241111150568572 1.73477399866994 1.45413720626415 0.673333544610715 0.839863119154676
1.3146721154549 1.38429846399638 1.59804847559466 2.07148869312916 2.81860439189418
0.275300725049292 -0.673880891192881 -0.799760289098125 0.0896368177190179 -1.05166017831377
-1.84006153073077 -2.00378051932439 -0.46756886398892 -0.822490475864891 -1.22220168312486
-1.29683955180472 0.549539955930379 0.180611376796472 -1.05617755336171 0.858063958995314
1.65092893249964 -1.08944737140176 0.275474462272412 0.432820777087357 -0.224358340951061
0.672531010903683 0.164875838988912 0.539588480081733 0.374104576760921 2.22542167037854
0.284845838996537 1.10183628268079 -0.173291559916194 1.79829318044854 0.352815819131392
1.40371014685045 -0.719660368590546 0.721388955737346 2.0204709436703 1.27113924615935
-0.582179261827526 -1.05625602406448 -0.86310598753674 -0.483860829447265 -1.32499992061236
0.222193927712198 -0.263555276889567 -1.2888372584983 1.1825610844701 -1.26390711948131
-0.0394524818757309 1.7632437094725 0.133167311625475 3.2104488422625 0.42812566794481
0.968285035301718 0.356336714094096 -1.32383469744601 -0.264462453307616 0.359010312426352
0.0715706999827355 1.95610244348423 -0.218179613968232 1.91574121547189 0.30747232633828
-0.711421512202647 0.817821630639525 -1.09692105275603 -0.0209200579904124 0.550539124730662
-0.239910275253458 -1.07352659486746 -1.24665832986164 -1.77976293271964 -2.45008024616758
0.701451236097581 -1.24332924727759 0.00642756074330679 -0.860890264488192 0.802010343448143
-0.685096460821684 -0.605122864213902 0.173667649083706 -0.844034383114579 1.32786209636192
-1.46311217288667 -0.563826225715373 0.485836291818571 -1.19912640929644 -0.989339458293418
-0.303571458519008 -2.11843303970126 -0.253934529366287 -0.275369179765605 0.0656338205389597
1.04480685855691 1.71314575258525 0.844946069251537 0.164461719612487 0.320885112379188
1.39125603557451 -1.02397017118901 -2.33309586206079 0.774958596139799 -0.348854919625211
1.22682581930056 0.659334473491038 1.15784293794872 -0.74939344519046 0.453123995926431
1.26613856186221 1.41636287799239 1.04297178570905 1.07106710540251 2.2545219069923
-0.921135573581032 -1.08626892133878 -1.34641559403297 0.639819640876788 -0.616481764748426
1.64247664672672 2.18974187952219 3.07125567442391 1.25325045163318 0.921078872997087
0.395304960238995 0.716601439128244 0.474703668037708 1.74897632439771 0.796349133000265
-0.333980337544031 -0.200914559101353 -0.0220516284250164 0.180275468794662 1.02840227970728
0.330520318327421 -0.214961120201398 1.8394777186193 -0.524545157695462 0.649737946112982
-0.0483127381581614 -0.729746430827846 -0.598824339822753 2.05499268996931 -0.733581708635274
-0.383046899835476 -0.551923773048259 0.974403437841203 0.557904672848428 0.959153852419552
-0.657497835486128 0.429327542394976 -0.99258884634623 1.6915493432989 -0.995417342451291
-2.30787778332565 -1.65609517011605 -2.19408385356887 -1.41826873909695 -1.18272792288183
2.27527269108742 1.82804352408285 1.35657107184139 0.185155152090021 -0.36428826392891
-0.0652753476280203 -1.95352061379474 -0.667029752737043 -0.429192130056256 -1.31398890064545
1.31690991564948 -0.0433054778350416 0.382650684513726 0.647229806670411 -0.078638342979903
1.10197443118707 -0.275213335171763 0.00502346051912766 0.409455535599326 0.0841026778642174
