-0.106818496832404 -0.222976089090549 -0.776047445217322 -0.032675887391455 0.787561969415162
0.886519466274316 1.11864612361343 1.00409626439967 -0.0177507814211723 0.828951070522402
-0.491665031405614 -1.11013869546253 0.416628400166533 -0.886107450139836 -0.163283860939112
0.0335240544093325 -0.439497318909627 -1.00763110780037 -0.65718451657941 -1.67700288497705
0.942398568066469 1.20712932746162 1.08288111020296 3.04382985665946 1.38829421610642
-1.69178229003024 0.226303293266744 0.608210440728645 -1.29404068861738 -0.139288276780223
-0.844896513585677 -0.739849128162563 -0.563524914371016 -2.22904355602667 -0.890090034006948
0.623544565532419 -0.0688484015385241 2.38947760601979 0.397238329632989 0.97445464047513
-1.28347636315582 0.711877527457871 -0.464577253944284 0.658179794364324 1.37335226147344
1.2175461057574 0.549661605085562 -0.562068657800676 1.19101102639649 0.854539105226404
-0.17723031105819 0.820666870892922 -0.257563006569549 -1.40806272396913 -0.924275393209958
-0.311121076434976 1.35764621790041 -0.282393032595836 -1.19789161347396 -2.2734833762654
-1.09042003101412 0.0701521540072526 -0.812907550988306 -0.936049504013584 -0.928838718047136
1.0513790679474 1.1184471860227 0.843434081132295 1.32553503094205 -0.539691231988426
1.43588155467246 1.02385193338515 0.877308301190562 0.689075193989266 -0.248299468767047
-0.259592379724412 -0.531001352865332 0.398895123603535 -0.4952949874344 1.71244482495278
-1.67326118399234 -1.71578843129177 -0.440452277498238 -2.74539199153937 -1.58194093786997
-0.913601749471276 0.533009864687812 -2.46765510660749 -0.637661964301206 -1.20320526581169
-1.00507109955974 0.829993109073626 -0.842690366195078 0.443392534144306 -0.35196979340398
0.264592342954492 -0.460187693409119 0.404931994355251 -0.466303647453914 0.214530802195095
-2.13645652822194 -0.119576366335378 -1.59042363655298 -1.236575253466 -1.28795834516658
-1.28447529788254 0.179049728206467 -0.0750981617132718 -1.149828652329 -1.62139027399586
1.71856064811837 1.05609562967508 -0.505903082375876 -1.03200867870759 0.37207278177059
2.0567454759466 0.171710781284146 2.42588216574678 2.03316577152636 2.24006693626252
0.0972775464072014 -1.29104074905373 0.0425089219950248 0.53085214858031 -1.48456331661644
-0.444819062575779 0.316095507147887 -0.749933595469406 0.562741104315909 -0.102542434042245
-0.379704983733874 -0.515238299258555 -0.321468678462081 0.32425307638502 -0.324439493520223
0.280564433422971 -0.216744276876461 0.978620079047487 0.101414686759715 0.405471550115152
0.000659448763296572 -0.208057273036576 0.770834932300081 -0.1031619296902 -0.114781696719081
-1.345455340642 -0.134127873328173 -1.96147324506555 -2.03635956149136 -0.422485629015873
0.290825363277149 1.0308060351832 -0.75003359294218 0.189659570371981 0.719124995454209
-0.719622156759955 -0.497349115152556 -0.148328653478502 0.103667875491552 0.148428357612237
0.954136587712405 1.37614455410256 -0.510022876567192 -0.845840516349681 1.44408684079866
-0.684192746928574 0.492362480362613 0.324165942902115 -0.205868566522335 -0.656437062612324
-0.240623019075235 -0.79191224424036 -0.814873620626938 0.228738476450205 0.364677636189779
0.730706293643777 1.8563448379997 0.649309239437871 0.409264138026833 1.92852616493315
-0.437562703953475 0.106850526162389 0.250786397973575 1.11627463935233 -0.522215042740817
0.371056154241759 -0.38274387127204 -0.700311473939174 -0.521074613740645 -0.705196690463488
-0.498041312797492 0.419467814451124 -1.94705087968486 -0.258577484872338 0.43085544582444
-0.0984273251025415 0.447505993733661 0.44851750313072 -0.329628122758079 1.26402209432222
-1.28805599476466 -0.60033919375835 5.81448060994263e-05 0.602310297805519 -0.485707506003955
0.34069978569647 -0.688299270104225 0.685530289315896 -0.976887951725518 -0.995591708118845
-0.900501042426927 0.475724513488876 0.238967255501115 0.589158198219444 1.27296451325142
-0.272420926671547 0.757638856894129 0.0654972784873185 0.0484631126697016 0.715007553620359
-1.01152870037265 -0.0647936359292878 -0.985927016541864 -1.50790112065584 -0.814075715988839
-0.0821751025504872 -0.881135706281631 -0.057246057278284 0.3949899899179 1.57398897745468
1.3788760706251 1.26219251117613 -0.10473620369032 1.28147263851401 1.85327297870834
-0.466991843349508 -0.405164648931672 0.867203833769558 0.801585073106105 1.1890192214611
1.28585198372852 -1.08062813540465 -0.516865726913146 -0.706296560745272 -0.209408674549012
0.345662695851668 -0.635951587385196 0.995528170905283 -0.98382705792172 0.538618822551034
0.0118655713217135 0.203086958844907 -1.59561273363889 0.0686698245435414 -0.483406801972713
0.852019468892969 0.231015649530065 0.441697521196321 0.811564493904949 1.89382435911436
1.14762065675766 0.650027235684622 0.346509542071469 0.733872253971237 -0.483571872704944
0.371939949410034 0.396858995866863 -1.45728627346439 0.319393613165515 -0.357887013441243
0.186306731857041 0.507787298995602 0.172688651627902 -0.074424446887386 0.773708124763008
-0.773978107981504 -1.33313882310615 -2.27420421446658 -0.741180868123756 -3.11113975770076
0.394860252961368 1.16027941338585 -0.269505073010489 0.528680305320843 2.18299874597882
-1.29520538905208 -0.401688927140752 -1.3492016256122 -0.941926786311219 -0.826658667835955
1.07406243072742 -0.259198382957017 0.193598071045125 -0.128731805164087 0.102703031750119
-0.469620089600295 -1.23483596519268 -0.595354977491758 -0.661539044510628 -0.301749830473079
1.05699195075276 2.45170518334083 0.611537828636072 0.352193238088059 0.867267935128469
0.780044142775875 -0.45989774529985 -0.106256076702953 -0.774683745188723 0.683110484697297
-0.507160597191133 -1.12069449144917 0.147869586166466 0.709492866247514 -0.295982116310466
-0.192527314596789 -1.17249178848054 -0.456524793556816 1.04368237352337 -0.296660465355224
-0.684542027953 -0.838988608767252 -0.628034791253204 -0.250183578904728 -0.412816707125426
1.49625314435288 -0.93140610172799 1.17541764276015 0.715821504508358 0.575413113148472
0.256271822215417 0.274609494688736 -1.77375074658838 -1.25243484114125 -0.490390755372483
-0.790821202938461 -1.8918426519029 -1.39594848995533 -0.320546437187417 -0.640178845322233
-1.66248016857285 -0.824932466848899 -0.0722675741738796 -1.22962544345252 0.994195477665864
-0.540028345648256 1.10092518016141 -1.29580535515979 0.841725681314441 0.36215477537076
-0.0874393304620571 -0.823888703826595 1.80975704335296 -0.490867988825512 0.608394667943655
0.688299388708481 -0.804821600481186 0.27416275423906 1.2353914283818 0.570744586508868
0.155959631904919 1.19098890557286 0.815389417365999 0.349952163306405 0.309720805266196
0.176449777304766 -0.974987992362653 0.582682588771505 0.146680924214708 0.863773689800801
-0.312894460638487 1.24275835224817 0.223468313290844 -0.417646778906063 -0.546641823319345
1.7264785997304 0.897319184878966 0.0018311192200658 0.998321587690786 2.05738023749357
0.17371040939093 0.806446724576723 -0.758417566766455 -1.53158339143659 -0.261721900544135
-0.608731492698513 -0.538139776101212 -1.35549426758903 -0.632643161677242 0.0314959956455489
-0.767847554444374 0.311271707030715 -0.0927808564269798 -0.337558742384886 0.206447940269067
0.840850081013161 0.32486382717203 0.100608999689328 -0.410315968667875 1.65522880003492
-0.0891315352612879 0.366113428137802 -0.355402893293595 -0.408659343482448 1.6158709560299
-0.350493378230787 -1.45432433436444 0.545492902038297 0.320061284229824 -0.847653011435094
1.43602276037179 1.38604706619543 0.289872957174088 -0.0474581056350317 -0.342967369139294
-0.235422119898207 0.254690922485149 -0.40924830598089 -0.130724875081039 0.559673552148429
-0.0236823447362551 -0.533391538681416 -0.281718963212743 0.268595225078969 0.203236134225947
-0.344749711819416 -0.169021688184282 0.23011048256679 0.426756640355936 0.453626800229519
1.23673291125858 0.5691125301179 1.71652827505149 1.90456677987045 0.562134037085982
-0.113042901019725 1.79048127790901 -0.742311174510886 -0.638195476716242 -0.31391639556003
0.824957235799789 1.17427529987979 2.52724995779124 1.08554376801829 -0.280900197639246
-1.09721521316755 0.544600906984528 -0.805490098088332 0.573692720879207 0.389643599755782
0.657104778219589 -1.18184735851333 -0.369007711168554 0.742983923370661 0.741977802286388
0.0894241538615914 -0.231413701173884 -0.827370037620995 -1.62961517062956 -1.14709076401184
1.1674951831632 0.13997182135874 0.522232003557493 -1.42509236213696 0.428936282358289
0.444087948961739 0.242497795039765 0.36414354686668 -0.991150930115569 1.4060762721974
-1.42129902259686 -1.67281086815518 0.00996700112697597 -0.349941071404909 0.114039364053895
0.257323367758932 -0.070326608909404 -0.836001038910925 -0.0414900299476357 0.125558506277652
-0.417676141255538 -0.53708928453792 -0.549326289155506 -0.966839265910463 0.271266742870729
1.31154011817854 0.853284385648297 0.528572136693604 0.880875855834858 0.434734457796234
-0.31520734319341 -0.654749019937382 -1.12698631554325 -1.40410343974549 -1.87116637172743
-0.385951963443831 0.162300802405117 0.441427537266815 -1.0224466793917 0.417832210354773
1.15123591045787 0.188241904746933 1.41424243764428 -0.110843319378168 1.24264934922143
0.645738396505979 -0.968415273039159 0.260662861979187 0.00653528102145781 1.09556887642944
1.13594612139517 0.242089381538887 -0.314747967997452 1.33854275193002 0.309417404434834
-1.16836979175581 -2.01060799872279 -1.61488609559964 -1.12795314291363 -0.504783760648323
0.515813661693223 -1.03165545984146 -0.763399704707558 -0.231807118153848 -0.636446185486046
-0.554419447916736 -0.396298496402387 -0.207395086732828 0.46136422573312 -0.394135852567159
-0.864893417662457 -0.271856232368785 -0.035101283561766 -1.07287816366996 -1.49230960041471
-0.11045083749159 -1.47072182154535 0.782681905812156 0.382166745996361 -1.28619549740131
0.754728351882464 1.09121462044598 -0.0429544828511383 0.574384749792528 -0.289559470230553
1.29039040113861 -1.00722258491072 0.583769504389557 -1.59730231592286 0.185825102675711
0.0837060822898734 0.268224953440194 0.228672573294956 0.581045126242188 1.08322007476585
0.559016100083204 0.768263995120129 -0.316928998750617 0.0807265391572516 0.745845233823705
0.0426192082975686 0.799546468659246 2.06547320717312 -0.179673112203976 0.745916121949602
0.948441034290018 0.692102856573387 1.99131550616921 0.0996379172633998 0.824684468632712
0.571661964111173 0.367221605721098 -1.01259576953155 -0.880547709785309 -0.695506287882721
-0.594622039616976 -0.896535465173386 -0.782103201030096 -0.59490868582909 1.12835147579737
0.298569844159162 -0.120848729804137 0.195733087276054 -0.464677006612451 -2.44684756206691
0.343799652197604 0.666452004144715 0.270217334750034 0.455346404805812 0.154061924091635
-1.73275108862489 -0.339794213277819 -0.839993296983296 -1.26969578059631 -1.61679683668596
0.428418713513142 2.05694482602593 -0.22017900689458 -0.279593706720135 -0.671836255482442
2.79934522856244 1.96341767152515 1.44293870254408 1.52952776186084 2.21524222918746
-0.521696850280653 -2.30046650390923 -0.379631141110552 -1.11510645987271 -1.08217912168313
0.294937847364449 -0.31767553192551 -0.181206637975698 -0.0859015261544821 2.16591172501782
0.210718476076777 0.909457809514743 1.56898087945298 0.251388287100419 2.11008036552841
-0.572727473031767 1.72166063093022 0.271195347338754 0.273501302815615 0.0670098580976877
-1.83331958286434 -1.27949509070003 -1.60938048814357 -2.26066969568092 -1.80432532093003
1.06962211789012 0.27390168123269 0.692818170317906 0.185273918475921 0.902802653339744
1.6179004717451 1.98133317788754 0.285148074576492 0.207805047425525 1.40109437414016
-0.0384296947112605 1.28294924544139 0.082471684427129 -0.00438577841752695 -0.0553208429100876
2.06244426740426 1.44908307848562 1.6814477999752 2.3505707240909 1.41153201549032
-1.28829770863807 0.181012329363343 -1.97772966917582 -0.196838597014282 -0.529944202049028
0.32270503174453 0.696603930224327 -0.500501789352126 1.24884049993438 1.90696808039985
-1.71322749538205 1.12450580127081 0.344375859450026 -1.20834987952802 0.362539947047025
-0.553466368274823 -0.0650648921372163 1.24201285324041 -0.0753848981664934 0.873947022405417
1.40135017672137 1.22967907850624 -0.644480944337771 0.882065426822339 -0.0589694592101217
-1.14712843155471 1.0344565698457 0.284558384626511 0.267508312359318 -0.36843457648428
-0.446135313318534 0.858265947367905 3.430995955397 -0.343284964987522 0.554164900317473
0.5073191648959 0.00759175868220676 1.24405698504933 1.69706991297771 0.621948716489999
-1.04030134738142 -1.42246198027645 -0.977251793531001 -2.2704636604389 0.0216351219676772
0.671962500221733 1.37638943661696 0.129762533789095 0.416451697709105 0.912222776115006
1.73121126003187 2.21233683276581 1.83224553639811 0.355462103894899 1.14009527691204
-0.33326244020228 0.455909373919642 0.240792212507161 -0.512731553329941 -1.17049126666765
-0.741513745385261 -0.497689412624331 -0.626902798500189 -0.78016917694673 -0.10100345144718
-0.157364535787487 0.301673976192498 -1.49913201863069 1.00705225620389 -0.618829778849699
1.80516298358176 1.50530676749165 -0.214992289048584 0.338634585804063 2.61606773687432
1.11937319331442 2.61750376595434 1.47801830178413 2.52118919531301 2.53606323329929
0.276343052861668 -0.101083475555429 1.00269356618365 0.129037339919321 0.619735615246309
0.333381401153794 -0.101108049829172 0.914554628049485 1.63324161732281 2.35372665895312
-0.159834720525446 0.0977400872362503 -0.481291309911601 1.63862223151672 0.0171352430602043
0.65902995303979 -0.642223694754575 0.101423683635441 0.525523229850867 0.352836147979895
-1.2464364840866 -0.610709279483245 -1.05676419573867 -1.27707828410794 -1.19938313719485
-0.581135782196555 -0.584547008340036 -0.794127768868438 -0.254035845180299 0.338032078579918
0.0603144805679292 0.301832010204594 -1.15242440979836 -0.871854752881728 1.03307453957301
2.8230859973511 0.0249645420546959 0.860554289659113 1.0176711298322 0.641458523845044
1.15992968833129 0.212371381343223 0.350869358385789 0.923609227640297 0.718883074270994
-0.794035952999396 -0.998191915300628 -0.703028840409793 -0.188007727959348 -1.46887064901342
1.14064070999687 0.846021920129167 -0.0166116017894692 1.62415759534334 1.69147130228518
-0.464753629893851 0.242466510852738 1.07333419774763 -0.0771652387162517 -1.4625501367204
0.765010770673332 0.355225542869984 -0.0200914561366911 0.0654557753060071 0.151173945262156
0.578181214333197 1.73320623891647 1.66006101082948 2.85402125167798 0.857564920238924
-0.313673760634902 -1.27467751693093 1.29659399833068 1.15724135174871 1.14904676252975
0.535096037308047 -0.985894398244698 0.186110072360031 0.260410094527228 0.833899872400656
0.201312628580042 0.873675240617839 -0.452013021461086 -0.280783714326017 -0.190620964246496
0.856210773284978 0.125243244386343 0.505867375025182 -0.793401535739536 -1.36857535619673
0.331945508411606 1.60828710523318 0.897306629675789 0.334784540156361 0.332826142806622
1.31147226125433 0.115464991604649 -0.151809933266823 1.0361595858578 1.84475575621818
-1.48987466608043 0.0106068574072464 -0.934564691663981 -0.0624636740271107 -1.00091565990115
1.09586506953053 0.869160643354968 0.314666583102585 0.78048546386882 0.613818376222031
-0.827678898577554 -0.149628710743255 -1.57414220348977 0.331627111951803 -0.644127719408838
-1.35874026847357 0.23713981256435 0.0232363573002575 0.656708186976389 -0.379548403219549
1.13433340169295 0.169102484837804 0.483046498921988 0.350757995172801 -0.418445011865271
1.34423413537628 0.421466372960594 0.146809508350007 -0.0360145687213503 0.804451013265907
0.266330091875916 -0.792360903628352 -0.520108301773104 -0.558231577788513 -0.238605961530721
-2.1666001679131 -2.06697955113713 -1.51787087725432 -0.816443699655963 -1.51103143599289
-0.311768476651575 -1.34958199097425 -1.19588342016027 -1.97575258171112 -0.145542261937249
-0.916790344664736 -0.668138315439464 -0.406910598722521 -2.28086983903257 -0.402529534086059
0.839606392597848 0.108041095077696 1.19717542469033 0.626800283477073 1.63086531475312
0.531417611645326 -0.470695723088787 0.432737368387903 -2.16879541547115 -0.982905152273418
0.0719786285464422 1.43144974092332 0.531572209855624 0.296504132264198 0.295258495778442
-0.667471484494031 -1.48311290031269 -0.275413656572976 -1.2154961323864 -1.13730950461248
0.394827968775025 2.34508316956664 0.854157292136278 0.0881927217529039 -0.0207322311585952
-0.964309074003987 -2.01994555526622 -0.641587635551828 1.19613323569989 -0.571617269643003
1.67038269736371 0.816779543672026 0.470362314283602 1.32931585026592 1.05574678190978
0.591495638594758 -0.00263632215010236 0.722288391916766 2.18449252960596 1.05852363621953
-1.32005147721812 -0.386343478641358 -2.33298036622194 0.971253565861885 -0.671892127504094
-0.915694971935451 -0.174168188464654 -1.72190883306523 -1.37591517827779 -0.647027058877226
-0.0508163816103727 -1.33619855009881 -0.368965777040167 -0.908597084734237 -0.682298881959685
-2.24143937810885 -2.09989652349942 0.0440159516518543 -2.2169858168911 -1.24617338669115
0.489675400427508 -1.61024095851129 -1.51372740746706 -0.773569284639792 -0.785691401235567
-0.905892988999015 -1.07144866472407 -1.17983755323627 -1.25857986572657 -0.947322669142367
1.69306463556892 0.54667772568377 1.29224907637423 0.731571071298918 2.00540014195451
1.61132386255005 0.828197265131974 1.74321242331236 0.374223745645574 -0.0316607214930081
-0.426274953450653 -0.131286229356719 0.17774884049136 -1.18107050280745 -0.474804251714448
0.442461553811457 0.447311626830236 1.37258214327535 0.878022683314218 0.99703838075313
1.61784871358857 0.548321272220566 1.79893179383187 0.331854834984372 -0.0523419840703931
-0.655470483153233 -0.235170305246449 -0.674608650930549 -1.2624590603056 -1.94047270435937
-0.932454387361836 -1.00625954497911 -0.485649033181643 -1.184329408655 -1.11940301032434
3.31428851806654 0.969875790383755 0.488264497818841 0.877237532600686 -0.156558391836766
-0.512668155420682 -0.520596704826281 1.1365855686628 0.195155877224099 -0.774592273872396
-0.317358902909686 -0.469995464956498 -0.605436898795425 0.277079718196148 0.520202980379232
-0.930934000232496 -2.22248805454351 -1.06907520195964 -1.72336716231041 -0.812161291811457
-1.57335197934867 -1.18884110255298 -1.06250456862821 -1.74343160509309 -0.696615751100675
-1.4115790702492 -0.919272972670085 -2.3669101266066 0.465722543500228 -0.327623005347289
-0.635358421296223 -1.16219902223277 -0.545658042505057 -0.0650901784539408 0.933771224543253
0.419399031936575 0.536213128627076 -0.951967678033826 0.11231772352837 -1.20011313271705
0.966925693524911 1.8456409429063 0.0382545347146021 -0.382385723134507 -0.0498560831946352
1.66500559418356 -0.696819514949351 0.621971802603316 -0.743293895664872 0.846012263517131
0.341708552251961 -0.98435502664286 -0.226589218612364 1.95748357204884 -0.729667842395569
-0.580962851963477 -0.0130034696940946 -0.687391300962212 -0.222566191687037 -0.0604814275013662
0.168212753863267 -0.0919384480844665 0.00246165183758124 -1.09883562588938 -0.755749365495856
0.0345303780605703 -0.731136180989731 -0.444226939597294 -0.385325299619221 -0.369746118372958
-0.533680719243202 -0.0853143391704138 0.0287540791496945 0.555276370739663 -0.196954940915586
0.380371765994871 -0.777097217962528 0.11134417502138 -0.17188486722139 0.332891216238602
-0.717650196065578 1.23081197370557 -1.45593605007945 -0.166275623021298 0.261575388414825
0.0321857262188733 -0.383173809367127 -0.454216232042409 0.612094250469872 0.0367285145703097
0.252211210359486 -0.144756656203007 0.468060905920038 0.972451014422954 0.856349292612428
0.411163224950277 -0.504110762413353 -1.58085723112701 1.43662958756778 -0.963331753105606
-0.38510966854636 -0.262818871808847 -1.08542318788484 0.00903729381329282 -0.0693107450546979
-1.37825049593579 -2.15991572215303 -1.04192288452853 -1.2728143314211 -0.568438051235648
-0.298646579680889 -1.01921129286094 -1.05349179121127 -1.16615758514526 -1.05170557393046
-0.298634914392977 -1.61645166482274 -0.914572333024396 -0.732406229642809 -1.35225567964078
-1.19621383705443 0.0275125751740889 -0.250652144044331 -0.568615688083392 0.261093059519047
0.161916765640277 -0.45212572236813 0.916307130487732 -0.722449224770483 -0.0691428574183368
0.338700697316842 -0.116008841591465 0.275923004774818 0.324469182771243 -1.12816139916964
0.329098764423845 0.698081978918945 1.595563078822 -0.457211801150382 0.842680616042525
-1.2927471083267 -0.748856294546754 -0.70560126467363 -1.58414741689591 -0.607727799673428
0.399642135324071 1.58918950176112 0.694795978026157 0.217254213623067 -0.25841596005557
0.585860245242528 1.90726005651962 0.674379765195813 -0.26331939157988 1.53510549226944
-0.129874843542838 0.277874935178863 1.29301867472705 -0.0531335829028231 -0.505961983680994
-0.538695001814777 -0.594704976565306 -0.0948639564036468 1.05098359162138 -0.377719129769093
-0.00437714552442426 2.0003534592299 1.521011525201 0.356366236251858 0.619774057358202
0.0546617180761651 0.0936930026123692 -0.408758839994146 0.412901678383706 -0.0232728365093969
-0.327460803104069 -0.236812474821185 -0.086984539729963 0.685703517901233 0.128413544085561
2.0216257440883 0.680569744361908 2.56093847242249 1.69298809178908 0.477372114414438
-0.138412852867289 -0.834578851170949 -0.0081562278474276 -0.49924880816645 0.260218617467348
-0.432701868502219 -0.872331952739564 -0.772489484571277 0.386577617029096 0.423150976844909
0.216770747495253 1.69270389624535 0.224444125618994 0.557178810145634 0.136060159070165
1.00052368485461 -0.159936177588167 0.106495642412646 0.608515469978935 2.25818028415881
1.05071598724519 -0.173224108770316 1.13789211051014 0.0429212746964687 1.47144547579979
0.0200933269090126 -0.142846291962913 -0.162842296058892 -0.337598950509791 0.314106166183132
0.283926073975649 0.152166107956272 -0.100517056134457 1.40368127899647 0.1011199410954
0.582928262032719 0.432565494216312 -1.23167923421405 0.988617017648278 1.84129566886851
-0.555900824758834 -0.190915837819818 -0.0875625989913101 0.417373168341766 1.03187182228243
0.193496078559262 0.914947969867594 0.537392885123428 0.298449659021292 0.323912540974235
-3.41898634922948 -2.19671481446086 -1.8157400130539 -1.95285288690256 -1.91621085640475
-1.30556545516926 1.23172842825728 -0.0176764286045052 -1.10689083000733 -0.77714643867357
1.56421175336639 1.533988490784 0.906844188683466 1.30864159617435 0.368263893911726
-0.764127247250325 -1.79140731068304 -1.46237521942766 -1.16044039283961 -1.95419834813744
1.21484648138814 0.425714491758704 -0.235865769817194 -0.378996507111331 -0.0319886772616261
0.170069137680289 -1.00726413775526 1.04330814358998 -0.756568513704635 1.05953141948815
0.336830760466468 0.873589533156745 -0.118461965346508 1.26236290374872 -0.200935221019319
-0.371521604405643 0.0105740518634163 -1.09311455334819 0.0428523084094734 -0.0367028840945209
-2.44354050881869 -2.92859282938798 -1.59499602506394 -0.0249531984262924 -1.27252705346334
-0.873212521285714 -0.00679264385590619 0.322108721630929 -0.510047014800531 -2.1920028055832
-0.766148497755604 -1.85874203543463 -0.290944744604374 0.542968638903592 -1.39351978876405
-1.079286269166 -1.13992675021925 -0.517517167027969 -1.50359789515181 -0.0480907832911835
-2.19486113644514 -1.3229504599515 -0.508639912115106 -0.716955329143295 -1.8010094299155
-0.482552262654131 -0.861600847721737 -1.32284745041263 -0.427529698956667 0.446473185746912
-0.36719804905813 0.998783160510818 -0.161568670123277 1.50320856322595 -0.598906987254169
-1.22730799260398 1.01969325119809 -0.250349639126834 -0.585449621392574 0.836449316951883
-1.72934444421685 -1.08042145668324 -1.54154355233331 -2.07237012012969 -1.4430009103619
0.461625370155586 1.00662546915212 0.513280096491232 0.471792616460549 1.15106399957333
0.229913152453543 0.0419434731123996 1.38886224504179 0.479747888038171 -0.233856908651215
-1.10877047619901 -0.941202903743213 1.14632272011196 0.600674616338616 -0.453337366425835
0.069005302663493 0.378256962877967 0.718285304510532 -0.634075020566172 -0.994079799515303
-0.352662767757969 -0.725044370406599 0.0321923243260828 -1.32442327724327 -2.32843831083271
-0.814364498683576 -1.64772151787595 -2.60291734352785 -1.12859098082552 -0.791900344960877
0.578750007038121 0.664981974419114 0.726738571196296 1.23669671437278 1.39791631107074
-0.0361332613804709 -0.0423252377378725 1.14635516020337 -0.31275856185201 0.0569203209386505
-1.41853654162388 -0.923886935799633 0.315361732403592 0.0976436392654395 -0.96882376251463
0.478111603296939 0.309622423375921 -1.42777562846227 0.48622344544002 0.863098828841952
-0.844076600130719 -1.14064955631358 -1.11972137099181 -0.787658024589115 0.0218948739680558
-1.17663818092244 -1.00434068113134 0.0340579846279727 -2.07232273673446 -2.17701210872331
0.359293276215973 -1.30637403354326 -1.70095075100719 -0.863972593321303 0.335096332246896
0.103733737233888 -0.965416396295962 -0.946137344636229 -0.506017238861065 -0.770511224492863
-0.391978072743107 -0.0967743830703039 0.326963386447166 0.380606868978648 -0.117930629325203
-2.36712867916126 -2.70022767063987 -1.87003691727956 -2.14193744106901 -2.72316011315328
0.926633682320101 0.158308563144686 -0.186143123186102 -0.280309334026818 0.508115151955424
0.204985087867282 -0.747765093982087 -0.143408419969232 -0.13075139144527 -0.866172344626413
-1.74012539136508 -1.06455797445474 -0.699678566250272 0.45165966745003 -1.27578634936753
-0.927667544761308 0.479301448728088 -0.523353659420426 1.87266375369451 0.34138742308599
1.11945776278409 0.284313855775007 0.542074891206989 -0.545066618102847 -0.0922880631752098
-0.0170000353204346 -0.225536237761739 -0.11700585953956 -1.20755781097189 -0.151848104887835
1.59533623033164 -0.0807574509052592 -0.486545963984434 0.0917242384201359 0.199832821807368
-0.0752395576405417 0.914996247585653 -0.619969764058117 -1.80404390474781 -0.611172177728283
-0.942107049896746 0.198314625711882 0.352028233734113 0.159157056728685 0.278179282821859
0.513372201824304 0.568072421441669 0.0630645680896029 -0.187528354320054 -0.543898260305001
-0.717415100223861 1.16723124598715 -0.0917197592890599 0.908408535206489 -0.0192660535848033
0.237043305121753 1.47724754455716 0.875387086613656 2.53575028329551 0.191514866710435
-0.0363068261728903 -0.252998066382972 -0.526175171893642 0.244149504702607 -0.394816504350042
-0.152557857662459 0.304879574065719 1.30686633895127 0.736849679747256 -0.437810560185185
0.421063197896963 0.781024596564984 0.479974011592511 1.01805701741606 1.24138878328429
-0.503333228440228 0.536439212833819 1.22304386331252 0.488880795197629 -0.317714140841519
-1.25426984975072 -2.22262547741927 0.181970206234296 -0.277167597785078 1.1127430141218
-0.210282365005066 0.738856350565824 0.317466270619345 -0.549699333480903 -0.60280846515294
0.298654659905131 0.183458519024541 0.430112812218441 0.952762876820932 0.71520870806136
1.39628172978821 0.0529150560930808 0.0729656055125596 -0.700908868244025 0.405429633796263
-0.640617386430671 0.516873189730761 -0.059331863165687 -0.888504362122027 0.413254533255314
2.56310187769573 1.41665318156089 1.61488387130854 1.38065026379421 0.898275483726653
-1.00106567664156 -0.385626880776679 -0.379121281440527 -1.13894205195725 -0.956335617546425
-1.23605588872727 -0.911941317351676 -1.30604776006729 -0.00255585385488685 1.13863080893374
-1.41738916424246 -0.261144132496047 -0.455227270623595 -0.677622837437439 -1.46322555282927
1.18105970134323 0.109672362670707 1.34892441640366 -0.182514034970145 -0.685475379419494
-0.0140898951475653 -0.232951081695959 -1.12498510554522 -1.43035322554384 -0.394253403983186
1.44682897782853 0.335024931986387 0.68901293831634 1.38546794408986 0.434520820225683
0.244018165872373 1.52853140113815 1.46551131300396 1.47407349820665 -0.00996467559696114
0.099900210232287 -0.414519386109971 1.02802775754124 0.217569351940558 1.04873233849977
0.22153290789389 0.604037945148128 0.0916603329210266 0.343364402817028 0.185692036121536
-1.03363177896026 -1.73735310397171 -1.18431231523537 -1.37029676735917 0.77260107154488
0.586426562952783 0.958397472037831 0.797633384450232 1.09380789497051 2.34121128904851
0.797885387230401 -0.240843031832685 0.386661383877465 3.51626490050436 0.586275605023538
-0.0214396099837923 -1.60004383702291 -0.106443013025347 -0.574250424916582 0.804654533092012
-2.93889528903403 -0.922435932108243 -2.02809241172338 -0.332821403869517 -0.714279083723539
-0.0769398731230351 -2.04616595802131 0.0651309101764559 0.402829919303612 -0.947902565319204
-0.338000608081685 -0.628458162274567 0.209412722796155 0.479382037601414 -0.694313996171337
1.54659315954665 1.12792556028062 -0.016132366611829 -0.695853463865696 1.41603028005802
1.32442083412742 -0.542030365666663 0.7094370379237 1.00192170479404 -0.28682936361015
0.813584277844478 -0.275914360688634 0.037095769509845 -0.51164345446677 1.50489884727876
0.717610235108442 1.66934649569071 1.76322503895185 1.20321833491198 1.39508716836056
0.254085913713769 0.761398538824156 0.551508788949626 2.07261195239172 -0.0780974428372708
-1.25565909132457 -0.696213000564422 0.13461180812062 1.30853757791133 0.272164447629797
0.80808839600004 0.321080543296797 1.80763867564233 0.983857993573977 1.84752903984992
1.04462264716509 -0.352236836640791 -0.396432232080203 -1.29289243836197 -0.581809289602091
0.0258575150087283 -1.26719170222673 -1.37844085938885 -0.569308038274676 0.771642057755983
0.188218540630734 0.217144569218649 -0.047255826450588 -0.950200158895989 -0.666672170653504
-1.17857764815998 -0.0567949695171884 -0.905847970602799 -1.69343577977721 -1.38985000241055
-1.20854591519071 -1.41507497056901 -2.15489651578288 -1.15032678973674 -1.4092971209727
-1.31574553521846 -0.848133960319665 0.00663934553515853 -1.37018624225419 -0.272048925183428
-0.211208765810809 -1.23081940199781 -0.337401281633644 -1.47887509403641 0.11797903917045
-0.835441220734838 -0.67528215859112 0.204666203681459 -0.924374943742743 0.0712443793234021
0.602677364187558 -0.331042035869633 -1.80475648951538 -1.51603438498154 0.41371530609316
1.047918149101 -0.869065538824259 -0.88385107920068 0.0274294680142986 -1.12490835561298
-0.434319640206743 0.0604959149581158 1.35432804895491 1.4242394419662 -0.496456642133494
-0.92173251726768 -0.98522864254509 0.700558493120416 -0.630283687921186 -0.0759985875672317
-1.18476285725199 -1.99922383030855 -1.35261667811352 -1.92491617112873 -1.17972338856838
0.316897538305022 -1.29238624912308 -0.46944963351129 -0.0128263516535498 -0.888217243840828
0.459770919046484 1.87751038221545 -0.226596981607594 0.482759731809106 1.79701520464595
0.292070489998002 -0.896177050287524 0.311400702782238 -0.0471033063968188 -1.04300569284414
0.717466190962553 -1.2129096181052 -1.12190632189218 0.33151844044508 0.291054722910318
-0.571714473716187 -0.803542739149695 -1.98806763681772 0.318478545825622 -0.21493106872799
-1.53634397268768 -1.67346439743206 -2.54063938498248 -0.577794992836256 -2.04031896834731
1.58893940085167 0.508336021993099 -1.31157453685202 -1.84685876481047 -0.763801372450545
0.0523676068868342 0.68932147107503 -0.132210252149251 -0.77512662009944 -0.65773760513515
-0.0622638533800683 -0.320382566930553 0.22266775929296 -1.10588890179447 0.781586144693653
0.383897141554225 -0.415839448518523 -1.19256340835692 -0.0170972798575437 0.502340330603877
0.0253387419840477 -0.0351234742148147 -1.88636100668069 1.21752420160644 0.98552627517709
1.26145422536188 -0.711832034847976 0.221979079866415 -1.05083135957998 0.0858363694309334
-0.0500455286687222 -1.10053737669181 -0.840642775467576 0.470315146809895 -0.527936526023278
-0.536659014532185 0.726105543194138 -0.440413096762983 0.325744674696018 0.884717875257399
-0.12588794621239 0.448758477119902 -0.144566744385709 -0.732578807377331 0.169471323821516
-0.318486890013577 -1.43563858846495 -1.90546499605709 -0.0856034846529482 -1.26939209293005
1.10936282187393 -0.27448931123267 -0.738678362151555 -0.347809116740416 -1.69790982675579
-0.0519942089376333 -0.338232269342664 1.0155561281337 -0.396251418500691 0.424355622973514
-1.5123825734742 -0.0148389956469428 -1.09443546016521 0.427384587460314 -1.2510022145344
-0.921532415995108 -0.514166931894092 0.0100749868295876 -1.35909847099919 1.52140290735505
-2.04821577935817 -0.354259343531958 -0.11024607079399 -0.344262766744486 -0.177697017746378
0.0255005064922114 -1.58042454610646 -0.477173988456271 -0.0127883048513481 0.452210620116027
0.561238077026317 1.0690670632272 0.459469113712133 1.14844229141838 0.588032126096034
-0.545150837945944 -0.130637808328148 -1.1039275662223 0.0310004045213859 -0.284485647936602
-0.794169877248131 -1.21362143169008 0.483171050269708 -0.358774935980254 -0.877369855312318
0.124455335494289 -0.484573462826035 -1.56698121793592 0.0947918898484647 -0.981979592215877
0.541873761410201 -0.00477320628930226 1.70307009168135 -0.396740777856716 0.703031211529436
-0.833962504094124 -0.796935302559842 -0.807047062988915 -1.7134303688489 0.351496747202998
-0.0988449771317831 0.524687605987309 -0.319914186992545 0.00530819165924853 0.0167608159507185
-0.909320364560506 -0.0883575725587784 -0.515808679763657 0.321698990104617 -1.26930962880783
0.341512547309439 -0.926741671341604 -1.63876673869512 -0.548670254233513 -1.44109253599122
-0.969677499782917 -0.306600070046849 -1.05323562176312 0.392631421389786 -1.12847640201517
-0.871163074744169 -0.720429876120438 -2.39338555047352 -1.62334974807594 -1.27053156249623
0.640540566926434 0.673422651369805 0.868647150460093 1.74233275641339 0.864881227453752
0.018029969309214 0.154490430914639 -1.98737553665384 0.340165533752272 0.146899104187878
2.3773592576997 1.20584488967533 1.50278960411782 2.32431002962975 -0.0851628269768826
-1.35985773532575 -1.39644301093023 0.0631825863788453 -1.24141638855703 -0.353751017836995
-0.810939324066198 -0.541939451931082 -1.36659967336335 -0.694152461396807 -2.24214708435276
0.615430708873725 0.730515044783863 0.644268398914706 0.508868012307806 0.147544727153728
1.57290725752608 1.23065315448027 -0.500520344371779 0.119112536742705 1.10636967296548
0.386912674106173 0.312919790468955 0.436501998740982 0.602519998984714 -0.340543319899687
-0.821680888580869 0.749657714392607 -1.26637410192143e-05 0.746315851550684 0.525905684968573
0.186380735266708 -0.280360400707405 0.506367765873674 0.405311415384776 -0.349743390158383
-0.547715704486962 -0.735564124005247 -0.417517035187006 0.384310029536858 -0.386981735867123
0.570330206859537 -0.611071541993106 0.187255224054723 1.45926086810427 0.231160716725282
0.554305228174096 -1.05382289594955 -0.729728749127703 0.940986255736907 0.348222910459413
3.06306205723224 1.70217202894057 0.462572033333748 3.21566418303695 1.85000946611277
0.375706663683198 -0.191418915561748 0.72395759264564 0.243453361896263 -1.27957807912421
0.132318090296955 0.794498716847908 0.151196011600848 0.352957597763504 0.0973395482175403
-0.284834606878287 -1.12584595537736 -0.69824747360252 -0.291392682338178 0.481678958987414
-0.718807190752512 -0.1798720805173 1.56154528537653 -0.764610741707024 0.641641538903888
-0.0380206415261047 1.7626447761006 0.0332476009442781 -0.247265201374906 0.741161253436224
0.767933453530067 -0.0987275521251764 -0.667211228513047 0.0419758895284343 -0.297834891545965
1.69984771054134 0.475714758974097 0.977922941689513 0.463311348565878 0.837449554831633
1.61527295588883 0.470292628500627 0.294169655812501 0.523325803488621 0.820892758691381
0.290898762892018 -0.415328875727151 -0.25070120237278 0.322693948351272 0.287990107403922
-0.255952897411402 0.358276809839447 1.23968190960266 0.420617613936323 -0.117560845614131
-1.54831158734388 -0.400575841894129 0.952402174144063 -0.553397700698039 0.471074122058142
-0.471852600052337 0.724010902530029 1.38668283018936 0.723060516323815 0.0514261090920439
-0.91968088166962 -0.891683412011737 0.421812048917093 -0.940397545012301 -0.298755889838821
-0.000723451761033667 1.54151378834652 -1.19890424467559 0.732192669510887 0.828834141623018
-0.916188906369653 -0.557403227111702 0.89845176394224 0.206649481417722 0.196796067535488
0.121813144153887 0.435147530650283 0.12135609073717 0.753973154180574 1.20443861623299
-0.242863678669142 -0.423697894362907 1.05411716963918 -1.1656819676265 -0.699241310006965
2.93176297590564 0.424930299255643 2.56435368798646 -0.0695182476947068 1.23677965553116
-0.701822369867123 -0.487307948676103 0.11777021131441 -0.656319595778146 -0.910848843192784
-1.18979501987214 -1.10727793536754 -2.08747448707906 -0.3316116318968 -1.1236643220114
2.0056570757813 0.049846964362855 -0.0202344434617442 -1.56723638558111 1.04319891814941
0.217234573508346 -0.423714732619702 0.391193172352589 -1.19738169816492 0.733786139655502
-1.01596500127435 -1.77911275472222 -1.66400945544615 -0.604901943911335 -1.40239830508215
0.426011728119221 1.51465176608715 0.27005975766189 -0.623257955455992 1.50011845799738
-0.781054732052353 1.75915098809177 0.871174065918049 1.04564399069898 1.58170770240099
-0.869408314860371 -0.760599668275115 -0.930778881450806 -1.02597354868149 0.682753236566613
-1.06478246456012 -2.38192220386256 -1.31295989465842 -0.51687193146566 -1.98192124425928
0.883205645278823 0.962342705844417 0.0501778381593938 0.944086540819747 0.0673353643919108
0.258096545187208 -0.62410828696558 0.525591655364885 -0.533864365065899 0.184134658804108
-2.84107752884308 -0.0886395701689149 -1.5225489732845 -0.397780213185392 -0.110964731594432
-1.85161210527665 0.235288095165094 0.316307840239766 -0.271555390616394 0.160421518339963
-1.2923240906546 -0.320166756339354 0.847955548019628 0.144105140012604 -1.29943012325292
0.400883640803927 -0.242759811308528 -1.5992485419712 1.67159173714391 0.789524619488564
0.653462236233955 0.486278257227236 0.760132975166939 0.762464070285381 -0.340589632117485
-0.794703980138301 -0.369970436915827 0.415839647462057 1.03398819442154 -0.987030301087778
-0.322549244788824 1.08010931604554 0.735615735390662 0.624882739426202 -0.289533074617831
1.63253222148715 -0.503439450360904 0.455948449862261 -0.420885820403326 0.926151464296591
2.30970011359402 2.18186557019098 -0.188864570854887 0.727543933052232 1.24374970777473
2.21091882470278 -0.0862765789310918 0.299585520482691 1.25589420823174 -0.784439387225615
-0.328901453000457 0.241941566367114 -0.859247530183747 -0.752104257199262 -1.00166946513384
1.37815564863512 0.107545284113429 0.757563723539543 0.651816488359716 1.18361064220225
0.112928963728564 -1.29642307219824 0.0102662812167242 -1.49319116433336 -2.02210456317372
1.56276693076588 0.663829290151643 0.201691488599878 -0.701788568017607 0.708054074545005
0.587563226001959 -0.769329016014417 -0.965246711565665 0.353377058333062 -1.17768020115818
-0.975104076756904 0.337783886587159 0.18287112063785 0.120109326657681 -1.44629255962927
1.38869033782532 -0.945020104759088 0.169358037741589 -0.185333363555261 0.877263387921216
0.564637263428275 -0.932810304152576 -0.747664775051282 0.259350780541731 0.753077214695707
-0.1750233735573 0.100083434874854 0.118249839361406 0.354140293383669 1.54892346754095
-0.780450699703795 0.178234350586999 0.601713698186076 -0.163257632489727 -1.22756818848287
1.65622568990526 0.197423859261473 1.00544567963136 2.28508965378487 0.335804320353062
-0.443712390413298 0.174745916803347 1.75073505082072 -0.096122830280562 -1.39825445748478
0.588110572278708 -1.30817394283631 -0.124471945493418 0.0450687572533375 0.669519581364706
1.0906939094013 0.996830278768148 0.961181169328544 1.13024551676137 0.983768237477398
0.491209449002343 0.0471335394227463 -0.939860254367288 -0.644091226737497 -0.123319225991694
0.679762212244495 1.23432258367623 2.30452700513493 0.475941985427614 1.727698267165
0.236678753367888 -2.06905439990411 0.943141726278739 -1.57783157907535 -0.178888941434599
-0.626214687745473 0.321116649206187 1.20596687333362 0.466640406670758 0.698583965839163
0.999467734913133 0.814330945338728 0.287088855781462 1.8554158541313 -0.177414083176971
0.243480249201735 1.65903370022665 0.532021690260866 0.298530639210877 0.291896637549103
-1.52058596197862 -0.40309327504652 0.296629256664471 -0.120183572949399 -0.866157443765515
0.144658593713565 -0.48481117379455 0.122370709388483 0.13507919658076 0.895702128714279
1.43567155689998 0.556777708378103 0.631454254724851 0.692034449924059 0.686211865850289
-0.341962690327149 1.01348028360216 1.19209034687147 -0.797532987558598 2.02988221851325
0.496359235248193 -0.209257113567462 1.7666394334642 0.631941464221983 -0.286894232509015
1.18211643625647 -0.695635913480204 0.43247570321615 -0.404083237301419 -0.0424793756705908
1.66081641738628 -0.619823285755261 -0.227072613935874 -1.16199480491473 -0.100710742196673
-1.51716055746749 -1.42129798030004 0.00602078690767734 0.0253422985222235 -0.323991592618174
-0.759443025040228 1.65070805588197 -1.16294576854019 0.11716867287469 0.684643400963328
-0.435636947300524 -0.282066372927612 -0.464967281542234 1.23130112336875 0.605801063830486
1.06026203245276 1.64216913334774 1.22510628362819 1.67332265421091 1.99282405684611
0.308233013761709 -1.3472940402828 -0.818997914205453 -1.0380351092148 -0.0425486828187892
1.3811041906592 2.20344395042135 0.328494631343296 1.6251635077296 -0.317216173451987
0.341268664814108 0.328077684455343 -0.735868916139966 0.704794962957836 -0.848975152170597
0.0460959116052858 1.7768023280548 0.351312328296088 -0.0531941683198246 1.67300254062518
-1.07692777996966 -0.211900843543353 1.40317758850586 0.795578207530781 0.568310019447543
1.04299908590174 -0.428281807997176 -0.264128171135403 0.86231267138695 1.19800822894234
0.0498300913701546 0.128413939528291 -0.162528714276498 -0.32189129287087 -1.05295103909875
0.462203758454396 -1.00503440023941 0.535311044431999 0.732597083549292 -0.225195614739961
0.849773728537629 0.722347719481832 0.546048347330635 0.296988643245573 0.284853505456023
0.00661912385356145 -0.320366755556095 0.0818965775611778 0.125347910984234 -0.699711507808945
1.34292554959461 0.663484572551077 1.0174029924382 0.526114895544688 1.77954343873809
0.513816491027769 0.0417177264074286 -0.386039539769516 -0.587527601362355 -0.779135725095163
-0.445145032945616 0.119987067034881 0.275743816629842 -0.251548885541912 -0.229664446242479
-0.251732178939765 -0.40787814609797 -0.696119638782452 0.458423647882509 -0.241216893626846
0.779808750666282 -1.67187669415259 0.44330040925061 -0.543691782865012 -0.855602540693233
-0.0291621675585008 0.22952099742608 -0.104334703909243 1.68107978038573 0.731597246704118
0.16967511440868 0.893426884439439 2.17794020449741 1.38066859938926 1.67879318145821
-0.614398261065469 1.81894570681394 0.385052702477967 -0.476803665147255 0.620758908959724
-0.673995105947637 1.04571879976061 -0.318713322618102 -0.0920930604620405 1.20158630748752
-0.598531143720561 -1.03365781186936 -0.573646136754675 -0.0841100605635969 -1.17177369757603
0.140181192678224 -0.970705335707255 -0.520307123600777 0.234438704595271 -0.342678846539764
-1.23223619130588 -1.2939399950249 -0.593415673566761 0.0905099313195492 -1.05962121551411
0.994584542047471 -1.05219389163072 0.22700819985457 0.993103264158162 -1.09278232266408
0.0754359464045148 1.63932650530359 1.53686255012992 0.582564399758168 -0.205012697881515
-0.79021952636154 -0.0736521857646188 -0.644508250842622 -1.80503192642664 -0.202110464276894
1.43361940008565 -0.579962221027318 1.02337529690145 1.11419018862234 -2.26497445107626
-2.57701594370754 -0.341893989673894 -0.927848593084988 -1.02138040229214 -1.54433513227482
0.123121010263394 -0.269976456617573 -0.212109379816301 -0.387392459976387 -0.659484677712426
1.31662253059019 1.72560801153215 1.51552051041497 0.524697842935206 1.44771700646778
1.57408149136908 0.11764073656018 0.92538336312391 0.131232309777159 -0.446116688479861
-0.219905971205388 -0.0099211483818977 0.386706118284045 1.52606544237088 -0.371095670781158
-0.480600780907374 -0.0660114656042349 -0.368979043325883 -0.0911473271450168 -0.650412182192171
-0.884389335032587 0.714555778608631 1.85358607770277 0.218183000731656 -0.631828169885352
-1.53299032242963 -0.977189271712696 -1.29003146187778 -1.10643422957013 -0.769439146693623
0.570483974927804 0.302659945971545 1.10156438937772 -0.535048034789223 -0.372090626745121
-2.18992164275551 -1.23290564050199 -0.787272707680563 -0.877517196102938 -0.350275002606377
-0.324954559617526 0.799976886055936 -0.598012724804582 0.292852105765984 0.279288275595301
0.46326991231189 -0.163367468273083 1.27900521802203 0.305495377785414 1.01729299777409
0.217717200581031 -0.836573856288806 0.0621791220047954 -0.264695638615998 -1.87707057936894
-0.0256095532621952 -0.142962050000458 0.531096544771337 -0.957264958153524 -0.235719370971401
-0.27400358058907 -0.964444951936351 -1.11319294139518 -0.818365714072812 -0.392599402428545
0.164978734264382 0.36548806219159 -0.0870585414187368 1.10753631228303 -0.969864073581622
-0.217938762107802 -0.460216557307745 -0.505223999401702 -0.659892672025313 0.633549289728389
1.05472181605917 0.401947411024693 -0.742764337593437 0.804037410808989 -0.221830120878862
-1.55424245100484 -0.691642055792253 -0.324005688713259 -1.15551920524497 -1.16688467804316
0.217728093503546 -0.326783409121319 0.401205548745338 0.768800898389458 1.10537743411686
1.07873208767766 0.690611821384681 0.681287564375304 1.10960694027541 -0.838666118016125
2.08167060321579 2.77038869298426 0.396086996893006 0.0672866034326382 -1.73647476995086
1.48824334537183 0.595652554667916 -0.159643623524343 1.11705644486835 -0.864583804731466
1.04692052851139 0.1124130770862 0.985486252119327 0.758399988067644 0.0281157294578185
-1.40248984929009 -1.01360415135891 -1.54452045643016 -1.00365359249249 1.21450836960124
-1.39629689343525 -0.255744970756944 -1.27169292447198 -0.601072208693 -0.496644529960075
2.63287306804147 1.39149542364879 2.32425176065223 1.12742551465355 0.553347753479342
-0.303154226221666 0.830687105154062 1.24191096885129 1.2106386748396 1.02002226494211
0.519086574014513 0.331205907983774 -0.45121699948251 1.48085839027261 2.4242323785698
3.21151836548553 2.8372861926141 2.78747399053245 1.76495080367414 0.986958985118228
-0.370869777716588 -0.428730634754118 0.212133196165299 -0.0168071925375226 -0.30011314936838
0.163953065375113 0.306886639234328 2.55093426003209 1.94375686757534 1.4507520138334
-0.304659589269343 -2.08112419579816 -1.66718839441652 -1.97654173751303 -2.35438015892397
-0.596847128289946 -0.762691843955058 0.442019986951609 0.995620354159098 -1.08543769872733
0.561755132761806 0.157574859708152 -0.297417977250676 1.74827482068328 -0.45779965232536
0.583247517869637 0.844559517877814 0.325347333410359 -0.270641572525892 0.721267443439571
-1.24615782987955 -0.00085705598034963 -1.45884673934664 -1.44277058039208 -0.669328750463576
2.53778753817297 1.1795339589026 0.884533018016901 0.472066171214227 0.770553271988701
1.32010073333521 0.733155758149441 0.995219960972271 -0.203133460033252 -0.789528261519377
1.24761814975129 1.25908257455202 -1.17764944378535 -1.05075457550575 0.554054963141457
-0.123700705201311 -0.044292667862436 1.31541902731657 -0.496386094390867 -1.34134085456417
-1.6306736251188 -1.65170890428585 -0.75202880445539 0.604638379404381 0.93722116740327
0.442968174514151 -0.101345328231865 0.136312926953341 0.25226345450821 -0.6902175620361
0.828117133666178 0.602060757471299 1.42644485821638 1.42384340246216 1.89404836307523
-1.36233411873989 -0.880650243861377 -0.529141287556863 0.215112652029776 -1.32025182909163
0.495910767299162 -0.991153225228934 0.820618299426359 1.63436694825547 1.22313007571636
0.980731489932827 -0.770395127218214 -0.914765078769018 -0.654957727560202 -1.18472259409592
-0.0522112736103178 -1.15991254765862 -0.428668532133119 -0.567567274188599 -0.931148359511926
-0.325500327101921 -0.170710651490463 -1.02415719291267 -0.198122378200664 -1.41932171139753
0.0979094847894593 -0.238048849124998 1.90456975529257 1.25083972932522 -0.252438502970847
0.356155277252103 -1.32087343179398 0.66191767382295 0.824780814798977 0.983012457792982
-1.2825142947289 0.814490710728666 -0.999203587974451 -0.27888934730136 -1.03994663376124
0.242788284237031 0.773971724609159 -0.0393441685133369 -1.6473783872545 -0.157967693414247
-0.998724733422518 0.729428753521854 -0.249686496079347 -0.197917785994177 -0.180960346144419
0.78581161046913 0.473283777090905 1.0155618916777 0.273367387828491 -0.182547464583603
-1.66112948929893 1.35963333090146 -0.368573810127602 0.513081305724217 0.330953809394713
0.0180724721245362 -0.276813586960142 -0.92324799060008 0.36309060393046 -1.86420344071006
-0.397353283616262 -1.0064051922956 0.402583259195588 -1.07598559358468 -0.0506439740706299
-0.81432698755962 -0.66079578154925 0.471660172940732 -1.05951745773838 0.789351856137667
0.985798806987176 1.01625856037464 -0.553601261262245 0.344933545382425 -1.06918533085579
-0.759223176860059 -0.658342207469553 -0.676874885011573 -0.802786354521652 0.131991148455928
1.42360588719487 0.0979459374288503 1.01292794765229 -0.597384264533299 0.65654486918759
1.19757202644967 -1.55259033710556 -1.57359968648391 -0.0709936558578057 -1.78850778815353
0.251515526818315 0.970805165000365 -0.346565414266164 0.968249004516846 0.135560913822659
-0.445296757734116 -2.71393287124967 -2.18820475994845 -1.61108873787139 -2.09023198973669
-0.399610574877562 0.678175373237012 1.34009005706253 0.601049767022852 0.545356456392977
0.610025804773086 1.64002547912694 0.376462373020449 1.30305971757998 0.483196809465768
-0.976381597970955 -1.85862274371636 -1.37209945933464 0.352516331562377 -0.961151075563195
0.639158457103229 2.02869486287779 3.30585621994389 -0.816218711609469 3.12796415939702
-0.0199183340051969 1.86655920540944 1.95436759967272 0.535857247586005 1.63727072160632
0.783666478225985 -0.837967993415974 0.790422922671106 1.01018059748627 1.62519383308958
-0.225803929717711 1.32665880949499 0.132782981255985 1.34601454583347 0.308032239997141
0.137464773825022 0.835809765265537 0.356308205661462 0.882987406077248 -1.29458205275699
1.79779408290173 0.428596253236897 1.17752766151336 0.00878372923508946 0.743662792240584
-0.392145895683113 0.275436685759916 0.373651293300512 0.571305480872204 -1.90996094830947
-0.0410622824396039 0.427507746431866 0.988372719997957 -0.194941468844088 1.10517505225299
-0.479002781916548 0.363957741413322 1.30348722624127 -0.653212652421328 0.170475246501526
0.46681007861723 0.486337602260878 -2.38781586800219 0.00443281807450734 -0.916961375399874
-0.416355060772812 -1.38086943645567 -0.936576981152419 1.16778414315166 0.0742870892819069
0.0830111707083324 -3.41308011965916 -1.33548884942372 -0.0978817274176599 -0.369807087426901
-0.774562241767609 0.609854983353846 0.28349252227719 -0.139975646638307 0.687718404595611
-1.59766389580327 -0.481492078398107 0.0819550867491742 0.687040935236768 0.142604349515564
-0.456684632649773 0.391252423777349 -0.229125516495913 -0.563554975793796 -0.928000523389633
1.1074004811962 1.06791385906201 3.13110619576602 0.0975383743387644 0.249765744512155
0.212118018876677 0.448555840661582 -0.560584446769071 -0.11031047766049 0.49310562281084
0.746295505552177 -0.582808008325035 1.01076286293968 -0.158906484346449 -0.931870724825578
-0.228879160497423 -0.0473274125824888 -0.060956030573619 1.08650421807587 -0.603964663976031
0.500136443710299 -0.425869516006528 0.766420880029067 -0.62908028044312 0.456509678616147
0.592650142081846 0.608204503092559 -0.230787646655656 1.40497718022832 0.511517738666772
-0.647859033002047 -1.03995203303516 -0.229405210511588 1.01853288481955 -0.372528747250205
2.17082212792611 0.389692793321213 0.569815679045713 1.66546453987242 0.251886057080337
0.67558332137273 -0.0371954921563934 0.799996491225112 0.402354725354435 0.117779066501298
-1.80785080600923 0.198929869178763 -0.0448381371161253 -0.815861435586201 0.239094945277979
1.04196432653803 -0.796092078751473 1.6691220253683 -0.24649267936371 0.0804563388967279
-0.603268320356113 0.237853260743327 0.108750484883188 -0.343826270779102 -1.20773689626069
-0.113016193859687 0.40731966283746 0.809633277011338 1.34280156261444 -0.853742971795888
-1.28256355712814 -0.539026908370109 -0.668319035817321 1.7270903191259 -0.67510508846241
0.41821020362595 -0.278824181981645 1.83946511989028 0.68333606387959 0.417541761178408
1.11781424604751 0.00969326128401241 0.014046115385902 0.78093810912029 1.13694265558021
0.832438032860195 -0.127363313309017 -0.0171371342580911 -0.633046254703665 0.680509105815093
0.693642620680621 1.12276352164598 0.315004813470742 0.0245571964559417 -0.428368264092892
0.113797524958927 -0.374982224912973 0.675870583893405 -0.0316620708696077 0.618514102548062
0.18802897923029 1.86263406877154 -0.322396183198831 -0.60635576750459 -0.098401714190955
0.27537751827354 -0.667959431447195 -0.124507327937469 0.378470512081996 0.348393529641989
-1.07138227258308 -0.568723892175889 -1.32947534443593 -1.55193595564831 -0.988541285730222
0.485700427562375 0.665534475151068 -0.875310449921022 -0.250166712101764 0.541605629440867
-0.440812465792266 -2.49423621258173 0.500895612509972 -2.15961286708783 -1.13602242607836
-1.94164693351784 -0.407902334525001 -1.98223880468244 -0.864053572368159 -0.562459934964501
1.00922475711672 0.435619767705894 0.0521381737734072 -0.153354332020824 -0.610021597883005
-0.637560381820932 -2.04748753726594 -0.706350211155666 -0.594780717981244 -0.335509983253425
0.25976247512112 -0.704644743421905 1.69341547272302 0.354196341803877 -0.0231976126209269
-0.0620490000041231 -0.27285508328846 0.41948693113549 -0.273913122771561 1.71720330290871
0.503741186971485 -0.51756938906695 -0.0489205818896402 -0.129861688317481 0.917097379715043
0.939182188185853 1.41154854066443 1.17909071080254 0.190049239882097 0.344304672338147
1.36634376970663 0.0758754898082475 1.45540087308548 0.949471474536644 1.10252320141261
2.24895110352541 1.09363387805061 0.694051519463399 0.500110819287587 0.183278518969039
1.00825498661081 -1.52463317463699 -1.96276898441177 0.305051635373571 0.0341483399652646
-0.9188630850721 0.0899408010834732 0.385331394576787 0.807923267270887 0.251277408550368
0.904431854906384 0.905679977030124 -1.31010204686546 0.219835296921504 -0.454417229015384
-0.241265726714104 0.553071907816942 -0.00861598121172655 -0.600098354777121 -0.606812915066682
-1.04367258707189 -0.632107694054611 0.132310597313937 -0.712372984917837 0.289253675309683
-0.0464062995334201 -1.55752558384008 -0.540178744649475 -0.796999668284966 -0.249492516227799
1.8006958216195 0.106521108624964 0.710469674181267 -0.260340867392679 -0.228772190427738
-1.14083385163959 -0.293192201151928 -1.00196105704273 -2.42383665714205 -0.651792016762711
1.01046980743699 0.812296189894469 1.44993291209115 -0.70320656735057 -0.467034856346618
-1.21638751524279 -0.0802595922393125 -0.526041771884058 -0.652080095537615 -1.86655450524845
2.13698720994647 0.466490522471238 -1.23357403562812 0.800028365261119 0.226830006775754
0.983403495992974 0.917474220030652 0.550513189581206 0.150091819269922 0.322215306714721
-0.300855107758622 -0.438120098800358 -1.16503852240353 0.390279814605752 1.49315115558046
-0.467152540404227 -1.33715077128106 -0.947402950597537 -0.474806855372002 -1.43194949047695
-0.594490601143252 0.0185791520195461 1.01181835986636 0.350138408332211 1.351498042534
-1.0258181381408 -0.38973945748151 -0.581727192067585 -0.189564119469973 -1.34812121111322
0.602221809514013 1.83820480607799 0.138873680259489 1.92086088529113 0.810804792759211
-0.780092144282844 -1.25918364595974 -1.75384156390154 -1.99147665602782 -0.434551669456236
-0.0450053614946064 0.675761919433026 -0.12601914939118 0.420672630344123 -0.27991394063187
0.384612393417499 0.0381688714592313 0.0272138463020964 0.994086200773306 0.340776373074965
-1.43158420475217 -0.373773868596121 -0.230366998831715 -0.481491690996529 -1.06414637827918
-1.20113334352471 -0.885358695086214 -0.296201316807587 -0.395037910011025 -0.456080609431971
0.230886470510631 0.582265732013197 1.3143479201189 0.655300615736344 0.639493983626061
-1.13867756809267 -1.53101707133686 -0.159191657145013 -1.11008014364154 -2.7763465143104
-0.817855702704533 -1.21349893645163 -1.60970274031449 -1.31479287377871 -0.20176751262618
-1.35953682823985 1.95635077120354 1.76413187964516 0.925225639447549 1.1774125883047
-1.01226030925539 1.27089105893905 0.212898499300497 0.160962656331882 -1.12735220037965
0.081815122625185 1.33971811516771 0.623115794366668 0.795140026226305 -0.607266829573497
-0.861444796708004 1.78897850959426 -0.281976609968061 -0.121441139297524 0.287248132057947
0.87931127839657 1.19795880765633 1.37887688017287 1.88232028730649 2.09492836663672
0.404276325832501 -0.649217536427985 -0.755893888113225 -0.847268115059987 -0.489861623325647
0.0795527958583613 -2.01406523316507 0.0316943814945739 -0.792565166839636 -1.76611281194199
0.344485993560601 -0.599352784837917 -1.70433756458745 -1.76211461992116 -1.12827848278003
0.241804849644157 -0.525417570937638 0.0337265011674371 0.680010788326252 -0.772925547966168
-0.274007057704664 0.922725232501396 0.605629300095959 1.16771927970862 -1.30741449246549
-1.2949495280295 0.416795128322571 -0.691504017435915 -1.10485960183051 -0.27202548736574
-1.20098538084816 -0.605198255703837 -0.207588089349314 -1.68123201779002 -1.28083487280516
-1.0283358919596 -0.570834317365744 0.0434374071140072 -0.753954183684995 -1.33663722091147
-1.82358510547589 0.355194121623537 -0.586986669394967 -0.0613854293484424 0.252804823748011
-0.314864983623433 1.54905540986966 0.404756292355691 -0.11374118324486 -0.107628354244542
0.34867571506233 -0.336448879474994 1.85340714195239 0.427825900312283 1.06950225848381
0.0198153990794007 -1.39666347456626 -1.27547121769828 -1.57511798490312 0.80682602337196
-0.325172840840772 1.32890536300132 0.348661286697695 0.890610567633085 0.203533382969556
-0.486137537367532 0.21029535666696 -0.342226418291036 0.292543100469712 -0.480439854280905
-0.0766990263183542 -0.557352274831179 -0.0526866920335603 -0.537269573173951 0.736250375119075
-1.95426501539931 -0.298910435205213 0.876122492119965 -1.06089863567616 -0.32169640325683
1.24088699978303 0.251362060255799 0.497914130347283 1.8103584512977 1.44937265569482
1.25656845141602 0.246848359705633 -0.143562145905993 0.130026707025759 0.12589128296218
0.216362942874392 -2.13486743980563 -0.519420535812689 -0.527466438804706 -0.748774868179735
-1.98138632628475 -0.862881016648497 -1.17158742305955 -2.9989814911338 -1.31891592470428
-0.968758906282381 -0.231926364280757 -0.874990514632584 -0.665336303625732 0.244876283598089
0.363130187336561 1.85088936762677 0.075064738982672 0.582195984695804 1.28318187907116
0.334682719961087 -0.205140158798268 -0.530697349350797 -0.12889564128685 -0.181957777483002
2.48020076925527 1.47057741396872 0.396193998258841 -0.649100365145049 0.275060049676261
-0.471315827158937 0.14588438439929 -0.0954284772572705 -0.78132833992297 -0.325711593306755
0.44022957388528 0.671157571557951 -0.741981933910478 -0.342306796580447 -0.265200689191351
-0.554270243941942 1.235757640056 1.98612897786066 -0.413338531703869 0.0696084558742182
-0.498380001886805 0.571200651925007 -1.03769096994609 -1.43492473656307 -1.16327595202299
-0.179621196360995 1.31773361744586 0.602207812560381 -0.439041492001174 1.97610166491457
-1.7686512831591 -0.812855324869175 -0.0219929881548328 0.256323302802112 0.222927504804793
0.33602738815119 -0.0482948614885006 -0.218022940124404 0.023400344251301 -0.600462631361875
-0.803405444821335 -0.439708164898876 -1.44358424727056 -0.751876266170135 -0.0476770075902603
0.592906442574382 0.892466523803281 0.811308646734026 -0.419901896835656 0.395527843812603
-0.54292877193528 1.09323413768152 -0.700234437329759 1.14462725904834 0.315842223987188
1.18159802075004 0.159458172320822 0.465542543395238 0.895476130180794 0.426882367138761
1.1067896644813 -0.0775186739775115 1.14728279971656 0.931523371884697 0.628055355747751
0.768967111239939 -0.682114989925278 0.736312118192225 0.198874999606499 0.476512633963296
1.88339022332197 -0.362493139375721 1.72609869200001 1.37416015153975 1.24012690698002
-0.813875385092485 -0.898328416012026 0.134525658732351 -3.06321774972137 -1.76064739649983
0.161247601807714 1.88363297946607 1.28244659886043 1.74582422245263 1.39792031689471
-0.687469213101326 0.31070310368434 1.00072427787958 1.42664713969466 -0.598897526492329
0.586338608026125 -0.0963051953121599 -0.087681021890607 -0.895941833202399 -0.111729114361011
-0.784297277292577 -0.0307851393793903 -0.561656353456155 0.270287547264357 0.0800557050452698
-0.607783384525551 0.532739920437627 -0.14242988114085 -0.537450335635793 -0.248050744684565
-1.28142302891888 -1.04305168147341 -0.142376635039129 -1.37507001164798 -1.87843128884661
-0.99647177150537 -0.336879505563311 -0.295967608096579 1.11994027801093 -2.40925242354221
-2.33361363820038 0.0753481835148092 -1.56370263226344 -0.60590518396087 -0.241995197436514
0.617228228180957 0.892158673110493 -0.324797707318111 1.128659305349 0.44360510603147
-1.08374721657424 -0.492112704931113 0.0141714602920393 -0.819495777569004 -2.05682376746416
2.54315164425239 2.14853359612816 3.24753569585409 2.34327533776367 1.13020364412367
0.00521692048510383 -0.599146412182358 -0.284920163333837 -0.427801179120859 2.49378534564353
-1.32547756882194 0.416558286070602 0.946800112931775 1.90692787993839 -0.56882075307647
0.894393793378616 -1.18437551649028 0.146702988652604 0.299265440555212 0.33296025473502
-0.559440977251263 1.05877528247218 -0.408516864723857 -0.203868916463629 -0.786153129942483
-1.6668462755246 0.702767408813945 -0.514323735373695 -1.58518816750447 -1.35133147837316
2.04353182262697 1.58793035673614 1.47845610613443 0.970382891801528 1.08613705225039
-0.547358373395953 -0.241668649586817 -2.34828495325325 -1.15644934879704 0.667935508194325
-0.62018738660754 0.0938499175324898 -0.0697624559916843 0.666516102838336 0.877072335748088
1.10967040003319 1.16535202179248 0.358172751732038 -0.0150997580161805 0.626605995112185
-1.6659382212058 -1.38805103082994 -0.032272645932422 -0.405619292405217 -1.6003996263404
-0.425421924644593 -0.768096359505382 -1.2243700368185 -0.637462568109122 -1.91653161385614
0.102856989870251 0.271143854553346 -1.81471352510044 -1.29988096116927 -1.39917743888382
-1.76456687441905 -0.209950632921887 -1.67003399856167 -1.21242108653574 -1.25773082456353
0.0182604488721032 0.362362354870554 0.0593160935718245 0.281626255202047 0.264904942981247
-0.065870023247007 1.5592154757241 0.445906315841392 -0.153367074844205 0.279125896416393
-1.4461037344719 -1.98271468430367 -2.18441398784429 -1.07800516132676 -2.25111556016859
0.699239131967645 1.17691460526915 -0.0634440668805033 0.238136875830577 0.798149910961844
1.28281153691255 0.0465040826718907 1.12387836494691 -0.329776423212663 0.253596906421334
-0.553701959501488 1.04564068149757 -0.733317439388712 0.231011740000147 -0.501907434051726
-1.06142768511425 -1.21545273373913 -1.05287962570887 -2.24650906825894 -1.95897302538875
0.652351443019231 0.265147864774749 1.03019067544088 0.546804259670373 2.22489479801942
0.655464913896525 -0.43067710972488 2.3734437564783 1.44531403920736 0.120289798468922
0.406933186714701 -0.757135364210364 0.472724500203384 1.56332809326048 -0.602914025106402
-0.0782795490229674 -1.502335831449 -0.703289736186341 -1.006039954013 -0.306510311804455
-0.19883975971021 -0.33865801632014 -0.807055530448024 0.146204269878714 -0.4993273496624
-1.95576819520995 -2.81297198186686 -0.154439859855206 -1.43610027876894 0.703378714910886
-1.08825939999341 -1.16731907062874 0.412978790072605 -1.17530484054082 0.0562555632942121
-0.921009207700304 0.249517138959632 -1.22009770221429 -1.3662514219042 -2.99341662884622
0.0409167029450807 0.132452629209303 -0.50127793764093 0.387880390484794 1.5420612981455
-0.0345784963857506 2.02985075836872 -0.0436238290062511 0.390647182546344 1.1638520094024
0.17079038917964 1.12293140826552 1.13594917959152 -0.799600647162398 -0.483945942995951
-0.0340557861183765 -0.910992183894698 0.573707718520938 -0.346796890957557 0.194154248677453
1.28263804198005 2.59342857179563 -0.449303106318208 -0.0607275058486932 0.926011990323297
0.576064311010182 0.353975510676232 1.07026447689979 0.202236617186968 -1.67091448958295
0.0470942571265536 -0.704374821833765 0.326457928180077 0.624594329399654 0.462572048307122
0.288293939167446 1.14906460270061 0.458140187811927 -0.823627757422747 0.335832444923806
-0.272622435424111 0.854606069521294 -1.12779801988203 0.30988448467453 -0.886620007802973
1.09804688621238 0.353784958008962 -0.605217882720787 2.44282508845043 -0.476100690830213
-0.417181711074332 -1.33584880705054 -1.29392695863444 1.11167548958456 0.227382265006157
0.459005896111172 -0.442340603934994 0.861359445452903 -0.836461831014157 0.251075174320222
0.262748299341973 0.632174778990569 0.919324102431828 1.15709576483579 0.543109240381789
0.214360862459875 -0.48231074382455 -1.68508481268502 -2.20947714010693 -0.125909431164185
0.583735330960565 0.957970607544291 0.47837557328489 0.183286675020222 0.652218860074036
-1.2190484862272 -1.12066502194804 -1.40755606860949 -0.305526320407889 -0.729762546630316
-0.462757694869921 -0.619204664694998 -0.519749832541183 -0.362366812503184 0.173092435507108
1.1984580904415 0.62182298991896 1.85089579284915 -0.215415038116979 0.235892487407104
0.506212500317245 0.314405637412612 -0.163470981180803 -0.286839201598222 0.518894809451472
-1.15520590680941 -2.38336890980142 0.649175955029718 -0.209866159089922 1.11932984486025
0.217054243061331 -0.334381852173161 -0.571538046150066 -0.19839854717636 -0.586733073787887
1.18449135753388 0.945477141400917 1.86587481886403 0.793948835132202 0.951478507477767
1.50365824500126 0.600603014761859 -0.196473671587889 -0.420922284538772 -0.164191953091391
-0.576454821210291 0.379313884265656 -0.216841914070054 -1.12518275442958 -0.171924065263637
-1.34822754951962 -0.566076758155556 0.211484177766042 -1.27580934837062 -0.949900982139658
-0.466147845728409 -0.496116500194994 -0.614415907615639 1.21163153972924 -1.36535466306851
-0.100295812854512 -0.948502774503125 -1.69975366492227 0.1480836767312 -1.26621635082262
0.530402328483692 0.456929308034091 -1.47524029461208 2.07714979539925 0.70031409043746
0.828901572888997 -0.374093413201178 0.964879771091088 -1.02795600316958 1.68287989301837
-2.16879972428487 -1.12501035931818 0.0419543292505656 -0.732909880750274 -1.04401465390461
-1.82127175214508 -0.26458016994457 -1.20551954610683 -2.10925740960805 -0.800452826261106
0.229822724587448 -0.378559695705173 1.37865862389829 0.358730789969811 0.358938355458004
-2.35341589914125 -0.376609850486587 -1.98935675404898 -1.55418512110965 -1.35822264722812
-0.329405774705239 -0.018308785048942 0.0261350375238493 0.805994937686618 0.32006436866414
1.0797425302385 -0.146844866970895 -0.221865558650313 -0.893429238369454 0.493597196584153
-0.726095908701733 -1.58936222928823 -2.29379448586216 -1.11107248077649 0.161330083730877
-1.43919258579862 -0.88487971214795 -0.940179953256509 -1.47601531943843 0.0283149978635049
1.45159040224842 -0.619090666947735 0.0955534074075885 0.569891656431557 0.615335343908957
1.1129249463471 0.345411780871799 0.732392663034747 1.1123795538229 1.86904637778869
-2.05553431871235 0.04642118049858 -2.53723684040408 -0.214991888618984 -0.980274380978213
0.376500956789002 -0.993970683557042 0.984664708516235 -0.0441560761901501 -0.0670216366938146
1.55400411052898 0.46540623905484 0.881267569616491 1.80126343136596 -0.502357013262073
-0.339526338652944 -0.439846993908844 -0.858510482068779 -0.456938600644484 -1.59580288903705
0.253240990929401 -0.523798180731467 -0.508279147599153 -0.0291867594410497 -0.468242868896927
-0.570127216394088 -0.59178759707902 -1.43924144722622 0.182939032643542 1.11453881305134
-0.486299642340212 -0.214755425352196 0.982046975627253 0.162361063202392 0.682032811290263
0.901992268057125 -0.697250164139744 -0.325284067789502 -0.388893004802914 -1.45873353698373
-0.564814418295179 -1.51581794112472 -0.686470732407823 0.148587849375895 -0.156242824092961
-0.921683241311521 0.0676680248433372 -1.10048212500374 0.0319772663564754 -0.0340545603294958
0.959387015630656 0.574954078882411 0.0245485906295826 0.169159139525764 0.403461671027054
0.550594874718661 1.32637100841319 0.355214198818626 0.696149584711695 0.690574407784897
0.911453811657323 3.08162637062352 1.23108624929294 -0.0539600004046859 0.704071769716829
0.0807315433413293 1.76951718029584 1.43895770028802 1.92748714315852 0.873076018670441
-0.659958606870339 -0.0965643551290472 -0.261681265830554 -0.915302992984227 -0.344884956260668
-0.122883557221673 -1.46899064233722 -1.20302918612338 0.344008338102345 -0.212915328929895
-1.92341227164045 -1.02012972198134 -1.60047148236607 -2.02253389683917 -3.1694494735386
-0.744573744428721 -0.164511907692131 0.356774810573027 2.52025737039853 0.540253680082014
1.82301451872643 0.560332594548496 0.437863248898646 0.464755196359165 1.1349607507456
0.712222901539389 0.877665341431849 -0.400813087000146 -0.620041781726956 -1.43415109590606
1.1064888954233 -0.560852378631661 0.219549172927942 -0.349232010258825 0.846501340755852
-1.19445813535403 0.929462185161088 -0.349339794289434 0.682044869511502 1.4930923983734
-0.312749837771336 1.32605045154935 0.691447659083634 2.1293303714479 0.765108973958201
0.976418066895721 -0.564961540929038 0.774755761768595 -1.81557838748846 -0.225957367824065
-0.882075953819198 -0.143721084324938 -0.737349058103987 0.420140253700216 0.919850841318898
-0.918461635491004 -1.75602551794415 -2.16920044975339 -1.81399754726656 -1.68130083452243
-0.378736087904345 0.0853281742643582 0.625164294860853 -1.70658074321083 0.812742228296089
-1.21858700161402 -0.308738590537873 -0.243625777326738 0.998219986577025 0.600117883729235
-1.76985192462324 -0.59955408050463 -0.691332251058862 -1.75125325567956 -0.108028191862158
1.36453628777829 0.593198345874287 -0.281619816824327 -1.24132019001249 -0.467683774369196
0.165777722238746 1.20582550628871 -0.41395402562676 0.91388627797678 1.20425440315532
0.399516389095115 -0.303379707683964 0.243263334424738 1.00788627355461 0.155471980163914
0.13930986330331 0.43453098493481 -0.420869258811045 0.749596797429825 1.03516315343965
-1.10149965520567 -0.582141582604643 1.25984150171423 -0.488705271103514 -1.28160770753147
0.554258935244506 0.476252284493242 -0.505279136097295 0.385336115722757 -0.00694867251497294
2.17669917670564 -0.106812927153919 1.84083362162808 0.562081597729403 0.279845411303228
0.0745264238103105 0.707849123278458 0.494923635741871 -0.556828505174765 0.176359152686116
0.404609669801605 1.54672077011965 0.170372650022483 1.10926398776087 -0.131357325754906
0.899307976398904 0.433369844399336 1.74067891570483 -0.596277756962463 0.491657673477775
0.250877535848949 1.13273299144796 0.640240358108088 2.08136973905205 2.11126628929274
0.692165270533648 1.0128492527625 0.74376299174057 -1.04008329195605 1.31433143235488
2.42805386478332 1.54729424321045 0.625614107794003 0.241794702007957 -0.644758188780587
-0.512876933675221 0.611688177643395 0.614582241518731 0.867981767234311 -0.417624188254039
0.915468973284623 -0.803437696883599 0.20330628444636 -0.143325560332795 0.314028248629389
-1.18333461683704 1.107878446691 0.705431658480803 1.17547707670761 -0.293674268773768
-0.0734298488487987 -0.0576091067953891 1.41161775935556 -0.530247940136448 0.691274492797517
0.207085879124035 -1.7018352935159 0.998922574476258 -0.430741297304103 -0.555697752089744
0.423602825237231 0.940274086314674 2.19971310848916 0.810294495692682 1.55545109342716
-0.871618956542385 -1.43655309561345 0.284674452512702 -0.996198238093949 0.146670377791878
-0.668555627128835 -1.66105366948654 0.679385180546512 0.209455116437628 -1.39901270036579
0.566495143467145 0.664135652196536 0.693052188884642 0.492003178720322 -0.09581501793952
0.87376811296541 0.778972790506342 0.689877909992868 0.914346831605525 0.889555239664703
0.885938530400576 -0.429044480107501 -1.00578227942952 -0.348807024488055 -1.3647656343117
-0.432661905298644 -0.117837372902651 -0.390538183502237 -1.37256838947849 -0.396073960508014
0.622795781755869 0.91095470889533 1.10780884670545 0.768591541358635 -0.128455679388178
-0.564703091260805 -1.05155443105081 -0.295988078231217 -0.0703741107639738 -0.0366609005456311
0.385504481328222 2.45672237219297 1.39926579913869 1.17201589097215 0.784264157633486
-0.132592093168702 -0.633816553473558 -0.735210391443087 -2.28713931252219 -1.9835515552931
0.714049592873074 -0.47907910841289 -0.727468810987888 0.278785706050039 -0.212582113297011
-0.661253389543914 -1.12448519873372 0.550500831209839 -0.0744094671184318 -1.22639549355579
-0.699287370077631 0.479526974096958 -1.60359388827525 -0.829354000702843 -1.04178598239988
-0.528408918360266 0.709992808428792 0.579638421956918 -0.499932017834193 0.183970440174043
-0.662998204959452 -0.717289195908603 -0.236617284292585 -1.760053859378 -1.92386012467457
-1.36213053680576 0.617800673522949 1.33616547469413 -3.02158246843693 -0.170024431008726
-0.272652701948267 -0.910208352252819 1.21553233104961 0.899600873856978 -0.423616222706514
0.138421847553471 -0.0277975389221937 1.32073309726891 0.60914906942564 0.859844982967352
0.314243464960723 -0.0861330607731074 1.289965719694 -0.762300524339542 1.55746405894739
-0.276413809603563 -0.0945932991943247 0.293685311439039 0.153199402944266 0.111916366729312
-0.589237019577103 -1.47138058159366 1.10916142211286 0.757515525362131 0.184217923785588
-0.686329855979821 0.769593820366281 1.29189019455946 0.675517630002184 -0.78772372040746
0.622923345962945 -0.5612547432622 -1.23373655014573 0.6441687359698 0.564262721927929
3.07054322691312 2.56846753747116 0.589428747361138 1.95131295905645 0.849764797003779
1.59862708275892 -0.528896779695545 0.93150196338581 1.10788382712271 1.38479498419007
-0.108865297584955 -0.783049181557065 -1.18585052808108 -0.509409113100355 -1.14427343672605
-1.24424417350563 0.613583514900233 0.993017187578539 -0.339528423263074 -1.29545787736355
1.45786324262097 1.68808547391184 1.30781502230505 0.180886633361102 0.494393229299763
1.51333580635752 0.375872500721253 -0.467070707544934 -0.715981200236378 1.11194434342887
-1.36051798964245 -2.12866446085453 -0.469664510573651 -1.0101869921178 -0.220222835358959
0.188146949009422 0.76836575937611 -0.264572184324625 -0.0488637564016113 0.869442707464138
-0.817258415208924 -1.84983044772973 -0.280447609947162 -0.347117159678024 -1.88773898841573
0.0139133042531814 -1.05877183870144 -0.355224128899353 -1.06004548249044 -0.725895034658773
-0.81107101028788 0.363301577923396 1.51629133545406 2.00207788014811 1.85708430516484
-0.220096026465506 -1.43982472633917 -0.795372101224145 0.0725584878490919 1.25372425412445
-1.4647056828705 1.53616824335911 -0.297977871601493 -0.290110380716184 -0.956939448514671
0.7205007068939 0.219691801630046 -0.341140615282724 -1.07194407195422 -0.269050793006337
0.642784697661893 1.18284833003451 -0.305369891697338 0.151098616476402 -0.322418357326428
-0.463504072435816 -0.180195305203053 0.827519990546191 0.421677664190521 0.59351685538704
0.349996358662089 0.668148091214171 1.39224042917606 0.321803953599943 0.536355824067299
-0.798750841003214 -1.85930736816561 -1.05385979300656 0.13246496752731 -0.885155606883025
0.667261894959008 -1.39252072738063 -0.561783494135278 -0.399635100985644 -0.573583431682627
-1.35348011928176 -0.617187310238471 -0.343765545362884 -1.32077493424255 0.692866480539874
-0.46915203531258 0.190171483418792 0.472665977071797 1.39864135651505 0.363539281781823
-0.259333128153885 -0.803346670672327 -0.145848810876588 1.55009606601395 -0.820442989162076
-0.131740421014667 0.246203163709743 -0.456570720528616 -0.137486251042605 1.23319719874668
0.0683522031659671 -1.99666850395565 -1.59481188500708 -0.902321295799838 -1.06455876120256
0.384580853663047 -0.638719445878858 -0.838232015695538 -0.559613625865608 -0.845288649076504
0.119835239302699 -0.621572709383406 -1.36686966242508 -0.407081031540452 -1.95520679539995
0.397508009399305 1.10320470902869 -0.958742017147422 -0.446961325520527 -0.497256314289419
-2.35039685272251 -1.29122882755103 1.49014632678751 0.96491147900437 -0.43286667441364
-0.90920604527882 -1.15748365220017 -3.15928204713796 -0.575683351397453 -0.10431824805391
0.0422505077786863 1.90489997290117 -1.44823592397839 0.700738656548837 1.21416097576101
-0.567776325470688 0.305695709521456 -1.66118497719943 -1.41732477930787 -1.02014552688653
0.846374203900768 0.45585564132986 0.46932524676181 0.433650955478501 0.722653414106773
0.011602646162785 0.654828373939702 0.85308855016634 1.22537987536816 1.20435223745883
-0.643820910958742 -0.543944240583757 0.583711855953314 0.734066629060899 -0.63540916870525
-0.295812454695341 -1.52361276622486 -1.25863253777431 0.485380155915209 -0.288397799615685
-2.09787466837671 -0.267592557045377 -0.394953613226035 -2.1690119930375 -1.23140641249037
-0.990312421140233 -1.27663318147073 -2.53174585091262 -1.35800862204158 -0.758446486015845
-0.276613202373876 0.749022265379965 0.317238413783828 -1.19497606337555 0.712760112311846
-0.291739492944262 -1.13996291572539 -1.01239783141508 -1.48328205388978 -1.84294942524245
-0.410461639380403 1.37146170781669 0.846551440289454 0.565534805461207 0.580329947712103
-0.242097976715017 -0.717283060449066 -0.204305811747629 0.716749399572959 -0.411459931084539
-1.00593241599067 -0.607806478215597 -0.569317814066085 1.22806707849609 -1.41322742473057
1.02238494141339 0.900944158893432 1.08433038233587 0.640410904628437 1.71682851891284
-0.391957436342808 2.12888587520024 -0.443440493647083 -0.321684312374933 1.09248662231262
1.58195128317223 1.87310969738413 0.106866770203348 0.0427863159693984 -0.0366934692465169
-1.21754180929375 -0.734360649992197 -2.03372064549645 -1.28583821304222 -0.853436409933755
-0.11924391382098 0.578204011610805 2.81551010505561 1.25882218891145 0.731276409678532
0.58709728364311 0.498341088604266 0.32055671506743 1.25061943742442 1.55586911667463
0.624511288026741 -0.331817918635881 -1.83338597928251 -0.0905489121197943 -2.04549076560346
0.134039492397086 1.40006000163635 0.154492850407974 0.334692157246081 0.00463381353362502
-0.251558579372669 -0.16121084154514 -1.15673662421475 1.15158460681174 -0.035767534062752
0.415611655842524 1.20775355056474 1.47013390405589 1.40235316371533 0.495614543717692
2.30377230136838 1.02043498999735 -0.47118375231275 1.21852736512243 0.928477090893106
-1.19244239657643 1.1625152367306 -0.396763541133851 0.459580671841767 0.816171094435634
-0.0144935229997626 -0.622469256427241 0.119632203604521 0.854814985682393 0.662986908070371
-0.617169856978788 -1.13699899985537 0.707898690620723 0.791792458729635 0.225765756337056
0.415495615246001 0.525753648210252 -0.296131025715964 -0.217916647850248 0.294441202052075
-1.39162618889158 -0.94147253577815 0.25604246251396 -0.301481807642068 0.0555056049502722
0.171525346353048 -0.930246236315338 0.417108233965885 1.30492388923704 -0.977055486673309
-0.714637030371477 -0.332312212079843 -0.659833224549382 -0.774711767043502 -1.08114231822838
-0.171123312125622 0.478394055664189 -0.396555904203306 0.798004204501816 -0.274059977190206
0.588191623493669 -0.803046827608336 0.611705200947729 0.750887057505788 1.44131678893904
0.525268022187758 0.444376189090773 -0.133667036152723 -0.521102696451153 0.177522806305385
0.86709356828285 -0.657821932489984 -1.04088559846978 -0.89753386735055 0.887364746415307
0.653268043632536 0.197209889480444 -0.147242289324395 1.68045561668726 -0.479590443760519
-0.916921373898617 0.442714993073685 0.0882972387275133 -0.903411158594155 -0.171221391453864
-0.35818352599256 -1.29712554546531 0.518876278601599 -0.681158394031879 -0.411586563324795
2.57987979053927 0.59497198706965 -0.716329598630743 1.30424912125215 0.649165928646251
-0.266180956611005 0.276006685041358 -0.394413020431248 0.180300921981296 2.01143699357587
1.78032686424502 1.39182078424957 1.56842283984662 1.87467545171405 0.428052386826981
-2.12733468739168 -1.12342909614294 -2.25162310370973 -2.30077319611185 -0.782994348516823
-0.675918425578098 -0.274915143944538 -0.430909419592382 -0.421971012829097 -0.59090821491152
0.593649347277491 0.692926489845334 0.126765553239964 -0.769331336848902 -0.296288975700066
0.443574270700174 1.10959419190341 0.134544130180351 1.91870424273506 0.491022508141362
-0.419852709261982 -0.930777689853304 1.15485926460952 -0.856641949497484 -0.908249707768154
-0.972514948622508 0.952730247484716 -0.297329544131451 -0.0383178724499536 0.249392955687156
-0.224965957816336 -0.00998962459032848 0.0261520685954258 1.06936765273865 -0.460511903919959
0.851279413216649 1.31284987185848 -0.460722152748728 0.75037510886287 -0.125375912415581
0.554824039745915 -1.0462331329014 -0.301979604461593 -0.748515458486272 0.801504375133237
-0.0341375637145755 0.266259969412317 0.504763475889327 -1.22510386920048 -0.208236657175344
1.03161824316204 1.23522944683179 1.95599592086418 1.30107732386401 0.655524850562641
0.0251890291513519 1.49533931925931 0.285093990089293 2.11212607491284 1.74045870058675
-1.2776728451407 0.711639997665542 1.09958169687984 -0.477060021475267 0.235943696609277
0.555989431343678 -0.471968237587421 -0.89963762830657 -2.31170583456509 0.334283660345191
-0.602876215399419 -1.2440179206743 -0.0914892053171245 -0.723852181440693 -1.02964926250982
-0.886329374721958 -2.09621238188282 -1.96456113718611 -1.09753577423866 0.255864753430245
0.330562870855904 1.04769154300492 -0.0991986516632715 -0.697743509266091 -0.164605042815427
0.265980666570178 0.34813643711559 -0.489249261212633 0.276918208940938 0.121527300263841
1.74557205068724 1.7189625446499 0.680611791719018 0.0789928937414987 1.64875249498415
-1.11389407331811 -0.580356176607828 0.974420392514969 -2.2033384744066 -0.930562698745601
0.610859009329579 1.08740384882472 1.13065411676344 0.217170241503217 1.15342164700095
-0.522346597529889 -0.764940793320765 -0.180122219527684 -0.347413175814658 -0.537982996360162
-0.595604221110441 0.899357410532032 0.601176681770498 -0.0224288353451 -0.204099575099064
0.906279550665708 0.467624805077969 0.384545195378242 1.54096065194872 0.448594519494038
-0.000480524175118166 -0.108222164360218 1.31109074184294 -0.212749428506425 -1.17520700105336
-0.831995423861857 -0.649719392265403 -0.359612656497168 -1.28775642465028 -2.51176499303005
1.04501286929692 -0.171118591218223 0.734493523226581 0.474627440329665 1.1588606852493
-0.391861523078902 0.761767895394445 0.578622223074367 0.295675176583904 0.141005703726839
-0.293328939612797 -1.71274199811659 -0.822233009138038 -1.85851282153361 -0.725751859088619
2.81456369237132 2.78271750424166 2.97541282440431 2.34419148363805 2.75981202416179
-0.524403414766766 0.57196143352444 -0.30441736775916 0.521546985897392 0.101726631602262
-0.230905157331624 -0.139650036226483 -0.529933883319351 0.505528092936643 1.44840899222718
0.341409468113567 0.735001794593641 0.608253990411924 0.587353035177214 0.36766067265028
-0.269188332412145 0.0891370610648097 1.12947482580996 0.802468940532771 0.876730477090848
-0.908670718735269 0.719645251634601 0.0542221457260976 -1.58293503075136 -0.219561806436908
0.289797730010518 -0.312108875982482 -0.576060954114399 -0.574654179120996 -0.302871207591572
-0.151252390019175 -1.49253885173467 0.959342634675054 -0.30698431430124 0.204156584149323
0.260701850762465 0.485044164758848 1.03162514983909 1.12401332555064 1.5418760232869
-0.694816080928254 0.439200588584954 0.656066109925252 0.115848161253048 0.513283560049391
-0.279513115860392 1.3154681126051 0.16924111159008 0.904385716009741 -1.27090542361851
-0.19486004425621 -0.52762732965176 -0.929345372443589 -1.11853075567841 1.19694070421594
-1.5740097115814 -0.986742796554531 -1.03466392707567 0.294428156654581 -1.57372217743705
-0.408793594355281 0.476115182135205 0.858838892024808 1.95085323108984 0.251485907189675
0.0958409115461557 0.25973904570014 0.594036591460628 1.85583831408403 0.044088010146085
0.832465525505242 1.69203127673969 0.653604388475658 0.62530688738103 0.156108581907767
-0.967942504179405 -0.437611151600497 -0.390002408402158 -0.182109418809537 -0.0928664723723134
-0.775484821136171 0.112759670354495 -0.350735178709938 -0.869976552416583 -0.238969249903526
0.0411245763406427 0.60548951477836 1.50525390694363 0.250587363248927 -0.104248223453086
-1.73213098057054 -1.79697400926597 -1.85506225013369 -1.25223896222294 -3.72044928621104
-0.108612202670724 -1.23932244966768 0.673786050856755 -1.61684436662633 -0.211672986450416
-0.179543322916008 0.298183449809288 0.806825715283009 -0.299005732678395 -2.14213523385904
0.0290996580202907 0.903852975422997 0.489589069334572 0.530341356615878 0.835412588716959
-0.606843113256399 -1.37294628174114 -2.03430515514669 -0.523125224626739 -1.56611641560341
-0.766956379623681 0.241851155624951 -1.40541628809212 -1.52319024719963 0.457631446305569
-1.47347154918215 -0.0632765867878646 -0.889364592321666 -0.480229120394887 -1.15890810189505
0.349246340344001 1.23417032264894 0.958887167839598 0.637466479965323 -0.886243635126608
0.912957443865776 -1.00728750669837 0.0464562099693985 -0.84356160382799 -0.87588583353734
-0.523119070803634 -0.467239212127683 0.0644889623253819 -0.86011407938849 -0.336378085785657
-1.10623799800895 0.160074058105009 -0.216564255524671 -0.405905349194428 -0.187734790426919
-0.205786045723383 0.745939592856111 -0.0204425659341722 0.162506054075399 0.400283964274889
1.50232459695614 0.673109846465816 0.0981659919482375 -0.125465229618815 0.0863075837122032
0.318026831006731 -0.990227343609755 0.616135149577655 0.872311579726747 0.727775334284346
-0.0834145902860834 -0.0457295681158513 -1.16403417040987 -0.343479520923142 0.178037595446798
-0.165728681218154 -0.699482428383781 0.475426440319104 0.294099715031076 0.356198693597316
0.110879772561027 0.355056016134597 0.0370899891373964 0.187122465042197 1.62467264236669
3.08275142251418 0.524400969321828 1.68352713909681 1.17833594549991 2.22341595700914
0.114110815441276 0.0771918561685041 0.387897136813298 0.976447143243113 0.334072410699381
0.484004893251119 0.716358101833747 1.53895806341673 0.253507876388689 1.94659913768453
0.234538835225208 1.42911761931919 -1.2940713231142 1.62708580459174 0.450353398289995
-1.38686962080836 1.23906164884859 0.328315593232369 -0.00691848430067633 1.81300654101726
0.181591727107306 0.238715653307042 -1.37033707223956 0.479805725617786 -0.343714072286677
-2.32605433032321 -0.841652378396804 -0.342105812701647 -1.1218528311808 -1.03488823872653
0.14481445138424 0.196437153449352 -0.626790568330273 -0.532368627329412 -0.0503054626279943
-0.0884175082938023 0.884091619749326 0.396466134680914 0.643034965381903 -0.29103864501261
0.632528477899048 0.701065558331317 -0.0429898534147969 0.761876667318077 0.781774749800602
0.685112860680451 2.68090272510515 0.261465699276348 -0.374173040922029 0.649021243090045
-0.211935778060558 -2.37251481812977 -0.797841223733408 -0.429102815768117 0.133618631824764
0.541484516546962 0.617809546781909 0.121137189648888 -0.448398725894293 -0.267055403708249
0.0229844284072686 -0.604379947530865 -0.737909890942413 0.02060612051115 -0.147943709711953
-0.585394342835419 0.744047512295356 0.0864817028158541 0.939280334229432 1.22480493211909
-0.591908049344567 0.736577283400368 1.37958964794896 2.67571011134254 0.128166947656206
-2.05009312661128 -0.455094524900192 -0.0254355110406966 0.2289649343623 -0.420492155227904
-1.56427966916467 0.215660934420818 -0.745676972615298 -1.25526824864204 -2.13639486731356
0.646688127911197 0.42621401164792 1.06584659072668 -0.890304263125875 1.03105329481505
0.884195982882041 0.45844620740406 -0.408684496734163 2.10039344330665 -0.308635133992378
0.260552971791011 1.80569424417925 0.359887354355606 2.03477249575282 1.27548545891008
1.42603203291847 0.340644291955683 -1.02557706706065 -0.28293086124348 -0.125820160072885
-2.37520453754865 1.2263449772006 0.479026407239039 -0.0992575174942247 0.673704637318532
-1.46252719625472 -0.816054933719403 -1.97452715269068 -2.54672136110974 -0.0907735911928784
0.532055673665011 2.15962093542134 1.5530984243465 0.62381165311436 0.697141660549551
0.748738445440787 -0.509964689746721 0.225773788401133 -0.958586765310413 0.178926475307231
-0.772719491224779 -0.802497313798122 0.961987898782773 0.440476648007957 0.784988124209718
1.35299341190726 1.75924224886257 -0.0222726979046929 0.389342000823975 -1.10187441716684
0.390854972560398 0.826936717642708 -0.255841323217609 1.12997671361952 0.924518649897615
-1.52766765416465 -0.761758157657554 -1.79042192381866 -1.45052422829488 -0.100381915649407
0.579556829804858 0.177425212432102 0.0730223085805591 0.839468580482374 -0.843532345287457
0.250308505392306 -1.67976845574991 1.54661058374231 0.653509185882612 -0.607429520515539
1.99032196650574 0.660512563552143 1.48389716317029 1.69839402939716 1.598887128426
2.01983749027505 -1.0700283256004 -0.577721916128982 -0.457106047429641 -1.12353839087153
1.25868584058739 0.355715403597584 0.411701593183415 -0.747429280178635 -0.151782595940502
1.01265306521386 -0.313934118302178 0.701123628187517 0.831196563989414 -0.517388986426088
0.686173348456554 1.78724033213788 1.41529770954657 1.67435672501686 0.775312010408039
-0.802414724329427 0.421225901873169 0.386481263672315 0.360355751615957 -0.44782943003182
0.875440700020018 -0.216179451666518 0.00967262537818155 -0.532643643853586 -0.819511821143627
0.583011986832336 -0.806084620418854 -0.230288622870872 -0.189847533665467 0.133754806343206
-1.66501846734014 -0.00612666332125422 -0.497977637997682 0.224562787301635 -0.229528623064547
1.3459070788534 0.0942181525709194 -0.996460801360629 0.14837490277763 1.42358174843169
-0.462071639803416 0.158225404681469 0.777650662147694 -0.368410869520651 -0.0768050172061683
0.0069984694553005 1.3962116966956 0.458811084154206 0.6455689648649 0.818552245942778
0.731647684973377 0.28030311084087 0.413980635249343 -0.781864581852371 2.00809965047235
0.809840818476749 -0.434576815038603 -1.25438850408699 0.0783356579805129 -1.18721095065893
0.75801626431981 1.16400068159701 0.317863571692079 0.375063603612186 0.414503387220224
0.263155464253289 -1.16912391943098 0.565207144983609 -1.00519787191182 0.492361219669337
-1.57127816829296 -2.26985973786921 -1.79752852744033 -1.89086696765575 -1.68187109565334
0.0915630399078521 -0.0972203199622992 -1.21784653261695 -1.37929123431844 0.0017829516696716
0.0823523867661428 -0.817752661101241 -1.59727304006992 -0.196719624016061 1.09180682612874
-0.659801957518155 0.495289583811283 0.330542834989086 0.197944286285118 0.353571895709681
1.40972479970808 -0.00496481594297563 0.70473577443284 0.535490086835522 0.94532785084733
