1.78121712284063 1.62586096238809 1.09687090881196 1.88963717308664 1.46043150451112
0.271097302544858 -0.776201423386083 1.24334674886459 -1.96291162837892 0.174270055025461
-0.711916062799797 -0.669745022668577 -1.11454163277129 0.104064815384777 -0.527516270052946
-0.426868270462744 0.659642211795165 1.13681802905279 0.64003648009759 -0.61310601029535
0.630517664698316 -0.702987152263589 -0.0282547004329161 -0.990172596583878 -1.15324606168154
-0.191298297032853 0.753443150738729 0.280333539676052 -0.759358365360182 0.174000892451858
-0.190713655813715 0.526766650680167 -0.431195987229621 -0.136177495082222 -0.745817826996113
-0.317798273851261 -0.500050472415107 -0.394526533736226 -0.350395697622708 0.883568553307962
2.44036309104129 0.968735532002344 1.10515689260901 0.892974870388639 0.417215032712764
-0.739916803501511 0.967191047583231 0.59634652392195 -0.12207858128679 -1.00487811057046
0.468263975956245 -1.18258772892253 -0.999664398057829 0.598820407037892 -0.174175886290031
-0.0812511457780732 -1.72199718162824 -0.587452786904699 0.360998058764571 0.482269764529343
0.659018611353309 0.864555304068633 1.12375554403828 1.53478620615105 1.04986966890005
-0.751775333089931 -1.39440738981765 0.303861487938245 -0.379472612707332 -0.721190237915819
0.761620160631086 0.49672901009362 -0.051154361616505 0.911060633287651 0.727053450085544
0.124617138392306 -0.267638060262602 -0.544024051091834 -0.785461296731313 -0.992474418844152
-2.14475077225137 -3.80795324091022 -0.499464259083719 -1.21637077113723 -1.07354260340002
0.474942616324664 1.68559531596185 1.8401744941087 -0.744064001759278 1.72865630504445
0.471478805352659 1.09108388236725 0.170293712927945 -0.733953520715662 -0.814161145946549
-0.21463849601516 -0.893035245675697 -0.746581618262197 0.872528147300799 -0.151571674847453
-0.140370410666168 0.835941096816158 -0.384671725871073 0.566075806807452 1.03290221170504
-0.106937710485383 -0.364880275361403 -1.42049633749515 -1.63286897191775 -0.405280506414084
-0.698219975664086 -1.38695425642034 0.520797733782412 1.7300692477239 -1.15181100151741
0.521172183560916 0.652406144199053 0.998995150025599 1.29312830666529 -1.00634197451914
1.69631266331886 0.634493729273247 0.637764908870585 2.17775003984065 0.678937508867357
0.894616244165819 -0.0782380202909203 0.981241738480482 1.38608231833084 0.15125057770596
0.32642381955934 -1.1209958530988 -1.08337287565042 -0.13576203393647 1.05441737600668
-2.17680250300235 -1.03945826541497 -0.739676778431364 -1.14042448819852 -1.3765261327996
1.55169647838833 0.884948471293105 0.0529903938919582 0.282601415335143 -0.89730924036612
-0.285346434781023 1.5517031915801 -1.24254610806716 0.373938502375067 0.203909409320182
0.31521731824984 -1.22878102635023 0.402094916505065 -0.150626580251515 0.142361404078631
0.35658525645499 1.58009305516506 1.02245061265797 2.52962052013646 1.90729827071192
-0.834732986219939 0.219642930954472 0.750996579710011 -0.832823809943522 1.21746077661247
-2.0168711969357 -1.33509049317724 -1.48658876498898 -1.34862482531459 0.224594040293526
0.965833850737144 0.297844550821935 0.893786859638774 -0.090533228235451 0.720985264217633
1.25823404698877 0.366988916116621 -1.35467941614349 0.743976431260532 -0.590379979254946
0.101169368122003 -0.612807869000074 -1.22244230962888 -0.0983489679173029 -1.0508606172638
-1.388878488058 0.317240162218494 0.523227812817237 -0.401753367452611 0.43503048392291
-0.641179419452319 -0.663652618419047 -1.04719694756248 -0.049556739638699 -0.361207967492478
-0.993646307773944 -0.431784478027173 -0.143820772903731 0.290158990217187 0.525966659247228
1.01146572759707 -0.0817008695325487 -0.743137056705029 -0.605243146179565 0.42815167292928
-0.701393600835004 -0.896258968994947 0.95568493476146 1.79927262922408 -1.00617757961833
-0.331562227813908 1.18720035222692 0.483907753466774 1.01951883497841 -0.181458589423562
0.232443568113321 1.54049935111824 1.11425679239766 1.15477235155884 0.600335009968266
-0.645708222811873 0.0517280360597622 -0.267257134079434 -0.492274899002997 0.331480811190818
0.978392276080593 -0.58045631045551 -0.67201464890624 1.12379469786959 -2.01517594001543
0.52813377019534 -0.188714816575755 0.642074712641098 0.0332134324951192 2.52857010578822
-0.090329559221618 -1.44930990776371 -0.128913268108365 -1.41261519292275 1.01027075618924
1.80834688356519 0.756499576538336 0.0313052957842683 1.4999703290065 1.3595337090489
0.363551094451443 0.155318634909018 0.260047717317634 1.62327564281382 0.836670936241801
-0.239435881387436 0.232589787262051 1.65455255435703 0.253824306986827 1.17025407222177
1.32693617612657 0.861797408334553 1.00427340025694 1.42988356556829 1.69011939674762
-0.977743259079363 0.515437473801313 -0.0784131323980766 -0.428520477793968 -0.42448081493698
0.599730351648274 0.909201155735894 1.19202441344123 -0.795195621370641 2.04729112223604
-0.924433145570917 -0.047178000851377 0.424023984476319 0.138371267294176 -0.357201373649543
0.467423292671809 0.352507664972697 0.309847171491073 1.86512255960858 1.70797464996947
0.753989733762599 0.122034506480834 0.345421559190499 -0.257845115489234 0.585468665872848
0.0329158649025793 -0.0351076994208086 0.117921595192749 0.426233579825364 1.03536752444743
0.549470749571648 0.112382468441788 1.02107283805105 -0.207702908754763 0.68137656862581
-0.0977380440398266 -0.00908734823866367 -0.404322644485208 -0.290561469654797 0.752868704429486
0.240926448640428 0.143109561970465 -0.0960063309968303 -0.00711035920107982 1.5115238564313
0.492935898111327 1.2592179215582 -0.361664107549041 0.662651983345729 1.41595975629622
0.10128492919843 -0.639142540383276 -0.988140249328337 -0.549849813887152 -2.09992448770259
0.642634378289869 1.35175801070647 0.861473899492525 0.946488828084213 1.65000752711749
-0.85343717766852 0.283508288578468 -0.2269537656022 1.11476695814672 0.303923540057603
-0.353927414725811 0.884812355911026 1.59078097792478 0.375927883787541 0.948219283162452
-1.14098928458788 0.0763115229790733 0.20704588855003 -2.15467178977693 1.6204258448803
-0.311610035094787 -0.587682581608934 0.00653203138936041 0.79573384615117 0.401022178280614
-0.124730708923623 -0.610586197016051 0.144314467310137 -0.640805621458569 -0.82398577967566
1.46929195033745 1.81069795594601 1.29316216795685 -0.153615250707758 2.23860388473222
-0.645938980644347 0.254905735223934 -0.269741286911772 0.146399564336871 0.86465252372669
1.98984497665618 -0.242216670752197 1.3715050471849 0.513150809546623 0.267350239812269
1.1389347577905 1.87571259024863 -0.139413376584905 -0.669500877895455 0.562340575692686
-0.764391559539204 0.0339841960397228 -1.00446501708324 -0.954616099513764 -1.28229290317311
1.66171862034256 0.101638529886126 0.714599909370387 2.13024731466461 0.206060810411652
-1.13895708651623 -1.09238853232715 -1.03309633452097 -0.475645808206868 -0.231871457963031
2.54328767490023 1.07814740885152 0.71471727694657 0.248786739627981 -0.211688210903894
-0.549713643265216 0.435647934780295 0.396222248823916 -1.38787132124861 -0.447402521456864
-1.10987270700109 -0.0797495234179238 -0.935089904818437 0.391119954512562 1.33161787287744
0.24127258042624 -0.703002166634524 -0.813176019910344 -0.233181409809515 -1.12507552039187
-0.192836145270658 -0.14101450958071 -0.847748478158366 0.149140072949201 0.677462049759894
-1.11883060583203 -0.0335514035790624 0.173544006751342 -0.318765714062004 0.582441139976272
-1.50728070636911 -2.17921808131118 -0.0456116012053861 -1.62241352105047 -0.56333759878142
-0.198059527285284 -0.170593555443025 -0.114515800243275 -1.2620756914582 -0.478480906539686
0.18470528587644 0.487713554988899 -0.37258131891583 -0.809760078059123 -1.70922518652917
-0.611213512129979 -0.984482753999875 0.253063463531086 -0.621033743617446 -0.0753249319043137
-0.936416911927345 0.410044147164687 -0.251529087880761 -0.0648078039563277 0.088461963773567
0.238927188022687 1.35815398162859 0.58636659546296 0.176225057223822 0.329737845993524
-1.57565702450926 -1.29554194626246 -2.71929770628903 0.159662939320085 -1.57268866263625
-0.128154896626977 -0.2264386825366 0.504906002153002 -0.144592451136198 0.0468593564118557
0.600634546016721 1.53627917932656 1.38419905141558 1.43597962103823 1.03194884354593
0.655512341246484 -0.753191424559593 1.40240286482819 0.871630346656883 2.01133738905101
0.358520766841347 -0.741538304187279 0.457722400051741 -0.00831390615307911 1.24034614991427
-0.352282819997912 -0.458627134269612 -1.36616304810472 -0.155295345843088 -0.980580813957234
-1.56215800835522 -1.07894528056698 -0.186353155055232 0.484706839645848 0.312448983394396
2.46496967501711 1.35690609456551 1.17886602334454 0.506020903712751 0.907096521006871
-0.201236410779925 0.416331356720749 -0.511637560301444 0.801880021628635 -0.530968639234047
0.193681788899692 0.305650695180507 0.206047162464254 0.629352974255077 -0.497327672407306
-0.024726880445604 0.922204947267047 -0.571237475292662 0.165444273070545 1.38706180702268
1.51046239356976 -0.220786305170817 -0.135280983803611 -1.3120008898934 0.0283353055872742
-0.503535445388402 0.830222033165102 -0.243887364841532 0.548325357700963 0.978928168221579
1.27695718898964 0.609010864572942 -0.486217723334185 0.835607666153873 1.13137571967114
1.65123567274604 1.3876409807092 1.63823221147109 1.46304318286607 2.1717364888077
0.764797683321077 0.310072397620221 0.617890665143766 -0.522326612988197 -0.289978440074648
-0.488514615565675 0.165966000939169 0.48210262255675 0.515199956930941 0.58987547770774
-0.806680865721918 -1.54249060561825 -1.34414415676841 -0.950197874078959 -1.18219133630474
1.30291367625789 2.22687849608562 1.04200446182281 0.480410560563022 0.397552930872189
-0.414707627646086 -0.858243917108666 -0.385068260358495 0.157827364113473 0.157542515759908
-0.908313395810223 -0.142619088537628 -1.54314859307392 -0.38431752302199 -1.87204344991478
0.707209561154105 0.302559561734975 0.00114870379933847 0.0070499423140183 -0.915098095210757
0.70492310889441 0.699134723678657 -0.0819929886276403 0.432810121434913 0.046931630531112
-1.07804794717948 -0.421393085292686 -0.174884926370388 0.318800630359911 1.70568530612497
0.407780727605472 -0.527950593630997 0.0718204631094088 0.519867745576249 -1.00535494104501
-1.91702133515745 -0.868331864084984 -0.448681190234696 -0.515038472416401 -0.303413618550217
0.744438886271703 0.551439824239982 0.471276359526217 0.517625100531255 1.24092355889879
-1.09404757633702 -0.611269431775464 0.112933001857261 -0.647577540398166 -0.0934247531141317
0.856537811808795 -0.906123365806581 -0.227278138481988 -0.988637048145466 -0.381876973634372
-0.703882814358678 -0.931456007981903 0.419243610952211 -0.276271989651699 -0.526437187606981
0.565984227770336 0.0939812545785139 -1.01884361597637 0.0285054398490519 0.557546992750474
0.243939464355095 0.469280883865487 0.435476869883741 -0.40579814036394 -0.513066396854984
-0.700266685883857 -0.828490470854532 0.812290104573492 -0.251593960780402 1.18095070805448
-1.64447766599496 -1.72683911840828 -0.670858878276931 -3.10485327937462 -1.88846160946036
0.627738318095138 2.00131786272381 -0.570257175757027 -0.604947864183098 0.151665415011803
-0.156699635897457 0.743585880854451 0.315423414249666 -1.16189570617109 -0.365620276894656
-0.650587196070979 -0.791867744516102 -0.209790120594263 -0.244674448617832 -1.52360683048716
-1.83906097890149 -0.916713171398622 -1.94886098795508 -2.0851206429308 -1.8516901225876
0.0798724348810107 -0.153069334677354 -0.194414132563452 -0.0774020136561056 0.392643644912081
-0.987677180848538 -0.125258242403552 1.63979023312853 0.0856428592938484 1.32483939577931
0.518723659511172 2.37573017179342 0.178135541657648 0.51064021948859 0.912549929870524
1.90073167761965 -0.740161641484619 0.699500946277886 -0.022619397565684 -0.776525281614445
1.91725048949318 1.08399528669183 1.37664445549679 3.22822171705431 3.06601323960017
-0.407441182014688 2.5565533540555 0.744435252672964 0.514843936790508 0.409014044281315
-1.08734013295015 -0.0374507586061334 -0.640670389450921 0.583366289143598 0.123367396984887
1.56383559364895 0.430789485170364 1.23788703821909 0.965162575980953 1.41683027819433
0.00155952012602428 0.226290657968374 0.314832273038112 0.0436681824532477 0.493399200082056
0.153558601036738 -0.867409147523408 0.0950029958738627 0.800860055681855 0.71011247420922
-0.240862270251513 0.656531410146351 0.0345954119054071 -0.469445981271097 -0.301555566882838
0.553442768227705 1.99168950965634 0.411943782771151 1.32528218551718 0.281320123743251
-0.363325471000611 0.164483010139888 -0.323844041618761 0.363087144803877 1.04759395427579
-0.534145787048074 1.20798867511134 -0.0665091709481251 1.16195870212913 -0.704693692980644
0.502372861276202 0.33589753388345 0.0871456788197994 -0.0935695280753313 -0.0181355905962771
1.80404253842725 -0.377594891002571 0.22413584633301 -0.474888540643816 -0.175193159250667
-0.250881781596153 -0.0143882503508629 -0.183230273040943 1.23316114184524 -0.681552986769935
-0.61122694643712 0.436241687971768 1.49450466787633 -0.123700518103078 -0.383103338800322
-0.138168599359991 0.531939353080966 0.426253054145586 -0.734726242560806 -0.867347338231259
1.5140613188472 0.132000487509727 1.47139709479806 -0.40803834945915 -0.053788203280162
0.796094993295582 0.594249575464993 -1.80454142782764 -0.108363511391749 -0.281825247911686
0.43062132263275 0.360305276653781 -0.816589138424621 -0.195387162966317 -1.73204521802582
-0.421582290304517 -0.248614517950974 -0.462960613494517 -1.77879607034452 -1.49604526342726
-0.98575748487978 -1.83141207822737 -0.851190457620833 0.0382155825181159 -2.33542914781848
0.932064945522886 0.690847383167716 -0.0446280926060754 -0.685544943603798 0.547075728350195
-0.497355589367321 -0.997862668155364 -1.58731390896928 0.122524827553159 -2.78983193592858
-0.662020075800014 -0.161272537316939 0.205756746506437 -0.300986269506237 -1.00585644060663
0.960483362992272 0.509783640099261 0.559773990320697 0.418399154219605 0.684043261347777
-2.13201706805872 -0.947652457249623 -1.89813197928024 -0.762254348928497 -1.40025602562975
1.3290454767614 0.419763162284219 1.07927792881807 2.0175328923824 1.57090375538224
0.560968517754931 -1.15323838656969 0.226862764256773 0.611398976200088 -0.225688457331088
0.795405361845432 0.714767855072541 0.167691315883652 -0.696284893616281 -0.245514021509952
0.140616270808723 0.376362489422128 0.871769139310479 0.0449470750727864 -0.217307179605535
-0.11425171689637 -0.42221860363763 0.389288447368242 0.602891472446241 1.20796537146153
-0.149543786043825 0.816396893948073 0.0164405075678481 0.809931505304466 0.149529237517201
-1.18690176975922 0.196714570295008 -1.7263665170376 0.0217094490229278 -1.34105702112666
0.342394265861326 -1.39845147033864 0.385071420398983 -0.283311864125789 0.057830987059705
0.433744870332751 -0.603816950701747 -0.808055074819024 -1.8316812071673 -1.4409895923942
-0.205025304858724 0.390425191827592 -0.895494990859369 0.125097262881764 -0.937607179395495
-0.745823898922669 -0.631023811278178 -1.33445682487418 -2.42870121200389 -1.06225362567698
0.821251192979136 -0.539819241514474 -0.48089192426745 -0.31751585920473 0.196019498249309
0.180403658930307 1.40449887119049 2.03674575102862 1.41375934886765 1.95925704894832
-1.03177654163335 -0.146011733745702 0.774343005085053 0.347311035245091 -1.31577418428401
0.100917325365353 0.499292621840631 -0.0603132395495063 -2.59838261168155 -0.4891345510351
-1.0512316785122 -1.03841850616241 -1.26311239586103 0.616975122257139 -0.979692805167641
0.709511370490175 1.02870834252906 -0.323488459065003 -0.347139834937623 -1.23847246812747
-1.36321592201711 0.192279895483618 0.450458204412626 0.210390348748278 -0.3399746902411
0.319301514861419 0.955183386619296 0.792456461461912 -0.666280101950341 -0.909163221775771
0.752006525369309 2.03294953363935 1.53592064228884 0.712446114014424 1.00552065296322
0.410425055326725 -0.250512550594686 1.07641508650142 0.846457312472055 0.175650053180106
-0.825796664942397 0.229367487542491 -0.777383408294441 0.794460824583714 -0.544519335856084
1.71037311448951 -0.60660392143493 1.68609027209704 1.39287087119548 0.0807975958039823
-0.101384884335493 -0.560461696845306 -0.293164153205315 -0.935457796839847 -0.208919621083944
-1.31126027797875 -1.4882451586269 -1.72674793638844 -2.09846328624034 -2.45851712567533
0.308302086014569 0.523853604451398 -0.926011972215207 0.808873974491741 -0.33361982418125
-0.0357909574084582 -0.38575855081437 1.1166390815038 0.378716236491146 0.251026863951081
0.503841348593395 0.289424635690623 -0.539141730084565 -0.418379148517873 -0.399867749127434
-1.94046406393772 -1.62570639126884 -3.21371854666525 -1.30188097739343 -1.21958963708758
0.770337424036332 -0.871038142108143 0.12000388190887 0.720651620276495 -1.87374344384358
0.919217405971321 0.349731202731486 -0.00505390177538139 -0.132982121137752 -0.217677046256733
-0.316656153692225 0.522539680892562 0.495482341521602 0.95429730836282 0.0691229954153083
-0.642782446323177 0.280912325839859 -1.03292460618062 -0.139383813364146 0.600983354293349
1.54831522410823 -0.462859043135966 1.6231848758052 1.44290436201901 1.52089615488789
-0.150949345632122 -0.267746078040189 0.467476939974135 -0.122316487157598 0.256769011531024
-0.597682878674948 0.205575722650105 0.72702675136427 1.54690997216709 2.14462993712609
-1.2524497893563 -0.651866476427481 -0.211025224250703 1.92760683687415 0.805066348657653
1.39034419713971 0.82765460447454 0.601074173051231 -0.666699299967908 0.15535476436922
1.07253059443141 1.36076189930562 -0.346328608663365 -0.448401610098486 0.253731549549711
0.546303419667532 1.1144684206537 1.40678132619837 2.4143983576576 1.57651522276389
-1.10856091180408 0.239404213901993 -0.299214442836679 -0.926211165777305 -1.17386897444491
0.549706014792195 0.0692396446350707 -0.455235823214698 0.218653267382511 0.325001336401352
-1.97131512054365 -0.214063084505006 1.37702248835917 0.554839728270035 -0.532293771951251
1.70166021165022 1.16460806428761 -0.251169769929849 0.54990879612453 1.37496591503007
2.64358058041815 1.39702675806462 1.80981697911889 1.27896741353116 -0.202201635280474
0.392274091774198 1.33236433745628 -0.291304940628969 0.862501112930559 0.463337762881935
-1.60907088870332 -0.927717924674982 -1.36823623408232 -0.319783535819443 -2.47798387559548
0.307581251924748 -0.22091866538674 0.381721122082207 -0.164401760105148 -0.0022378705230617
1.09656819233801 1.16683742763225 2.54351572876991 2.46970123466411 -0.396897716121894
-1.2533042735676 -0.519547648208595 1.18671203107451 -0.883999552527832 1.14421392116992
0.506848689233251 0.348496880551253 -0.0462892839309166 0.554007662202322 0.649645629979234
0.279145492313128 0.689056696976339 1.12578050720559 -0.446149580357616 1.05104615076234
-0.608090541076892 -1.41500059589894 -1.07186706002153 0.603104464943014 0.251080836774579
-0.759876867653365 -0.127818337722496 -0.861361401050121 0.551181664861826 -0.12927448526085
0.209506932997854 0.877241337964944 -0.913529370341775 0.331068051585518 1.37903178048721
-1.31560420320423 0.338431205882028 -0.675843697587868 -0.541823386695874 -0.563793532996206
1.06497118192854 -1.01302643120952 -0.71529126659648 -0.932741279266001 -0.502605882752284
-0.436307809845423 0.609601944937337 -0.878440221841486 0.661637663452786 0.68547335479565
-0.571519264238966 -1.22153296077676 0.742633487165933 -0.0879780558509032 -0.344644028916064
0.214174696413367 1.85829025632326 1.21743961621312 1.64034874506316 0.784925974249493
0.631615415462935 -1.05982865808302 0.164994921637798 -1.51849644142245 -0.190422249859656
-2.005216506268 -0.88091958469086 -1.00530814011809 -0.814379357038972 -0.128474511225513
0.647626849934986 -2.19212301941072 -0.29604515639861 -0.465984796941219 0.230308714955121
-0.240308714647054 0.748340076035358 1.23993699063497 0.198141032934834 0.443432898526158
-0.393321938292536 1.02586813794478 0.802626277706051 -0.884071548237791 -0.784792916482653
1.07172143500253 1.76114256054732 0.979249302460399 -0.188864471607962 0.990243886257733
0.503995318444909 -2.25637653665027 -2.17656901228431 -0.566725944341899 -3.23883672030296
-0.464545087694878 0.834655919305721 -2.27098190801922 0.414388475853204 0.147567963331572
0.315826938658203 -0.844192841689334 -0.694316459774198 -0.167779942266153 0.0530566635394286
0.734176315349428 -1.24477799223571 0.142520031438916 0.0399849402096986 0.377920628733578
0.20278082166959 -0.587310399330257 -0.381316332777663 0.849567865558914 0.777170746001269
2.82387548733337 1.31840341162891 1.23119373091149 0.320755508908451 1.15469054627589
-0.244664255590093 0.669705924255477 0.39474962888412 -1.44349197436764 -0.112704331125266
0.0390554192190668 0.00993556818918087 -0.272963047563624 -2.12839575440929 -1.31732017612312
0.54104806321008 -0.582309243673219 -1.71126845416332 -0.91703268978152 1.02618934813441
-0.9368643515079 -0.54256998162527 -0.421401031037946 -1.18804267977379 -0.0780853598165226
1.15971617929737 0.79198816740872 0.511914994119437 1.4568611731649 0.606598219206725
0.0506456388764929 -0.177063286798138 -0.482866252231651 -0.179957664011219 -0.846145681248639
-0.0748818755204718 -0.477417395117951 -0.847019115943974 -0.500524434787323 -0.335397148553547
-0.577168669092331 -1.28055469829525 -0.0304555900991913 -0.352655891597242 0.0679432035034317
0.762296048705355 -0.374460006476454 -0.552971156485165 0.206819514066343 -1.422775137438
0.750922258966404 -0.563997394310172 0.755162270734291 -0.0637724521462332 0.733434409880869
0.628971977926448 -0.0399651330869385 0.865884277587248 -0.187130146109693 -0.219809148415034
-1.18020062423769 -0.190514378702679 0.514962670383362 1.24759403530151 0.394762035272641
-0.0999792157633498 -0.0571356307950541 0.360464166465181 0.492078235234985 0.139077462807535
-0.563853904844426 0.21054844267393 -0.753228575418429 -0.980340476091191 0.436539160829982
1.34930235466645 0.0586529206333976 -0.0341381899367114 1.4918309512204 -0.373218559657233
0.200736517476295 -0.00490139580824745 2.0484971850699 0.422579576111201 0.903499416397616
-1.79516279238646 -2.09120856471552 -1.27886795606732 -1.05109002167236 -1.44642279787444
1.37369028281806 -1.17486506837865 -0.0273979275089703 1.29386594282504 0.034463632801732
-0.847097161326832 -0.422764043669786 0.210568351855919 0.898949586966532 0.678303553510962
0.58966286279576 -0.140325661364326 0.519145236202897 0.0223088339178231 0.139298337792316
0.134247715032887 0.00287862496446178 0.167939291692082 2.99538304129438 0.98687241061841
0.0426563817309674 -0.517096115242952 -0.393263636391142 0.176629245445993 1.41355319226726
0.139918804606182 0.437343245878582 -1.28481307104876 -0.775778700815638 -0.475578496041387
-1.46605972942979 -0.337145742345385 0.149048700126425 0.130839427578896 -0.780044938944236
-0.164160501412418 -0.0706878621572639 -0.866501032788937 -0.74529085624489 -0.392493016189722
-0.214666253323077 0.537147424526451 0.733649713909082 -0.992794108976346 0.639791895936485
0.114191897921543 -0.714110646878815 1.17028918982245 2.18027531933702 -0.0199719169232571
-0.460991150431834 0.56644865122902 0.50548603148829 -0.079093647408373 0.143216762900027
0.223503415291795 -0.409415075486118 -0.47692317009466 0.228213962076727 -0.856621564877193
1.16225636545003 -2.3344149910954 -1.80593101282994 -1.55015320032547 0.106621006409784
-0.7533953193536 -0.952545897555345 -0.974371623748729 -0.264718218549645 -0.23786206046711
-1.13408560541281 0.160543553162412 0.0901476819845012 -0.0632352715339893 -0.394617817002544
-0.693554263426947 0.0432674934075464 -0.62296406592245 -1.37645179730149 -2.68692554390031
1.60317847982243 1.72487613041594 0.587233095013068 0.95578888932418 1.32654210571601
-0.865167430255686 -1.59048097033034 -0.968348823701353 -1.77790257795997 -1.44652771435178
1.18680687288262 -0.567997240554589 1.1931629779154 0.201571369280008 1.51487679274977
0.903591643344096 0.144220458238203 -0.710452602661758 -0.274691659879435 -0.169748077223679
-1.63479746383212 -0.789411645808487 0.760037422632584 -1.93847302183117 -0.0131964064832461
-1.01219508323832 -0.164067917468183 -0.123663979844855 1.74381934770742 -0.0820330634587293
-0.545265631417248 1.38098075056349 1.3319094901383 1.97140769569186 0.63706218551863
0.50802541719934 2.39396116471967 1.10641685137822 0.666495960396339 1.1814678294322
-2.41574565189301 0.0113757527771329 0.396187440981461 1.23329555142624 -0.474760274477359
-0.568540688039224 0.828315911038117 0.117957979917448 -1.44535639325747 0.555870355036176
-1.92000033686119 -1.86456494764903 -0.606916628879077 0.13199387003361 -0.824701961474943
-1.12865275038187 -1.16155929106725 -1.57065602096449 -0.448953916881004 -1.17551013069105
-1.23670615771254 0.0178855850661557 -0.092281158728777 -0.303115538261749 -0.482677708726896
-0.643368817725789 0.104827713411609 -0.656802512490059 -0.509816011127916 0.180279132007743
0.922218845369155 0.369196231773233 1.23590692711105 0.427602657932908 1.35756570505695
0.442098482843682 0.269052530068812 -1.00508302663289 2.24818070265588 -0.372402077926643
0.045039859305768 0.558618392346648 -0.825562602346942 1.58080946765631 -0.368397744023157
-1.09980504859313 -0.883030222301782 0.348457468619821 -1.9926984578531 -1.02518630482318
0.378691289575507 -0.462036430066946 -0.230033876250522 -0.520350534573862 1.622902664254
-1.92934640357971 -0.521652381287799 -1.99653282034742 -1.08970080104786 -1.44167777800434
0.905711492380879 -0.16787810185781 -0.317142417624934 0.36662087758286 0.348639652980756
-0.643010917821316 -0.526745705671669 -1.54025596858996 -0.865618472286217 -1.2074569439914
1.02098427526588 1.1996743639069 -1.26796593648007 1.40191672095429 -0.0362313279028365
-0.172315172522346 1.63207631381182 2.74505599781048 0.824844098381141 1.39706681979802
0.617807629465177 -1.32872341321155 -0.267276427714835 -0.836534788084763 -0.780078126156656
-0.943411085309395 -0.104236375912407 1.19896736507787 0.720474928535551 0.420217391673584
-2.80563371401316 -0.136103531796621 -2.06474241355031 -1.78859858304632 -2.40303464317367
-2.33386001756969 -1.51339156300259 -0.907853161613818 -1.26424723507118 -0.657027262924363
1.03426749021609 1.55083504819607 0.588768264938913 1.76935278501437 0.824277630267081
0.283250278883716 -0.0727071416148548 0.149266462167082 -0.368892481973211 -0.539944262875986
1.53475004738706 1.51331674469573 0.563051381866137 1.53331740100638 0.553871259339304
-0.200850176084203 1.53060769291115 1.55560102984995 0.723243684151858 0.531270396372385
1.16493274579205 0.56607805939518 1.05714237025503 1.96887430218376 0.513068431332091
-0.993445751120252 -0.898965870641146 0.697198929815649 0.287056799072429 -1.05608457672163
-0.679053931047744 -1.48232393521184 0.315031427898277 -2.2204617139017 -0.398757057955233
-0.173752697762959 0.0466072996721597 -1.00917213434864 -0.585004317776827 1.52580830148381
-0.0900895367955047 0.0255539017195281 0.747992927073349 -0.0220056910254845 -0.618730222425289
-0.0489308077864799 -1.91888632403465 -1.35466386931227 -0.453273738618843 -0.126638816336963
-0.202921024133639 -0.769539737683929 -1.19743592017504 -1.90288101697457 -0.648724597085907
0.000273277012142331 -1.97654127617266 -0.62136069812748 -0.10892415452868 -2.05605121667615
-0.00174523479446612 0.00274717076753039 1.1597017749114 0.821579327332376 1.43073879268222
0.462200578046153 1.31276200449829 -0.470500500697708 1.4878447832912 -1.06911619620865
1.19301137204674 0.5451475306209 -0.305505114777682 0.0564813391751066 0.642571712754991
-0.984116475742832 2.28060150960152 -1.13836250146338 0.192560428184757 0.791743346558694
1.19254639988292 0.67496791426903 1.68828050170054 -0.659844424988317 1.13715075330816
-0.00329387589433848 0.743199676150744 0.711182399775705 -0.8109786715405 -2.16492914439503
0.280041004893676 -0.292318591771499 -0.50303377629432 0.105470128790998 0.316886205234663
-0.900858838812718 -2.02343168932923 -2.35164044199984 -2.27351272866931 -1.59863592644083
-1.24213749693019 -2.55151123757918 -0.486914146726158 -1.58633167973232 0.510937665579006
-1.29127408774674 -0.0913403207089246 -1.28973857515095 -0.976718209241523 -0.325839227520732
-0.267842276992251 -0.718586365466077 0.210438934502779 -0.323062669869796 -0.853246564098601
0.397798231935998 0.111877352356792 0.369831752014735 -0.282022651218993 0.125230683011562
0.498191055926473 -2.05641984647254 0.392149750812542 0.754759462704266 -0.791608761935618
0.0387084602879025 1.12522004430122 1.23030874819376 0.750166946468523 -0.091885184497165
0.673655301102535 -0.279549054391381 1.17058438185597 -0.596565662378039 -0.0207777255675415
-1.0867901916273 -0.248018847779542 -1.33065455456588 -1.59512678289236 -0.946426276657431
-0.808396289184071 -0.948000121641956 0.574344587789821 -0.966707099818078 0.224421451047687
-0.426352447226716 0.420005028443932 -2.39056131215812 -0.751876870064075 0.112647977627511
0.433513373496893 1.19448444651443 1.24319777283737 -0.418282945108103 0.893587360428196
-0.828957751160046 0.499664379206162 0.20494339147891 0.701013187577509 0.609313985401065
0.184740726158688 0.776152516369295 -0.174589484038373 0.979715859926818 -0.183887033513474
-0.948488940238087 0.0608451734239431 -1.48921486247573 -0.360313501634694 -0.281403785029228
-0.498641019933372 -1.3268087304609 -0.969486165647287 -0.117217137555725 -0.359050534908284
-1.02853851084087 0.58036960121691 -0.502592878472607 0.208499233774886 0.518549425160218
0.101804259144537 0.0798284228315846 -0.331928240598792 -1.46487693299616 -0.348425926007065
0.266747862504228 -1.54578301961158 -1.0173310432844 -0.108910838979417 -1.82858461448471
0.0813784053197642 1.68416482300304 0.343107203448886 1.1167201819314 0.945456298532724
-0.70858610562562 2.07698350061757 0.434042301675928 -0.355569008194208 0.971085231684656
-1.53643512169603 0.39224715035796 -0.984075949272453 0.105633144890034 -0.271491695461834
1.18186252877673 0.492475070959146 -0.330311421148441 0.417869465896887 -0.389763220632863
-0.512707083580542 -0.722511240512836 -1.03494897059653 -0.498002243319729 0.438946693209251
-1.16229449425535 -0.787401668163406 0.70623408554501 -0.348462291567403 0.0615149337640783
1.15472916001575 -1.07023275324858 0.851988468874033 -0.0393542794166961 0.506606578116266
-0.988493941705576 -2.1598869547206 0.34188529151112 -2.44118637096328 0.000169488090859649
0.112488971739396 1.32917618983858 -0.623779912674075 0.942191038005299 0.206407506402148
2.74103400946212 1.70461928809235 1.86251549578448 0.915141125677442 2.28558366031395
0.893842071724792 0.402699647284433 0.559359138628984 0.301257980857069 -0.395711241008383
0.33212033506333 -0.402394565448374 1.93854925590383 0.0934502682671152 -0.692821336985845
-0.161819760098677 -0.0939280637715165 -0.402435632715047 -0.0915276879148569 0.0122677385475905
0.854729289271919 -0.355787671243902 0.902970104100712 0.313716051502887 0.17126098529927
0.70691182484667 0.93941476968608 2.25466930657712 0.100757884416145 1.28933653256492
1.91073144750996 1.0436848370765 2.22903913428855 0.691900895377066 0.0896834756955001
-2.37795820093051 0.943579599263854 0.561440611569368 -0.197942775525181 -0.888548513358645
0.320094972280861 -1.31852583984232 0.344824274063592 -0.760856197412149 -0.611219114339583
0.40519085770696 -0.712392423746958 -0.809190465991138 0.288133978478199 -1.35564070519355
0.393014225101961 0.985458705298988 0.0422649143559536 0.515156396755915 2.10416571729244
1.54378319204728 -1.4577838000718 -2.49649945909111 -0.930771960040119 -0.579619245128949
0.179259109919175 -0.541831011073145 -0.558491652253008 -1.33152096851495 -0.510668795620065
1.31882078896454 0.295096721040164 -1.78812118804385 0.0423510608579063 1.11787567007512
-2.84969270099543 -0.0915531493707784 -1.52101806197353 -0.065455395143647 -1.8032117016247
0.196555997689962 -2.27624146954995 -2.238553553565 -0.947581572717865 -0.0374114343566563
-0.466427200825639 -0.869910963751335 -0.658583151043312 -0.588472559689708 -1.55004820540132
-0.469002748037003 -1.33249750503967 0.660442705340982 -0.55819968705298 -0.227221291653388
-0.149949467220852 0.929114240166034 -0.288056194649965 1.77737464784414 2.76521475670609
-0.296434853441644 -0.0875321024995529 -0.245673889056563 0.460800852635995 -0.330444746974451
-0.641213862260769 0.804009775461588 0.544422150292712 0.194350792449147 0.792750262430032
-1.40858392515256 -1.14894765736252 0.107798311673441 -1.52103336783645 -2.45668088711261
0.517373418886092 1.25488249101139 0.2764565320264 -0.00673775638670818 -0.739736449764282
1.48213647311355 -0.262471777298348 0.95907116541657 0.363015253755066 1.60531772726925
0.862398221707599 1.53864404019142 1.01162569849056 0.333242063779845 1.11643506128347
-1.37248833080142 -2.24464768818052 -0.851099238437833 -1.30145856163631 -1.28347530944661
1.82605912800613 1.96901176428673 3.05541690318924 2.07491974981058 1.72618576537105
0.476662309063482 -1.54980806837473 -0.98207364358616 -1.75783222555643 -1.63209366450718
1.01084253479216 1.52012381677167 1.07541249969816 0.278961795944706 1.62219543182468
0.294649096068623 -0.241418861552421 -0.316700346259043 -0.651563122509609 0.476136706859861
-0.216748252317648 0.935763229244176 0.24754930319848 2.06723572436917 1.48679943179838
0.186758552770773 2.06903213161763 0.274306442698411 -0.380551936205303 -0.666434706804114
-0.665987125158577 -0.90469564386513 -0.445698147756541 -0.107900805184902 -0.482663695939098
0.251283758411982 1.51445735360971 1.27950046297056 0.682674981801566 -0.124632061403626
1.99875251836869 0.658285430027604 0.0419647350600352 -1.43087606896838 0.175071564948968
-0.680959941195489 -0.424102403782016 0.594321212860361 1.70352704644401 0.818628991991234
-0.380473772628465 1.97851417244645 2.89291937372092 3.48057893560699 0.179994011958062
1.01753757684077 -0.511060378984981 1.6697924132214 -0.0901057230887501 0.560349709508035
1.26652167361902 0.118071121385652 0.770529599260366 -0.0911584826589822 0.629105344722118
2.01896601046232 1.64901281672858 0.390270978842654 1.59207217345147 0.189742331445906
-0.109943286160501 0.947467684200743 -0.78686162341414 0.859911387938008 0.677225733699196
-0.0395468784901118 -0.719342245300887 -0.158839508161075 1.19010833279784 -0.708200403127094
0.759675721324069 0.65397090910322 1.48938191789046 1.03620791950619 0.492022893487619
-0.721636912251865 -1.16203945236418 0.55522348253978 1.0880320981472 -0.740263823760079
-0.938516103645525 0.42482365484378 -0.363778201606793 0.0662283938965503 -0.846014168463668
0.384416343951713 0.0962290589300225 1.57675446474628 1.15241962479193 0.286555440488644
0.804973956860728 0.216735027650686 1.22899676132252 -0.0761058339542004 1.19337877484644
-0.311423055482957 0.204168223735086 -0.00821378130151945 0.868646808037211 -1.63128776814581
2.52953429352807 1.28544570736506 1.82081419257457 -0.490357242942615 0.176025951314621
-1.96532913277425 -1.03732950396451 -2.88656726363605 -2.34558967968217 -1.101225002407
-0.0283247017965804 0.0868283272611306 -0.495906359301114 1.15410542618746 0.0180235732207561
1.40149854321666 1.62757050765564 1.57932452290899 1.96312633303131 1.97243656779333
-1.14961998001444 -0.283612631276623 -1.02700173213731 -0.596736868524565 -0.50774585006202
0.821109184304079 0.461013820377822 0.774542378030224 -1.33982801324048 1.70763298508283
0.202736913111476 1.97963724009981 1.62239149704966 0.11974872110424 -0.433343157422149
0.7958182340015 -0.618846674550395 -0.134871333563528 -0.492355926798403 0.393777770020658
0.0977101375971291 0.760571812069291 0.197267361187943 -0.977084900672594 -0.560838672942721
0.361452606618369 -1.64465494757232 -0.446597982935856 -0.820381009205229 -0.940985502186405
0.527227717855216 -0.309715464970372 -1.38636065639071 -1.86666210542014 -0.44102875545949
-0.100493160666046 -0.417732614751749 0.701852580582615 -0.215067075609653 0.576589810404472
-0.392106546419682 -0.900763183113248 -1.76982990900684 -1.62179995608664 -1.73898213599365
1.30584307745823 -0.425440818736534 0.670592206498553 1.08564809598316 -1.31175486493634
1.86678227610548 0.633097914214211 0.430922186776964 0.945828490661791 0.0729253974257495
1.9917028088057 1.30933744667061 0.44897067027544 2.03332842381654 0.553882138611151
1.64847856193244 1.42175333026335 1.1759415579913 2.87922496912922 0.502730689886246
0.814165153371767 0.224968337287635 0.521020157678325 -0.676186668036786 -0.710455934286288
-0.490746387211196 -0.802780410147089 0.401000121921836 -0.0431508968453188 0.505326584100044
-1.54654610792106 -3.58323928407504 -1.72307667058515 -1.53803037405268 -0.683211245514666
1.19998539431276 0.280104804978768 0.326095724589047 0.31827987742727 -0.635696728980419
-0.912523092770259 0.211087565860441 -0.475587179417297 -1.14594469777211 -1.62437746694178
0.767885174170163 -1.27505881969612 -0.565027421291145 -0.55686083958931 0.873414619948446
0.0890717350502951 -1.05355807970517 1.12644671858838 0.30297394353402 -0.13085240409646
0.539929297289917 -0.0328993458684335 -0.141105241559903 0.125618398642815 -0.427119759227917
1.40382344820487 0.232289429703119 1.05175926691529 1.7130935336564 1.56677552410369
0.179521753374035 1.26062036733391 -0.538485668311735 -1.19364570419936 -0.519821479648286
2.53029965179651 -0.473412936175802 1.16114557084095 0.995524067340655 0.77279668812856
-1.80332269355417 -1.46666997350606 0.596399136078662 0.0513377277993839 0.426407954497685
-0.687635876929884 -1.55014230017307 -0.162578022140926 0.198616322390177 -1.19547926411715
-1.61070267647976 0.162719962183557 -0.430447882625114 -0.15592120494895 -0.906653765127617
1.4811740975296 1.30530044496037 -0.0379292561380083 0.360594076726876 2.6730621996526
-0.324440132472676 1.78686240923009 0.933712581705685 0.223677006111077 1.8853819804781
-1.16587928021783 0.027644114002813 -1.21873584074392 -0.864596374933249 0.244189237904127
1.27990558255731 -0.649000936837282 0.326618964252001 0.642143430555608 0.446720740662425
-0.0820448804646079 0.589952436958785 -0.399265866017341 0.886749226829377 -0.704660479106625
0.658965779288357 1.10990260395879 1.45057443580454 1.78519929349119 -0.534622697894785
1.73785790450361 0.319648024875558 -0.538022977088613 0.977602748100334 0.0935704273585669
0.291113155455943 -0.347103817653994 -0.446476642706118 -0.45728499190889 0.539664754115597
0.234109722842743 0.39406904520801 1.81234467686793 1.14182966578072 1.55208658938617
2.17162345238328 -0.844955178934487 0.563491794015042 0.0327487244873198 -0.318325993266034
-0.834562775096127 -0.366567242538609 -0.346108406893827 -0.851552068392574 -1.72991999977089
0.909193131505174 1.30976241831588 -0.207690022967498 -0.264731108477001 -0.26144952759278
-0.474591259588438 -0.271392507697651 0.102706458219288 0.323956206879455 0.88764309679538
0.830807175356494 0.251365367729038 -0.0668952975418187 0.0905725852557479 0.834358480142486
-0.0130327150196219 -1.21872503343643 -0.445075604833117 -0.875586844138217 0.971167058554639
0.286126157109247 0.41952664704347 0.134096412063941 0.640780001250465 0.193886103868747
-0.802134186690742 0.604732044590532 1.01406153656197 0.666900353286122 -0.760509842937148
-0.759107556200727 0.679658980348266 -0.978341088936469 -1.38921354606377 -0.701581529660871
0.812334751020219 0.0384519513458916 -0.208111370955809 1.27807120432758 -0.209953171571141
0.601789426708699 0.946952134771419 -0.240092359543377 0.783011888246104 0.354127365084794
0.0549050117458019 -0.818441690742584 -0.884923413466868 0.402598293341668 -0.927840985456576
0.103004789258698 -0.357172786327556 -0.767824628904462 -1.13438756938653 0.807636181106647
-0.60992721205052 -0.802467274842582 -1.01142069438518 0.424831272925927 -0.739457202116714
-0.907119222237593 -2.06243248334602 -1.18776871100269 -0.548618955866277 0.429746793574878
-0.515162713615128 -0.220398578960068 -0.487822779063382 1.12068203922639 0.298544301768071
0.0891912975594243 -0.832410841234955 -0.00867351249046938 -1.38044563128882 -0.372169818813784
1.08338548497034 0.474273640446786 -0.339920456099879 2.16756066575757 2.28439881137457
1.41729452009851 -0.21459106877461 0.674474977491134 -1.07702528582595 0.165504525507475
-0.14357695331485 -0.74943371347079 0.336815203942883 0.0275955435204879 1.0620220656583
-0.173335690294794 -1.79524115012763 -1.55443495278002 -1.18653826255815 -0.454039364329991
0.0172455858942784 1.70341699632263 -0.023110119796347 0.284294105028747 1.44736452551447
-1.00104915300814 -0.96763683660472 -0.912524882138054 -0.308478762504045 -2.47135850728691
2.55967918341564 1.64211027232358 0.297883620373281 0.656870239119411 0.199721911921531
-1.43346994704616 -1.91173690630328 -1.48042468579181 -1.58830197992872 0.0657207437686185
2.33431727803175 0.506153879080786 0.303184589495559 1.80727361367552 1.4585626979004
-0.615905670263232 0.39590577578224 -1.79367415681165 0.123113265527507 -0.915476625831337
1.31458149665617 -0.0204440445925377 0.0721098201285253 -0.360798855153952 1.48148900737341
-1.28359977690878 -0.255801272751054 -0.91302195558531 -0.67665058946473 -0.366936847600083
1.21286339489098 0.203751163822021 1.16673489693814 -0.0631494974209338 0.364485084883019
1.61651589089483 2.77575826032533 2.34910673725471 3.27301014746288 2.33960151580596
-0.851246805223933 0.0274901117278724 -0.522579508587289 -0.216172079760066 -1.7533798671205
0.348837076674254 0.104355306906428 -0.0653025126538605 -0.357311763600927 0.316379439289934
0.385433945960146 -0.00352912520043883 1.03565596064462 0.170656703668224 1.18243430384851
0.130711701892921 0.531339545317497 0.178574842479953 1.30602350095963 0.889480165133651
-1.61788401614122 1.34952712724817 1.04972034608619 -0.0520748573401718 0.0212584168990581
0.165948505289233 1.77280674821765 0.801523010143468 -0.488565523466028 0.693438414085231
-0.966478644286451 -1.37019781166915 -0.777671412505142 -0.126034235515058 -0.811894580063897
0.130603107729216 0.188119182520349 -0.836631589711194 -0.21690859983168 1.82959632549459
0.69117179559972 0.82232103835939 1.34116587432731 1.18431075400262 0.204784340129451
-0.12245135234686 -1.16729028300913 -0.143884598746036 0.139662431188333 0.587965286985657
0.419118775757506 -0.218388522768332 -0.455590527474711 0.301387548962031 -0.36936787690673
0.122058804885686 0.878886448992551 -0.175945665198723 -0.357788598233239 -1.15218479437243
-0.893822017954951 -1.2276531773535 0.521414501353758 -0.216403292136306 -1.56540964454045
-0.43484467469638 0.674149617530833 -1.15747730483682 -0.427230418385872 -1.0503986380975
-0.175466734628629 0.416089194546019 -0.846243753270122 0.528278293322739 0.628044799443128
-2.02775255139817 -0.085603577675636 -3.00116014142003 -2.56330340802661 -1.94978723318945
-1.24081244622217 -0.229143183056925 0.773110240521146 -0.680964323014431 0.0985872400392199
-0.796482700106885 -0.662434180958365 -1.36389398456106 1.00983570683262 -0.0611673617364641
0.550463632469019 -0.0941729608475114 -0.853385859589717 0.946294548073366 -0.986780238651488
-1.67700650217836 -1.8406596734187 -1.1225264093124 -1.78751991284673 0.141375396153974
-0.534831059751121 1.02977888945104 1.072177641596 -0.856831420902302 -0.925908133266299
-0.151319584243267 -1.26475171111282 -0.796383569393974 0.633614915706564 -1.16891752760388
-0.617600596617869 -0.504336847760633 -0.725569856029106 0.562093083630801 0.182689767520273
-0.80026814949935 -1.46644267021371 -1.19248373983108 -0.611271263016096 -0.240252054392708
0.619816358299702 0.560817476378954 2.37309672007674 2.7972105657799 1.30219615324005
-0.221054170901688 -0.777964743618211 -0.101362064201276 -0.397561832068937 0.621616662484282
-0.196441197509285 -1.46165714852457 -1.57075670456658 -0.918001992635772 -0.0380199576310394
0.322442248007733 1.37127765477407 1.26512264665063 -1.1459148431158 1.19156948631295
-2.58884234745429 -1.90469395973603 0.312903291881611 -2.79095222414827 -1.2634199105644
-0.917013951226234 -0.31412071941418 0.303483985280348 1.29974373445989 0.16915795686481
0.612002212863118 -1.10045722190853 0.947080367361534 -0.112271869485388 0.0645064924328798
0.401352321692793 -0.124380112434752 -1.81662008093269 1.26812890700543 -0.0767879819404516
0.885420766217452 1.43377630312424 0.312970248392676 -0.479504531597182 1.23408346166358
-0.0925766392712479 -0.217964880449792 -0.0438304086168621 0.328375943091045 0.228187877865859
-0.632962853405162 -0.101714683376471 -0.00573404705739686 0.361700886621893 -1.08827204235814
-0.572344225094412 0.762856483156099 -0.380993156254269 -0.542852838224013 -1.76266013896557
0.479958784189711 0.539559591691224 1.30732918066602 1.37865754918525 2.10713534207033
1.72246426087736 0.0329613161314959 1.30952261271476 1.15505443164178 1.32797611515442
-0.0450189354088418 1.36874547109552 0.277027442704056 -0.119982084467675 -0.180065431885716
-0.868965873355214 -0.273038744925321 0.404000016695538 -1.73829591970749 -2.13462134079081
-0.581630907643828 -0.283351735479034 -1.99906602819216 -1.98064386648972 -0.632098114828257
0.0534538941642292 0.174788419984004 -2.04689798395633 -0.256879499358549 0.511951997580272
0.54862805449151 0.920109574051931 -0.534105747858055 0.216646133160806 -1.24480241377211
-0.406539238176454 1.74721413210607 1.12801380526541 0.23765624259426 0.882313469694168
-1.37269873329148 -1.18853236708455 -0.0143512931682318 -0.909422760935115 1.26886030785728
0.202636753892945 -1.42026839319216 0.557645538022026 0.607251078520078 0.622342731865606
-0.156972572909108 0.255064258822438 0.220651436246333 -0.940385196911563 1.1065119153684
1.25274477130612 0.753808236174042 0.664180710183665 0.352454191551867 0.663297991749387
-1.3972811400194 -0.514958833275266 0.084717466820758 -1.52794361793623 -0.104596657088121
-0.411361985205227 0.162318549738859 -1.06897532256643 0.222958945371521 -0.030561812388714
-0.707920182463883 -0.751242897061261 -0.281128617008934 -0.473798608419406 -1.3841474136282
0.19304893935138 0.849320017080399 -0.0176341794689505 1.22952273180389 1.033465099254
-0.704143181828023 -1.60412533649247 -0.0423715489887677 -1.14749893022924 -0.446528397836127
-0.300989759230897 0.64151631707989 -0.145396356289966 0.834020672241721 0.114549593673713
2.15432598562683 1.10397683652588 0.986192393283231 0.919987286158506 -0.45495182298303
0.567721078878148 0.17750420781003 0.626485602699328 0.0355029531613047 1.33648072175313
0.0933268753518673 0.775710556113545 1.07197781092636 0.479789494293523 0.245883190643259
0.0720633521872262 0.386329119858489 -0.0999014185415635 -0.170555625409764 0.1959551492434
-0.10336375813148 -0.751315786253738 -1.89673244131354 -0.770205222536837 0.683134301592994
0.744709505628299 0.257079253187558 -0.249543728908854 1.62624667909707 1.6354640160687
1.88618540033264 1.5955074909318 0.63170662747069 0.731657862283584 1.65101686342667
-0.679728477012433 2.10254237130378 0.532832143427665 0.236053558842208 -0.0366214510077959
-0.884289434362446 0.481755471734231 -1.46156341527524 -0.0245955527554075 -0.0334905289675297
1.04825079965202 -0.823916871833436 -0.0576342618958798 -0.262531187298813 -0.297821364290895
0.593587519227863 0.161783831344708 -0.279281248921967 0.975551663176973 0.0823036796544676
0.385383419584048 1.30187813052471 0.44822625147199 0.931678134969122 -0.0706041991060426
0.0137438327086626 0.486211836305493 2.08894393942479 0.0352896498392579 -0.127859559839271
0.762962918753373 -0.875098292093147 0.648500347609735 0.314638290520822 0.576107270500605
0.563153681919522 -1.08128507494138 -0.453003350006745 2.34517032081939 0.734229805775714
-0.534857433453606 -1.4962087273254 -1.46712332658114 -2.22279576991107 -1.76817567074474
1.55377590182843 -0.687063093938088 1.24083981618997 -0.389612095945704 -0.0473652900448546
0.577668481020526 -1.00223125982177 0.673546605268841 -0.30042525321438 0.731951942727364
-0.166248459195518 -0.720669152754453 -0.768299608096891 0.294840399485334 -0.325698899795123
1.08077690413568 0.391350554243934 0.709584647292802 1.46826895986044 -0.292569640658022
-0.52408744967611 0.770059163220466 -0.135850589554277 0.879360245717931 -0.141285296975019
-1.7157141564233 0.0931512852854333 -1.32911821398439 -0.292361722448751 -1.55595595520157
0.230367312164021 -0.318635384676979 0.228268680306822 1.46596041020517 -0.123191578997675
-0.632141985911134 0.810267427317064 -0.294895581910705 -0.903223028268493 0.956047920922771
-2.0686618171073 -1.90939833146232 -1.58248691381046 -2.084995834727 -2.78164170770777
0.182194545196342 -0.631472840776627 -0.496509035172941 1.35606501815406 0.913598534404029
1.51618070725532 1.44950409808737 3.49693289545754 0.947163076420233 -0.267966993185327
0.90768775250234 -1.0497401986219 0.90343231648303 -0.414749653669009 0.535166430083869
0.962818710145376 0.167639426577667 0.548875301493655 1.61184943585762 1.97156942439147
0.48510272278442 1.14990796823437 0.303936743090794 0.888370594271496 0.375314464088164
-0.835248595387087 -0.0353428099394927 -0.0160761249801117 0.607193474182878 -0.951554169618023
-1.98619699031455 -0.510320319358017 -2.00967219358863 -1.44839432078828 -0.304025813358152
1.45591844454632 0.811457523025901 0.955834201612053 1.17981685292987 -0.232292680704067
-1.63682426830041 -0.992036770403907 -0.502622308206161 1.27748504463742 0.0671572575309658
0.631996741293137 -0.498458297944743 -0.425821942526808 -1.66519040958175 -1.23916775235151
0.853942783698098 0.745995611005665 1.93709735828902 0.188263193925636 1.67380542281302
0.734645827533926 0.136384676096123 0.327525272762099 0.122940679753696 0.318506164442197
2.10110633660925 3.10236750756587 2.12146950814121 1.16433703578238 0.237750693734679
-1.85684028278005 -0.91446437462542 0.299183741518555 -0.694642760959969 -1.28792324622464
1.78089653676777 1.52368877733932 0.669442607619751 0.980595934466048 0.632193518918901
-0.86204426002135 0.0237108933197017 1.3281534237289 0.322630265116491 -0.811235442879697
0.968792188317039 -0.408231142864144 0.955486636307689 0.06408590674881 -0.0688186321115353
-0.884640258994588 -0.657837917282051 -1.00291390248635 -0.615922295828036 -0.606869874813186
2.06161779122159 1.88875928896001 2.10033157937761 1.92060517736731 2.24519273941322
-1.02043987325058 -1.58229817682427 0.407350290953174 -0.799950934020145 -0.806171695116668
0.376424984589133 0.878322890851507 -1.68502756983891 0.19471206521029 0.112862505304771
1.7695842574065 0.77808931874799 0.400472411544806 1.54943098891868 0.945445915124003
-0.0845104718438063 -0.321891122185178 1.34335820557506 -0.118762545306665 2.16970408602333
-1.23134264154245 -0.419522360328817 0.299698616504327 0.290178567449704 -0.37968850449156
-0.77118442429784 -0.493517232296102 -0.573739078684574 -0.681490470556703 -0.458608799345432
0.260835911726448 1.21706567308522 0.537204457978478 -0.025937977995586 0.357432252526515
-0.814279872850908 -2.60934732396961 -1.36503417698049 -0.966809934045726 -1.58894039498615
0.437870485552873 0.04700395366657 1.43443930107373 -0.0168558790544444 -0.035226493436488
0.872137072632527 0.897609803670648 0.607073316865132 -0.0301846702209213 0.0752343622541607
-0.978978939241379 -0.0220326949081884 -1.1678832322204 -1.85018806676496 0.916374027746263
0.575081110922544 1.66902586595119 -0.566957121417822 0.0883140118587986 -0.158567017863967
-0.678186764304598 0.317269238411177 -0.29952260037876 -0.371537014575618 0.51833074185234
-0.210741371081975 -0.188144028689652 1.30419842380212 0.703474195938191 -0.527633452141325
-1.17118197642117 0.496628391753681 -0.990300684953253 -0.235406834736633 -1.48203422042373
-0.937303507765971 -0.452335360833274 -0.223100132764626 -0.151619996816655 -0.696400613810944
0.859403625982665 0.222102254972156 0.945781600895151 -1.14355274368082 1.13985845953104
0.437831131207954 1.49931688648756 0.349340348876483 -2.13467298888226 1.7044528647024
1.84069050170441 1.85655816712463 1.2077935176629 3.58355443716329 1.79042260293965
0.37528789235968 -0.578948560915571 -1.15260221795396 -0.623060476608564 -0.824369164970312
-1.02320373299909 -0.0631202653129421 -1.61953274049427 -0.627002278461651 -1.01103976900872
-1.3603060913922 0.480492742286307 -0.545277428054607 -1.37400438011804 0.0417514811101244
0.0842644350560371 1.20864002012247 1.5616488303385 1.41070043944361 0.0630319587242941
0.0942462268126961 -0.580743802349331 0.516311066411318 0.186147463402556 0.246814388487667
-0.907162319342272 0.282167415015967 -0.390324082022706 -1.04669088338473 0.339946531423509
-1.53035506831291 -1.34942765333905 0.364623942303931 -1.37784443221347 0.759615664246336
-1.41353426384734 0.520386216381844 -1.27806704945003 -0.467550649752094 -0.990148560542471
0.99233923987317 0.264642856367162 2.21349824618955 0.839427521474143 -1.10465007497151
0.655715748234452 0.945154901604584 0.333514720918772 1.26925386115713 0.693574456981562
-0.207191023494279 -0.110610132341958 -0.664058179568293 -1.05855353691047 0.377970477545209
1.09386616087529 1.10849599080313 0.585220552167457 1.46362320268003 1.59664700348201
-0.761595040954955 -0.765540591338353 -2.2937326700116 0.291163215320122 1.14781424023603
-0.309403110286169 0.609546464407395 0.575671165458672 2.11475202541093 0.987529695808297
-1.41182611618748 -1.39081127420538 -1.8255702204092 -1.50143703637766 -2.60291645331455
0.459253956148748 0.690005010692684 0.222915063403267 -0.900343495948992 -0.772660443564518
-0.903416937203623 0.30182272788908 0.960672776796355 -0.577231038783606 -0.465704085213363
1.1766309019709 -0.509457093658342 0.76717412051913 0.523596804995865 -0.588338410823429
0.124845637570227 -0.130750391905746 1.68910317634766 -0.31322816279426 0.209908099481659
0.722130670017928 1.45210960176245 0.270408863531711 -0.0136703155267434 0.613825343635673
0.802956197240455 -0.405018317844401 0.360217522616081 -1.69308171009067 0.886935305495283
0.24478818528685 -0.517582267468254 -0.442873501048535 0.368704534627183 0.716256263637499
0.401736848759684 -0.33260518780547 0.752871347105262 -0.569701989903191 -1.78220535606733
-0.195050245971616 -0.749205122725379 -1.37732146441056 -0.686525300750821 -1.04024600405656
0.447909283446078 1.55505591496993 0.246834904959994 -1.24380911032574 -0.644345244958251
0.313765938408549 -1.70406726559911 -0.763542491459442 -0.652480949422003 -0.995613405244332
0.767888304924427 0.290950152608061 0.16921785283938 0.2880673746165 -0.365774926922522
1.09044121728698 -1.29037070555293 1.2489997044318 -0.314150658932659 -0.0713447767759902
-1.28282797291981 1.21225195955593 -0.328483090760315 -0.725730028800247 -0.919236919296922
-0.686015181633591 0.307421603466305 -0.607484631931039 -0.573612221956901 0.256406615420501
-0.692130994119207 -1.59481797413594 -1.59583700738509 -1.6604226952742 -0.804025287946063
-0.837168277972335 -1.56508109385756 -2.24226204437247 -0.492730850726695 -1.24221310095362
-1.41988388233222 -0.127858560796771 0.314108066427078 -1.53557207794085 0.602259586041666
0.387844004750104 -1.61491602827 -0.327124119653 -1.99918310218261 -0.10967510495031
0.110892059426753 0.767483107648576 -1.08623705901063 0.308410309466301 -0.00551164814324681
-1.33993592300363 -2.32926220272642 -0.14640996805764 -1.3911519937942 -1.23282925120932
-0.349899422426113 0.256385442838518 0.196248754092115 -0.899153771346706 0.54271487522665
-1.26443050626061 0.943001827767276 0.142412669937978 0.456373418921519 0.317100163710097
-1.03966094842063 -1.99106532478851 -0.421338352961709 -0.385107284044133 -2.81286002074538
-0.776339157343156 -2.73967793523027 -0.144947460724729 -1.34685037773345 -2.0441930258158
-1.97714306783774 -0.276683002495939 -0.707591717415749 -0.460485817080785 -0.762516486710211
-0.177973794869 -1.56397875044144 1.33080683367746 0.846222184729998 1.21672109460386
0.0768969903937649 -0.365689108318329 0.543738957123696 -1.09346944238407 0.328266870708273
-0.551822111116791 1.40876607505309 2.66015769395971 1.02135849578827 0.0117382573242384
-0.690242085150667 0.159248913911023 -0.72555793654949 0.125005895331931 0.22479891378889
-0.678295416377782 -1.22835462058039 1.22809449028543 0.124320423625783 1.61771556593978
-2.0496691336773 -1.09464125243324 0.502176686704437 -1.52247989503107 -2.04511438482413
0.232368339251127 -1.00021333940737 -1.01107759293168 -1.14752883443012 -1.26854702865803
-0.321633926977273 1.62992311215619 -0.529303803839488 0.280518383365229 1.73272573979867
0.224493432270832 -0.757479059602131 0.142831898847629 0.509172027957329 -0.768428404458513
-0.914870453289352 0.0406534598989842 -1.43288991925112 -0.940323934119479 -0.462431857346992
0.174771314870446 -0.680500697517961 -0.0631201741874797 -1.45355567954376 0.00744913243077902
-1.49378430333607 1.12640589102278 0.669175983926893 -1.61772742636115 -0.111700337638686
0.384695762663766 -0.0739341249873812 0.682652523334957 0.0678019593462816 0.155234144066524
0.494694103331936 -1.71069861432575 -2.25208612999709 -0.88145549235782 -0.571217163650072
-0.442145257725005 -0.415195809377759 0.220632610005064 -0.932961918347327 -1.48208437175744
0.355787136813225 1.91515882703007 1.1484450413541 0.506433261176863 -0.734573940460035
0.461150791680917 0.410182510462576 1.12382145678626 -0.343614233204577 1.98000287450572
-0.0352362751793371 0.579499261783774 1.89110824725507 0.801146708893997 -0.841683625224767
-0.213046653504374 -1.17099317234825 -0.993306459406925 -1.66259801116539 -0.356480802191724
-1.45723815384954 -0.535193773874009 -0.488906901986519 0.826117715866158 -0.617596072449472
0.951148607448609 -0.0202001746335845 0.157722054302626 0.0943785686533719 1.86433595533174
-0.595219196391603 -0.159173612607934 -1.30876282666186 -0.533469299440474 -0.526178811709227
0.153412868811106 -0.0438511446456478 -0.0151053725576252 -1.60964419651429 -0.16075102796292
-1.23016513150585 -0.557080524514204 0.731501276533367 0.886999901617816 0.553259844330366
1.46638348373784 2.33037392235155 1.82626997594386 0.117344807233167 -0.271015925874744
-0.840876307012759 1.14351028967653 0.00327842816719651 0.0558049891271178 0.0333893319710567
0.447324773764967 -0.922512687437528 0.737034591196635 -0.492109040600818 0.232661487592112
1.65107982730701 0.173289727311148 2.20480037926911 2.04005778255068 0.630631701115809
0.0618851707073875 -0.207155693567797 1.29037199499678 1.04762064056233 0.286171069399527
-0.437453255208359 0.307685688552724 -1.6659340806687 -0.394159976932976 0.175636907395432
-0.906851326595294 -0.0773666919852666 -0.11575087689429 0.162176749807502 1.67501957622965
-0.234067997550303 -0.00661545110837547 -0.281283856592029 0.0373209523657625 -0.570460810716967
0.321106228323171 2.36248556751333 1.753455247001 0.396707135717813 1.91381819831515
1.78513738347895 -0.22626380048195 -0.0587790244189661 1.48918399972006 -0.444085416298117
0.71841557817116 1.6361176157379 0.495785836407013 0.43751646265429 -0.907756179220543
-1.16498971379174 0.044292405132543 0.050497641705696 0.614991469901259 -0.5130504426925
-1.37803719105141 -0.42925381865757 -0.848593835880575 -1.02383159034186 0.0731858505617672
-1.68131793954149 -0.733882471691247 -1.84933377875235 -1.26999608548488 -3.46868457951623
0.72270515125712 0.0159168176771786 -1.53250438702751 -0.24321172555528 -0.699012834753749
-0.53903699371962 -1.4118422407695 -1.04324900607519 0.46241572257444 -0.526207347770808
-0.378448368933052 -0.396130446984641 0.235045469049187 -0.0508669665744003 0.775041944989466
-0.317650222038327 -1.1249980075236 0.416836860222455 0.32287686235626 0.0511603220261569
-0.0757288257569409 0.0524855025991579 1.17216202227098 1.35204361005652 0.708523370949428
0.834260947992496 -0.0691773207343025 0.400994684585435 -0.272636503972073 1.16418393473464
1.09302708230437 0.120586274466897 0.97402750796276 0.560937649513482 0.439311467009597
0.295027139513742 -1.63282216667123 0.497346234111352 1.07542134192934 0.0155870021320495
-0.432192407289581 -0.805065761380022 0.520442188720364 -0.0185699860984357 0.00191109472089021
-2.21065362021161 -1.14699710452227 -1.53651518846803 -0.594229620387207 -1.52580707708703
0.38858684042012 -0.72380101444888 0.474799557055402 -0.513148579092351 0.218217398854304
-0.666550619731321 0.545328748471888 1.3886638863042 1.15052080092628 1.08398934914957
-0.744595934928489 -0.0317640456044249 -1.18411846389724 -1.03915692379478 0.0368557410796148
-2.04493755921451 -2.15987205813176 0.0400559954748585 -1.56288689681922 -2.18364643551204
-0.0929886696161434 -0.3684311537803 0.615150010964716 -0.801424638867567 0.267955758876888
-1.52910320199521 -0.294402192562794 -0.0740960786514788 -0.735988026977209 -0.02995066865859
0.922405341840493 -0.463324015331209 -0.159947942434105 0.990088522090184 1.32204726816253
-1.24461267553447 -1.11442608222205 -0.101941154250825 -0.99195229792368 0.107148987210966
0.673220819302927 -0.809821895077481 1.41904037244945 1.34232516248117 0.851532463281993
0.0329386571976786 0.742040103133679 0.241566049425442 0.4885411573948 0.754600832197776
-0.0635737211578761 -1.23810267548239 0.197789557369255 -1.37939824195361 0.746688910501071
-0.509465088497668 0.0298516963627073 0.216698797938691 1.53010759470681 -0.24884847195596
-0.113291722523571 -0.148970757184855 -1.0929608942127 0.678483208935003 -1.11249035006983
1.42169835824492 1.0365730203261 0.658475458218268 0.718221799697064 1.42287214389977
-1.49436748088051 0.717106666868741 -0.825006024307118 0.212048848533557 0.0240003356449979
-1.02741357115692 0.58075030917477 -0.250136431394347 -0.63296183517643 -0.726661618957315
-1.84955545503069 -1.15457080338852 -0.254449528913634 -0.707832363824221 -0.609518728368183
-0.888133081611295 -0.488194656161268 -0.585317606255924 -1.31925862123297 0.690118179414149
0.4976159160373 -2.06563073916542 -0.263931032725332 -2.57615700839623 -0.920054799613005
0.597483520385888 0.349278300179548 0.509082393860445 0.661216650507298 0.672317992519991
1.05411805928728 -0.53567901656413 -0.329716933579541 0.415473280994296 -0.457618418271086
0.74165235891317 0.965096206732821 1.66766797123566 0.437583517412695 0.793231386653132
0.61359516593843 -0.827800282149777 -0.571293571592247 -1.22115375848015 -0.778004356604416
0.539382328639874 0.131495388214273 -0.89920855028415 -0.350763821227876 0.264779880235986
0.45595249493261 1.34088752201155 1.67457314902327 1.25837835505107 1.44465168824075
1.18135643210873 0.663064632417304 -0.00412857798439274 1.11693884843966 0.32704610317099
0.00800777160894412 -2.23491958512431 0.527992373510292 -1.29900505905 -0.624402869483168
2.82407922574769 2.53331285534196 0.569525023303048 0.997084590363682 1.93864801531652
1.01447135949303 0.267237612151733 -1.55025097741745 0.277043445926695 -0.381960016482824
-1.4118172089309 -0.767615979003599 0.0981880250923525 1.37996959196451 -1.34470509039099
-0.103178202141244 1.36484613268763 1.16943663226741 -0.860351545904276 0.733081647859505
-0.336371814704787 0.425265976863754 0.941335537278554 1.08260995986135 0.756184838996186
0.523619063901321 -0.966097175234787 1.12717413344912 -1.08075166117478 0.583820931120304
1.24073996454385 0.524480845787968 -2.21329111085196 0.0716997677931447 1.23238056346469
-0.78369694705787 0.16125030793975 0.195761737237664 -1.94449598764345 -0.199237372653754
-0.132469816387347 -0.370805981393606 0.152459181920825 -0.953999759522283 -0.263348122153499
0.880516054332335 -0.302806352191514 -0.391690758855566 0.188244248670439 -1.36322582411918
1.06751057458091 1.12830581876577 1.22513483729994 2.81525790736196 1.48664527404317
2.21589955327453 1.01544489548247 0.746280571848385 -0.0810966350509867 0.362066314958358
1.70319427981267 -0.0154987076499498 0.314744654719436 0.338322670143919 -0.621926795285715
-0.901979390798328 -1.27622755805494 -2.96157195651202 -1.11670948568382 0.13865234632059
-0.251543405425529 -0.502422043388274 -1.64819852567682 -0.857884553029127 -0.81564871450742
0.452108288182133 -0.948688880406033 -0.906056431729922 -0.0881332749621734 -0.448077307908546
0.0350511308304795 0.286285258467418 0.277692090100361 -0.590526509646243 -2.65069442794343
0.310196725728833 0.336671036174491 -0.206879930300014 -0.0775187405329303 0.527722330723885
-0.862731412004733 0.302238995158219 0.139922404753707 -0.695834467515698 0.5316788014898
0.761360363902016 0.58535451603921 1.69070256233418 0.95630767986649 0.53268060891135
-1.77091553526398 -0.599772757966684 -0.295388311215953 -0.450455735968321 -0.475859566090205
-1.58629630990634 -1.57556163981589 -0.085894716260347 -0.683396619285546 -2.00851018007832
1.70066391490937 1.21729584084627 0.618387105590468 0.235873556071921 0.497493342458397
0.187874832873805 0.435259845918405 0.0975907408850968 -0.212802437634638 -0.623910404485197
0.454897296580671 0.76248030669316 -0.48105009654644 -0.746901189835251 -0.257250229156578
0.0397381083708921 -2.07586919720525 -1.42122354971011 -1.5399416301919 -1.09971500203499
-0.167508876015136 -0.39065726974097 -0.0908378462517735 0.00563200763218979 0.774176055145722
0.504333244924486 0.34925866331581 -0.810943517928743 -0.419617127678183 0.423430583199067
0.282171239409123 -1.05958628286244 -1.20908718327389 -0.848672141682624 -0.790763324415075
1.43297794161904 0.872442648351331 -0.0412785220071652 0.232235452743253 0.0465446721009431
1.0955405686791 0.518707114433668 -0.407541080435292 -0.0706444222041199 0.293851226578303
0.550777218030658 -0.45462735551589 -0.411582870026981 -0.0833785754971423 0.810808225554293
0.648461544992029 -0.322792334615424 -0.673882058755449 -0.229358723597836 -0.534689757358227
-0.169873461405092 1.54031419823709 -0.169657052429821 0.165167341827959 -0.802525443133605
-0.105458511472392 -0.0605483260599629 0.360344980657403 0.250036411624149 1.04986710367405
-0.225907037969324 -0.439112684569258 -0.0912683075112469 0.638268146252304 0.0310885321564723
-0.933123976959541 -1.22046846365974 0.481047441675472 -1.59208638202309 -1.6935726290271
0.195984394474288 -0.394936813697758 -0.34062769934571 0.600307369203582 -1.63212219615013
-0.184797224105893 0.175405759341869 -0.875146630437925 0.688274238366752 -0.799739377998454
-0.301801679854302 -0.322580259751334 1.32541088946403 -0.853348023778509 -0.884680902296122
0.192254766149255 1.02343560022593 0.129984701585967 0.277309818815055 0.212664899198416
0.161145074164233 -0.283408659775547 -0.389528298939706 0.0395258617408981 0.973253144610249
-1.41110583792638 -0.206163169568112 -1.89562104840695 0.538406192081564 -0.193678637188337
0.252632876069512 0.704719856897555 0.899054815332658 0.167652626011345 -0.176270438986813
1.40074200300615 0.285350393160175 -0.328457087661597 0.751730272263714 -0.551691099298957
-0.563227157678287 -0.539882865878614 -0.715749022131371 -0.488338080910905 0.198708686458917
0.420096096110585 -1.31340764739744 0.508179967024176 0.34970537282028 0.356532736301318
-0.22282909809859 -0.169920402213398 0.170538152143221 1.00694103635376 -0.457491147371426
-0.241249094126863 -0.838517466894891 -0.0279292592297754 0.0668449239005218 -1.33841724332173
0.00892238213624476 1.33856067975515 -0.849421929821388 -0.756813771083281 0.652683263824301
0.473308054810887 -0.371068075434079 0.798383354923225 0.453857369803661 0.131109233856556
-1.04296908823002 -1.51384033199135 -1.67947090266564 0.273702532844941 -0.776030267720692
0.224655150166105 0.851965678611619 1.48880589226778 -0.72409436062612 0.500226062163283
-1.56407091588929 0.850828504655818 1.24315297106164 -0.0157245627472978 -0.0333639422057201
0.741863642529551 0.662287752352942 1.65309631651516 1.8028960519724 0.132443513846203
0.189031988595366 0.00486345502426427 -0.456908694082121 1.45175104702654 0.656667591580851
1.62766096881489 0.452512992844891 -0.98807660376989 1.01942712357747 -0.318908136108268
-0.575607323467008 2.43758497134878 1.18030584582125 0.188055956607249 0.928957895969129
-0.309096042636617 -0.672106786308669 -0.393973350480395 0.273501535426498 -0.806955185892953
-0.6967156347166 -0.451748068198099 -0.387813555418393 0.884703090548568 -1.2690645192696
2.19665590864435 -0.338564764284095 -1.66395358477035 0.360465661935664 1.20097013117763
0.743959400119439 -0.162346017213335 1.738769036229 1.04767254382225 1.20835484899033
-2.35753054363893 -2.31235002901171 -1.16981834721439 0.0219018636318808 -0.888128557889264
-1.09994968050044 -0.00587111881877126 -0.480441047120325 0.529805393656022 0.293239565012829
3.8681946483451 3.3906161128685 2.24067058138611 1.41887153555897 1.96732694214523
-1.2502103201294 0.849765125458121 -1.33351980380207 -1.10965582735697 -1.80964162607229
-0.912414242983083 -0.897403714154839 0.0202178252865901 -0.583035844065341 -1.21539809179827
-0.822959769235746 1.28149534893801 -0.0660531612564594 0.803543844627936 -0.484887515838343
-1.78880079099754 -0.307886734287897 -1.95580166668396 -1.15845023032583 0.452056800749945
-1.10597809796611 -1.40811607718657 -0.187934182147989 -2.40194861931014 -1.66788315546393
-1.41799597779742 -0.343783208855833 -2.0038172802533 0.482212279409679 -1.21546816162299
2.17690218083127 0.901996302362456 1.6609292018787 1.33628611345554 0.254394820418757
1.12304784836469 -0.918080657892774 -0.0328987621600035 -0.11240845424652 -0.154749323653364
-0.154415021025875 -0.457485769178 -0.780229214474776 0.97209784048453 -0.0271850048972403
0.237777884861615 0.0929342740602263 -0.592312534199809 -0.248673575038365 2.45539764552844
0.771114562767532 -0.311729871484928 0.43588062459789 0.705600238157647 -1.02376531960537
1.35072785603893 0.0490795061919613 -0.303594616304614 0.981214232064055 -1.1102925607153
0.70808928794031 0.485309356746913 0.216488093861048 0.644802761631025 -1.12154327907515
-0.578477922480227 -0.937714238581653 -0.853252217055355 -0.196648144978354 0.0134001858810565
0.155783187824469 1.23926483628986 1.51182774374815 -1.27224429389384 1.06955174622053
-0.291154212871207 -0.842839039500251 -1.47588616530449 0.703104621306067 -0.509664359095202
0.452546360644525 -0.0404607889158709 -0.0248363154524792 -0.244546716576912 -0.265624143131672
0.563187430614849 0.23172314517767 0.738845385190577 1.46274559742321 -0.692938459533188
-1.3081955994547 -2.40071711350496 0.335636117312797 -0.230228258179446 -0.643263857759127
-0.828345730115974 -2.16123079976255 -1.79313321952833 -0.448523113506005 -0.759515054271896
-0.622722930411591 0.654043854518768 0.5489723131896 -0.0913552567943092 0.159989902006152
-0.336689779431195 -0.412520101084151 0.152615431365009 0.139899101349956 0.0735130770379963
-1.22417721770614 -1.05888166971014 -0.314766135135189 0.165615944095584 -0.49641705699777
-1.24351631061738 1.56255634651587 0.722991800463294 0.402451768591214 0.0704466316569959
-1.22490659389493 0.956179480597004 -0.0981003500519509 -0.585715450571486 -1.38328184047282
-0.961723551945211 0.516237386606801 -1.02270874567326 0.275026642453703 -0.542853651265788
1.57063424212101 1.04542131222496 0.854700661576589 1.3550333161773 0.207817920063463
-0.735863269768265 -0.700992302295459 -0.500199217329564 0.171379765184572 0.249537098300893
1.02587635875575 -0.285426840455932 0.471794867284693 2.10978132008912 2.29553163553041
0.269146223403375 0.352503359813115 0.537589999786594 0.67348240405364 0.500453291529064
0.532199806421282 0.788266217321949 0.611403636953984 1.47343507089008 0.160406749821885
1.3421500010088 0.985405126621609 -0.172094299762999 -1.05583248199122 1.35189424544551
0.841211406094132 1.43212362300174 0.197216431748615 0.315735153612664 1.2842194683633
0.573837509048721 1.06236655245909 0.947051184285485 0.528843844762166 0.374748997971136
0.666116965771572 -0.472143891848478 -0.659072930081265 -0.0786630569403452 0.875852814907457
1.20020842997723 -0.178376379493541 0.969391821835097 -0.69217293948003 1.3987701942175
-0.19963525681437 -0.532472720867424 0.544622517036903 -1.40980333307951 -0.73287957512197
0.285407111476753 1.48458079725476 -1.24662882570346 -0.821421359153152 0.18449636436536
-1.78445001540604 -0.679851720017102 -0.603967021564245 -1.1494746000659 -0.878271253490515
-0.314866855370803 0.250332225692049 0.526152341057511 -0.0706582281350224 1.39001811527216
-0.895041416352312 -0.120210054964869 -1.12900354409334 -0.803730498222974 -1.34080416899606
0.495680432476883 1.12295451525852 0.212634493611777 0.0576017820874277 0.857932360569003
0.487661714350479 0.722142697129278 -0.386069285056266 -0.649291937079255 0.542481942617092
0.924840529394707 1.39592710304115 1.28765149621302 -0.20743390015442 0.877875835079157
0.1516874532118 0.322143423232278 0.619943752444331 -0.0927887883803835 -0.224270481737075
-0.0964526335145663 1.20815632848113 0.0628859125689816 1.29553646956229 -0.0329094976156934
0.973851551793402 0.595929258439677 -0.576693368947768 1.28852273427239 1.51862757560351
0.121240748930394 1.09431577415458 0.191273072744823 0.332270025558554 -0.110304597289357
1.64101600172616 0.0566196925118805 2.30240447311814 -0.284979895789698 0.161890509420619
-0.14271173516934 -0.937778761940588 -0.263539091799959 -1.23084681147827 0.0241417986291132
-0.715849317724927 -0.00703564145031974 0.178394309479486 -0.0827656238444207 -1.07624995048628
0.374404515893963 0.986969170162588 0.654084087961143 0.649120851120909 -0.087341297094695
-1.07162248002303 -1.58776584770128 -0.17149460968605 -0.858984119411461 -0.446559347997853
0.457218448175754 0.330441363535517 -0.948770380419469 -1.04231922270799 0.441214175386464
-0.0451529262146031 -0.575294507783047 -0.0477704180109399 -1.26304845050803 0.222672446179024
0.0927322425216491 2.04121258485797 0.016814347772908 0.58481925146928 1.6694816095408
-0.690302049518041 -0.619808167032744 0.876847128765108 0.829430847461558 0.6518779708844
0.196181630356557 0.537053745574032 0.57334114391435 0.402199372911946 -1.1804763810124
1.18408398816844 -0.295442580433158 1.2095612543592 -0.332875512951677 0.142635438021068
-0.903602214797042 -0.127317477729525 -1.44305594399353 -0.579840496561302 -1.13241845947718
1.05616397008917 0.213225914793958 -0.0352452826451804 0.424513730628618 0.0954832934521646
0.790031168682408 -0.206090272986969 -0.761142517463723 -1.06056791923959 -1.5869469551582
-0.166971501810267 1.90023999201396 0.930342535243258 0.518886702542756 0.556082066459644
-1.51362672365602 -2.29584962531295 -0.67025756386858 -1.73682305216647 -0.687547205632588
0.798916365642157 0.181864486285669 0.253738597503861 1.00899900582569 -0.423966552272346
2.0808606396218 1.66655381832349 -1.15911309787307 1.11057844430212 0.274552978987675
0.388610032262219 0.445723191794669 0.552987912829527 1.12160746016751 0.655011363628492
0.312581672876523 -1.0722664905605 -0.0171327549729422 0.724622290875847 -0.0182200806293347
-1.3888684275679 -1.51937857475575 -2.38327211988812 -1.49485198302974 -1.66637440355979
0.646939276683823 0.621398662275497 2.30246707888629 0.148308409861622 -0.777361428884243
0.0332132459267489 -0.840134351156199 -0.737663504131942 0.5554162045304 -0.931395965817207
1.17953139991686 0.271294209239814 1.25280266863216 1.51771019702698 0.591094902214818
-0.348580009754631 -1.14281099852122 -0.127286194268461 0.470858324871378 -0.649667655486316
0.0868898107421047 0.80967366189247 0.755069966052169 0.574839419178457 -0.105013357874383
-0.811603331202238 -0.739178649713738 -1.68331641819425 0.00735450177072645 -0.387742512134339
-0.278635440361913 -0.220304616566178 0.984893777403444 -0.321063767654923 -0.591998626456734
0.428238563771253 -0.10373073767458 1.2040300731463 1.68116555263874 0.753881816899455
-1.96279422697222 -1.12258829496307 0.169311835293255 -0.149899579009649 -0.180758416951125
-0.20264754478866 -1.38461853733754 -0.834952696703929 -0.332227544378137 0.117887155650523
1.52572347101758 1.13977526702676 1.22248794448663 2.34392852636332 0.656415628854286
0.239423029133788 0.483874341398614 -0.393908620865923 -0.519197379741167 0.168502815384383
-1.65548904012967 1.09503489724314 0.505423264911067 -0.787292642103697 -0.324085446837605
0.65393177987704 -1.89279142481341 -0.599977678700784 -0.689955966720824 -0.211244237184495
0.704880284947461 -0.0916519577277682 0.780133108458315 1.17376709551161 1.45882624035835
-0.316549693851232 0.272825048038897 -1.60129683677751 -0.668388938487874 0.462805160215473
0.254337811846267 -0.589660596186823 0.34651592682249 0.540579159561951 -0.281143766886317
0.563637442391551 0.24612858607499 0.846822281224305 -0.609027844690403 0.783636614967545
-0.67047104546199 -1.00985113711725 0.318568680559879 -0.958146167042907 -0.361246567598258
0.31058718098511 -0.497100432685603 0.0262550767293241 0.46147173241337 -0.431037521462108
-0.564718256488354 0.886778453714066 0.286606804782807 -1.49372063346075 -1.39389216224966
-1.12532604886247 -1.36774219506297 -0.268195264644305 0.527484602377885 0.3729497425588
0.513046421881154 -0.889806204512848 0.105801394315523 -1.68794020874641 -1.17365130402998
-0.197400479469832 1.63090855686093 1.07137063911835 1.09852245894332 -0.216028427553034
-0.171333770992528 -0.0628328619641103 -1.66649186034012 0.591649897523251 0.445698405462493
-0.180541371602904 0.102605753925457 1.08934449754327 -0.367891734438909 -0.682046098965466
-0.251035336456939 -1.58031989969262 -0.0626374842337858 0.383792158273236 0.322132188043956
0.826908627414924 0.280502821497234 0.937315041207427 0.382260142280218 1.05460907378763
1.21947878102277 1.99542611193054 0.59830539163711 0.867781855539575 -0.102750754862842
-0.486821012696412 -0.610537414987699 -0.658853746943136 -1.34751101656241 -1.18300013545952
-1.1667542626446 -1.15109942078991 -1.70513120003632 -2.25935678470028 -0.769097720699672
-0.431998366181854 0.670502555236236 0.325007250986421 0.522587499669305 0.313106861047473
-1.09499446765738 -0.0683420750027666 -1.50454048233353 -0.667026090781891 0.0817021357671796
0.376060065875695 0.318204489811547 -0.166072239075278 0.316611848835551 -0.350949612352136
0.0107225051156352 -0.217761007092541 0.532653004757044 1.04480334589845 1.47569152350959
0.548366497227763 -0.185239068847966 1.48337865701382 -0.615281359561421 -0.788512461591793
-0.569404077965987 0.217591823172758 0.262881839861207 -0.730126138824588 -0.0119795917521179
-0.873836277628543 0.107948879196311 -2.72091716685289 -0.953397519066301 -2.00442976979992
-0.287965977443774 0.72152961976014 1.11285473618806 1.26290525053457 0.994339781999286
1.44603364864381 -0.35402766901212 0.943046651960768 0.137893419742404 0.45068025852979
-0.276554330193555 0.762216087964421 1.86430766745621 -0.882622688971015 0.245172566992228
1.16121878578284 -0.605188549184284 -2.11011271318983 -1.2965961607879 -0.730919463116115
-0.141935526730175 1.38409688497408 0.371871119988644 -0.180777308531628 0.849998090453496
-1.65686403646597 0.227018167516023 -0.362229612484811 0.486656503146649 0.0729048941165046
-1.24793033836999 -0.391974148548961 -1.84882559177316 -1.10903035242104 -1.38042031356553
1.64994359316499 0.395093649678522 1.15606047112622 -0.528499060130013 -0.122127766655929
1.28978282537593 0.715854728301519 1.21418390639703 0.247916417188622 0.434936210566503
-1.18485121865691 -0.967008284808213 -1.47171113785092 -1.88540995062815 -1.73432676761923
1.6662912072425 0.118603780390391 0.719283888125201 0.614164602862367 -0.804706827771886
0.440148599191282 1.03630271519562 0.607421642467016 2.49811947745515 0.99870919924087
-0.172264704758547 -0.752039622707035 -1.20217596579792 0.921848160491918 1.93317369910015
-0.961634752659545 -0.226535217158 0.0199815543007266 -0.964469382010589 -1.64706517377795
1.3300076217337 1.2495281328345 0.908896888094773 0.153920348540322 0.910987927425551
0.416822997292224 -1.05162408223043 -1.1296786493342 -0.404038782473623 0.24829304852423
-0.0133925477270851 1.03647924487635 -0.508980085833355 0.725236509221554 0.286426455302529
-1.71974671355975 -0.927555842372971 0.170805783600721 0.767555951291464 -1.52230318331694
-0.042055917470693 -0.789198271505476 -0.136712781601159 -0.113189196148927 -0.393961966108993
1.13512457319962 0.0220386916599275 0.142284611432013 -0.315505896801349 0.412597480333818
0.569343229643141 1.00693511948159 1.24684504886122 -0.249902030345293 -0.28595298093471
1.67666351009719 -0.126699121492766 -0.302453157614908 -0.0657755454830582 -0.639530209917649
0.499223838740961 -0.895302147840905 0.367439087286787 -0.310192996056949 0.625378652170885
-0.5990002507845 -0.844925024957385 -0.323522989095719 -1.31161637912044 -0.156910185859405
0.977830199610929 0.100668079421464 -1.05747790820835 0.908803906603901 -0.552182331958649
-0.159259603624356 -1.07957061151276 -0.110353248686816 0.130027501424663 -0.561101162240712
0.392940788881875 -0.108058884866159 0.425956298481997 -0.753008092407233 -0.56459354960006
0.189785864966929 -0.359066254920141 -0.566438154347818 0.698818143672757 0.792145793945054
-0.300711026173208 -0.0116728642236041 -0.666284226178869 -0.162503743752891 -0.658002191351083
0.203842568478662 0.691918796438338 0.845676913656335 1.43233955197835 0.985675294372704
-0.700478551377038 -0.22127288663561 -0.153208148467391 -0.665450518568623 0.842044537971302
-0.698499890046256 0.436537802480617 0.45117534797309 0.141104526348859 0.133829196791555
-1.57784651129717 -1.03910083440663 -0.46379972606497 -0.352405808779391 0.240386873533938
0.905923488099714 0.0559549914213278 0.0520350391040329 0.539028352279827 -1.28618384844552
-1.5392257992044 -0.51062181217823 0.0717428145351894 -1.34082405738578 -1.0893367689727
0.135094674927984 0.134152691246506 0.362603210477703 0.941085027744394 -0.120623462381996
-1.34933262894936 -0.0720875520811157 -1.64853572966161 -0.558614094372313 -1.08579764645771
0.383362694936446 1.11690193234089 -0.188058022095099 -0.528039756626168 0.0379814569245331
-0.305266860216722 -0.911113186225722 -0.851578463727413 -1.03321359969342 -0.7251691983606
-0.612155671500623 1.91541294518803 0.854757099953789 -0.0720124481949631 0.405440356173726
-2.48094639325624 0.00730530764305932 -0.298748741858745 -1.04389844846032 -0.304409721702548
-1.81305943041368 -0.474072262334218 0.0423440452352001 0.0161104231805141 0.759458750787633
0.388700600525194 1.2653210603828 -0.967896152174093 -0.350425533979327 1.14212895487942
0.358021539830187 -1.40964975171941 0.374546291753731 -0.277249175848958 -0.26104751522049
0.355492160286976 0.513181233661604 1.03556943351896 0.327246086847257 0.363738516148151
0.0575739604532541 0.110985757276047 -0.530046898715602 -1.30638186181722 -0.490924517195726
-0.0703332768177076 -0.68104533460271 -0.235822322068564 -0.701537169044943 -1.39923360239061
-2.01785435877221 -2.56494917032262 -1.25786046700409 -0.756409770943382 -0.660445984992845
-0.968058014046446 -1.23655053011799 -0.324523322110886 -0.733990269624858 -0.0712497042485968
1.13606472654708 0.68030024919167 0.968276196007281 -0.746502925635848 2.30077673291789
-2.32357481333443 -2.72652294936147 -0.797108534658272 -0.767368742584453 -1.35524737972383
2.22133166217774 0.595339180992628 1.406884549922 0.310526077783357 -1.15079633293755
0.545773713020002 2.04642420079313 -0.760569486782774 0.58343074559575 0.905871197952672
0.316683858765899 -0.527357899254659 -0.599892225524149 0.904875370575665 0.429461130878915
0.0409819313988808 1.08083585277788 -1.54908675986597 0.123837859993199 0.129529329425573
0.903318953772958 -0.838485549951246 0.882787774009893 0.0476267489190436 1.43745672164689
-0.443896600744618 -1.58863153308789 -0.233952261142745 -1.38741194570624 -0.128179786699163
-1.23230059481744 -0.166057074441905 -0.146293327849696 -0.284114594399196 -0.193539413375089
-1.13695887649511 -0.544593918911467 0.360265236450125 1.58747438736514 0.548939416225193
1.40622900179691 -0.732750854330809 -0.577494604271307 0.481274178533 -0.713156027440179
0.277123747924452 0.0233339009872643 0.307175665942815 0.060411731706251 0.739630911307787
-0.0263562153559638 -0.579374523074996 0.176875969250091 0.93977723815172 -0.518166493816946
0.159006288948949 1.55420614540998 0.742846415688054 0.169408815410256 0.45492988144651
-0.602539940593204 -0.6305797027702 -1.04729785714986 -0.306217320807968 -0.582631750150332
-0.318157190795885 0.159254589111217 -0.0707290124730691 0.820337079479596 -1.82313974355233
2.47583458103244 0.632144330847887 -0.307391388536199 0.363706068042855 0.177507957695154
0.220590934172184 0.26069729951351 0.556249365406489 1.13156872704929 1.94089128530564
-1.96671338332379 -1.04061132543598 -1.03617884407843 -1.25669912795064 0.420021884345472
0.786311075763883 -1.17794667629843 -0.668478598240444 0.451387884659333 -1.27616469657757
-0.583734526301732 0.745169484166014 1.69288503749897 -1.00531320720591 -1.25912009600317
0.654734559189286 0.391651298846854 -0.227211829668507 -1.07107152037154 -0.146055215306335
0.606866480501762 0.818410295570125 0.732156558511188 0.5656806481709 0.354899578186846
-0.0268615035018273 -0.474439066446929 -0.0627405326545488 -0.323766980050188 -1.40776447787069
0.466677315867126 1.221879558065 -0.845353535510572 2.92649965418335 2.3452313834704
-2.04511223029365 -0.0918103500851397 -1.45008246110108 -1.81441854327522 -0.424804082393344
1.30116165721659 1.33197782867501 0.171665179286725 0.00250763170427923 1.54459477038474
-0.182404493342022 1.17446387528381 -0.0332901522963629 0.576868957451482 0.120360993123194
1.34399092696892 -0.224624181409292 -0.747390527228525 0.524313162934908 0.475108237607101
0.31081939507939 0.846014860315227 -0.139670358620877 0.502616909389865 0.337380680855142
0.336391568914645 1.40052005638083 1.26276026128695 1.22121210299476 2.42950365358294
-1.24142804333447 -0.371448126256995 0.471883264575796 0.0806852886103115 -0.50122351093274
0.605082176766284 1.03904037345632 1.3425340517607 0.621172203575644 1.32168876449811
-0.105805615914529 -0.664676594116182 1.08942399950473 -0.261525561147946 1.57130499988622
0.623931895865435 0.111002854865258 0.286972876682711 0.352850026557148 0.602108676166111
1.5550755995116 0.387304210039577 -1.19981954820748 -0.107585027429295 -0.648458316614797
0.405448283174138 1.5705540908722 -0.319389438105516 -0.843072330423448 -0.224427430676314
-1.36490291201529 -1.02225288557436 -0.710756665531415 -0.931386548893635 -1.18757695949377
0.484650533192217 0.333625899490397 0.383591310072709 1.29839603678744 -0.484974583379433
-0.182886542084026 -0.4444773788461 -1.36575207533494 -1.08864294332697 0.349079725890546
0.369916176929354 -1.03997209321598 0.247142676851116 1.07356987401486 0.368932844999236
-0.0290826390089722 -0.202973054467295 -1.05146195629787 -0.511114424049173 -0.294191914317779
-1.64744538184188 -0.909645690650977 -1.2682046989763 -0.681768997010968 -1.68056110426251
-0.498009818779411 -0.263852375503644 0.465861154109975 1.05130528683013 0.792524624822188
0.729776787130321 1.0158325249747 0.324003904102422 0.218689869626763 1.85967255771876
-2.41678882301798 -0.776494543595131 -1.48744154876118 -0.507352348889237 -1.61412346958629
1.04107032465761 1.65462323433065 2.32258278059962 0.932971494180312 1.61365010813751
-1.22453474491127 -0.978597351366854 -1.14948972496063 -0.755082354279316 -0.526167238868804
0.04910716549187 1.54755841446681 1.06858810017651 1.59535250345483 0.589979719280853
-0.275448997938154 0.398298025605097 -1.76984498587198 -0.93045506791793 0.52238107011504
0.219452377285243 -1.44462234568824 -0.563273429892942 -0.522215563776913 0.539493750473186
-0.431373152167344 -1.29641190083811 0.87386906584371 0.436488277901802 0.659645327097227
0.788711517080254 0.865538687259997 -2.12137263478807 -0.770935564680987 0.132198406439621
-0.732488431966088 2.25494935211574 -0.35237068171349 0.337814823155138 1.05554554614637
-0.224580885634235 -0.383962910133431 -1.06131714086412 -1.23559482258382 -0.319535613291193
-1.32159231358629 0.562429547053034 0.250511524625769 -0.300224025020227 -2.42570133920105
-0.881733203750939 -0.187346846264059 0.673327950438623 0.68189085381271 1.44515073236774
0.831969357692926 0.7536709618477 -0.0845636334486907 -0.462376507130519 1.67411009136808
-2.37836939838331 -0.923151659752623 -1.6879115798869 -1.94211373194475 -2.63905301812759
0.845715410602778 0.10524650182149 -0.126815607167679 0.604464975417505 0.115719498146704
0.643737451601683 -0.217127653130558 0.147280388570748 0.265731238305597 0.450875143229148
0.750124787520547 -0.0398577113855052 -0.00421214921316182 -0.00355924441565028 -0.848895156636753
1.45468556325204 1.68414383639985 1.25317375770476 0.612903059229701 1.01887758281013
1.28464333266006 0.82383083233638 1.20375493125694 -0.245578511144963 1.19445644653086
-0.0282084453043431 1.56700402029051 0.743409443605774 -1.01738171182171 1.092924225646
-0.368125892374899 -0.95532550606035 0.872954895504042 0.222352186111433 -1.25568969556439
-1.41577014047429 -0.392364906149083 -0.962401870754498 0.121174078853507 0.037421124248397
0.0387668383198857 -0.332725060368051 0.344262562664662 -0.139894959066747 -0.419201107457531
1.10297626578651 -0.13672534257259 -0.177486293305741 2.54934105228698 1.04787128741338
-1.17834144288555 -1.07498527048517 -1.6825259779637 -1.63667282253547 -1.31948735927137
-0.235960439861457 0.857036116080432 -0.643607220059028 0.972979866279731 0.201548373429979
-0.0555257048352766 0.0236836433426444 -1.17070525578411 -1.03846341545248 -0.568326812705286
-1.58670816708783 -0.704739367865609 -1.83224366312038 -0.240408678258753 -0.057657525300932
0.878132036880742 -0.180951499728737 2.70538396753045 -0.791395278976353 2.61806242182101
-0.197762455561752 0.0832159281023268 0.951274104983848 -0.838014233206986 -1.04010076095865
0.798091349722923 -0.144477687201396 0.432420950983208 -0.494146968433713 0.308676544200803
-2.86684220670993 0.564091774663303 -0.644745148191014 -0.723190459192696 -0.98189576843752
-0.802293149940061 0.237093470600164 -1.00276316408681 -2.1531128016458 -0.140806198713318
-0.351493068026607 -0.853069446510241 0.621728130828008 0.0406001328328878 -1.13464946785044
0.875575175583048 0.167775585718345 -0.679480570173704 -0.593761492766404 -0.839119684810709
-1.3627713348671 -1.92919484494993 0.101467952185652 -1.29619939229138 -1.76721577805379
-0.0961946829182776 0.218160278112125 -0.331036133640567 -0.180972922571465 0.530763434453698
-0.369972729651013 0.283814681110303 -2.45232566543282 -0.908555187395382 0.792394786127809
-1.23459789645272 -0.703809381533151 -2.63353206495752 -1.86537942261575 -0.65539252503882
-0.636841644922326 -0.427070181220557 1.27207418369638 -0.52346853377967 0.559062310534263
0.0911341168629516 0.338170706173563 -0.944102615183002 -1.63954828372171 -0.773685886775649
-0.0719403808860392 1.49646936858264 -0.269549193380426 0.459029270873267 -0.502070420456023
-1.23952252966514 -0.716415565672845 -0.402533831911462 -0.457182975954676 -0.867048223065229
1.18695833478992 0.856541441359939 0.581530094867588 1.28092279975003 2.27561641044182
-0.569742265474447 -0.698060948140701 -1.10093806584717 -1.01712458263041 -0.603662062778938
-0.678304780153023 -0.144434734649806 0.920834863790495 -0.591328269964277 -2.05207412841653
0.887478305381421 1.40369930036976 0.385961012042689 1.36141046536836 -0.732457448820379
