-2.51534148862592 -2.17426131567666 -1.42874776552825 -0.333522810797947 -1.72875678894967
1.22462113900944 -0.235843050357828 -0.613202057028933 0.416088047484358 -0.430698049386861
-0.557530305364426 -0.621460676242468 -0.78607289742191 -0.661977356116174 -0.778488342188669
-0.362362660020111 -0.83730858287586 0.875176157982502 0.110725131220587 0.384863829841486
-1.04557469906491 -0.0567386291380327 -0.596271179329335 -0.19279520490369 -0.589579204138455
-0.501290260848948 -0.57508980957933 -0.454951196491581 -1.00409981217008 0.186515142559824
0.686434081718624 0.66285364640487 -0.402375287275198 1.53880987758827 -0.730428726497514
-0.323663431347769 -1.32237979754544 -0.428516543011423 -1.73709754597573 -0.106354586701884
-0.90998617001146 -0.312286171345629 -0.207203382081491 0.902166391392812 1.03512020301363
1.41521732755349 1.64838985190882 0.697179751207712 0.231552444524225 0.269915186805217
1.11122753921394 0.687884201118671 0.925533935058676 0.36095405737407 2.08120654672698
-0.756088343480067 -1.3533299268261 -0.0863405610192018 -0.55892241377081 0.53065181951314
0.15126598509178 -0.522986854051379 0.660805320763212 1.66949997288787 -0.534360964342432
1.64285540120541 -0.35034883668988 1.68090204184919 -0.289590059841845 2.30856130959475
-0.0168901259458323 -0.150993964284148 -0.59010580051207 -0.162075591500808 -0.946001572063933
1.25341622259813 0.316398610461558 -0.229794752498998 0.909008856980542 2.03913580014061
-0.240217184670404 1.09016905958518 1.11509237526737 0.937419729522543 0.907026561325029
-0.801652059048683 -0.00956230421201226 -0.528121231191485 -0.811687861209833 -0.85403552355477
-0.107897764164955 1.16790511557549 0.907000704537879 0.0267992751374732 -0.522851436285579
0.0426495756246458 -1.9865589155157 -0.480085914136598 -0.0988743337583522 -1.52972598115597
2.22856969548985 1.0310037062547 0.762721895388873 0.244113368990447 -0.0300998707446831
-0.547017517416851 1.74236928469433 -1.32804655521156 0.707482368678146 -1.24260984513532
-1.22632345937011 -1.68340381128889 -0.649168587727099 -0.680286945089853 0.16403513534499
-0.489829338285055 3.2709569071957 -0.723550510632322 0.610482217082146 0.726930226995214
-0.631021317483389 0.444343142030592 0.310853721778801 -0.00996791542336564 0.152564235956975
1.62656102672792 -0.609670625784374 -0.741718276433634 -0.931029500810328 -1.70250846921066
-0.960288993537943 -0.930483849938954 0.23162374024651 -2.39290566875789 -0.544644046402092
-0.203853521351366 1.6425091992259 0.415281761941648 1.29249181968099 0.809859941512401
0.3277476120055 0.0671478722454826 0.479141772316731 0.769708953496189 0.144873448091769
-0.324987354781065 -0.565404692786343 -1.32055705943719 -1.31534912913797 -1.41348330438617
1.67381432060151 1.32947463277689 -0.655263231366125 -0.22024121796806 -0.401873367814797
1.05105421102926 2.17337512604685 2.1504384620694 1.31222582941803 1.39332019986946
-1.60602348164681 -1.46864863080179 -1.02354912119607 -1.14730879581013 -1.18904430218778
1.55545569437157 1.11290723371736 -0.308402797596354 0.928511594240394 1.39288467268911
0.0843330826636396 0.907945021128388 0.609004824379881 -1.26948912616289 -0.115412489191852
-2.30276846985166 -2.44296599640142 -0.307943690575696 -0.983880113249887 -1.80730664914947
0.140010814796919 0.423194650179336 0.965973386709106 0.973382281304549 1.09558686180626
-0.0381944266144223 1.11806696735137 -0.39367689909775 1.2306426686965 1.27244382377805
1.1464870036962 -1.03287416801994 -0.437459551512656 -0.597573352021453 -0.681594527431069
-0.637755873022973 0.994823509510976 0.199894234858142 -0.086191869287738 -1.16355676204705
2.10381323523736 1.06712922785106 0.73156989652774 2.78742875771503 0.763829532118147
-0.363021159073247 -0.363065441689211 -0.105737255294168 -0.426989435278603 -0.596924544790854
1.0768379412574 2.23474807578795 1.96046397116485 1.01026372762468 1.72293814610585
0.676574029487966 0.808362232542651 -0.256618835444935 1.26977921789483 0.860321922989823
-0.00163942042045577 0.266811227276837 -0.475681097476677 0.583648811676951 0.803942450929436
1.77342907136723 1.46605679364081 2.35778386153608 -0.0210143225106501 1.91701137675158
-1.17933061533693 -0.847810675193523 -1.1437667190337 -0.811647963400613 -0.62113964585323
-0.0881578505976283 -0.282378405902891 -1.24167608059056 -0.246557906047039 -1.60825645553985
-0.584520862561686 0.971081932178259 -0.333201890657208 1.40111746895655 0.429740101279818
-0.586569485058922 0.332777990493435 -0.098324662142979 -0.132219737603869 0.243602848948609
1.46784558054777 0.220490689494105 -1.57919934230992 -1.14768024272694 1.23256891048838
-1.09325596901324 0.359501956944536 -0.117387757587734 0.277474005263317 0.51361095103584
0.455616701649811 0.484165626144768 0.840735818488499 -0.332739141918651 -0.466077748851764
-0.406020500531453 -1.134684593645 0.970486600555199 -0.989844694309658 -0.438226063743997
1.67567899877562 0.38475841370544 1.3537280093138 1.0311190484053 0.0775684506034822
2.27439453711651 2.13935288384424 0.554406371812473 1.38564235409606 1.58829109841417
0.225678820034353 -0.538546914324309 0.836226969050543 -0.30510912613258 0.246473021122333
0.678213596668827 1.42835862455622 0.652241807990026 0.825550152071775 1.69877129388169
-0.801232461044552 0.0416925175600484 0.883441996203949 1.09197044666644 -1.45151561024916
0.690809317655073 0.00931523987175594 0.430747801037834 0.850375491986145 -0.400816506051493
0.052185915056085 1.84329813904724 1.44324315368211 2.57893057610303 0.932266186734618
-0.411151123591538 0.516613770398089 -0.0372664193856306 -0.694806685523621 -0.352232277587357
-0.468844472568784 -1.75663745555676 0.0803031553113683 -1.47888772983526 -0.683900386425508
0.940340275050783 0.986236509869036 0.206173413840105 -0.762857172494382 1.42763148516027
0.586392975873257 0.364797602764214 -0.953013014182197 -0.169336696411542 0.147825794306896
-0.0468912107247901 0.0397780058313408 0.181578985406867 1.94676676454137 -0.00993215172259844
-0.876213775668616 0.831326856007317 -0.751046437245962 -0.248633365581966 -0.700727913300717
1.40012580093799 0.000869415138500862 1.21292229953278 0.317472724626899 0.23228939366072
-0.118086650434734 1.03909947357603 -0.168508753776729 1.38864115382648 -0.391855216162691
-1.28268164672733 -0.325819788350858 -0.409191330393978 -1.66383181050015 -0.129684256860431
-0.513653071367406 0.119027649845856 0.622658461923855 0.567673207947047 -0.0180897037882304
-0.775188174789464 0.72436795236112 1.17735989267053 -1.53356816039312 -1.39101760541279
-0.309150083688658 0.964807137713677 1.24677701424455 0.53229893046408 -0.666079492450187
-0.13931209575739 0.543032189222898 -1.04800308484083 0.177141354762111 -1.394066095248
0.303132032088864 -0.474581085779947 -0.119383997223443 -1.48809741931541 0.159413587474712
0.60417252356198 0.0767478386612036 -0.930139569246953 -0.150285034681621 -1.26123545229241
0.307400129430866 -0.13906135323159 1.52704055822184 0.297735646579018 0.561081574022912
-1.00063212099484 0.912756733649447 -0.746992497088772 -1.02472735530088 0.471723513665591
-0.309936568075783 -1.27301442199436 -0.684709750562124 -1.13738785278554 1.14217691869813
-1.16656367611585 -0.380186532644785 -1.39648239064499 -0.868701734913265 -1.94896706995961
-0.736370371352149 -2.06264875869192 0.399629836893212 0.997625305559503 1.23104209377136
1.62173857506739 0.527492013118791 0.461798347876253 0.954659299416881 0.752196430276443
-0.693481225743835 -0.912486728387137 0.222158089435002 2.09548566023716 0.902720600449952
0.0877039702585651 0.024567341222566 0.650521251755169 1.81384233653493 0.917038486540308
1.11012324483523 0.951637948388253 0.565969644595377 1.30436345300791 0.901700090561255
0.571077411912145 -0.71184714450785 0.08678228716624 -0.886366527144169 -0.584906152673284
0.0557553537742386 -1.17933726935862 -0.221986456548517 -0.249517656878781 -0.681234054702421
0.10713254176077 -0.196272195751993 -0.136837895894185 0.354851207172235 0.922463694931122
1.56516595899039 1.7538131751515 -0.069773749179638 1.8641362028435 0.511335544043045
-0.301174346079798 0.32621088110447 0.262766113435456 0.81252214377549 -0.80069367440582
0.961059935746548 1.67321811077579 2.07306824300818 0.88817352037107 0.862016599621551
-0.753539956453934 -0.536758739721815 -0.178075648739525 -0.508676084425624 1.10851053289078
1.36657528030543 0.928469462300792 1.20907020812075 3.43584989785611 -0.10722948090204
2.3408261423152 0.586888621109918 1.49197909534893 0.367007151294517 0.596188558669282
-0.502923171485001 0.316525464213616 0.539381669993019 0.316152624378284 1.50082802086263
-1.028558909461 0.089950353729883 0.692067433603252 0.0310168258778329 -1.16449508242682
0.168683633712224 -0.729329572583161 -0.63854956855896 1.16860071389526 1.18238934891635
1.01731541601475 1.14419886068686 0.303705722361783 0.384562266955072 0.94124072240555
0.489862566327232 1.10026730651927 -0.61084533321383 -1.04640457192396 0.0212145509514782
1.52480933280215 -0.525458530948915 1.43838637051304 0.769134188040257 -0.627640671949691
-0.583370930431916 -0.23060556814665 -0.728575916220896 -0.236255552141132 -0.799146163286261
0.344711773564446 -0.179101225276477 -0.768786777841274 -0.313348048594928 0.229106761142799
0.771595009798885 -0.219122892835834 0.806852962736906 0.111281726223662 1.75641627006602
-2.35320272284297 -1.31778297717251 -2.69482813689441 0.494682507820696 -2.06899624216048
-0.736072856860421 0.721091234867478 -1.05950706183626 0.714752734943464 0.00386007369054264
0.435170532022763 0.0812029820248589 -0.835704582833725 -0.0960659656547246 0.0421373733820657
-0.626798780233405 0.415313316523805 -0.200730827450809 -0.044003004724448 1.13642342719052
-0.551547676444802 -0.996463460976084 -0.0173182221471877 -0.650496616276943 0.236666482733944
-0.0431325676770851 -0.895472231426143 -0.831138689560306 0.0999424802861432 -0.0492320789361697
0.470813039934339 -0.0677637114955991 0.585194267620822 0.169770737356245 -0.477432053382982
0.0882923799244273 -0.261249721364617 -0.157306777815553 -0.672961284883445 -0.442269040233578
1.05173349092732 -1.00070034345438 0.909432029838574 0.0915832538707568 -0.664994198788643
-0.47326852131786 -1.60726088343605 -1.0809634815304 -0.191231053810069 -1.93108863128208
1.00005540648746 0.106690578555006 0.23671402186583 -0.976532005727588 -0.637053792516348
0.561521615964481 0.909949163143413 -0.453946409232942 -1.27648328715706 -0.727498733783487
0.618810215761199 0.115107026867382 0.168295362778686 -0.226604296424531 0.385917024663969
0.622915558343389 0.908228156386474 -1.1155044119209 1.36284896055756 -0.193586533700209
-0.793051157562905 -0.131736381679123 -0.633162887992367 -0.900513252298153 0.196320403048223
0.302448798379078 1.83781444474583 0.167950421226914 -0.3578034971996 1.01631283995698
0.280669575007537 1.08391644155552 1.39854226851765 1.1762078698381 2.12445623897633
1.03821975814532 -0.332467512632563 0.609777989330942 -0.602896273899399 0.320383243916512
0.639603977528351 2.30360830195746 1.24285721375629 1.09386392879671 2.82006619996055
-1.00505070735148 1.09071401127385 0.934507946693915 0.595481668586811 -1.21331362150291
-1.74166903933017 0.572932265781758 -0.29356017338759 0.122774443026184 1.31019179219836
-0.518134137159963 0.308278951421732 0.922457693326644 0.247737548044977 1.02223202303159
-1.56909520898422 -0.809983765153311 -1.74026162683874 -1.06948953983087 -1.53220549403122
2.02762539000786 1.24163068923081 -0.869781445163887 0.852855751842246 1.03124251333709
-0.540374806941766 -1.09857276406914 0.541024670445557 0.42947676083643 -0.686912847701404
-0.5306495839311 0.783084627284531 0.15496570296271 0.874972594791824 1.02824649514369
-1.36175153140887 -1.80454598531542 -1.34545099977988 -0.655980074826085 -1.50590701841379
-0.371257203459472 -0.111817948151032 -0.219642760412015 0.0630344815765664 0.908320281984734
-1.01060995128008 -1.5108398697811 -1.18107631243808 -1.82308975231351 -0.963540442346326
-0.125151236266876 -0.683109980761501 -0.747736867924715 0.500348153237616 -0.128754781175574
0.048809964544362 1.34980620896951 0.607826446816851 0.5069730451458 1.71944056063226
-1.47576240794923 0.290426892229541 -1.0479404592133 0.0421307718200639 -0.0891824560805842
-2.11875156892818 -1.6875259776586 -2.59114305511343 -1.50469448475553 -0.848446154230222
-0.648560373410849 0.632853592511695 -0.582484217631654 -1.29067703314858 1.62982772038601
0.804118496073818 1.33595630607478 1.53405135137872 1.51779237415318 1.94594807215707
-0.416148585372404 -0.491619406921754 -0.32926118807143 -0.899367771358396 0.307986397815368
0.890975983374839 1.77240546372985 1.22987702067814 0.572660890576483 2.60289015400781
-1.34425746239751 -1.1054063777281 -2.49382858176076 -0.926660045800433 0.0432114247998267
-1.23194301366966 -1.20056502143518 0.303214031180538 -1.44248543968741 -1.053361070786
-0.275349535789595 -0.23000280115869 -1.50521671017798 -1.70158135482643 -0.466216403380498
-1.02919914211253 -1.46176698541221 0.194912519913034 -0.539422362846795 0.0902349432385791
0.980092054507307 1.62279954766675 1.89402960760327 1.32129266819464 0.894921235695183
1.49634922941479 1.35561440075208 0.806656742038261 -0.117991689209198 1.91320472985361
0.0033804466778426 1.44729628866897 -0.684813847230511 -0.950728102923451 -0.474794052272075
0.167942946137905 0.745500659787591 1.43088996390461 -0.571438553926287 -0.59548892627963
-2.41744657880689 -2.06802809982942 -0.838411756173401 -1.08176675231134 -1.98152060557457
0.505656731084891 -0.498401588985701 2.2503155391646 0.788701563667217 -1.49924808580465
-0.545959156852373 -0.110589927467925 -0.228857019212782 -0.82960177451913 0.272223188610917
-0.43397775161748 -0.87856114270544 0.25419587441356 -0.44147950176271 -0.163972458621638
-1.43577864217948 -0.716632098890996 -0.883091260190661 0.898075375014224 -0.81585308961326
0.218100795923287 -0.976506114536484 -2.33667352259598 -0.804267022209489 -0.850566075440401
-0.225559817307574 -0.268654272670052 -0.830268047572866 -0.849655762902968 -2.02919799810544
1.70438033219187 0.244104389272769 1.04337946935741 -0.40764281320833 1.13275049597697
-2.03773978659334 -0.688529841066718 -2.67375631189479 -1.53421350571904 -1.39336947998808
0.780867180513981 0.315048204086947 -0.660563869935258 -0.611005795948528 1.40991067293402
0.799410196245083 -0.779816353553118 0.357813649726434 0.329844255674284 -1.24866882657252
-0.136837785882161 0.523779873109068 -1.16828541072948 0.203344592318776 -1.23944634221921
-2.06441010034073 -1.45012737686068 0.568669862959427 -1.96300244916013 0.253185163492169
-1.43305391142372 -0.0351065575498549 0.0738111729734071 -0.0785526819604298 0.501774384346347
0.881460574143338 -0.149919788175888 0.77611703066447 -0.765471944461513 0.750278905327195
2.69206742996505 1.71925505363775 0.358869775602443 0.592819369235636 1.6831187876932
0.93630492062682 0.877461985478775 -2.24793374869506 -0.119814423035517 0.858532636533763
-1.25970100381574 -1.08562214851534 -0.174662383706218 -0.276650630381929 -0.800556271930588
0.396498213883309 1.16836306846681 0.549768468067415 0.164235511849173 -0.0671037822213835
1.39490195130804 -0.664904776284276 1.25942325284928 0.152272979139556 -0.234046122204992
-0.0289616896900269 -0.15351294087024 -0.634400615250591 1.01393591025093 1.42545474916528
-1.24571889242461 -0.887084921990997 -0.173234645037177 0.774684109221537 0.231739047342135
-0.819021948739414 1.54081185558232 -0.66694054427582 -0.903734551156345 -0.334407763167322
-0.0681453691604314 -1.41539677908606 -0.0088035215009563 -2.15444772347835 -0.408406152910109
-1.350560199305 -0.497449446472238 -0.463645063226299 -1.83480903919851 0.959129984319785
-0.521257563969864 0.869595473815462 0.671652837377447 0.353918634672596 0.113131964555665
0.342945210924504 -1.74819493814212 -1.39039452337056 0.249625196123828 -0.162178837140413
-0.50937364594941 -0.0882422777386572 1.59998548178011 -0.956158894831499 -0.645624059218689
-1.19704570414317 0.218104649233968 0.397930364324231 0.71402236049309 0.836042295983618
-0.45233433013124 -1.40583009288023 -1.3732603243038 -1.65496778364408 -0.696436602136394
0.38474301851983 -1.18450185416517 -0.786819672299159 0.0246433263917606 -0.222157142108312
1.1201064523709 0.0519262846638068 -0.143458273302669 0.124096893681265 0.427751952596151
1.065738790683 -0.465715881069135 2.73709963627284 1.3225499528595 0.617792405932081
2.31820373616375 -0.284540854527209 1.34362067632266 1.59348725031474 1.60520787913224
0.788598559353457 1.97040105440681 2.55798862558281 2.90615618600337 -0.125537750583166
0.135817998621905 -0.431733102656796 1.58385275500048 -0.38110036395532 1.92415217773055
1.86093723583052 1.89941768460527 1.44257886608531 0.357142135374042 0.835116834949217
1.00965773028069 0.747922327822314 1.04415066353225 0.208510126265368 0.0726839194016493
0.397822162506671 1.28561184066817 0.751475371501925 1.02704648233754 -0.0718194094925917
-0.237615543972035 0.736051187320507 1.79857425136726 1.43468940303387 2.13825934033599
0.300141155773626 -0.060503526027702 0.0914626525195496 -1.18869241785216 0.96532628108664
1.80402695713675 1.1717397855792 0.561624927304611 0.84834839039634 1.82593690534709
1.36287102110908 0.160849108806732 1.33674250589034 0.283254022727838 1.70194261011733
0.482153761212463 2.69544953786419 -0.432874517939913 0.723142451322857 -0.278571546690309
-2.35036826136513 -0.940434981220329 -0.383261068273362 -1.18377702859587 -0.557548832728104
0.582807343174661 -0.00205897875861215 0.043918517034196 0.183739721726983 1.37089866923218
-1.69587748989273 -1.21188057251347 0.105085794574595 -0.627385063609086 -1.32766874653358
0.813083687827798 0.0271013002689116 0.480980018236956 1.29245584555923 -0.0802694381413774
0.862579015609303 -0.0540328262640458 -0.868060111157275 -0.0128602624847045 -1.47794583298126
1.62450681361011 0.86331853600139 -0.216816633231457 2.00249708027971 0.948606293343492
1.41452712187005 0.298159529300208 0.782678797043697 1.24966231137522 1.60089831778368
-1.00423642602769 -0.188739219833106 -0.23688039791455 0.672869118287871 -0.801004752605986
-0.0216790298212457 -1.18490980417133 -1.10483308701172 0.045918640936123 -0.221978324364489
-0.521951053783576 -0.0904357003031303 0.373941223021209 -1.55118347399755 -2.10764435313393
0.969588739166408 0.960287109988061 1.56477179752499 0.551285170073097 1.24479990911955
-0.0232325282738644 -0.70062611778201 -1.29288089815969 -0.128192453129454 -1.46950403070648
-0.623030964967906 -0.539006428845237 1.03638367868 -0.940812374024122 0.246999668319096
-0.00790047367008322 0.413228399144218 0.202641472755659 0.808862205684392 -1.19625611975955
1.1239675291636 -0.365549241461596 -0.346178765104662 0.131256798479337 -0.572903416205724
-1.04679425210528 0.351262685354846 -0.987150166810621 -0.76348066601072 -0.72438719941907
-0.975176019944478 -0.751995005433774 -1.57767974699097 -1.16892772663377 -1.15236629300591
1.34853918957768 0.668174813528191 -0.0467075564979477 -0.413868084177316 1.1077630762523
0.989521308081218 0.281539755017602 2.53261433873357 1.07978327730316 0.516322162722076
0.371576388956282 -0.483818233379655 -0.190889118819259 -0.692574829753529 0.704935284271457
-0.275343493960915 0.474055610503563 0.78077676420122 -0.109072710610819 -0.35403347869223
-0.602882196571647 -0.878595444172427 -0.854916323063518 0.110552206951189 -1.40459972055062
-0.261174891832322 -1.21710023580129 0.198107255758429 -1.15239438822845 -0.573515222210022
-3.00702625558695 -1.46835678459042 -0.809904662196684 -1.11484150007557 -1.33390425638497
0.910394284862551 0.63095418149126 1.66863600317112 0.27790270652447 0.818131819540724
-2.20880302565857 -1.04787079977177 -0.478959195322624 -0.4292719838394 -0.236057117442023
1.72392333204944 -0.486229168861149 -0.802740747055435 0.164273946386725 2.78142971252809
0.608085356274219 0.683311486563573 0.380540023850287 1.00971041585283 0.989918569058119
-1.13980554776756 -0.934087689845819 -0.876531382401388 -1.36772826595668 -1.68972004501441
0.689453195556507 2.18451828559734 1.25005133398187 0.59618390007733 1.28371952806044
1.04533861617515 1.2279336538396 1.3662183514414 -0.25376058722291 0.096703850525163
0.919754515016999 -0.487788083339147 0.974492161843819 0.624780302559093 -0.424403169470229
-0.883978690272902 -0.905034290354226 0.653848420905583 -1.32329063153137 -0.490527120448214
0.501048307018657 -0.251647465413341 -1.92440525583901 0.144888255807307 -0.105510409383767
0.00101582800658179 0.153495797004971 -0.679532394000969 0.557182860915396 -1.25185059481317
0.256457915143594 0.147415690840685 -2.17424033558711 -1.07799742767701 -0.272231809424388
-2.51299189931757 -0.270276866196923 -0.776500922509979 1.24000040274121 -0.133564194963551
0.920215881067163 0.430268040535763 0.280873974068124 -0.698160010481285 1.83736274434343
-1.53748939954176 -1.1119539470516 -1.16173341813597 -1.14117697521986 -0.394700180543383
-0.0900627019528088 0.827725247522133 0.273970430474907 0.14853443580648 0.000614855909967474
0.122035890461725 0.420237444758468 -0.747501094549073 -0.914780213718542 -0.660859263059091
-0.621901198794216 -1.04362703915826 -0.953299133215647 -0.47696763506562 -0.67485439150461
-0.579643317437064 0.749206451882016 -0.725892131787523 -0.992660967124219 -0.940364353210485
-1.01080857553552 -1.62281870124276 -0.368598158755957 0.507754741061924 0.920834798593324
0.373968554874753 0.904419035810286 1.28085206011249 -0.324900984954467 0.155750403587092
0.367702278631817 -0.166626194821697 0.330174652712254 0.418923643434889 0.266474759263799
-1.48631146384129 0.15477770943032 0.877876321551591 -0.585479313024763 -0.775593701324519
0.297858739289274 -1.96043734953051 0.554351239354163 1.17647311761699 -1.47134646194504
2.31293757958328 -0.289068125523894 2.2528284456845 1.57992779449622 2.09168148782397
-1.38653577710798 -0.951700015553524 0.448937819205405 -1.29380790949586 -1.02211896406368
0.191507385297957 -0.937207016712019 -0.183364391812872 -0.765935307121318 -0.805802569568194
-0.387951098164583 0.777134792515648 0.460580542747626 2.31797779511242 0.405996328410861
0.356018212920106 1.06543623891306 0.660148706538986 1.7704432375944 0.438481371792458
2.85588365078097 2.51666747668149 1.0511386548728 0.573648747184722 -0.0805140335808724
0.420131984359835 0.547019648402386 0.622992905354186 -0.577105411277943 -0.0364515405212766
-0.281625742956193 0.149971380390904 -0.607835080112172 2.47476628485429 0.37458214700073
0.644313330231381 -0.242201064890693 -0.663997990267826 -0.682373967348888 -1.90116438638685
-0.568127360665445 -0.578484416144396 1.62563598001007 0.617937893625907 0.850341734381593
-1.31990341807266 -0.414779400526666 0.940974647089959 0.135573729245728 -0.170653191018781
-0.568536719342352 1.93601849702827 0.205580134722336 0.93504817591349 1.59846682331685
0.327234850011401 1.84443915260979 -0.649869772731761 1.60479375188056 0.360811189539196
1.05835560626851 0.83868325619057 0.204941164204734 0.545393424843794 1.00767160043722
-0.641779988374552 -1.86971918852991 -0.526932276849382 -1.41592707506344 -0.542028071716188
1.08734080596145 0.642320926361404 0.286976932866686 -0.23704529104174 -0.188846929493053
0.420390225226309 -0.311060360498797 0.960099553631954 0.119091530260497 -0.20577894168591
1.78922118296023 1.25806036326456 1.39807257242392 1.25536362378017 0.937932901918856
-0.512888438130614 0.948215842667455 0.285696042209632 0.325902896972259 0.544086791137109
-0.852521610213931 0.478787819257239 0.610206501906383 -0.498573541609966 -0.650931190252473
0.569951479905624 0.343173473923605 -0.455770385405146 1.2407962283055 0.332040731879491
-0.358552887229394 -0.0577128786802278 -0.230454081494159 0.407149094575021 -0.0246994172816845
0.7241366684665 -0.722855067301725 -0.263726486247378 -0.532672305015809 -0.978361832129113
0.0839946284337858 0.406456235968107 0.14828174915576 0.0925413541037058 0.403041781972675
0.341936551563311 0.409821712548029 -0.332594333008186 0.568302687204037 0.642103884830582
-0.308313916023369 -0.440408956707837 0.535298449371638 -0.786638891503424 0.114645628331451
0.781804518427467 -2.3694083110932 -0.35750443491952 -0.744141715232657 -0.789901576115887
-1.23707537293909 -1.73204824122668 -0.0921429030793832 2.70225305143104 -1.18890265386207
-0.278803803673613 0.720066142414815 -0.3864121549388 0.929559863899424 -0.165505904926442
0.805625043381468 0.488887970249986 0.734443112981093 1.77169220779027 1.05344264481684
1.0909723067693 -0.515770790001915 1.66780881160145 -1.13541242640131 -1.06120713719057
0.629974657719368 1.24667826305349 0.40722969264752 0.624829503193352 0.310993051314024
0.686096424303368 2.19643632988567 -1.29399400007338 1.1201086457664 -0.298634074248098
-0.258385468907677 -0.902140095809229 0.314099467623657 -1.0797713519932 0.594136443819953
0.888372660015181 1.05321673932895 1.0831388534326 0.523852065480781 0.362018096082029
0.707398033049042 0.146708602881947 1.57761267152426 -0.420770986438696 -0.164711066142647
0.32180541398995 0.814637107165613 -1.28358576923094 -0.650314748909024 -0.0249513282610449
0.592556663853668 0.283114278745146 1.30279363973708 2.46755945273668 0.662868086524344
-0.215658764118712 0.752005183623802 0.385185359245048 0.174408542162553 0.391076571084563
0.237007087551956 -1.35599513107145 0.317704973585177 -0.6032414908739 -0.247050508169746
1.34970567127282 -0.616779260520095 -2.15915833966015 0.623361031961624 -1.19350445938115
1.06336320935276 0.992185542334777 0.178038181041816 0.895095603476822 -0.0897456718119072
0.706588212461144 0.12831436440379 -0.0809356300718203 1.59075385829369 -0.735645793574673
0.366141611762518 -0.603146962897055 0.347482050480802 0.662301861282254 2.12820771276199
0.123201868679982 -0.131177601032725 0.293186962189714 -0.873727520314877 -0.52390545055981
-0.558204337021065 -0.658951148058931 0.284268993967081 -0.494502952921777 -0.527596630240479
1.01942038809529 -0.339612697635841 -0.498641698342051 0.427238829534391 0.0929725369150752
2.04814103585007 0.51902233185411 0.890664284883363 0.285577662179573 0.0267489759616475
0.164407480767341 0.218460799366028 0.434846409911668 -0.164583169648672 -0.768453888388171
-0.799452419120959 -0.707180298813498 -0.556716335041882 0.221346519878161 0.0395345284875549
-0.982947618157783 -0.272911772612216 -0.973902011348853 0.899317809918208 -0.481938675863211
0.130817350382997 -1.59930166605454 -0.885998512410054 0.376389048798022 -0.375118945367032
-0.0561911979230418 -2.31840474247822 -1.02919160354819 -0.471491086194307 -0.400966244195797
-0.915461344655117 0.339489359685936 -0.776683390343957 -1.36597081174676 0.447342729917489
0.49794672120672 0.237985957180006 -0.0263390573147754 0.922297592920854 0.0720165949474607
0.8231469923966 -0.451723629058178 -1.33095083461702 0.177779132671447 1.10056717564231
-0.812773108620493 -0.235315795141731 -0.877688796742 -0.594210384488823 0.334634414818786
-0.632665825665771 -0.67385287268498 0.103485722268439 -0.841507036301572 -0.108699174135914
0.433611924563426 -0.777222994398059 -1.76738047556758 -1.07157248399248 -1.37007424766348
1.04834366305602 0.478279479875257 0.776535030704643 1.34739660386432 -0.937364091921073
-0.281052520765021 -1.54782267679279 -0.960834330598403 -1.23347149352124 -0.0885715204700265
-2.06332602432322 -1.9567929404586 -2.12632226859687 -0.899236388819184 -1.95360982826799
1.20102279408014 -0.690084546540371 -0.365353236553733 1.15151027268326 -0.116985095331363
-0.416807528094012 -1.79582868953375 1.27086572404723 0.0357647018247911 -0.0162997951047145
-0.393575951835227 0.319320239570138 -0.976252473982316 0.834360139767072 0.715377825523988
-1.39708514930404 1.2225317497846 -0.411566755355954 0.817314397786901 -0.513594614486348
1.56772419651742 0.509657626176392 1.39155355302397 2.14670309201289 2.14861821886966
-1.69209943653865 0.11196266043265 0.706787100043674 0.273290786399879 0.215694569271874
-0.283804382819545 0.363567343777943 -1.31308010337911 0.459932731221877 0.295491669629855
-0.65302574458609 -0.0310075917209754 -1.09414937506 -0.629325765745774 0.69332733472458
1.36809998214148 1.79622646937221 0.392029916659655 1.21156452360765 0.166006059076842
0.153622514952057 0.0614698436746175 1.64009264418637 0.0678330589642271 0.884111203280851
0.317260740373643 0.923018346895917 -0.86195147262362 0.240114158468226 0.499846567967161
-0.989649104334914 0.810236780506219 -0.597635338690865 -1.29614997347611 -0.580172865757513
-0.0143126947722004 -0.370577889181157 -0.0937684790987388 -0.115952511267598 -1.48283555752492
-1.78235106926471 -0.699587394406517 0.280382775357733 -0.581830173657733 0.68556193353776
-0.979539980336789 -1.34659534113716 0.537322877211436 -1.2154771367023 -0.589894691113047
-1.036159294019 -0.0890625587250625 -1.6569790722253 0.99620317557016 -0.266993686521767
-0.392408229709203 1.72190855317092 0.618611755426436 -1.12142293156807 0.333717521014769
0.328926401339807 1.1110201368217 -0.299765162185497 -0.310033725466666 0.603458276278813
1.43564293306574 1.28791547632554 0.849062130547157 0.566194934244152 0.61614378264511
0.64248884699979 0.145443497966487 0.130006145318311 -0.121628833728641 -0.362730012567358
0.785400946662608 0.074613505244056 -0.578981082325674 1.9992508161276 0.965412602499496
-0.0790437896832221 0.207054755007943 -0.10694325035403 -1.41923887478841 0.796361633407996
0.740869210137139 1.63844208996863 0.232294231913036 0.397850569064347 0.820732738455475
-0.310501775582003 0.542429652947771 0.369922512336155 -0.921659788363029 -0.769693319122804
-1.5439068311347 1.15679698451006 -0.755752662921646 -1.35054755608899 -0.00821213933156978
0.852072797228502 0.824009750568993 0.314063103473583 0.0814492445844236 0.650874581091954
0.343951293114612 -0.490987057224726 -0.0338984574745207 -1.25800780428343 -0.232584588022434
0.4314948525798 0.94314410061615 -0.441497022491537 0.0635520632493981 0.320590746431745
-0.444964859416234 -0.807803659456121 -0.80936022892813 0.420911949298742 0.29966558030837
-1.1188716935202 1.80743959971714 0.913512114120466 0.42898484720503 1.12634015267556
-0.421744350883444 -0.098190007329868 1.12522948639105 -1.53964166322264 -0.00621535498865886
-0.0812524864324263 2.03239687823944 0.321251516875203 2.39962344610864 1.72532814682135
-1.54882075561515 -0.799803242126988 -1.81824770815875 -1.71161785266931 -1.05894265754686
-0.0913274438340118 0.488856890340707 0.822351170449184 0.196058824815422 -0.487498882381295
1.73657192940485 0.442395314889882 0.77535513801352 0.884426376325086 1.88399776387013
-0.287615988924099 0.230176830825174 0.391897728000508 -0.38100271693706 -0.119170056995851
-0.930680105599543 0.893793176762293 -0.465842756468001 0.0814263291399046 1.03520034141546
-0.50125802044642 -0.763897594120507 0.516054842429281 0.0860502401026999 -0.233797815828848
-0.211435896140927 0.324675775137307 1.02814809590225 0.674453560628056 0.838284697735034
-0.585388910317115 0.322558365905542 -0.914336408229631 0.603313708250834 0.0275417999299336
-1.94010581910282 -0.599986291931999 -1.1520827414272 -1.80961938236761 -1.30642559861402
-0.09964922778557 0.954406040224309 0.735877774264557 -0.484381250088356 0.270751475550808
-0.275692322650096 -0.748373735220328 -1.36431750989915 -2.01201763490832 -0.695288651303095
0.997886411011797 -0.12122452269678 -1.35261834950176 -0.113914982884728 1.35927633456925
0.811840942775897 1.01172786483759 1.12282791277951 1.94549410859892 2.77039680977199
-1.25304239030021 0.408773080321394 0.150543237526004 -0.579487218077487 -0.976821865162141
-0.051874219169492 0.457427431827129 -0.473426018338502 0.680584944702698 -0.57725756193364
0.0325754231342579 1.6924927441667 1.0062516164799 0.667946352933794 -0.0912778598577133
1.46704750438432 0.813441473287783 -0.795902183799976 1.288557964679 0.469875411243545
-0.137822882844455 1.59897023789648 0.86370588871434 0.153568452074345 -0.464989264437955
-0.837056721067986 -1.20357958306311 -1.36318420821334 -1.66974994925144 -1.57937769433854
-0.955183826032412 -0.055873833622493 0.428753614900544 0.171334640567937 -1.93726929502132
0.55635502756201 -1.34089878051184 -1.06391167904615 0.184055803626744 0.941055443882755
-0.287106357857878 0.734274842244304 -0.0238886315897942 0.345132454958311 1.5340621467346
-0.602087589748294 -0.0619728130728364 0.827853959004508 0.141523926277149 0.0527416003328769
0.233953978442161 0.133596576072817 0.322790161552751 -1.17006649995165 -2.34615821699901
-0.22252200536384 1.40490316644034 1.81357272989192 0.762631742918473 0.302848144720471
-0.148925202707207 0.894165978805501 -0.404924219361452 0.139027573812971 0.339423082914775
0.731895020081909 -0.761812147292217 -1.23467322584646 -1.28535170162953 -0.279149469639322
-0.889919567047995 0.0317633115287098 -0.5418470026628 0.16713333463796 -0.59204072595116
-0.0274100055653835 -1.30550657919209 -0.307992034704551 0.615854559404723 0.085166577526057
-0.817692402122807 1.10535383774106 -0.615952685575358 1.21803879253919 -0.17298791497804
-1.49197622196879 -0.00308253561891134 -0.585966624102872 -0.254255060043356 -1.1978888693082
-0.679684014213346 0.0103188630484838 -0.580947951254001 -0.477703307673204 -1.40373751149715
-0.711566828203294 0.854726811672614 0.272543505542444 0.173692810917255 0.934048881940035
1.0776863841093 -0.917363265981954 -0.532989189679781 -0.853925422916699 -0.402080618619929
0.019122001350864 -0.198059644347339 -0.69133578031226 0.142419525496314 -0.506341933872578
0.0140289783377019 0.906930583619543 0.970263760269298 0.518299638134432 0.0297244277450804
-2.21193310547585 -1.73530220898483 -1.38086890408798 -3.14080391418705 -2.45543908915364
0.239055708737259 -0.415243125067369 0.540027205990242 -1.70299474750913 -1.86779191943637
-1.28271722322297 -0.407426941348652 -1.77967961415882 -1.61428647190468 0.149081340855762
-2.10298026923131 0.651397345844664 -1.38952755722267 -0.647769358709804 -0.901858247290192
0.246054630095662 -1.01876483631618 -0.647119822266034 -1.13230632785645 -1.19930108798374
1.24251981412157 1.69624184557569 1.60492628322036 1.2350906590871 -0.316681693642558
-1.31545857170629 -0.802332569781299 1.62063608881449 -0.483276672502472 -1.39252088067607
-1.24218134238154 0.387805564011504 -0.792834185782953 -0.243104846696655 0.0884348458839175
-0.451000894454647 0.30725298709352 -0.388884687631654 -0.393808762551817 -0.476548445893664
0.983156236654601 0.488951459930474 -0.263164921869029 1.36590764189668 -0.541337233861957
-0.721279077783307 -0.0811315173229998 0.541551847636032 0.0425387090484439 0.578046670766143
1.16085880897476 0.118487173704861 -0.13706032845629 -0.943633122106416 0.026021612712806
1.3250554997683 0.107068032372299 -0.21624867737653 0.642119988144414 -0.024105917855736
0.0953002891774531 -0.38394803351208 0.701969660181897 -0.32028900575263 -0.491272998082857
0.12082535852958 -0.33303402689551 -1.83346591538802 -1.49272404211984 -0.167736462688027
-2.04301128802446 -0.835877817625558 -0.787885665785152 0.0971855027863058 0.318556556490848
-0.830037486457692 -1.31335704813536 0.871572034523914 -0.589576164936004 -1.13403374991781
-1.03571186989444 0.468607725628781 -0.765985878955646 0.901483134204676 -0.78932520352786
0.147854845582474 1.09287427142934 0.773990739126601 0.180429432453982 0.957628947570637
-0.277149816901289 -0.0267551294647699 -1.25422877365364 -0.51200344698653 -0.245383223532327
-0.66314942532645 -0.322137254128856 -0.406100694359611 -0.360767135665943 -0.860711507543522
-0.50521891543608 -0.651671293611712 -0.300728639603539 -1.05373807566574 -1.20064276993102
0.303888266055857 1.20272613160978 0.742133834351112 0.406300031121566 -1.04156319642321
1.60066550452929 -0.357341695263196 -0.419115509123554 0.937652538200056 1.40138544029343
0.129823625878957 -0.516641168752762 0.975813739900718 -0.623897531750969 -0.320352394743918
0.755900852352229 -0.559359493824253 -1.61027277747279 -0.379836562633591 0.00887121322709043
-0.137632762839307 -1.48916737961509 -0.56562304415212 -0.958674395235082 -0.983687189097141
-1.25670245092898 -0.79981256849681 -0.105554708708161 0.00848317456659176 -0.276642096528093
-0.116395986942459 0.821893115155827 0.0925558503535584 -1.35676169734349 -0.0647342840251415
1.14054904412358 -0.957924326077304 -1.44190007074826 -1.27510484511833 -2.23666737835513
0.152123250841934 -0.0151983075266733 0.407187411120356 0.628425799674432 0.420248126445126
-0.953428190429848 -0.463065031063224 -0.0550144614966364 1.22780222002306 0.835153307849328
2.23807073772252 1.06965291415454 2.79782800600802 1.58283305992603 1.62184857993721
-0.0430278345796372 0.63272981292706 0.567592478029702 1.64877996097732 1.09322998357369
-0.405439931940283 0.986086003589984 -0.391109689259008 0.300891799714075 -0.0314124210820152
2.96818543559326 2.99594149458137 2.93770601472691 1.15089723563695 2.30912165773774
1.92157703348155 0.304415435019599 -0.924181108582249 -0.204707956410697 -0.0509489406090586
0.283523781359241 0.013111598253602 0.811719577164591 0.680751429540418 1.47593765428271
-0.209849820958565 0.668798029853889 -0.306701944266058 0.22916192525397 0.500286197111074
0.516307307160379 -1.32078432171728 -0.781669153264427 0.276137121780831 0.148492237006861
0.352810638827399 1.00294393922212 0.604801496443356 0.228999098840432 1.03271412138224
0.803729797802204 1.67545334194175 0.332957912723783 0.163818530239233 0.56041290406731
-0.730619069860336 0.0661178947787965 -0.231907948687227 -0.21760429129389 -0.092807996024774
1.77287491109229 1.34560026882606 0.686302827742984 0.467965914735698 0.146177000865891
-0.717382155084894 0.146471484682793 -1.33109990279657 -2.19217677239318 -1.14049858153398
-0.657413800260614 -0.956952484366434 -0.525091855807875 -0.055796541725212 -0.524017358890133
0.0500751132881149 -1.07563832935097 -0.38919775473098 -0.76323358069181 -2.63692480397242
0.409977434497548 0.429928745586313 0.60796216013369 0.608369757801029 0.0873880384242651
-0.924989293055224 -1.58208559396524 -0.820299102650633 -1.64605647563865 -1.90911392266037
0.224185773077793 2.83100882833073 1.50519525003809 1.42370268483292 0.584103121835661
-0.50828183399194 -0.710482122450795 -1.44338855438905 -2.31531371313591 -0.276645530944741
-0.253829997838973 -0.833420843585127 0.0619353267863459 -0.453401002091733 -0.101125340606817
0.200212522181202 -0.809406542933062 -0.594885493079979 -0.4169132293919 -0.353857291290348
-1.81247421892886 -0.899683676257635 -0.227543310975646 0.808090107089146 -1.459153327516
-1.26280159691268 -0.978562390145448 -0.349222014633811 -0.545878309239268 -0.799259843413911
-0.32561149632703 -0.0639963873519015 -0.991158538870233 -1.3788129922451 -1.38052749728984
-0.0357244550565593 -0.905628316070409 -0.395763146485115 -0.529989476102088 0.141906728585428
0.0690356112268254 0.603088046863927 -0.113168089883699 -0.531433087440842 1.62302358201286
-1.15983786698415 -1.10799049396366 -1.20660550617899 0.67778608419014 0.611201523925696
1.11864499690196 0.964184534295711 0.533479698671109 -0.938813459413618 -0.463139429402615
-0.0118844849695595 -0.0416326864333399 -0.665919808818493 0.722923555788109 -2.33705782202803
-0.0530564759514059 -0.43602588536117 -0.666722375480602 -0.877420094868042 0.114465988388239
0.322353364893825 -0.253533415710182 -0.711380376392019 -0.11019213022249 0.454666939143595
-2.28466954726297 -1.73674271232319 -2.6131791796656 -0.979476164376833 -0.822935651229975
-0.318487650019204 -1.06455904307271 -1.09913555181093 0.107280232972134 0.132742163564439
2.35115134987483 0.54210608264973 1.37917120571395 -0.158697611190314 1.87778641175244
0.83900291393642 0.0712000564142245 -0.656745875433977 -0.313390983723129 0.875048174688374
-0.763966441164704 0.722254262920996 -1.95869633933823 -1.12478069491322 -1.6492067596369
-0.353386932598214 0.431080913798636 -0.108301381009111 -0.188305522760033 -0.236202343266798
1.9519619171809 0.449351713881395 0.196623837449106 1.06417905778845 1.47411128699738
-1.05011719122027 0.200653111005739 0.959393911985753 1.1773840489598 0.00136713276621403
-1.29126023280199 -1.54553456079088 -0.52504995157702 -0.792935559927752 0.055878102081917
-0.921124446436902 -1.66393684562082 -0.0113161814399663 -1.20215213082241 -0.467686940819759
0.704992819163966 -0.608735186557555 0.760776158006776 0.116158354393511 -1.19514628650376
-0.404219109515363 0.0917614083618086 -0.635976902306783 -0.586028036288128 -0.311916135376878
0.140411481145898 0.943033991937238 1.0819231090617 1.84341208268502 0.104517628277686
-1.81515450872401 -1.45676494388323 -1.14201626205232 -1.35571458605097 0.467870626144302
1.06814344765371 1.81350008440248 0.922105580170206 1.64370056787027 -0.292319781692499
-0.537453954790101 0.237329853192997 1.16059318745509 -0.761967195729026 -0.0690327324700277
0.436001640004809 0.433790317393001 0.990972481136239 1.84602919265804 -0.406569386863599
0.904009482074423 -0.497060635936979 1.10467348022877 2.42197691058311 0.341857823490427
-0.685260288167308 -0.00246714963282399 -0.582325282117985 -1.71139245618257 -0.664835615162311
-1.13277761472088 -0.450722155666972 -1.06887020561839 0.4199992796961 -0.0346284495684269
-0.207641726399589 -0.928242789637488 0.0169784026811097 -0.771323622856159 -2.05944738192448
-0.645050623900894 1.19615040779003 -0.953529858732096 0.219277083947612 -1.4548996144843
-1.70824635813543 -0.952581194233584 -1.17145536578364 -0.0751143176055867 -0.395703360408469
0.564578442671586 -0.105967713354342 0.473815409307097 0.113986106247913 0.427036399033074
-0.174703119959689 0.423071957322914 -0.584597067740934 -0.124079709671245 -1.08288595419348
-0.654695437373701 0.571741195251594 -0.673015891482207 -0.321252778481347 0.805629000780096
-0.341954656331401 -0.384778364258814 0.112181003671331 0.433870936923168 -0.518178140192815
-0.181733976514379 1.14861014601457 1.94218663135882 0.47513320577094 -0.0121185102142168
0.315357990489827 -0.58334952572084 -0.380355529483066 -0.592193843755548 -0.12347819047877
-0.414573076661279 -0.312513587754878 -1.41918618129295 0.0845652968925507 -0.986947862917702
-0.820909496404927 -0.0743879696500752 -1.34273639807099 1.08461182311394 -0.185604948470052
-1.21831203297081 0.722338786880575 -0.11830652832681 0.601238413733467 -1.18018576762902
-0.90031872352848 -1.75350222644895 -3.19911409706108 -1.85474189443532 -0.959193474955038
1.0679424039798 0.931055376026788 0.120599363512745 -0.0422012346801397 -0.0444841061773923
1.29157161484123 1.3001600518201 0.608741910653777 -1.45596059516226 -0.416529343907726
0.154523613433953 -0.457063704931697 0.100736818353185 -0.766857254251242 -1.79959750941582
0.524498191086746 -0.643352695857341 1.10856908848055 0.840911861384544 -0.628362404477871
0.186461446456516 -1.06904003510416 -0.838063405742873 0.103706351853324 0.901743948453362
0.286032577265772 -1.23102016210867 -1.8550444288814 0.100846525529272 -1.00112094907634
-0.157903791907022 -0.339614108599919 -1.45797377045925 -3.13055285546414 -0.401739245151316
-1.68289577184306 -2.03617199202678 -1.36964875801388 -2.1595959882015 -0.0113647233402805
0.203649484564987 1.16630027263674 0.110678840161633 1.85259696899251 -1.1475489079328
0.467047715183125 -1.42140562690444 0.155591596123285 0.108281219953923 -0.915993729384104
0.553365129252396 0.915527695809145 0.420729430005437 0.347360033071948 0.825797753335861
1.24686800684678 2.74015329159604 3.10286336429507 2.44504639856206 0.412092860600684
0.723365864403262 0.637532068335537 -0.655712836451037 0.154704929184149 1.38587958714001
-0.0581146002051028 1.13632571555863 1.20007527143204 0.630576207858116 1.28784109026355
1.26953473244168 1.3782535036928 1.03805491201275 1.87964468769509 1.41064437832009
0.733734543743759 -0.424693234462334 -1.3363823432628 -0.70364425173481 -0.772623662840787
-0.173369892900523 -0.679816815999177 -0.419603448601477 0.183926993280612 -1.23464324567255
0.388079370796194 0.0140530343455428 -0.387842269950472 0.572529920631753 0.142767370598794
-0.401943132371472 0.61636646789505 0.693855311674418 -1.14268681865157 -0.0757009196567699
1.16149052966461 0.981898147169347 1.70982858874362 -0.0389390227259186 1.11205423636112
1.07622004691408 0.362213373560763 1.45873317401895 0.718743077182643 0.363036169991501
-0.753002647860184 0.323471642188336 -0.135441618577519 0.579526293717808 -0.144599074740721
1.10349095925535 -0.545302664705957 0.491867121328398 1.0061106141785 1.3628369518335
1.47126724163924 0.173490206933363 0.698499401849685 -0.0481637720838501 0.574960900025977
-0.180495419125798 -0.58694926300006 -1.91448256930351 -0.0745361657017671 -1.20159044042999
-0.37717158636898 -0.396768321701314 1.08698941383689 -1.34817456077965 -0.564359877598154
0.402014129882366 1.39589731831525 -0.0616410620298566 -0.96310218819112 0.437036546318559
0.306572347551924 -0.495703757334588 -1.09121143241851 -1.72049664945199 -0.175928581590626
-1.71003203599003 -0.981054283079442 -1.05227749511851 -1.3083645870522 -0.771008260753099
-0.263218614292794 -0.36918178582055 -1.27877848099313 -0.903237989740984 -1.38361577896233
-0.445388725234768 -2.9357033875684 -0.600326116124487 -3.07798384733118 -0.961903915919032
-1.20203407281581 -1.60834921084311 -0.829943976099144 -1.35722694473976 -0.719437597835349
1.01919696960714 1.22747825107939 0.871223084076297 1.15585943770147 -0.644427739869353
-0.311651535733089 -0.0511755217987336 -0.702036358775709 0.0281600325397171 0.717389426784539
0.224146808885759 0.563516613054388 0.344636028466744 0.788003265674304 0.383819841057247
0.114934344365568 1.23649430471884 1.51288999146426 0.657467883770351 0.3298053475161
-0.36835432353552 0.19841658580761 0.71393857693757 0.839906471070029 -0.40566246577058
-0.350909556793394 1.10568394253872 1.54500937195664 0.71345775824903 1.08493992486881
-1.84269706674869 -2.53010186891609 -1.26424252111619 0.262564340500378 0.904748764432563
1.28306828603099 1.42946192005992 -0.146720948009314 1.06058986072712 0.191134035410075
-0.0551609386712304 -0.256161095690788 0.784776693396249 0.611891279824934 -1.63915237318053
0.302787403223659 -0.548978040563719 -0.907645994870798 -1.19233250486562 -2.0953373924613
0.556866773611158 0.416834587723718 0.490658673736809 0.99110787919636 0.703567013675099
-0.286644180380698 -0.549895322072362 1.15742897434308 -0.0401053347841814 -0.635044755955831
0.818494203785988 2.27886681555622 2.02482302878616 0.69825411591634 0.7965740002971
0.195616232271062 -0.948964407497953 -0.305709293748235 -0.911469033485337 0.317440137854373
-1.29547780979531 0.867692320053362 0.250824918834259 -0.557211525961753 0.288337685754793
0.33342706674743 0.251886679133832 1.52592246181526 -0.279386605675182 0.768766880031704
0.99803752589369 1.60552001642137 1.82704620477199 2.26370146941927 2.08387955444051
0.709700421709809 -0.765249983576599 -1.43722979000183 -1.03480251122498 -0.286693428565156
0.587275916720485 0.824166734257698 2.17063584029121 0.595060349048453 0.393357192811867
1.48514842832388 2.03560917082022 0.549592201375646 -0.164008955720086 0.520556613083711
1.40765666671035 0.916751115102548 0.344927662228711 0.764411100809746 0.834662665363694
0.140484394865367 -0.481601342334937 0.617102363401241 -0.341420636008402 -0.61997672952006
-1.54906564325201 -0.80101903793875 -0.0600618694404737 -1.0179774487688 -1.23142290008098
0.170747067447122 0.971941529704101 0.546716667487444 0.589477352674107 0.169692799167069
0.88316661340992 -1.8744306079706 -1.69068980262597 0.326101118582413 0.612470045840701
0.877547237851079 2.26555194533837 1.19929177326814 0.617179418498354 -0.347987560226695
0.364841869087772 0.610567736354927 1.0735098631184 0.78719968290692 2.14491139314089
-0.110866016395235 0.953159673782475 1.09080267299579 -1.84429666305571 0.869249310191055
-0.721979910103616 -0.0150449227851197 0.509006065478798 0.4855967995707 -0.73807774304389
-0.766766323976561 0.543994891593566 1.31016996186546 1.28813248748431 -0.0733894713941456
-1.10012261192113 0.645105390316275 0.964490425968705 0.304372800182408 -0.290955342704468
-0.728002283075128 -1.03014035866122 0.592771542756215 -1.47761594093551 -1.00745053050413
0.162190240447049 -0.569313183144456 -0.438542570997845 0.562508326222078 -1.44888863253286
0.222820378240415 1.76443323899662 -0.386958481703026 -0.694509255518309 0.104627963567897
0.200762662883476 2.17626204460264 1.68553332178187 1.58020532765221 1.42881149530517
-0.613725625654756 -0.215408242499466 0.0265382491311296 -0.954295364805801 0.0698494954071573
0.899454453336216 0.432307887318517 1.16712647115533 2.11314254258116 0.802609398601783
-1.38324542037553 -0.0880924621287486 -0.05739955338321 -1.19251550261656 0.486913203900323
1.07670804575648 -0.382555477852802 0.964001282641568 -0.106412057475493 1.26649500295352
-0.672763333130518 -0.606905477598403 -0.855949422291197 -0.104644220273104 -1.71275915050825
0.974385219598384 -0.577934739122257 0.660530622593924 0.303335206392542 0.534095600200394
0.737672816095722 0.794538211319898 0.513318489090377 0.16444993874579 0.0357032323111718
-1.56355680089904 -1.29642972442289 -1.5349940017207 -0.827640347045505 0.411097103473155
-0.490171684980326 -0.483597075663207 -1.84587729846809 0.397354864825939 -1.03653256110271
-0.591440946470436 1.0426216102726 2.50449239919438 1.99242389225225 -1.23002376003315
-1.00061443861362 0.333090265992554 -1.54365208302567 -0.816939233524544 -0.272857178218707
-1.02365020078358 -0.567621307010351 -0.74788736148625 -1.58878544712536 0.295642501731443
-0.65897380743471 -0.365036029436486 -0.232152812809477 -0.543891009325096 0.0777060090973875
0.214782220232686 -1.05259835567768 -0.818927181932675 0.194815797372119 0.0247894791774164
-0.0501362914020938 -0.596251248795316 -0.176373716770479 2.45952608283678 1.81547028641393
0.0891337591696763 0.519612778574822 -0.796668795810565 -0.12340182166052 1.08497161076001
-0.123969353844717 0.286869665995933 -2.19325130671089 -0.335765700817847 -0.551255294708697
1.62535860109747 1.22784779550186 0.520269194838824 1.2088831083901 1.84362350205212
-1.45605972466351 -0.358918277487537 -0.692055849750074 -0.993331517482451 0.661651440208376
-2.79391796701025 -2.46263675171462 -0.85242250676951 -2.65516859517232 -2.39121749993855
-0.0709853544733446 1.36294682356868 0.220306298450062 -0.643486638316156 0.716279613602428
-1.45245621584683 -0.740592530112903 -0.627287318426154 -0.528972891883725 -0.321559648098564
-0.618897967185438 1.69427626653285 -0.129132270499343 0.443197022924296 0.300516740740321
-0.207175266857028 -0.219451735973111 -0.774939606347943 -0.68008692540017 -0.185116636550246
-0.801436039842099 -2.40845973619879 -1.33313154541573 -0.495897635535324 -0.667182289360432
-1.8669126136112 -0.211503850239971 -0.308331018867148 -0.464441904953669 -0.94467257156842
0.552895333668307 1.28399023601909 0.958341147563062 1.63005340319173 0.924005791667306
1.08636306627139 -0.096167591723936 1.22287475354628 1.33087169343511 -0.321186518428475
-0.506502416617396 0.100567593338596 -0.298091293054031 -1.99089472319346 -0.16015803902991
0.255319079916615 -0.201750720522738 0.670391693998743 0.884461972335108 0.733094673396224
-1.78796829226414 -1.08870745461755 -0.284094672029078 -0.937909768742538 0.780133797879883
0.0612956622952925 1.44908781760353 0.177663514925007 -0.6695530735231 -0.613790962729544
-0.152664550063264 -0.0167488600729086 1.5857331803633 2.1128682524976 1.66936171822564
0.115113110927465 -0.20572828084919 -0.466748942848053 0.233812354718934 -0.387791526009943
1.43385519463617 -0.18055512304392 0.667012793890867 -0.308886879668856 1.97737112508115
-1.44157189466872 0.119959275829344 -1.34023042490849 0.141969407906861 -2.2835970988071
-1.53175838100975 -0.286561451844393 -0.278330767713486 0.164657129357013 -1.36838301248574
-2.04820017108895 -2.49030182619263 -1.5603356665043 -0.137973396379638 -2.45406482404513
1.57722595174414 1.38367669344471 1.46199280588292 -0.0292055566473635 1.03997287140801
-1.37996613782674 -0.0190818754759495 -1.30530409992638 -1.02070872672261 -1.19065503623178
-0.982921336440386 0.62264731394136 1.51208793623803 -0.172892665963195 0.0588835093154653
1.83897375179876 2.18113237737831 -0.015070800400426 1.95188146489064 2.09113290961585
0.94008242945403 -0.143263334197433 1.71626578562714 -0.308274576985298 0.066406858464227
1.88361240774394 -0.737556853619384 -1.05691717529425 -0.506596912686265 0.653049138115824
-0.059700494800385 1.13623558611854 1.02994102790304 0.0510492951654319 0.00302462159165015
-1.18521356931666 -1.0051765013713 -1.50876925386896 -0.361895929755124 -0.438464294235226
-1.5401669881704 -0.702283835446184 -0.164111743119155 -0.491114796710454 -2.11795836745035
2.09649740353291 1.36714821984103 0.864390867605261 0.36242828954979 0.930481273507301
-0.0145124316734058 -0.651457497786394 -0.936805964630229 -0.0418779273004511 -0.999562991003611
0.656072682877065 0.303723356135987 -0.0486290244122372 0.823048415418362 0.493646497062138
-0.751945030829391 0.367572324451029 -0.774244388522838 0.302196746158358 -1.49122226317318
-0.996968091351143 0.607012948611346 -1.35985971445401 -0.00955241064623064 0.638166050385899
0.684339803483783 -0.144938452745524 1.1242420773555 -0.164230664159179 0.143921052847887
-0.149874943246128 0.479264713081436 -0.562537340152631 1.7894900408903 0.338832210079912
0.4958591071203 0.720056611261679 -0.216716181748748 -1.38935439220765 0.333280991179946
-0.203976422654979 0.235289365338088 -1.44364668207623 -2.09544914420079 0.116406349507884
-0.232180453631778 -2.41542600484447 -0.730147853115273 -2.15622804255228 -0.521427518508983
0.518036864138556 -0.644217143348966 0.467611209546936 0.184695645198179 0.435504154391252
-0.132178258102333 1.28450318465449 -0.575873549257589 -0.0897007415268837 -0.293839530242704
0.427348710500473 -0.709928545805743 0.257106459019137 0.327683508980474 -0.463233071472197
-1.38540634940126 0.151641430402071 -0.89569108689014 -1.27981763117524 -0.611149142181421
-1.0140001572176 -0.822738094700923 0.101826997559432 1.11649748006302 0.120732385157999
0.976408792600065 -0.00092557171960846 0.136984908622562 0.256479119107795 0.883505575062484
0.363625285058787 0.276859678168647 -1.22678856069686 0.224488227203572 0.318926426093833
0.0904331658788495 0.0675430945364852 0.018016343557302 -1.12600835044354 -0.386716249859068
-0.245406322933296 -0.220788735579899 -1.31430781318833 -0.404459431875113 -0.193623311068954
-0.0802141163720439 -0.898650596202816 0.317672167539629 0.0818728921153295 0.54861910507719
0.208306100889428 1.14263566464926 0.54774245995436 0.925426333644349 -1.11964046268121
-0.339089910208569 -0.53713629221635 2.45565330185116 0.735833142431926 0.944202174977586
1.39035136615297 -1.0242456645122 -0.753813865267852 -0.957639919201144 -0.985596471847104
0.57155585046556 0.707229525937166 0.256094418184518 0.431024931251301 0.230587793587947
-0.644640179798544 -0.628300649368163 -0.755729650306814 -1.60295333683069 -0.759725089561995
0.569667785302454 0.365823663890996 -0.895357521724464 2.53332172169857 0.537121058678916
0.54184900050625 -1.69562367751301 -1.11963987731476 -0.956165812750523 -0.983891657410851
-0.647569330578614 -0.834165758764563 0.301021913594249 -0.612815542415805 -0.550084430082151
0.0343622244512746 -0.0574231033065349 1.71434986838034 0.889736580370591 0.950725132338466
-0.585957892134697 1.29171090748575 -0.77959756570538 -0.323112017542219 0.502376830352775
0.3217906127876 -1.08840710882733 -0.195407710904556 0.488277123581956 0.156317266679521
0.589200671462336 -0.28698517340593 -1.96901059196531 -0.887286682827639 -0.43020718775425
-0.409896981382235 -0.353717539156947 -0.0671163560717112 0.122963759260057 -0.412166569852159
2.59581510146447 1.0554990125166 0.126160421153892 1.44804472917743 1.75422688130484
0.262248606000945 -0.559761394062535 -0.316042339911572 -0.150671499271542 1.01093711709968
-0.0412399768263863 -0.77984862033827 0.867367119084621 0.471096744318896 0.550542854148613
-0.712645994822502 -0.980674499127664 -1.28627431887028 -0.747226526475855 0.665269918671261
-1.10987004213917 -1.03599120512171 0.41542600723194 -1.1590287768861 0.572490070354113
1.05232778005239 0.554520721567991 2.6034916575696 0.694402862649313 -0.108054340806878
0.926881542337315 0.0389073284668114 0.798108207895642 -1.99206132887785 -0.96456418623304
-1.33477937571067 0.242635625644316 1.52084690969777 0.883237465775366 0.767869203093764
1.31549715160416 -0.168172019618072 -0.21543567665948 0.10357546839233 0.456113479926166
-0.407215416958067 -0.511124111357173 0.318441639831181 -0.39489864819387 -1.22882104379429
-1.43300001072325 0.6614859250388 0.770229196350862 0.836668334949154 1.29167156593541
-0.430631308953946 0.676720210061278 0.267916942005845 0.410157975287104 0.0388972503555825
-1.33122693914358 -0.695991547978952 -1.08217991664482 -1.40078077860052 -0.154592941349762
0.788625077414608 -1.44405261724685 1.46016011048278 -0.0346481839843469 -0.641968268598343
0.558866457472319 0.122373377037442 0.740580569067634 0.418247691836308 1.65037107851991
0.302975519050851 1.82163296001699 1.1545713216798 1.10961156320141 1.62574402820066
-0.0387324288198235 0.542323121086358 0.0462153912152252 0.465407490137483 1.15609601379247
-0.277610763832381 -1.31914870651899 -1.71029136111498 0.847679167952369 -0.552376254598927
0.334588115161967 -0.29091385184524 -0.0178477674315542 0.571296782091399 0.0153054344789916
-1.56886636602738 -2.89404951704942 -2.40586741599665 -0.481621888186161 -1.38213724041418
0.37342374861716 -0.283324414520969 -0.519996542627838 1.19927812657234 0.21716482119092
-0.742790856930714 0.069474825329016 -1.23983518247531 -1.3057977933817 -1.01924996428432
0.791042088290435 -0.189782890085421 -0.111687982717446 -0.604528057953426 1.04217181497039
-0.0575508775798514 0.303913669625963 -0.475740136280465 -0.27531754529621 -0.163747604354758
1.10343410543496 0.718688554429239 -0.242056272643002 -0.941653292585417 0.651124603806058
-0.353985098961413 0.619539073057521 0.401838171733174 -1.04306084650394 0.321967098898851
1.23332511496275 1.70162341186587 1.45619585200487 1.00655232411395 1.45769140309128
0.504819788379059 -1.6489311614561 -0.283060859365665 0.475218517625399 -0.808993655834196
-0.0223076516889549 1.56904770283241 1.0430655255174 1.21138746980997 1.11669960729027
0.338679431956752 -0.080149895204615 0.604918254265548 0.792338715330908 0.112854136413126
1.7488527445078 0.417845055690575 0.874325342394053 2.53256532633347 1.29047809098542
-0.46244132640046 -0.175850360437494 1.20901168507326 0.143729990688244 0.796201276896997
-0.657538621680598 0.086535061860633 -0.885734530702229 1.05565481761705 -2.04681221643855
-0.3767523765692 -0.448938923673925 -1.01379343532877 -0.191362361200776 -0.66541920121346
1.17110260983868 0.385394351652748 0.695625726115618 0.839771650992621 1.6995187561355
-1.98838771243535 -0.788774039891886 -0.0506005054973205 -0.735447478954071 -1.17564083158221
1.2142846151657 1.09062251354401 0.71389774965905 -0.265723810485569 -0.423332300049597
0.138788470072368 0.209120047434398 0.906650546237033 1.30777312814883 -0.424754714688502
0.895716639110833 -0.739491411644169 -0.967293650552802 -0.904670658353039 -1.25568957329653
-2.13997591494766 -1.18006347569194 -0.846695965956947 -0.331165615290887 -1.59645834250021
0.606420093377465 1.63590319512237 1.5410163758331 0.277995681533613 0.561557359072606
1.77204041050585 -0.120826307564919 0.234932367335738 0.39128725787517 -1.31983622828646
-1.80407032282176 -0.175022342599203 0.563830304508074 -0.671955735052388 -0.464418446438609
0.891955303526649 -1.3634606389438 0.51026504697051 1.5212717526572 0.351933745575657
0.862850384110607 -0.0425161140925313 -0.502481815961463 -0.816341138278126 -1.30104961835326
1.00966956789294 -0.125819649483475 0.449969085827209 0.326674793027322 0.715588111557714
0.0108959233263383 -0.336487664554373 -0.119801813720342 -2.0086684408724 -0.745537913557001
-0.369123450373914 -0.0441664689229202 1.74998540609145 0.796364522087871 0.471310268090668
-0.863201467162726 -0.44808409872839 0.711487776374254 0.132272766021782 -0.709889408089907
2.09763240233058 -0.0283208277902384 1.29520473616111 -0.104811513061385 0.382671707374653
-0.261929181412358 -0.263582279728961 0.43244757546973 0.528265311806055 1.7076989349039
-0.0961196337379131 -1.71571823094261 -1.4287012635961 -0.0160424256145173 0.179141629791842
-0.626093003865391 -0.718414931242566 0.510382678059577 -0.124600117129728 0.0525964203876177
-0.705584305612067 1.36701832192762 0.252876881427475 0.114877767335723 1.5098889643946
1.92294044566921 1.67725945040209 3.04901787458058 1.1834821008369 1.10424372965177
1.15908373727717 -0.566749979545369 -0.453568678826488 0.089158357793483 -1.25653432378451
-1.66015499162905 -0.311632055676855 -0.826266552864321 -1.56952829541096 0.300027073651245
1.8272520139727 -0.334579836232608 2.00574964375 0.87394519269686 1.65684251680671
-1.11609974782993 -0.83683218478738 -1.16882826308586 -1.30823108031562 -1.79958338832466
-1.25314138911911 -2.99181642970775 -0.390375618460491 -0.741048718915932 -0.855214843371837
0.462275684663476 1.14800706220904 0.403543831481879 0.0197587322992277 -0.464429761604943
0.302314451473187 -0.504232743283516 -0.618126997752933 -0.249295660604972 0.0881941801054054
0.581369086393022 0.264195400269909 -0.186501184619826 0.61250743561661 -0.817090304709393
-0.70903699219154 -0.43339757383088 1.06234294855711 0.0537828895930889 0.12849238098767
-0.113990792517019 0.245466827098995 -1.57055756943421 -0.329488142084834 0.136302725269484
0.130909390907875 -1.22299558254072 0.754243486946799 -1.07985611288472 -1.45902584853634
-1.12908882635838 -0.474496551665214 0.399032735037543 -0.374333868911583 -1.31847257282681
-0.566363456917099 0.396766330123243 1.07177742568077 0.69332188966224 0.299671263975495
-0.603126693602236 -1.89212569520694 -0.437614815926629 0.215030950424022 0.0888722637435279
1.72005960592289 1.07320198785351 -0.0978300121410929 0.248673297106051 2.26154708002861
-1.08335661048097 0.312303116799238 -1.09466898216043 0.362710583552727 -0.409496277999574
0.482957759295276 0.18576880633599 1.54233991444552 1.7816424341951 0.643555386833795
-0.0836131905879558 -1.16372333171107 -0.102728457840025 -1.41529926473136 -0.586887051927271
-0.550302417901146 -1.10540376561437 -0.803993996838084 -0.588393235428919 -1.11664811210677
0.346757739132427 -1.65433909511379 0.250099793420053 0.476312013003013 -0.268841375137033
-1.79671254157197 -0.703043860861854 -0.786072074225078 -1.12809015578377 0.10316582283548
0.155633314540041 0.434272681312054 1.12375048768795 -0.316773813985774 0.873492822936485
-1.06197398688744 0.472132394625634 -1.38506365172112 -0.176047439299117 -3.38299512740959
0.782078936701034 0.735324623709758 -0.451532634560868 0.231654493651939 -0.285375521018806
-0.295885803573112 0.859810713970965 0.50572707964055 0.464413124615408 -0.930375651424518
-1.37775304463837 0.0472036834902356 -0.299952317846535 -1.17521481199725 -0.327152505396737
0.894038030181622 0.593841671585612 0.196796347620106 0.116992420814439 -0.120795980021465
-1.07189063741289 -0.118994305973615 -0.835499426785564 0.147511978950178 0.303572648426209
1.18711211071453 -0.949827321980486 0.576143965089327 -0.286516613789142 0.65651188966641
0.927413683291101 -0.759626252548418 0.0214118718262546 -0.0884991117642834 0.723388013864667
-2.88546628245772 0.830128541945994 -1.11525956024254 -1.76585940696987 -0.606675896392628
-0.469336649074407 0.383907312133762 0.487024838596182 2.2988303842661 1.71536485883927
0.281205661889603 -0.564044264020561 0.188265394189093 0.644103468761882 0.371170556138667
-0.0417188527735829 -0.721948722764752 -0.930135997292137 -0.533389859890711 1.73905827217664
-1.78545514797028 -0.667331158908938 -2.93619120223478 -2.6763113011561 -2.31035085832944
1.10258638516282 -0.171039317271909 0.104235849390578 0.911296377390981 0.556263137531102
-1.07048781217054 -1.00648665164745 -1.64530714761364 -0.887771291425957 -0.981895117981866
0.482134138524514 0.904930137712611 0.171418549920221 -1.0056139381563 -0.253339791386237
0.37099377147508 0.177969265963581 -0.504886966715222 0.261524805088228 -0.818879713959217
-0.163435283979916 -0.36646890202641 -1.11659453987874 -1.1396336113573 -1.87139350293664
-1.06792514212537 0.264657094749455 -0.301083452867701 -0.716373483839087 -1.58103826871365
1.84359637201008 2.19207233176326 -0.0602071522867935 0.838587234780228 1.6827028719723
0.477265383770353 -1.74129985308251 -0.631115743599748 -0.314317907642805 0.0216285424960147
1.03544674158283 0.743106701637578 1.60715596017349 2.55689014264685 0.563465375182543
1.17630839910281 0.246265410962927 0.528768499979691 0.333921734968314 -0.130676819151991
1.42372658626914 0.805803324343379 -0.340962766825801 0.118344249118893 0.685359141556519
0.833529977073015 1.10339680148069 -1.35941384236644 0.237363501848918 -0.979352425158726
-0.499912577076898 -0.238309408650965 0.083595071611485 -0.944046126711321 -0.269341863525222
-1.20971594120896 -0.508809161292831 -0.344616331068295 0.246132202540525 -0.691299042431567
0.873597314109736 1.64298181446721 0.924008315827321 -0.0532226319165862 -0.128228628923123
-0.532965895845456 -2.17809942517792 0.851821489456927 -2.82624747344576 -1.23332359153869
0.945559035801557 0.893840790559748 1.11602563441001 1.19335933488914 0.524612917749451
0.121384933873796 -1.6339586485766 -1.60213845064931 -1.12757803706612 -0.900811925269272
0.527508560871279 0.625590819671999 0.426308176683546 1.01944947288637 0.992934055650597
-0.979173863839575 -0.532041092729471 0.231800932340618 -0.346074439380968 -0.189700995082673
0.137863641215587 -0.736993372837928 0.0495571959578483 0.42589744360258 1.94327097428904
0.641310455744025 -0.892865452362586 0.4338431781617 -0.000661132447563523 0.832886433767526
-0.237097808737428 -0.554704490140323 2.18499209980943 -0.589401076884132 0.159799559560683
-0.0879089736578474 -0.380553201804666 -0.566026705449375 -1.24747997221302 0.858838340758261
-0.144329129045464 1.7952003858284 1.39771984713942 -0.807096611443288 0.0962667098982576
0.100027454168051 1.78666819623282 -0.619368464684865 -0.680788630096629 -0.856708899779105
0.63505351362746 0.68560926828281 0.876282538927185 0.0195049636558978 0.110385515986171
0.264061396281296 -0.909521617163698 -0.209934444060362 0.379283978543535 1.86722540490314
-0.817977307486885 -1.94719390425274 0.556432457627077 -1.69610997137634 -0.588296522787702
0.675655569314525 1.78386809700769 1.04928098786443 0.362722321703315 1.29074262284958
-1.63085322368146 0.00586649165975051 -0.295572366128385 0.483983737679894 -0.888882128548975
0.0575901100846232 -0.199992351706066 -0.166585630734362 -0.357625720880268 0.663672618510157
1.04639693455941 -0.346170635032773 0.510550800601672 0.898057997879189 -1.97115165649592
1.66433674969842 1.22543701961781 0.96355840040173 1.16042072946543 1.28369398236961
0.601818348359734 0.466442032768931 -0.501857512024055 0.249131932794762 0.293075020829596
0.736683184003628 0.861219625253713 0.135702287134985 1.43557208485853 0.42706022736273
0.241036079195166 0.331510329775681 -1.96615989174588 1.24619548074554 -0.908337863656902
0.844807663945464 -0.202189580891695 0.426985463088453 0.417994755055098 -0.822000012760109
-1.26667988599362 0.0464462782344581 0.346753170172456 0.941730447250027 0.695274552766248
-0.0280560710693497 -2.02570240091631 -0.00646776783962236 -1.48850201719665 -1.73348353202068
-0.0322707074195368 0.0541696872509484 -0.200192333995512 0.231246275888498 1.47806943607025
1.07349469786365 -0.594592313113588 0.378562025785072 0.732233668723146 -1.04057116889126
1.01048816152048 0.0354078271854148 0.903421313948815 -0.822593594266458 1.3004548486175
0.612182455951052 -0.396698556804454 -2.52592223018675 -1.53902796767103 0.383296595778101
-0.86399760594125 -0.923835585849109 -0.0288074791283366 -0.802925299824346 -1.1195397284061
1.53372991377113 0.537678985876189 1.290630811255 0.0940730295301717 -0.32625321633627
1.43914891858622 0.154002783818158 0.56956342980487 -0.134612633253196 -0.467646199829933
1.28602193319044 0.833089310865943 2.40711796655246 1.45454175102629 0.816693892946319
-1.6701062559001 -1.60942546340058 -0.0158779484916394 0.181606904735251 0.392565109383727
1.30568625701789 -0.692144814695646 2.50732016179366 -0.210563372367539 -1.13203574242516
0.483190835113206 0.966161117418506 -0.37576667978688 -1.82091451904557 -0.981817803769126
-1.16551944797887 -0.353715141249741 -1.1932812201013 -0.849698160830621 -1.83611684257109
0.267584628069644 1.68943531204513 1.63594889098856 -0.643146003894201 1.06666045477163
-0.844882211556166 -0.967461021668307 0.861787333346025 -0.0547491480566417 -0.302557465749802
2.12653574189628 0.59127390035568 -0.13701672171253 1.95463989947212 1.68894754222936
-0.327940650442193 -2.09706511509404 -1.51246101241673 0.868255668027285 0.425664030709492
0.527308272254533 1.17934951056368 1.5446992602654 0.810047569502516 1.2633836449257
-0.480783323558871 -0.114997606542018 -0.975206324265393 -1.29224699367007 -0.262678715995018
0.305773010589303 1.06896462723973 0.713033695916286 1.00688554418903 0.743546132549664
1.03141326557491 -0.283498122638866 0.577286719154923 1.18797837138745 1.07663277332937
-0.291918862530714 0.0930935833635426 -0.66067097047045 -1.37797805614723 -0.0189322947631003
-0.0415854794061525 -0.36939152660142 0.14017938392763 -0.0832751217089754 0.604344666847798
-1.63401871128429 -2.40877464543924 0.127895997282614 -0.295113566537951 -0.361899484577602
-0.875355591797053 -1.00944047260586 -1.33928337347416 -0.147468078392574 -1.15686453949153
0.307717543810919 -0.270030538321943 0.874605041611229 0.895966908087575 -0.0663904078733398
0.856681900405719 -0.0917423845946934 0.227601951444642 0.825942796029698 0.534812808087075
-1.77530145743456 -0.699756557594149 -0.525065775210884 -1.19011339005052 -0.0562381198716072
-3.75018826860929 -0.363975046949973 -2.62716118159149 -3.34063019182739 -1.30744956953675
-1.6407621780025 -0.273733885060769 1.6325394697618 -1.2048730979003 -1.26392061627051
0.479935106788569 0.0713375680979326 -1.70896951391968 -0.243236447392718 -1.02484466794593
0.373992072593687 -0.587514872531413 0.607723267443258 0.0104697999411133 0.393638086147411
-0.189683400289562 -1.09653458468321 -0.650576872633681 1.04331074195081 0.932365083751592
-0.19766971450414 1.747118856229 -0.357111362934977 -0.943633792421221 -0.812292582751364
-0.0185358252954684 -1.51472943460621 -1.58775151152058 0.32293519642694 -0.809734502053054
-0.271705132745904 0.0592372818564861 1.1392731534759 0.217802741233517 0.885358737172016
2.12575895192166 0.925961187635116 0.777129249610904 0.958696730921345 -0.365796652558526
0.0996605517440535 -1.0430504835363 1.76441308514556 0.287644685435341 -0.404057168721813
-0.116768170715059 0.290963939663914 0.518325123008941 1.3967059975717 1.23874956178385
-0.901330168299413 0.268702538175868 -0.561566899683136 -0.220595895896496 -0.0832999094951955
-0.844267154995476 -0.87441661806428 1.25770544501263 -0.103063314667918 0.979493364637367
-1.12348870008981 -0.100678547675401 -0.0779670374572113 -0.431930068714106 -0.0462767756030605
0.374462965043821 0.123906425880633 1.39305217044024 1.92177224685352 1.22566481174778
-0.13897396032163 -0.42099917595195 0.307085700396803 0.731920184902398 -1.18839234693467
-1.86899895987037 -1.2749351393447 0.207401713180176 -0.307406959737695 -0.126656061609525
0.84639554421083 0.255956552529606 -0.535878833229558 1.19136945398192 0.505987717290932
-0.459772536320954 1.9593380560183 -1.04506103572374 -0.311490183635416 -0.946521177993191
-1.54828791824571 -1.1269363769703 0.115263961581436 -1.13287249020979 -0.303940122109512
-0.858446219922027 -2.18871395348669 -1.52273869850428 0.0670078511286843 -2.42384184139846
2.31892744960114 -0.414406816905302 0.594484856215203 -0.139505836050879 0.938458514462931
1.61856353530085 -1.79272073777769 0.54768448394336 -0.693344381235326 -0.0350247784476545
0.196820858287381 -1.64476069714064 -1.02657846203422 0.295578063120285 -0.426062786319513
-0.454048193744409 -2.3115138556813 -2.09164143658724 -1.94237249441275 -1.63727978013862
-0.44691396332446 -0.79911907514183 -1.18972185401662 -0.677596867480101 0.355944971278437
-0.857685496954617 -0.120913265536088 -0.830580217572415 -1.04384006426277 -2.04084501767313
-0.130732242346815 0.883013428187262 0.265285600688381 -1.41561128942189 0.0576914032277666
-0.187223200788647 -0.0987236517124331 0.419011014193164 -0.500709748543811 0.380397316080796
1.68104611241568 2.01769722008197 0.486425581415148 0.692502095864005 0.895645201498172
-0.571675477107299 -0.410055154048066 -0.385225477246063 0.794323968142593 0.400254886402372
-0.629737974604412 -0.294456159327168 -1.7013104589009 0.634098815588711 -0.513056920995963
0.738840762771646 1.41085834096027 0.897815204105485 0.897262450695814 -0.0703804606394584
-0.795737335344521 -1.1706678511151 -2.37789446932831 -1.08930037085686 -1.17938109168738
0.0986914521920015 -0.598731650539275 -0.752418105859586 0.938049701581811 -0.215821558168719
-0.193143324923607 0.451477929686714 0.118510674994361 0.554824530053361 1.3841131090289
-0.18257767290722 0.632089505328278 0.105925392238408 -1.04284048170811 0.279756864565566
-0.74226788824678 -0.486063761254154 -1.27230431442109 0.431177420340973 -1.14142652191173
0.0422807693187967 -1.58991109047357 0.210847552993586 -0.520376928506228 0.914456894975832
-0.937674523262828 -0.463531977983834 -1.26379720528829 -1.34574944810298 -0.334416024138348
-0.857428057786027 1.0968898429804 -0.624139383817298 -1.57477895110877 -0.0442777948708835
-0.138642900820626 -0.297293910501461 0.444505249402791 0.370549616700856 -0.104967902982994
0.618714889775045 -0.0149304077376999 0.118780416653098 0.223802385395805 -0.13402866746605
1.25335850930886 0.394242132408096 1.26303139769949 2.24523997018628 2.18764377336158
1.23744464858201 0.327993061437738 0.502023651423766 0.0586101959584906 -0.680950706065193
1.38219499201002 0.323612891614502 1.59015002086273 1.34777931972812 0.502842306777633
-0.972490873145864 -0.132998852335918 -0.63739811610767 -0.939664786072468 -0.259019470150051
-0.0560843603330702 0.263960267379411 0.326855672344639 0.676536926028418 0.380935062326696
-0.271133610964826 -1.32320785318978 0.366920177715214 -0.501716689889343 2.49136276078097
1.84527464464769 -0.0166492586663942 0.561228345442559 1.29532382546863 0.950106036564465
-0.863575784471536 0.0612751190025749 0.961717614644765 -0.854207336157059 -1.85761664329867
0.940951877712496 -1.11780221742648 0.89727256885196 -0.540623679221042 -1.1963246997355
-0.397338022111862 -0.362343722766211 0.122623449000567 -1.50814810138273 -0.652367283305002
-0.274207169150339 -0.265511168227322 -0.231985870603208 0.624475018043212 -0.73955782452425
-0.928853466176529 -1.29626867899539 -1.2134117004056 -0.716730818727759 -1.57815914120608
-0.865632750444649 -1.788166591606 -0.665522318627189 -0.364938758504726 -1.47636989959818
-1.08178683387541 0.724884067872067 -1.71003066702163 -1.35099278801856 -0.00774801175181397
0.890642588669988 -0.87545665673435 -0.181561367971196 0.101677710339711 -0.506997759563041
0.349691522625429 -0.111670785802953 0.817355044259426 -0.653045130842909 0.482853567535548
1.60457006559503 -0.635227705902482 -0.909188571889836 -0.1005739486277 -0.49428223969838
0.314070948030705 -0.283238224326006 0.287880704959019 -0.735902463597748 -0.215608721871823
-0.495681244704515 -0.696758045039058 0.396862372967143 -1.06172634628762 -1.04651384626017
-0.385292886150746 0.737931403251878 0.0671429813088695 -0.0840739926704589 0.732928152555447
1.0385349674545 -0.305107851614543 0.149814429562838 1.30401867312845 0.800181904272714
-1.0595718101981 -0.925168536805374 0.510416228114467 -1.87640338857632 0.933313307139161
-2.41639841984943 -1.64935479126312 -1.74635645077856 -0.13915098203094 -2.27399379032506
0.512885347340722 -0.75297385580047 -0.467093549989788 0.263552397288658 -0.955347029107724
0.426287559278951 -0.134302404024635 -0.582880330536288 -0.99731892879641 -0.430455050588104
-0.407124591089024 0.0549344511674746 0.910819669491647 0.199430431970264 -0.797913456342734
1.14439234936378 0.786941888958194 1.36390832651859 1.25901441689506 2.03191728071618
1.46494588025254 1.7835456826425 0.431688259972674 0.839659472693985 0.614942963670482
-1.99400832611787 0.44223047878847 -1.09180790977234 -0.977915125640697 -0.929789894807046
0.425139745103902 -0.487094697346617 0.433024101800845 0.156892263643872 0.594504038435972
0.141665757021313 0.010216450825418 0.124968668995745 -1.20323267122205 -0.765055995515421
-1.66683264512756 -1.28785012134153 -1.58787033803741 0.128136675066735 -2.06213393557286
-0.270329630848288 0.224199693723402 0.0128361593801785 -0.131877154916601 0.729847630269078
-0.259480136002793 0.060217626597551 1.22144839337264 1.35900556619995 0.0488714303397325
0.171427826547725 0.501084409774607 0.0433204334960946 0.589649342553979 0.972955047772756
-2.26581224402453 -0.630310025006011 -0.423505540432596 -0.186093169746953 -0.534863872702003
0.493028154217107 -0.477607681461115 0.245558154422089 -0.388584937385433 -0.781771458034952
0.945311608924505 -0.994034447774742 0.873272046364741 0.124553858334278 1.4802368488001
-0.307886379529105 -0.145500974443833 -0.23233591692992 -0.230679170923473 -1.19787282087088
1.24033348550677 0.549793394901338 1.40115288677999 0.427624127212177 0.389675431344306
-1.03889348109924 0.697211627971944 0.596747979622715 0.735105883915566 0.748556766985128
1.13825262365008 -0.402392775001849 0.69903163750398 0.861788267343014 1.33347562386533
0.477143982580167 -0.068679668514371 1.48072031474588 -0.0248612736064279 -0.891143379621782
-0.42343386599465 0.272534750486756 1.74275525276586 0.0860356959795772 -0.00516431613805177
-0.250002711448604 -1.06686768990058 -0.825758470680785 0.272912356384586 0.623025211533936
0.566920014241505 0.519106356789057 0.867169049748203 -0.0330495921810321 0.766452009937689
-1.18835313018459 -0.28081944465945 -0.810320985740593 -1.843376132057 -0.522176882408661
1.15221868072179 1.60307766572599 0.00019660916581718 0.596906942754561 -0.400874396474627
0.168369398612112 0.189563626972452 -0.534937271135832 1.75515220492474 1.2396379268665
2.05175940903939 1.37312614498743 0.180635517919384 0.293408907006415 -0.795299013019622
0.681990556850948 -0.822490752375489 0.496888404108683 -1.11714241538497 -1.0173332283308
1.5708821036123 -0.240850022677019 1.93972208247548 1.92847469477437 1.32884211470396
0.0627306746244977 1.76032111929271 0.955817101031716 0.569617964955396 0.397850804336165
-0.979852827826405 0.24101810749415 -0.718160775037409 -1.52773449983383 -1.62604004836882
0.965543892731843 1.50455323171634 0.786376461027273 0.919841661980099 1.95152954614839
1.16797641344674 1.92404204474677 2.07468585009437 1.99096618449881 2.97719700122387
0.702558262682449 0.120467970349256 -2.00000391444669 -0.48345994500604 0.760212049959692
-0.297899990810808 -0.181095097508931 0.00391223304516985 -1.62156106703761 -0.765911867111732
-0.232212353889056 -0.344034432936421 -0.337092789902604 -0.333886320170327 -1.38763504930959
-0.0124051636766288 -0.366070995541274 -0.0451310921022879 0.140088802717508 1.10327929489677
-0.379192578511986 -1.58070186219942 0.0907736118779809 0.502079431568876 -0.930642784012366
1.73294974226159 1.21111907006655 0.0590202934956685 0.665643518728004 1.33902049981011
-0.323586652795013 0.396219893489319 -0.524661257173237 0.934147434874106 -0.202513738794186
0.543519566917945 0.0509312209735263 0.549990799288317 0.306071632398373 0.399264191371342
-0.477469706474795 -0.886029439091412 0.536993100555376 0.626028806306054 -1.22302979632823
1.53939525751209 2.0036283188538 0.840593436626047 3.09032280326527 -0.394486646554276
0.737897533660685 -0.605684758975497 -0.0299970057000553 -0.275045944861615 -0.379540928745559
-0.834410749410896 0.812765118802206 0.328964332889165 -0.0203237068391954 -0.323378492324755
-0.350143199213171 -0.0470688541614839 0.795719690216799 0.722219024125549 0.0807333345374521
-0.234747582389077 0.360801940312472 0.487976218378057 -0.314897103550586 -0.281672832896242
-1.00485626301769 -0.0924475504808688 0.202398548595393 0.35080441766216 -0.931163198044549
0.618190780385366 -0.327239314639002 0.368034112521175 -1.30549790868501 -0.763921796004169
-1.73056541027474 -0.297910878999169 -0.015080729456911 -1.35765226058654 -0.786795740282162
-0.613173646396988 -0.373203808497214 1.63034547065949 -0.429264195290886 1.27095322429724
-0.0893958202201641 1.07720384726032 -0.568500795980347 1.48300736309028 0.273336162945763
0.322339578916171 -0.198477707200148 0.184277311484313 0.359934809276705 0.850330910048379
-1.22962434535249 -1.08647928841661 -1.63571754981062 -1.24592377067193 -1.24104646327656
1.00579171408037 2.53695179265411 -0.0609272832139833 0.352416119216514 2.64607216121615
-1.83370705149003 -0.603368447748728 -1.50416601601058 -0.552811094319681 -2.26362327784188
-0.130668882109247 -1.3520142501694 -0.643235659241983 -0.976954248069831 -0.629459000903418
-0.912217097920339 1.36162831034037 1.75500061465034 0.372658392711153 0.146237895328825
-1.54155257672787 -0.16735055891321 0.650549793982414 -1.21260265677196 0.521288348302794
1.1029915177339 1.86446657670651 0.979951196047122 0.280068015611472 1.7296630091498
0.766056330354182 0.85588145179175 -0.88407976697374 -1.77436780764977 -1.07142414362807
1.65188138045205 0.0614458711980864 -0.690327417015193 -0.141780772852977 -0.13482251429117
-0.701174421536936 -0.190723045089317 -0.41923024367328 1.76523673199946 -0.441175721891416
-0.0434350821706075 1.02656803052963 -1.33634104320503 1.67777754058002 0.365878404090959
-0.642379695226276 1.59740081104926 1.42761708155428 -0.0248122695894314 0.702615692696337
-0.124688569270795 0.188086881640494 -0.291629918582716 0.167957247354305 1.33908576424601
0.583508529823389 -0.107740514581583 0.397560540901412 1.25255714126161 0.00101277825739052
1.11132901499244 1.1731139854439 1.20834820577147 2.12835442296632 2.15373674479456
0.0805597839019632 -0.123174415755543 -1.19776055643705 -0.536955537601111 0.0219959699195107
-0.671543692981311 1.3746824045857 0.546990702175216 1.16093389258506 1.71173538441236
-0.752536497082904 -0.489318823988793 0.0204132875776868 0.446643042780373 -0.252476714001909
0.346321909871131 -0.317184687136104 0.428849341904968 0.467777872693971 -0.754505475145455
0.262507357431806 1.59702057617487 -0.389914274682799 -0.361560088056571 -1.10985848863914
-0.347697294153517 -0.638363419509148 0.929378114700417 0.67917709691119 -0.720843363778372
0.539834683947923 -0.3019695665905 0.271708989425227 -0.0221330403100689 0.92023286662391
-1.27448819787462 1.12793736112758 -0.152603282351197 -0.56541188854474 2.46110581838204
0.965391407166369 0.828829850569491 1.22796422063445 0.483312473797822 0.416115261905091
0.832449674431496 1.00162863034765 -0.148797618363961 0.626613941869331 0.59659262593897
-0.678389375108441 -0.710069696224289 -0.39938959125535 1.15433293493364 2.10368566775906
1.82923882400115 1.012708720981 -0.489800640486397 0.61665815746664 0.737575856607469
0.608661509751147 0.811611518405541 -0.11495048615751 0.725820067558171 -1.2128827453668
0.721539033956525 -0.614777750777119 -0.215515505986099 -1.60098950625212 0.0896620843215193
-0.709243672608861 -0.286369310733769 0.357405980657559 -0.0593952728353621 0.958269938902511
0.443165806807709 0.190494012793023 -0.811002088239087 -1.11115878091558 0.745401712921132
1.86993639066046 1.4018268387971 0.46339718413982 -0.121265327177149 -0.10406290529772
1.16326207352543 0.498109233414043 1.41779474708433 1.39750077734905 -0.0649545798419649
0.830859595050514 1.20545104242672 0.407332436547326 0.43084566095474 1.59074007196423
0.37427349043023 -0.525898194171541 -0.131697239727208 1.09725142143471 -1.10768012703676
-0.70024328431846 -1.4650054330485 -0.493943176769233 -0.515259325150362 -0.361854079387937
1.17041933367672 0.21227695869817 -0.594319437666462 0.1527340575751 -0.317257185412576
0.280935482508242 -0.109656607425072 0.465147924383234 1.48472346590512 -0.317180377596295
-1.85297327783789 -0.9982745846184 -1.01074027213606 -0.712821920158382 -2.16452826473434
-0.721919488433603 0.101361686784081 -0.120838869548569 -0.607025176259055 0.246891016139745
-0.835293499653992 -1.8507858220167 -1.84827615937511 -1.36830897084249 -0.720307256972172
0.189738582591119 0.540738903859274 -0.235553468350037 -1.24605761671689 0.315552569432038
0.39540188532139 -1.45479414614184 -0.24599364852679 -0.28549805228172 0.281324898256511
0.12048853783237 0.759426572810966 -0.824098575903872 -0.342512133288715 0.308808597073047
0.185496405959823 -1.29494817350412 -1.21713328885639 0.530442780780721 0.0748311100746941
-1.49084812980507 -1.36799350518354 -1.28874937194383 -1.70795142977401 0.894988573686465
-0.0204114932821701 0.415434466391396 -0.373175947585715 0.351112806381088 0.355888902927118
0.217743890560176 -0.303474973980774 1.01818596799626 0.378093350272928 0.687771664288791
0.71632146048254 1.52079414655444 3.58347703315288 -0.0468560350866154 0.460791268422022
-0.389702231223251 1.60411114442491 -1.11805502496541 -1.20211498954116 -0.437693789463788
-0.115646108963871 -1.19678783580675 -0.0799805467861306 0.510998985720852 1.27807804625329
-1.77503588685804 -0.195730677789319 0.109038894239076 -0.765552790078452 -1.3870924575967
1.09619013238306 2.2395029050266 1.50857639579587 -0.843629719544345 -0.000704573704713718
-0.795311656034962 0.594116412484027 1.40233057790956 -0.125349681972965 0.523335876407654
-1.61986825797421 0.157870179564817 -0.38648778379963 0.591672599033679 0.46170249936093
0.387974046636016 -0.525887707422279 -1.15944943122624 -0.532571369299112 -0.634464027080747
1.37197311778212 1.10291960791531 0.419821826606803 -0.509146512802714 1.4292942270861
-0.324058959692922 -1.89697894338382 -1.11038606468404 0.682949402689161 -1.77701342598128
-0.02331620265247 0.665927563512138 0.502235095259362 0.79859140094839 0.590471267655926
0.132635676078944 -1.08324541689702 -0.732478108026418 -0.255553186700248 -0.340662999023643
0.278972810243722 -0.854623843449822 0.169199073678341 -0.626545275951066 -0.296744030662608
0.54407776593658 0.779879411671747 0.128232785324651 1.33043057748951 -0.391925587094259
-1.36504298371198 -0.503191080611414 -0.944268804461953 -0.744281898478554 -1.16570485992412
1.14890606733232 -0.0958192891683931 -0.010527787796974 1.31191221241722 0.668157540818054
-0.0623683046124597 -1.81973508832765 -0.116799382557985 -2.07062417365159 -0.00499323460474624
1.06653403074831 -0.391394304038928 -0.597077098628908 -0.996295921259009 -0.709361556279036
0.539656964998729 -0.432215786934732 1.30152304209446 0.310460858211674 0.91981390140477
-0.00358054057942905 0.133040949041597 -0.211179606926729 -0.211983343085056 0.107511580118597
0.04801877924831 -1.77131644189168 -0.195177313382887 -1.29305340425458 -0.313452483809854
-0.491791876232823 -0.831658833616277 -0.795236966351836 -1.84737576590292 -0.346427849390121
-0.582613844792891 -0.75670431280537 -0.605034958224891 0.706116597145064 0.189026509061298
1.94318549961515 -0.425337031061697 1.24902521491545 0.309356861892118 0.211690380039929
-0.242694791821894 -0.101652944364959 -0.41873387536536 -0.69622163775703 -0.633293703619248
-1.83049592448325 -2.19697522404706 -0.141186463067802 -0.21279298130526 -0.302195261874766
-2.08498502851244 -1.36456486073118 -1.32813540991763 -1.41510060635792 0.202681453183536
0.660099386906406 -0.001549833566235 -0.15197466222501 0.167591945430716 0.353019774457004
-1.62091434153515 0.515965017689878 -0.90928630995985 0.0251208866350864 1.25996857414614
0.289230226577278 0.247119022835833 -1.39798159415199 0.200306345401121 -1.05728611837115
1.46586474579312 0.225349291150288 0.759925728747753 0.695578718442098 0.854798669046879
-0.340660671242625 0.137419804114962 -0.123318308020228 0.417322224221786 -0.944662712129851
-0.11867443104817 -0.714090887225783 -1.34815945927214 -0.16979893712828 -1.78893968589207
-1.31264577101979 -0.24474237897108 -0.715998626582419 -0.825914727738135 -0.560776352894967
-0.879761629397457 -1.05059861873467 1.08863586198387 -2.45860040475409 0.233539116874946
-1.51962152038837 -2.60733164975582 -1.6907065873436 -1.51734688830829 -1.85934995279385
-1.16813021678818 0.761268508824869 -0.898832637555135 -0.1969383976787 1.34945876384468
-0.873884779403936 0.540975826799685 -0.175785490396827 0.127865991594908 -0.785429658670787
-0.209336515766165 -0.435142913920899 -2.03748007888514 -0.935952665141657 0.261683702626166
0.381036730160019 -0.587822597488064 0.167772860478433 0.237760050453301 0.0896854925058138
0.505950167945412 0.410598037794448 1.34324797398373 0.40954796599584 2.32611561124613
-0.217629287755223 0.826235340801427 0.725017069223042 -0.102350095686314 0.115558591955002
1.09661905629326 1.31736437016382 -0.346635926043171 1.25645924463087 1.61189074952516
1.38906067455645 -0.167944338015848 0.217912161529787 0.836637290879828 0.159373652053773
-0.741673185037664 1.40537314451746 0.859580159585611 0.940956560447445 -0.0710069861558953
-0.427158375463362 0.392824683068537 0.105472602312006 -0.732535055845864 -1.04193858852914
-0.812719190755708 -0.813159113277181 0.0808326843325628 -0.0376124786413231 -0.34486989118257
2.41597228556573 1.67707766223996 1.03346203924843 1.117665637298 0.780678442215607
-0.0467534765402114 -1.66829908117205 -1.78939120895745 -0.962431155355723 -1.43928695672109
0.545036439146929 0.715258245336767 0.264678571865184 0.149295099912487 0.700720414255923
0.332256930668782 0.1253859524519 0.759968513090453 -0.145747599895606 0.984989250671365
1.74447107397735 -0.478951957138163 -0.162953425734356 0.508520521139724 -0.117476204486464
-1.27046259756399 -1.0043032802939 -1.51270833113226 0.00678426173026325 -1.230235802888
0.80180545051595 0.394849210958547 0.950490596726813 0.906586364477393 1.04657983205717
0.367978812947735 -0.734984462462283 -0.512752848897528 0.0382946516806778 1.55869433645583
-0.776980456484 -0.0759577712930004 -0.0334580858954874 1.25963201050323 0.401105586991489
2.6469252621057 2.00382378935127 2.37445359797135 1.37918593853274 1.7188683561673
-0.545194332303298 -0.219243017674011 -0.566458847471148 -2.79724579875371 -0.798718690022925
-0.515446895991117 -1.32549845066349 -2.19982660854383 0.0630880651121926 -2.04246930250074
-1.63974003672196 0.118420758621678 -1.27915569373301 -0.144571436702671 0.399653991362858
0.54204101515215 -0.122504083469742 -1.00847785483325 -0.345880133553446 -0.129104148673114
-0.133383568217901 -0.907983657841674 0.0451229801820154 0.606983097906067 -0.753788336977745
-0.694351203065303 1.32930003007209 -0.663302916184198 0.0961751271500118 1.09159906802846
