-0.0432204110867455 0.662855227451043 -0.617575208811072 0.744854486617379 0.00484736181059614
-0.0692501444317165 -0.44308130386869 -0.580350474189992 -1.07207716749086 0.704614525181636
0.642559734634841 1.51128520111676 0.753457649937459 -0.148034080640845 1.28880524462414
-0.420795820709326 -0.489890115706228 0.36927454913732 1.85325735267449 0.619677523699284
0.559963490354847 -0.793108660122649 -0.332956829382196 0.695696435458333 -0.240239766659128
-0.602098317732775 -0.578643375189028 0.490693288019678 -0.0111151645754385 -0.509439465283069
1.65953606567461 -0.246256489166702 0.426016199527414 0.337054399724816 0.305303832489096
0.0800271344168121 0.436285323932766 0.775252729397722 -0.00963542973573838 -0.165312723363805
-0.246854054550953 -1.05049469490631 0.307582119716811 -1.37190004054852 -0.127032116932148
0.676823020754013 1.46249241342362 -0.133186907225819 0.88801563624655 1.30380152824842
0.430800889529238 0.801191367912656 -0.0362543469770561 0.45824870341312 -0.125459036414157
-1.49281821032458 -1.39512590472592 -1.02365140591424 -0.205518678389789 -1.2979098917852
0.284737874128628 -0.424745607853418 0.464116864642429 1.10130573363366 0.0201926060648474
2.30740261617802 -0.118640152493965 1.6626289580783 1.46244049167848 0.29007341895393
0.494922718845495 -0.0748965882790416 -0.538078426924246 -0.225319543926175 0.686889564198379
0.735420826703686 -0.39392854917237 0.677677227415087 -1.85395622842541 0.253775859515672
0.0391259601787085 0.272239183849262 0.270976988804832 0.318898907761433 1.2450110540898
-0.583322314501725 -0.784968232126971 -2.19112830398552 -0.284048382435827 0.580546852806671
-0.994357320447213 -0.45079609525944 -0.95010245012762 0.697744841319761 -0.0221209522103265
0.378726680379291 1.33617758094783 -0.201891267038314 1.40038982435843 1.85209436815413
0.797685114720172 0.408672013627951 1.13858297764297 0.453537449924808 0.99150637225132
-0.207231841311424 -1.49506637629771 -1.084679649522 -1.7987701864421 -0.693993408306244
1.24839234409336 1.21005750032873 2.0868684955362 1.391937287809 0.923588506909538
0.449881742779267 -0.938855654633234 1.56861297632176 0.983487351033762 -0.265834911154289
-0.513045138250497 -1.10347529813355 0.44045286998987 -0.126173621838453 -0.448025712368424
0.0937361389901577 -0.29957663783167 -0.948453116384363 -0.325524846502511 -1.02858521879626
-0.170132924872683 0.508161329771342 0.876840665950935 -0.693764008280899 0.110260568862155
-1.42831042390094 -1.05898224312493 -2.15009459164671 -1.62202996746333 -1.39832976083143
0.515733794209401 1.38851890228415 1.15160943008364 -0.626668102478136 0.683427311413584
0.595565600542548 1.27998605252723 -0.0425116712975274 0.405914038211213 0.430041886270478
0.371631405425112 0.366955882145315 -0.884241361485664 0.941173668223379 0.940855184795194
0.781861036928906 0.862914097004644 0.195817209296629 -1.37448895507913 0.755516809625529
-1.17796703059936 0.899934776804753 0.403748860656894 0.428545067726341 -1.49424592779909
2.30039651623769 1.16403023383215 2.7763034837833 1.7352300168949 1.76309714517007
0.0403290956045797 0.284458395166777 0.458968971731605 0.606014856262212 0.824829374543122
1.12805735285233 0.813808238644097 0.554846565187898 -1.28357410250678 0.210705762478176
-0.871872659131808 -0.921316052611329 -0.257444717205668 0.113972158609286 0.757808928652286
0.474701215270021 0.676688780093988 -0.377989154984066 -0.803066251686483 -0.538486103957109
-0.315397295043355 0.13629339150748 -0.431878663771107 -0.669021550131089 -0.636140292638197
0.542419526513718 -0.157568896971524 0.630439779421331 1.28836153951829 1.20333481270963
0.0203467182963263 0.291251571750445 -0.769561032189132 -1.69579103213953 -1.05625107198248
-0.0806534719345256 1.51854397450447 -1.07601842908793 0.188804167357398 -0.665683317359124
-1.07746698509029 0.271350608742857 -0.844284975645234 -0.116871027320118 -0.174774481459261
-0.599578255234177 1.19759693994128 0.414244425341325 1.29705020154756 -1.39894411389081
-1.84491315202517 -2.11366256845759 -0.885234574967853 -0.254765242748925 -0.51750979582772
-0.079091137976596 -0.400036669782677 0.0222168805835255 0.652237067195686 0.087429593652384
1.45074541175458 1.46136933757642 1.61472734748681 0.834478326250791 0.761860726585882
1.47965169364565 0.714505694270154 1.9136503138774 0.739979482830555 1.14955007054382
-0.210820771187122 -0.0390225350065304 -1.5272359719086 -0.111103791128343 -0.850810883872582
0.30526251035841 0.0771723598016896 -1.07843192325729 0.384304651038052 0.752291709750555
0.96868746046574 1.12464247317268 -1.19189242930417 -0.158474984681836 -0.228316743545429
-0.745022748265476 -0.491239316569433 -0.391455722839375 -1.90669742913329 0.640954394329288
-0.106550825771386 -0.214236203913377 1.17267498608197 0.81587254291733 0.463051623685345
-0.334194211432425 -0.951865212495064 1.10455768534104 0.312219964866638 -0.0726340532080459
0.642382371516844 0.419126446642269 0.172805609308693 0.0113832429633507 -0.466186350179405
2.82629694147628 2.76997230780769 1.76588301914407 3.06525944318754 1.77697773779379
-0.724988208822428 -0.754861290334156 1.12434075114651 -0.350286776339482 -0.754044469914334
0.0943433254563725 -1.11855783123339 -0.462694923404011 0.833822079437978 0.477714658790933
1.63247691897225 0.252583309894893 1.09563788036486 0.681709411649 1.51687173537536
1.04550447530979 0.0311971525445497 0.314309280038769 0.931308764665292 0.4870804858262
0.561042537737685 0.509851625680899 0.217126201587755 1.46142378979425 -0.699322262382758
-0.88715682269707 -2.6262056313962 -0.830622933784895 -1.4859901432116 0.284851385823221
-0.130422184825359 0.847046601748195 0.572127275146211 0.622619283712954 1.01040398336183
-0.227482064563594 0.357113142103989 -0.118008587712874 0.090279394875017 0.159467967316107
-1.72762905602814 -1.12441982870937 1.53018119676707 0.646733286735251 1.11700440728363
0.747388693457377 -0.607460870357678 -0.0714255506526174 -0.0642364673722407 0.421491165451725
-1.6249002559492 -1.03472312219203 -1.78297894909394 1.18960338611128 0.00970373285311543
0.353047901448179 0.44270695062937 0.876883222224579 0.3945449429786 -0.628136119012372
-0.0404624598557976 -0.971056580759245 -0.556995288357812 -0.97501787883729 -2.47678035830665
-1.14311365491944 -1.23402436934574 -0.998235591907304 -0.236783616521645 -1.56086905249295
-2.69284179881087 -0.940668119781904 -0.831874853906762 -1.37700850377494 -1.19014370610264
-0.0126532962791976 -1.23610087466271 -0.173763696698328 -0.739500892368859 0.0692937490219137
-0.188782802131873 -1.03055215385275 -0.612553869192103 -0.544842284043915 1.91722814227831
-0.517124664925841 -0.428553052335669 0.621515397153208 0.11028255552797 -0.263762767310745
0.101950650557133 -0.26770098006048 2.32515586996955 0.721083157245015 0.407469711544626
1.20451539944016 2.01468744023422 1.0013018739889 0.69633659196706 0.462595756813968
0.635181967673765 -0.373853948332726 -0.273230129368511 0.846944529483863 0.935368945939584
-0.0557643733626925 -1.13789239517646 -1.32483415551547 0.245530546696726 0.00366734542150922
-1.56613487875549 -1.59068499347249 -0.86839755795539 -0.123061421874086 -2.10211643217102
-0.873388446934585 0.397349920754147 -0.607307324291439 -0.0897424466494753 -1.22189098570601
-0.416182078221402 0.466102412032009 -0.187967306047412 -0.0439798313295115 -0.0468705968825757
1.44563371876074 1.40639967000993 2.03738285821152 3.36203598687772 0.926262566467523
-0.665340991355867 -1.09368670210807 0.483960923707172 0.274592652957066 0.202862304859763
-0.930763789736722 -1.56505714193592 -0.445708847567765 -0.898733650863687 -2.05383840551154
0.471811656267314 1.43648113243589 -1.03684497518114 0.461954842062466 0.663238856259955
1.02416020839828 0.252640592828169 0.32510250453127 0.170147895643592 -1.115241657925
-0.551850747688845 1.02772532228534 -0.218392821760314 -1.21270323529792 0.0400761766909747
-0.169342521446623 -1.30972316509437 -0.27379369151631 -2.15589364611531 -1.32617347304644
1.9636950639374 -0.123065230801761 -0.17600188451697 0.952033956748313 -0.0375230200552786
-0.866449078077565 -1.45926768627926 -1.81781926672511 -1.35912422370759 -0.897786492983647
-0.462683401704896 -0.588487884915999 0.298761604156572 -0.153400172908514 0.034797613331553
0.7769485485455 1.8246571370759 0.949215251740018 0.83280745672138 1.50606698705198
0.307843676206569 -0.247091285192109 -0.41476880071798 -0.0755401851454795 0.624010044341131
0.157333360991804 -0.182166162976816 0.107936544681101 -2.04681179200555 0.289952086165722
-0.78402354489209 -0.152512597535424 -1.09946046967873 -0.352225128751969 -0.740828297606578
0.281592472176818 0.204528305660315 -0.85902945639849 -0.0382908978972512 0.263098541952986
-0.759641903694957 0.0413872867107847 -2.28268098945743 -0.734885440188453 -0.886337781869281
-0.506305138491177 -0.00149004721746639 0.0894683534492533 0.683027197553723 0.120056123199298
1.3390458868874 0.0114116264942823 -0.721850914924188 -0.456769029794618 1.49850730098175
1.64934385005644 0.471334011937922 0.706493800494562 0.143367977572987 1.75651453966348
-0.718947722223882 -1.39793644075307 -0.104560122951466 -0.549338137267685 -0.0948980108112874
0.88658755329383 -0.134919779417346 -1.13564515749497 0.894649997070342 -1.05724861697023
-0.809700785156963 0.0725318273576671 -1.68172774545117 0.882484331607005 -0.196783095616035
0.0719905768130562 0.00877296191018966 0.125802119432482 -0.427364050517686 -1.33731178627282
-1.19106860214911 -0.248270890985494 0.47991473138871 -0.202258975573922 -2.15739136050711
0.22609827721926 -0.00265108076765587 -0.347640981239687 -0.263007836288004 0.286394177894595
-0.611812726333948 -0.212720473481837 -1.21045623481412 -0.123113184953216 0.371120395155342
-0.190826088487035 0.333527609247724 0.331459161392382 -0.383824267409855 1.47383514612459
0.0431952867053884 -1.72639966604021 0.426869221247824 -0.666244945652276 0.356679865790944
0.989259885831254 0.748613951554281 0.131994597860856 0.427729751500949 -1.34326019409312
-0.3956803819996 0.580958868540332 -1.23683932902257 -0.170211675240136 0.100360528575141
0.732712206141748 0.850048299162155 -0.379970885401123 0.409337783437332 -0.219774366840452
-2.24658781893808 0.0777341852670256 -0.264769871415345 0.47423673365816 0.145299189281153
1.66725494328117 0.850125042928237 0.863447397551211 1.30834885945456 1.86673392976862
1.43527495734691 -0.759359434329649 -0.529638645579274 1.89525116862817 0.455389858151215
-0.226673073053245 1.06592340884304 0.262831892600194 1.59848575674704 0.358755418072078
0.48898990182694 0.610194353146024 -1.15904532782078 -0.944857405492776 -1.5611410126346
-0.357353498973907 -1.1922725378755 -1.20426070378015 -0.163724964647146 -0.930678039544528
0.20355478440303 0.0431639831015404 0.819885623703346 -0.163596161680522 -0.82127982304654
0.887554918211306 -1.44684125754296 -0.701867241139994 0.168486570536193 -0.423299351499087
-1.44311971380096 0.642743168903335 -1.50114500535611 -0.396100015480578 -0.721322570014872
-0.120904516109312 -1.97852906967193 1.05296209055273 -0.721414075397592 -2.8775652243368
0.52841586932803 -1.20063137924677 -0.606333109802776 -0.450440469195972 1.10852226981065
-0.354918767737635 -0.583474217066219 -0.475808416835487 0.278219809552893 0.483376926049975
-0.987353607321062 -0.466340890513543 -0.0397670583448584 -0.758618081874834 -0.196064065674855
0.11000221139656 -0.90491040439224 -0.582130397639419 0.82482477911999 -1.30915023837987
0.566215987853182 2.04506254730861 0.501202665548599 0.698568224962809 0.515474693525383
-0.382646837229078 0.280510476800273 -0.0254555751360796 0.873663023101853 0.107637787016675
4.06796302800696 1.67073410454442 1.51660990216262 1.50201552460707 0.821108336426266
-0.926409058969197 -0.23538434689292 -0.960603392446095 0.0300892815908634 0.913418863758746
1.27919863628864 -0.194555798263956 1.70403194498821 1.189084430017 0.310539552324859
-0.498429174785257 0.854133763437719 -0.525570190608312 -0.371524137342749 -0.258139336212633
-0.660271824820983 -0.706557018696896 -0.742025937089951 -0.91566779606037 0.122198405176597
-0.74238417020112 0.810918551101051 -0.216744704363473 0.529527362802872 0.521882924877187
-1.97257747527112 -0.764121391184584 -1.12617254863461 -2.39436080458931 0.166672484231694
1.28013456646361 0.805723184643898 1.14535502520663 1.41614315747784 0.0923873611967825
0.388508880970842 1.2676910657538 2.24285073311014 3.69174398114477 0.343836427928466
-1.17706490603419 -2.69166285909109 -1.31673960793968 -0.429928557811648 -1.86169086789458
0.127652564710471 -0.173949663417591 -0.952330040275734 -1.07825383239134 0.504644813590467
-2.00208062791566 0.087615971790623 -0.308971480512863 -1.22360406925158 0.285902380231167
-0.422138919109644 -1.69494047075479 -0.734588258995282 -1.62907182060398 -1.95921460074122
-0.958318703378506 0.559963760572412 -0.734604970664 -0.452902458251052 -0.584823730148101
0.0242542070511123 -0.0469827379545997 -0.152117106825301 -0.821905061165608 0.200579950370454
0.804800924604415 0.584421899335559 0.822830370071578 1.24730958841461 0.3049904550527
0.436960634158514 -2.51011070205935 -0.208164463419442 -0.451341223962548 -0.195337872662264
-1.0378843240987 -3.21394627870449 -1.09051262342907 -0.09478136761832 -1.84110895755844
0.0632857829930906 -0.476010321104994 -0.402375326440334 -0.223557351602213 -1.35273606724508
-1.4753886371437 0.718050226244136 0.351820712059546 -0.504995535699367 0.0229469384824875
-0.19885742998559 -0.76155459611188 -0.883342591804679 0.127477129692264 0.0692255564710637
0.464910708979199 0.936216595725026 1.13534400369488 -0.231618843686483 0.981946456990619
-0.246357150676453 -0.395710024940717 0.277246673930849 0.510539895528725 -0.518627273272977
0.821007892097933 0.967073437171876 0.26336288976229 1.38844747171759 0.925545835878539
-0.911288306103367 -0.955882727025968 -1.47597156539157 -2.97681134632528 -1.85611496880801
-0.0260905929684373 1.62365439813337 0.82670451867397 0.173684535039766 0.29379597788848
-0.329226462836753 -0.809741771093188 0.60832633795265 -2.26281800369897 -0.21491725873088
-0.346019088685818 0.679725910178397 -0.093439845235759 -0.0391054915564416 0.73572440154669
-0.726503299878193 2.28248055731373 2.76354379780348 1.7709622430349 0.118024833107504
-1.17210373671178 -1.0176363473476 -0.389569703215533 -1.95551740942778 -0.67625512810601
-0.461647518513068 2.48966394373318 0.741843019451046 1.26334367035148 1.18189036616348
0.121724037051587 -0.228567795825706 -0.411081799637639 -1.63095993647776 -0.336388474441919
-0.899386164135082 0.156511894814043 -0.0726287758447432 -0.0582282475225614 0.762096413056508
-1.00171052418712 -0.968532705375908 -0.22483120490628 -1.6962392967568 -2.09993875103501
1.56271108183622 0.906921498143058 1.14851080082238 2.30233160794697 3.71436593265549
-0.684896509200659 -0.758333760162667 -0.380600384974562 0.322019337422848 -0.175683790302413
0.396777046215644 1.26184756307608 0.316493300146066 0.0324859576195564 1.15581354973511
-0.69596950836753 -0.65088988451813 0.289247662656392 -0.499894471794555 -0.875392085485355
-0.418081039775215 -0.478595070195648 -1.19368686206351 -0.534560830381392 -0.515197188412599
-0.30677058030736 -0.658433424793727 -1.20867777445516 -0.682155192466405 -1.23469966216155
0.584813911628363 1.76674951348288 1.6652287232903 0.296987489292602 1.92810086633291
0.488967830304474 0.876541428585852 -0.342214900340069 -0.228735158184099 0.139209162300253
-1.10357785929521 -1.31698685149435 -1.21638167213436 0.1340838160723 -0.877854819261657
-0.98973169029462 -0.217789217008854 1.06198672677009 -0.443853035688535 -1.29372441178432
0.648120055320974 1.36670183030424 0.883949540065243 1.61511075259574 1.06350048003581
-0.161317723224379 -0.304917841617666 -0.960611896683413 -0.872162974933254 -0.677926293805748
-0.578963054590655 -0.399462351727656 -1.39069971468286 -1.36356273156437 -1.66370522053822
0.75960473717508 0.132022245413197 0.26169438948977 0.528154752679111 1.32245235256256
-0.625075437505277 1.88807305610455 0.257063811522448 1.0513354145188 -1.0955310058772
0.494134173129864 0.979825343102097 -0.435421744748164 0.223538082319431 1.11244305317591
-0.0219497475137657 1.48423805866224 -0.211158304382767 -0.15412081528443 1.09853482674894
-0.713170710899508 0.134524190530196 -0.0519141192267806 0.255188211597003 -0.493571295367102
-1.2743993959084 -2.17130521288372 -2.6122009234891 0.0400862182469898 -0.561315938191336
-0.185286566777986 -0.141812417696213 -0.0861050998923333 -1.50201105710689 1.49458005565757
-0.336019776939358 -1.22561712526022 -0.327301942212351 -1.48953366770177 1.61374613286243
0.644261662566772 1.28413948739901 0.371212375638861 -0.0615742047298398 0.441536541604776
-0.15749877289611 -0.0136961601237683 -0.36519755280842 0.280541755033293 -0.273533000032255
0.0589599518787897 1.98303815899553 -0.382036667360977 1.42457631017737 -0.404431071197433
2.38177907958201 -0.750208131379357 0.481258162669717 0.748828131837705 1.09175150978446
0.20355012842541 1.00981027475294 -0.113521792037977 2.05330810041416 2.09221323018701
-0.565284346432407 -2.12130331066452 0.0121352855132475 -0.201843632986282 -0.415460251207968
-0.209990229385268 -0.697530983172898 1.52282589001269 0.525731506007483 0.67723314096652
0.872318438959329 -0.360537945532758 -0.567562649396458 0.242362913620673 -0.400948386632213
-0.920908796904864 -0.668390496022505 -0.120636772667543 -0.84660347298525 -1.95411303363241
-0.685535156824315 1.27534680336248 0.977342012976557 0.863952346434231 -0.315261437742383
1.43056295922392 2.2275424381493 0.698745527668213 1.01742972198914 1.40346650356855
0.0262800968776629 -0.672278597041814 0.46042065982148 0.653796401277468 -1.80634527661032
0.476158257524115 2.23827121187967 -0.444626777288953 0.955892402298756 -0.507482118846409
-1.05881614685822 0.402105651429761 -0.418842937652901 0.000435771506503807 -2.06675795825717
-0.779245743383066 -0.460436560767192 0.873002282228406 -0.0787622038014123 -0.796677195800732
-1.1594122777612 1.962516674035 1.61160450014082 1.10311933969127 -0.411993544435305
1.1143237566239 -0.864424951791197 -0.939056795357871 -0.139410365618355 -1.57737139263649
-0.614503479782293 -0.782931048105188 0.068095231750662 0.224676269538533 0.487575798590666
-1.54105962883646 -0.00334399461602797 0.610639084689056 -1.30930939626693 0.440136688447839
-1.57413192842754 0.743089915849767 0.123156046896391 1.1308372646819 1.19109926916841
0.823786672042769 2.3433108740587 -0.470962228618597 1.85197521707868 0.808569245117866
0.214081555344729 -0.558427197976603 1.06156028126934 0.466874827632635 0.242435068003349
0.765608738315599 0.864995885474249 2.06623711443453 0.337438952540195 1.70205943140567
0.127952234968133 0.516210979235007 0.617274628606759 0.538560513706751 1.10835714374154
0.867744988185297 -0.323649916155388 0.584608588229182 -0.84156928310409 2.18832932607078
-0.28091118698636 -0.49123674313746 -0.762089659466898 -0.204256766598266 -0.252002540909068
1.38941107783357 0.0871937157294789 0.878696341914043 1.24265270423681 1.24642530028552
-0.181987852359765 -1.03997541628561 -0.939002145992599 0.530573196457957 0.221377014822226
-1.52839054820506 -0.737612081823006 -0.842387846064712 -1.41604962651996 -0.363763121378223
-1.03089457808712 -0.230555706379822 1.70147305455181 1.24579969948196 1.07950997131221
0.0960661880734705 1.14292575454269 -0.953394317672824 0.422400943774212 0.175908953600926
-0.175304385832903 -0.246564010983409 -1.9862047289659 -1.04925695831226 0.0772473015299469
0.745665702824722 1.51184907125401 1.34697944363574 1.24781584843178 0.0766755162043011
-0.725676155764834 0.465377501575204 -0.439166258714434 -0.482123025845004 -1.49072475226074
-0.0451023075492708 -0.678828108940042 0.972677943349236 -0.791930950356339 -0.00378645077635745
-0.23371840433255 -1.10708896843323 -0.320151854562538 0.589651732552989 -0.243736896775829
-0.118977738308703 0.512103074068033 0.426865928528602 -0.432537141826512 1.22939854721439
0.40541123516325 1.35409609654869 -0.0748906464392773 -0.110995443009271 0.660154330971793
-1.0703205369436 -0.982247746186542 1.36682993355234 0.43996475805526 -0.74934508516415
-1.09226540428116 -0.0218801638741327 -1.28361579562426 -2.29025617255497 -0.133448243323729
-0.968533692739414 0.0683995757807812 -0.170825007776399 -0.599191277242644 -0.076620862268108
0.501666686522334 1.76819864391436 0.0744931197646581 1.49169164386628 0.913796985531147
-0.00873828895452151 0.453630370275054 0.884973910986112 -0.820089841626566 -0.869560328634329
0.194579485366644 0.791540845010657 0.266273170927187 -0.407717853734902 0.126446860061614
-0.512655322986791 -1.27652306190741 -2.00568503147037 -1.05868960724607 -1.18714569285876
0.375576059914898 -0.819478498803774 -0.580641565481059 -0.519861043923482 0.0861882537099397
0.496681885764753 1.14503729132535 1.35452901617168 -0.0143564014327353 -0.66192506626359
-0.817100171862079 -0.04800256759159 -1.49756284680325 0.081354371906623 0.637792511572387
0.172407202985509 -0.649385343011327 0.222397246768851 -0.635278765264973 1.61518633256502
2.0491163357355 0.428771633083536 1.10315015602898 0.367175889532082 -0.493177041707975
1.40433999751625 -0.105789977808654 -1.14916733470779 -0.296056835922986 -0.378808789576766
1.8756013979386 1.43012766444657 0.500331853092024 0.57135340575036 0.757319195327947
0.659373722513949 -0.790380751940264 1.12993741219388 -0.731860516484463 -0.0861691392510476
0.212438484439917 0.57467371570562 -0.327730540913807 -0.791722223739796 -0.0769315155601403
-0.771638513476419 -1.60678993167862 0.550877371267805 -0.336456357602268 -1.30464301349444
1.04437019919538 0.613938135060458 1.43277657403801 0.670313278828486 1.40428245018142
1.58746845594177 2.82583011333056 1.57592120847183 1.49846331680806 0.732316376689743
1.17986164156113 0.234637650195635 0.207474888462211 1.07020616154191 -0.507676483296601
-0.0491250797072273 0.910081470668803 1.38583106881993 0.702869196398998 1.89212384872186
-0.112633026397544 0.924671445307554 -0.27606101238379 -1.28379566146351 0.971448728223399
0.68260367223079 1.02989368565448 0.323108854426369 0.81969938190694 -0.64610645599725
-0.87994534738525 0.509133324246104 -0.910357408112357 0.850039651454644 0.139585730955627
0.545930297040461 -0.34775736540125 -1.43213179407446 -0.0974004061402332 -0.482375445153459
1.0086940494885 0.569498022515266 0.196667061503979 -0.487147501700739 1.51498934964592
1.21566241961173 1.5468837689416 1.11622227426801 0.0287168681645347 1.76191436542925
0.300092105855242 1.52548972907244 -0.0595568164610447 -0.0464087319401895 0.922133488198795
-0.400862553781692 0.8958758871521 1.23382716015888 0.337323113001663 -1.04831478885562
0.467145752120652 1.35581046141357 -0.557431601091482 0.285675849259232 0.09615813384155
0.0116864432788648 0.348670743429561 -0.60096097533531 -0.236728051217473 0.260147874777381
-0.568934892367915 -0.125329506127679 0.838527100422362 -0.86622835245686 1.07695585577129
0.298225639470193 0.751006671970373 0.99571991870752 0.561525359487528 1.20986874160907
0.669420102884478 0.328207306852148 -0.141423989285452 0.397476784243085 0.610708730557971
-0.232314795059218 -0.800061417553816 0.38045443741374 -1.10998094794555 1.20851828329397
-0.949009341508084 -0.319542001284676 0.0201579992780662 -0.905141232210815 0.447026187855348
0.0111611212616359 1.00771269702208 1.15445352449497 0.486604258550888 -0.597707110566403
-0.385027083904883 0.382927835999097 0.0777743921133139 -0.971242418396173 -0.0428995114351342
0.425570353664513 -0.912154418683281 -1.44157654599468 0.54714133722762 1.08918267535009
-0.797882888725187 -1.41590333152556 -1.38191608124569 0.870616262195219 0.121404139877864
1.19511109688691 0.696684024353051 0.0710267139680911 0.0282118605362462 0.572334098260158
1.82220945279316 1.54280003436186 0.52175548649697 1.08565814931497 -0.542841380102991
-0.599553114718401 1.06446346454901 0.878808694804746 0.715472141330142 0.974067325413677
-0.3508764108669 1.00036825581525 1.9734335926703 0.512198337936851 -0.91322713316941
-0.527885083783426 0.332028209866768 0.311047977326515 0.314369334896189 0.672463015031209
0.377540699287269 -1.50529047870637 -1.61852507090365 -0.201896011377552 0.483968916525347
0.393665320148691 0.610293859715881 1.55500096810389 1.34320509480345 0.355814921251089
-0.782381439083796 -0.544626356083319 -1.06262431434731 -1.60711548008666 -0.568367643143962
-1.96932620635856 -0.559745195699276 -0.261004334712888 -0.85955983354838 -1.2509416511003
0.0699862435532419 -1.37838776992985 -1.28410642295922 1.06277122323083 -0.25229321133399
-1.38545032163037 -0.805680694721346 0.0988819169934194 0.659240704251077 0.638024807684659
1.21227337402331 1.50733478872576 1.85071604252903 0.911287751521909 1.1242153499843
-0.0414740475030826 -0.748318580053495 0.00332169459712874 0.844897691237724 0.292242324088105
-2.28584227845443 -0.203335106350757 -1.26685286702695 -1.9739962661868 -1.61425841196286
0.605206977464471 -1.21904100260988 0.230530283836377 0.232379148353963 0.687932469139345
-0.4831323894245 -0.672976513823093 -0.0786513642859902 -0.201176137610419 -0.135753924747124
-0.967518909490747 -0.701747967255214 0.521624418969444 -0.729397751487805 0.670414251730199
0.40327192925813 0.51272299635821 0.981484094773475 -0.792649456413996 -0.151945026015928
0.708160553430332 1.31410346491169 -0.240092420707806 1.43010458996483 1.06325368151722
-1.16531011611807 -1.31293179982392 -0.540747206578966 -1.51322705737802 -1.15836048774096
0.178666535004596 1.32957647619275 0.439143757923896 0.137379423045859 1.04814703661834
-1.18589881439404 -0.751372315589575 0.123866130984233 1.17646314575743 -0.742362450973044
0.170176524593328 0.551986588938208 0.138183826599174 -1.72653064005442 -1.34760693642274
0.152035426743784 0.0332822434532281 0.935936739301852 -0.0901574136177192 -0.258854694469183
-0.480926479896747 1.18809049962801 0.776537052597372 0.639312795838975 -0.0546227949697241
-0.988972439639937 -0.567209300623742 0.14140109986295 0.898432708074732 0.760301613717778
1.49861379933904 0.48594565853673 -1.86309654388358 -1.28491558761983 -0.0012940605909903
-0.459687566261005 -0.104382891161173 0.489376953237841 1.79780431251181 2.35351445410241
0.423504216440581 0.305217102184584 0.0431749663978658 0.065116770043346 0.2436015824988
1.16533453377772 -1.34410510537687 0.0576177697366952 0.517024437424567 0.385297502289827
0.0764770132805047 0.0867359860576952 0.197297380171507 0.441084389128293 0.582474667846171
-0.100301624766707 0.0300134683915666 -0.421156501039269 -1.76223712545065 -0.499167620977681
0.687436405694997 1.00413691681747 1.12363652100202 0.694935024402077 1.03678779684733
-0.316332370990521 -1.06482266908983 -1.54930132472479 -1.26185453247281 -1.27250921565517
-0.88802369271969 -0.115560254454816 -0.111697700493241 0.0812401124528233 -0.285319114355926
1.9978750937118 0.616453056834643 0.699394549763586 0.729254996161616 0.605420920739097
1.13106668553535 0.52294855169809 0.298185194434877 -0.15354209518527 0.469344416392522
0.239659635173207 2.69475355595067 -0.855092755296169 -0.47210745566735 0.55942398886782
1.16895250435179 0.929625105959896 0.748830690571851 1.19357915087197 0.899710293032546
-0.0170440603505659 -0.304341413118963 0.00864675620194655 -0.570306641993324 -0.254305583858738
-0.342885798088721 0.367115585679585 -0.299059603504077 1.31918377076013 0.940738752484267
-1.70893564802366 -0.429140047374319 -1.73022819004634 -1.1228061336543 -0.24210572000287
0.236262630975958 0.855768834138837 0.739155938640941 0.629347630139735 0.0421869545833359
-1.04962630656374 0.525869966856596 1.07152360277728 -1.02425494431386 1.39340924497414
-0.575959443287241 -1.92848089805159 -1.35396358137956 -0.417794272021073 -0.882660443066908
2.09549695531753 0.116262368047397 -0.116202687434022 1.44878279585857 1.97254147474872
0.108265456030025 -1.43250381702755 0.57481855319878 1.28406228452208 0.755639119929549
-0.767323939182902 -1.83825792172388 -0.717577815650395 -2.10181202086085 -0.32363769986647
1.2395397375305 0.0578571348222771 1.19757883558339 0.00595571575959336 2.14245435962186
0.0151457932432361 0.374133938094859 0.297899827531577 -0.302680309319141 -0.116946467151474
1.18489943976521 -0.0911559007159286 0.186495316618577 -0.63569088248129 -0.465322357404209
0.806211271251479 0.675690340078324 -1.39044857977073 0.0809355515561083 -0.569573646264372
1.22805580137562 -1.02929346070851 0.687343727297302 -0.194067936119983 0.602428122400136
-0.346796118481494 0.947264986013765 -0.109821874438407 1.25876784411022 1.29999180589646
2.21050789075792 0.709121481341902 1.11133924504741 0.771433415511115 0.329769658221945
-0.722162340775092 -0.36318313869359 0.590194990208656 -0.645440143543724 -0.941112069040874
1.36731869277759 0.825696634278542 -0.371160869701824 -0.233775767931395 0.0265940230309664
1.19001744815434 1.48290905030078 1.37883659688187 -1.21288636011486 0.979768220405441
2.068563030519 0.826730005993922 1.85808515149792 0.437861751374777 0.108700278124838
1.42545046634098 0.682341855862309 0.507151196771446 0.104290096566849 1.80092904697633
2.14096424219575 0.0524187060128431 -0.0286210658882147 1.85787396444726 0.967661705250122
0.0137122356319302 -0.591842777654332 0.594364308826054 -0.649751667792608 -2.32078098459112
0.74819568152691 0.198394345068511 0.22548955961273 -0.117154595395603 0.237162912277789
-1.39048999326592 -2.24377846030882 -1.57618333314745 -2.4877314376275 -0.842237969274409
0.941396529221913 0.156737709611644 0.993213797252316 0.998460529967473 0.144966231905525
-0.348174437267101 -0.539872172262921 1.50611792050855 0.0765896162038693 -0.671096884379181
1.37991520935858 1.38712983166588 0.776999252236713 -0.144782240056502 0.499556702650061
-0.949115119189435 1.04020080781899 1.3894013337121 -0.0784585275362094 0.457246586156794
-0.279843050406021 0.242169659501936 0.764670063429768 -0.591279343695597 -0.601481837534505
0.654334686076113 0.883089079850726 -1.1095254220938 0.890179472684959 -0.311094854253984
-0.0829631425061302 0.172157447429654 -0.963937470504808 -0.0413852211027701 0.635031731043924
1.26801518476038 -1.88649505086136 -1.51695777997757 -1.26798431003301 -0.929459731540419
1.82283043548224 -0.045322674439072 -0.47146655713215 0.839541109240602 -0.305832580097087
0.567118119206113 -0.745897506131582 -1.6157288333983 -0.17850356272233 -0.201769377381643
1.08075152339984 0.297346958812157 -0.170051002623882 1.27798890810756 1.12586634798236
-1.78199603480609 -1.87715698175764 -0.872361541590302 -0.136408509285697 0.409999021416495
0.238152711533941 0.0494101683161907 0.121367724998314 -0.917257265924875 -0.260685182292274
-0.796916217349407 0.285251115528176 0.50306834576348 1.63237621023335 -0.221841901730238
0.0696195786360675 0.646293290359357 -0.0153849583635103 0.776229447091609 1.52710872694241
-1.34342652259823 -0.524384900596577 -0.558552907124677 -1.72507912744037 -0.485750891522223
-0.701098231728646 -0.45653762521314 -2.30878961433308 -0.0638853120845534 -1.7381420983132
0.864804265166257 1.82316008347275 -0.579391777008004 0.402207685730187 -0.593743553547771
-0.0279345572320571 0.199134921358865 1.49091959999686 0.649848046190864 0.725313171799549
1.34070995360274 1.0906922353717 0.478802338303013 1.04488355231799 1.10607596727937
0.0481308349599425 0.710483880133558 -0.0652256620357505 -0.517930027365802 -0.0905319536895563
-0.171896391569727 0.331236215600755 -0.132671538678627 -0.0446994646857509 0.149855812351175
2.08745553608414 0.14306660931111 1.62302103918518 1.30859544489539 -1.33314798487397
-0.0607894152876564 0.529599222831571 0.14725495247113 0.837129528249001 -0.628667677690869
-0.0496968254360824 -0.00490508942025789 -0.742729821814342 -0.717586459488147 -0.304337581568904
-0.549899687973951 0.774377321508385 -1.38625938725636 1.40546844426763 0.360893820638702
-0.812952637768782 1.98794186529866 1.12234686096915 1.73152475348539 0.984278553741704
2.254020540346 1.55559553589829 1.82876299296718 1.6298705409785 1.24985514534528
1.96433886908549 0.89629261992346 1.32095948153945 -0.0221706558093209 2.0914717729955
0.964866811023581 1.43954269031233 0.575206462552375 0.710775102931816 1.62985695745283
-3.4146799821631 -2.47657613279214 0.888273184985407 -2.48956705794781 -0.184539344583515
0.953695953933011 0.563362875033886 0.0333993845655518 2.08303933921262 1.67684684155048
0.569136326874905 0.374932919807393 -0.854374429859655 -0.180846928793469 0.493105644203281
0.28161094197817 1.28312387159446 0.408552437103457 1.44161694698101 0.747344363876016
-1.1433664170703 -0.776965343929508 -0.350486185928661 0.176239976572923 -1.44194711676455
1.37467450140305 0.26338652840246 -0.261222854259691 -0.0225684935439014 0.343990738762824
0.119047363278576 -1.23405052274718 0.541688647434591 1.96793209211768 0.274313843996973
-0.609104110917621 -0.0374363871672994 -1.04763571082712 -0.92312670206344 -1.02282161168504
0.126663833435171 1.28261533726922 0.207422007837855 0.0148989671239949 -0.659696801225078
1.72254592784533 1.15816852575702 -0.554312767398141 2.34152311127226 2.01192024326021
-0.504394703511176 0.0429068893967699 -0.255408620537865 0.719144408400898 -0.0423230557283419
0.405754193028082 0.742786871711153 0.258220404627088 0.9447799837323 -0.382704391037453
0.508872597611869 -2.26168040343673 0.713432109448738 -1.50713993163899 -0.158337622816541
2.10623072147243 -0.108669005936939 1.00728059032582 2.30239457605415 2.21306311747654
-1.09600309389715 0.370775864157093 -0.700017566909138 -2.73078445461975 -0.838328285642536
0.328178388860433 -0.420405906159951 -0.227041264738259 0.56985915141273 -0.890046046001626
-1.27513052020344 -1.71654142028595 -2.60988615816392 -1.19409281348629 -0.825358139035114
0.623534008915126 -0.331329848277994 0.622952444502108 1.3815232832856 1.0943220118433
0.759352055155071 0.247198073419052 0.624752199280988 1.02316893666465 0.79704379293757
-0.944226622984518 -1.10571177864998 -0.437376000769617 0.402933556670627 -1.01014490941549
1.05855233297489 0.326020393625293 0.855183567523125 -0.155808402888435 -0.765552406445081
-0.134648552157581 0.246855032925341 -1.14962045059638 0.819079325644384 0.116149877042567
0.803354713357467 -0.0142658751863832 -0.999440823622977 -0.196839967604764 0.58722792792463
-0.287862495691709 -0.247537058321854 -0.94897662172937 -1.96799259150103 0.411723222119286
-0.343016831347813 0.320299256809581 -1.63894607096977 0.0866449929279875 -0.229964578478847
-1.32067164976212 -0.702343755764753 -0.563312459415511 -1.36379651154788 -0.885460899310274
0.84588065011175 0.165308418585842 -0.188946340687117 0.640046980043307 -0.953715337036104
0.536738049049564 1.88513016546769 0.137942087569207 -0.239998347812202 -0.464108254099022
-1.41479592793791 -0.0856350968850671 -1.23783914817109 -1.46151992232743 -1.25608282309149
-0.698426877586945 -1.35360871642875 -1.8007283174077 -1.65797988107597 0.0746194804374078
1.13402113099799 0.416710036958463 1.00709710844546 2.8220921248586 0.667048546941818
0.798600766668814 0.534298846873667 0.767017889240064 0.0528518202890886 -0.293458646402622
-2.10585487646639 0.150793215601694 -0.888593212994232 -0.100796319132756 0.331503813022746
-1.98092905628495 0.446169696950504 -1.15692865956798 -1.40145064853237 1.05382680063616
0.74483139882495 0.156401484411947 0.554776097144103 -0.250246754784253 -0.0453890777488377
-1.88631053367291 -1.32794271924419 -1.86233680561567 -0.96917405307969 -0.867941581780569
1.35639129823377 -0.65160000082181 0.873766502277418 -1.04713069769089 0.0260326375636354
0.795485193900592 2.13695189582818 -0.0237111871786178 1.14141135477607 -0.255460712058272
1.60537402072206 0.970269918153992 0.414020890859198 -0.393708917168482 -0.166775019606949
0.858976054147544 -0.443954410102148 -0.394668544051635 0.915822540910455 -0.236543045355618
-0.148425899628815 -0.453265728355396 0.27690168891484 0.346345967988637 0.0700804716244521
0.566234747014843 0.991633988234544 0.756446661262443 0.971490337719237 0.537030572601046
0.633973171753298 1.9021664542961 -0.146474244082602 1.59794591697487 -0.650439163666368
-1.20955805378492 -0.698512891362962 -1.22618797425035 -0.808138591108838 0.234537088689885
0.654197892624877 -0.343892942602659 0.295463000507302 -0.339220322731363 0.906509258967821
-2.83604126484355 -3.40690706158966 -2.02923753874871 -2.82857216592263 -1.42278965254868
1.06231278011802 0.448043320936607 1.22063973133622 -0.301609426661835 0.30108908137698
-0.434002124904899 0.0152612226627584 1.10176967828613 0.571470645261999 -1.8630448598865
2.04561451408838 0.051173502778485 0.491413300539606 0.196386095958861 0.918545857698815
0.34899307878389 0.445155629309153 1.67705377657885 0.162393495427087 1.82898017717718
-0.327300813533969 1.17769362995824 0.17814802450575 0.518365659556314 0.314634948866353
-0.969640625470385 0.438320660675371 -0.214562879987891 0.227248491428256 -1.0621972914179
-1.14102237662188 1.05110384139391 0.270856853625052 -0.195592717263901 -0.0609006096247184
1.37207964680303 0.963709233724416 1.62006514344173 1.471418082832 1.42357853266909
0.353185496686664 0.952633489406491 0.959387065259592 1.45207217805773 1.20840035522376
-0.943235718150956 1.474084717127 0.698591751868789 1.00951232776861 0.332659900633805
-0.973903704176667 -0.888514252997307 0.581247737699794 0.376420243438357 -0.730639254064158
-1.10995237859212 0.369603858428813 -0.668483943338303 -0.168883380059915 0.453057740953828
-1.97413581155628 -0.413177235581931 -0.0546147644788624 0.295098334076014 -1.20108054894918
-0.387671268499935 -1.53430435357441 -0.0197796733290636 -0.841152647045995 -1.3473376291382
0.173625960593976 -1.21108554156298 -1.57077539608727 0.0537149380331085 -0.883571985510417
1.59956414277991 0.0144634396049382 0.741775663854505 0.467129404063972 1.28526797154836
-0.931715455111084 0.383088853317232 0.435689732014475 0.320931945380887 -1.25848774933809
-0.462855717003511 -0.553844166317641 0.0266137250017335 0.861960804361492 -0.0391345018559014
-1.13073116206064 -1.32685120408903 -0.863385745575967 -2.12307179265829 -1.62044343377479
0.867912392883984 1.15189329850069 2.58161448494484 0.451160550699522 1.14378551110006
-1.43341854466917 0.481068078647578 -0.352481093135825 -0.225295662310522 -1.1362558052408
-0.351459842476747 -1.14714288642185 -0.895834096141836 -0.248913967286696 -0.428214274093973
-0.451708609161042 1.42791575337667 -1.26821854053155 -0.106111978178559 -0.0241346500064492
0.550478463368319 1.04955017896841 -0.798569901652993 -1.13394551531914 -0.167326144182546
1.52960884124362 0.0842230944966328 0.184138547690358 -0.35281621810403 0.78468680320722
0.00144476883206063 1.12958325106902 0.995954422072791 1.38595632477685 1.26530247587208
1.34383477913422 0.448332452889497 0.279962440591545 0.239117195416702 0.559572059866541
0.729808160419166 -0.240633421836476 0.0630622868677855 -0.625787047892151 0.155891672230905
2.12690379657504 0.0685972870094579 1.25104919352667 0.599452355597789 0.19222880861768
0.365660936964101 0.199808510776026 -0.0953281301108258 -0.849415752266438 0.393548638489749
0.151563137802252 -1.08765036338604 0.492750185904674 0.634369198213378 -0.375337823718509
0.231004736398188 0.360577124142704 -0.300125457520557 -0.509252566477451 -0.707471066284122
0.585102720400373 1.66601100365627 1.54871300111034 -0.309705555537294 0.140892079872062
-0.542240490020342 -0.671510472091829 -1.52427485082634 0.32223896936625 -1.70125468514808
0.677935743923082 -0.233639105737547 -1.725692018853 0.951400305119267 -0.0870455481639571
-0.244447219508665 1.28621518890857 1.09879087262418 0.311787459887844 0.69471256574901
-1.09717382228981 -0.481236491511855 0.632992048761298 0.0341191571288025 1.1664257063945
-2.50288107609389 0.551333431661916 -0.353674294914827 0.329589870067277 -0.892014542506387
-1.0481212213029 -1.23452728307297 -1.39287303796663 -1.88483667418065 -2.71841173825438
-0.720586282198003 -0.257714511956763 -0.983791066412713 -0.653826615137617 -0.251451516836199
-0.176255575263388 0.875579071805113 0.252218215295312 0.710047637991751 1.65238030211642
0.024062088534768 0.4910205683085 1.22195208009166 0.86010196667954 0.598244151320945
-2.10669588715874 -0.834480654039359 -0.175472180834246 -0.852107283790838 -1.19927888227186
-0.418992277629234 0.567544499797761 -0.347798924481604 -0.600426569588179 0.415733946267243
-1.06378223801767 -0.79998917683056 -2.26479666156743 -1.74060953426807 -2.22457095066687
-1.17896031490715 0.214139393662911 -0.322879613250698 0.070969496399802 -0.139303337228101
-1.81568806739696 -1.75265394164018 -3.09379364918803 -1.58494906123858 -0.782600566746943
0.524348667169938 0.676110663583927 2.05541083779178 0.727922448020141 1.09305025862454
2.52455400826871 3.31357603083967 1.21818097297765 0.0470383168451913 0.657284854810485
0.232298490255997 0.0961625518148756 -1.17111750697339 -0.881410137124455 -0.961319199913761
1.28712965140838 0.270223107271585 1.14845939483001 1.00042235750142 2.20647374584976
0.26670347119622 0.260749082143035 -0.994576483927998 0.703455607491554 0.271756569737591
-0.292099739609263 -0.258596610567184 -0.540835193339175 -0.653640526745988 0.240397339386733
-2.57136928228734 -0.497749986282131 -0.845701309310475 -0.452306320940399 -1.5853762814013
-1.25754426701924 -0.547749052049244 0.902419254342145 0.3001676587746 0.0545504992425673
-0.982699953595649 -0.610664828083944 0.0578295988495537 -0.36473888742199 0.0397025886728821
0.15830414059828 1.28553870861358 1.74518580850927 0.848105386275982 0.444077276698123
0.847840136590954 -0.190924355778715 1.10513380161619 0.684555963109434 1.62504487826553
-1.34908284753379 -0.787484147028194 -0.369450898551833 -0.450554864817551 -0.48239690020606
-0.548279963184657 0.787263191898659 1.08978763562534 1.07134188363515 0.475160598128114
-0.305170420250057 -1.05177157038426 -0.70239863843663 0.699215368519243 -0.698526124325534
2.27679083608646 1.18925247045989 0.905312413336883 1.02283476235101 1.69197236608454
0.71800415322512 0.542742653623593 1.50549299011593 0.978793859430837 -0.0770604395831943
0.00778286492854087 -0.395891315256573 -0.790638952129284 -1.28813415915479 0.464280196157793
-0.694479615554487 -1.2520639716684 -0.123980101939923 0.0436581743830774 -0.187443452017117
-1.61711694294735 -0.583605350146315 0.049878157041506 0.865773669536162 0.359776398250303
0.45430626548133 1.18646958614222 0.214689559213149 -0.0934499386123854 0.0178408363165843
0.464971600830475 0.535482902809125 0.439326905436891 0.987526864830696 0.587677907353764
0.61280897684107 0.286631452231172 -0.736606997133734 1.27678525736463 0.697334382456323
0.366245536788123 -0.0166336212248047 -1.2490801708197 0.730287230891327 -0.947606246287261
-0.302636625497675 0.0321973310371945 0.270505589774526 0.829824794212514 0.554963491696729
-1.41537968213962 -2.46979124557669 -0.61894369660709 -1.93080732971856 -2.55551120433211
0.359424338862113 -0.402261600062886 -0.0217776372273575 0.846636907788454 -0.280829553010469
-1.34554169967224 -0.566221623443684 -0.608270151531178 0.668168070853054 -0.152674299206314
-0.938884680978657 -0.301552253546814 -0.85562423753952 -0.644480888101235 -0.824038891536177
-0.095098552693444 0.347310710855845 0.226820678861463 0.345443592785573 0.323555737916812
0.531828892618808 -0.0095816340485089 -0.165507957647465 0.917315863695816 0.957435831510045
-1.89160076783787 -1.92240693354167 -0.738512865704818 0.100583560351243 -1.66938160961608
1.60526280256558 0.318912245540866 1.15925694698109 -1.17598184136986 1.16315344758514
1.02183550308128 -0.339396549387941 -0.647638367437407 -0.377872314428903 0.280700077520735
0.285696572216889 -1.47519200438925 0.409938062921587 0.141522726445676 1.67464945453072
1.42777548829093 -0.410742409888174 2.39771635900182 0.960076218775034 0.0315514105363324
-0.783919102376508 -0.284058496500145 -0.602897923387783 -1.38965475398836 -1.06207970526341
-0.874269485503174 -0.0834877364486323 0.420328322855179 -2.23663592063035 -1.60775781870294
0.388798767929248 1.57724597102798 1.94098285956072 0.370174825245961 2.03259807289323
1.19001650238493 0.178758798442919 -0.00343175410582756 1.602603598455 1.2662010698694
-0.759727583618308 -0.571100304399197 -2.50449403959711 -1.01385973989083 -0.959140593597581
0.867962055161899 2.02718423040428 0.371900313833755 0.973916138292623 0.948089132358288
-0.101731763313118 -0.903250523003183 -1.50604494080272 -0.172813224352951 -0.613495443869754
2.27080140244073 -0.417029372181714 0.103547136926337 1.21858618079987 0.332446119875575
0.411327300768333 -0.561923712485977 -0.274723549574922 0.740847255491169 -0.406938354436634
-0.318480018913721 1.45493255968213 1.10577138925015 1.12402478075771 -0.0251837448104569
0.0773982645209061 1.70537544871006 2.89066920311246 0.886852682895128 0.551950346672062
-0.604184767206967 0.192291128774947 0.413334195729763 1.55807027393469 1.76886679821344
-0.379003899411858 -1.45883932154133 -0.395925985145292 1.20221257760168 0.942592698534599
-0.67991649016921 0.703604742464267 0.72999608933666 0.187891117014723 -0.656663127299093
-0.841844866511557 -0.963350620779441 -1.252948750068 -0.806114518698059 0.0133836170308015
-0.592392425320101 -2.02584941071098 1.58282811484527 -0.595064370361359 -0.547709438988305
1.07901657802725 0.501528785302188 0.527643314046726 -1.23967546791784 0.544677782763714
-0.638060478839103 0.827699817575243 -0.0630610939902754 -0.732243203320758 0.244284953158668
1.50312591989609 0.335989605477097 0.261744429603115 -0.322679607166391 0.916424462457081
-0.61060966227873 -0.508004926453396 -1.60754525457122 -0.803606568479895 0.283543493592928
-0.0798693081471145 -0.138362172333375 0.313239338927598 -1.34674162687251 0.364385471798724
-2.97972017251548 0.860072974851701 -1.19204876167148 -1.46022469474622 -0.371431963112607
-0.972136265672873 1.12804993869186 0.649113421054749 -1.46508345700668 0.0863244168352753
-0.706793431966504 0.682557358133322 -1.36916228725695 0.932088023533452 0.319928560924872
1.60475046786579 -0.388482479156996 -1.89334553852994 -0.66080802515376 -1.50325178296387
2.15984383514424 0.662527600455678 -0.147833084738265 1.08446013958722 0.661344432983898
1.31880957478931 -1.18230433361437 1.31709702443717 1.25973921391329 1.16506160196931
0.166332717964921 0.289556129719659 1.38872311506717 0.452634566545224 0.715318032568828
-0.488123614663522 -0.513432792778154 -0.259151769714269 -0.101416823442961 -0.547390391116156
-0.407617935091874 0.9181009118932 -0.298186929952966 0.562977744525439 0.377753661535332
-0.0636221221886144 -1.83722261367553 -1.75572728948291 -1.01374181795118 -0.0588010667528724
0.130908848588216 -1.0084910197929 0.88785939396016 0.205873868442168 -1.29437736191097
0.526984017190337 -1.21720610194308 -1.75692635305612 0.486100526907668 -0.478548155880972
-0.569928050930461 -0.924507169828899 0.604707514590694 -1.54758418392864 -0.0438399137072996
-2.29810799906173 -1.95439674316345 -1.05415762358039 -0.480334507042909 -0.898356897927308
-0.417551899722559 -1.04745085771551 -0.140037394034527 -1.55271743842726 -1.06502098137025
-0.758909890159716 -0.487454422614987 -0.399160059844734 -0.903738647037021 -0.47500079053061
-0.798695057894499 0.0124108975291072 0.247541221810491 0.201281657824734 0.218012199363537
-0.65846464321972 0.149569460219469 -0.0120049262957275 0.433973353211475 0.708761819380236
-0.715298684076835 0.0980778562549424 -0.390270348931834 -0.674305689249504 -0.203785839856037
-0.49390285403738 1.49047286719144 0.367410756092001 1.64415365262448 0.89100605996289
-0.320196975263657 0.402892651104538 1.17525159016693 -0.943403622963575 0.505478005473467
0.270239094083625 -1.68833412393086 -1.0890426318583 0.959347363261313 1.08504884141115
-1.19747176002823 -0.553802579760017 0.871472718511131 0.19935951666392 -1.38467900115865
-0.88993008638788 0.700280754098709 -1.65293329960679 -0.454865600408336 0.552142977417149
0.482205372596658 -1.2337031603282 -0.0177217181600791 0.554333027424177 -2.68178656178275
-0.398984931626873 -0.455570618111216 0.120186861177001 -0.764870894661265 -1.52208169346515
0.010570596627865 1.37582530886669 -0.64215661990274 1.34744119233515 -0.670022061628462
-0.125579489389526 -0.816678048646323 0.615657667476071 -0.771766571163375 0.173425148954606
0.574513709809316 -0.117215866280023 0.201562060713681 0.542067384658789 -0.622366780824466
0.506253682895021 0.0752973070689682 1.43574080186441 1.50754690488993 1.98304823336988
0.155698658692353 0.380876974816155 -1.21185500188809 0.864333442648437 -0.967896007796136
-2.73378438638399 -0.461905664206453 -0.561558776992562 0.978151617636991 0.158182457146663
-1.99608941975818 -1.4954773878108 -0.386396700140245 -1.18729363833299 -0.104184142611448
0.515876005108165 1.04097261548571 0.75799631383723 0.851722178328412 0.81126423436897
0.722438743865834 0.442871933747699 0.642079011643443 -0.13953560139093 0.255790681442515
0.73234209871693 1.66065762689436 1.09171144408914 0.411389926022458 0.567022031619472
-0.304456050121152 -0.275975497565392 -1.58159198918422 -0.186084174292817 0.0140621250744629
-1.39300089808231 -0.620338550677072 -1.65527206204199 -1.17484519402779 -0.995198034684462
-1.49451669551667 0.610698623588079 -0.242194647380338 -0.965633127045004 -0.972742730349566
1.55256144006939 -0.251342689924311 0.790214733714037 0.180298413908907 -0.698975134796919
2.01172210462327 1.63287322797363 1.42308839403281 -1.25140880004001 -0.54235661219756
-1.63378449384988 0.0319438544473017 -1.56288701449808 -0.822386650241021 -1.11082361359113
-0.82819888524674 -0.84355678737519 -0.502149667105497 -0.357027661220931 0.502636044716411
-0.072207006185139 -0.505033339280373 -0.377843512976464 0.201605700401393 0.0350119113242316
0.941776474039837 -0.226094173194002 -0.00395474174127405 -0.0299735648374182 2.1846459540082
0.430689959872431 -1.23442832367087 -1.29576984733003 -0.230657010828549 -0.092665733392445
-0.0702004916490516 -0.368495298912958 -0.357623598880583 -0.298463293096179 -0.407933689188081
-0.0469223991522107 -0.853140493313161 -1.07513643855811 -0.506544990776597 -0.0963342427217853
-0.752329693108959 0.933725315499974 0.628218854496795 0.268328819647326 0.495936584441241
-0.500063295267733 -1.72093777364407 -0.858114586667882 -0.652021071466193 -2.05596307534596
-0.322197096306927 -0.367602967292701 0.118525422398644 0.455907785427832 -0.767490494761635
-0.983256821830374 -0.20346554525661 -1.13739126188764 -1.96375959180581 -2.52064154353005
-1.06624325117819 -0.972374214971542 -1.36453686177139 -1.3738601697734 -1.77648367287643
-0.659400329972606 0.287610213043534 0.365330834689867 0.660499843656276 0.7714016060401
-0.0871381901783339 -1.31618124500544 -0.208453889450476 0.75729119816139 -0.188742328290805
-0.0992970617676235 0.307093811173495 -0.837362853763691 -0.477836381942545 0.291217294116657
0.397959703411383 0.264819256964125 -0.159269972394076 -1.01562746658611 1.28864598817851
0.848895129895827 0.394528852083875 1.2204901932697 0.922795310969327 1.11442161545222
-0.174070809918257 0.609597001392582 -0.0365952362456314 -0.263206824797394 0.476743196879996
-0.0783699860325558 1.81167389969261 0.243782274665337 1.97441636679335 -0.910578782032305
-0.788890371543701 -0.306176367863488 1.02660367420007 -0.403878136120558 0.261779488984951
1.63517170476763 1.57198706920147 1.58573843666652 1.54059040523999 2.78011503944312
-1.5850657840582 -0.102467852906115 0.839519390230526 1.22959018289182 0.911921277091076
0.755712500479009 1.43584255295493 1.75590797906537 0.885015323884529 2.82666048259476
-0.596509583070017 -0.202885845845549 0.0653346856303836 0.436322567372291 0.589605522460344
-0.559415147894882 -0.0304726773206825 0.567770615426777 -0.265467842114478 0.341392932603008
0.768140513834225 1.28280130476237 -0.00987110124977481 0.560739546049477 -0.157496565749496
0.187166599198277 1.37083387647055 0.379782107091982 0.319218746182331 -0.308746851421674
-0.768083404800722 0.142453034736157 0.196152657137729 0.741898165386043 -1.22054962350768
-0.048293156693762 -0.407220411209802 -0.337039210490422 -0.510888790963268 -1.37790847027375
1.16101305005537 -0.207987763813379 0.112693940406773 -0.530073775438287 -0.618247279920056
-0.0938073436337233 -0.440353251396657 -1.08029709324285 -0.666498411307192 -0.265817696665743
-0.47340868067544 0.0676003672862284 -1.18296982885905 -1.31679247872172 -1.22492931880465
0.925093850598186 -0.293958388937057 -0.871234761574628 0.504184570805773 0.139021129518586
0.613666725175744 1.04323460875621 0.454061759227615 1.0467578482886 -1.11926831902817
0.0402410040154889 1.36724187811675 -1.91030742770663 -0.797245116356862 -0.550641785635193
0.490362299114951 -0.218617124202701 -0.809561273139383 -2.59553662569676 -3.0649991820577
0.649836589596625 -1.21881703402642 -0.142292222841203 -0.019228110955425 -0.700821168203419
-1.43062538167519 1.07701226400876 1.25321198294985 -0.325425733462903 -1.72285475935456
1.55362257589432 -0.544139806230982 0.0510713494562285 1.90141693383418 0.410019487466754
-1.21974152401789 0.722643760985691 0.136948941837138 -0.939213170452255 1.62132471345069
-1.71747777970543 -1.2936654252821 -1.15608756736489 -0.745403566227799 -1.45988036946981
0.365718235379237 0.967340057907509 0.90664134782382 1.98502704174351 0.337701780409051
0.238106419205476 0.166734245057994 0.616525554769554 0.689986576559704 -0.018525126803868
0.491749170415519 -0.712293594659155 -0.646857769950489 -0.759137633972385 -1.07530269070332
1.59243436059921 1.89856437672846 1.40021922997043 0.0826857672891742 1.79539192611687
0.0268889243761734 -0.505739651192117 -0.34665364770676 0.172115749346107 -1.30927185757207
0.671372999957858 1.74967750037995 -0.418414501174533 -0.128296388820493 -1.38535352201103
-1.05100911036939 -0.366903710166969 0.276081850059422 -1.21322468246004 1.03528324829656
-0.245175904781635 -2.8547024723033 -1.76622864731848 -0.14297692881684 -1.96733243259534
-1.87066931401685 -0.452266162041189 -0.226097952366661 -0.702357628997802 -0.586456332046969
-0.373236820449832 -0.851268018363586 -0.980235898990334 -0.0990769998065351 -0.581497772727668
0.747498163687435 0.97291214933575 -1.01480380100779 0.71054349852131 -0.308404764300154
1.91583685279848 1.14629228335812 1.67714477226875 2.08667072127587 0.866202472675126
1.83409973122025 -0.20634648749178 0.248559039307902 -0.286655770474107 -0.342618577678836
0.195879470793024 0.658502599999735 0.161439348320881 0.217469786567668 0.262285925494139
-0.116632281477024 0.588661226155769 0.275366129993455 0.216028491722614 0.0555022568330963
0.604409847612383 1.69437148045416 0.0339189125512337 0.131794358270307 1.24881736546253
1.60122736249573 0.52172291683399 -0.862334865767499 2.11740724401479 2.13914350553635
-0.509223839551243 0.706011765292649 0.315551026246701 0.131008912313004 -0.425796238614478
-1.14129231804636 -1.31627358452448 -0.715993307548549 -0.010061106292946 -1.76589243197507
0.583314084363403 0.860892650675709 1.40806903436759 0.700690105940265 -1.18124878788771
-1.58445868485101 -1.40722955130263 -1.66891456054336 -0.523075851366307 -0.638441898759583
1.2479688313965 1.18837861482546 0.366670213251061 1.45295029361506 0.484682089171316
0.892075883318837 1.22005880206241 1.24809424250971 0.669461334979693 0.675948845245926
-0.509002590299948 -1.46059342996056 0.849082451464685 0.902137732289664 -1.84944940753095
0.557288107677658 1.10205936384648 -2.27557289513728 0.0537855927469539 -0.771350883598497
0.700610953774045 0.796960934404643 0.613872187695932 1.13670730433473 -0.775946828299963
0.256762728262448 1.47999715635641 1.07787852774999 0.926311926883764 1.65112111743648
1.26095900779485 0.376241641960262 -1.27451353122843 0.858553478039841 0.665064045277156
-1.78338986924248 -0.846445835043759 -2.65106614377647 -1.41815767513022 -1.6092511002585
0.932739018461675 -0.430730224223781 0.662610733213143 0.0299173669439277 -0.74348429517732
2.33434989008212 1.82815040314672 1.31679840500748 0.390152768106354 2.49021252882164
0.0978322398700354 1.13720419897768 0.643905037628321 -0.35978290704155 1.71324185690937
-0.59355674832073 -0.407654746088312 -1.11777940966956 0.190004310133847 -1.23823592145295
-0.355615138763384 -0.697678815555438 0.161181501457867 -0.157904362168379 0.720799758967088
1.81239694961049 -0.676893928963564 1.05226851489627 0.421691694892744 1.78373911085352
0.116661035365608 0.446292849163904 0.60751563847259 0.0542439530207559 1.66216012653242
-0.488833143289913 0.862948079371115 -0.317162635836073 -0.13084886359282 -0.981492782816664
0.58304411063127 2.09941422574904 -0.344785888731887 0.947470352298978 -0.167555670248865
-0.396094490482663 -0.450496059225566 -0.656418018681382 0.286439269556697 -1.02066082730518
0.824063419905699 1.29156273129666 0.847527943399098 0.760724252778242 -0.104362318466224
-0.157579550283986 0.899245907733115 0.157670612384008 -0.666554314030219 -2.12401300643589
-0.624009739787044 -0.768333910966306 0.432429494527027 -0.364096900111566 -0.521536650338598
0.75132097812383 1.92095615768107 -0.463950593997763 -0.51048201746354 -0.0098811772068933
0.538114446223645 0.743108631504064 1.87060915617672 1.33556393252289 2.15785439387982
-1.269509507596 0.939394079628647 1.82340698249043 -0.630376108395452 0.463453420408688
-1.19121129387227 -0.421862911330004 -0.969451152581397 0.419481931626397 -1.92850891389591
0.993896152004236 1.15797549982768 1.28436010633267 -0.0982653040901545 -0.417007729630325
-0.262381918711539 0.725701258929132 -0.0825876582853738 -0.622618036658685 1.05224529206843
-0.881559480757951 -0.742812974268587 -0.49184210996759 -0.710101339242003 -0.00971850684965042
0.0455651781534064 -0.346962280684114 -0.426637764573445 -1.09763858199043 -1.56042349773857
0.867081170374287 0.393934240992872 1.89891465237946 0.400969046757368 0.367703667889098
-0.93676495544602 1.86528836779735 -0.356388940729062 -0.336810234318107 0.563101562781522
-1.51298409517809 -0.891031494674433 0.0731256336464843 0.429764037228576 -1.81121301764901
-0.725906654678301 -0.180336044001924 -2.47740073352438 -0.934935905316142 -1.10715134674374
-2.66361887925315 -1.05101069927081 0.0244385987827189 -0.714798671438756 -0.200391637034594
0.266114421938093 0.221679295703009 0.686208680129646 0.67341937862212 -0.51468919669882
0.0663220105094958 -0.303170062649343 -1.19323700342179 -0.401352711716657 0.547547155456702
0.287624860920903 1.48035013193564 1.10950419170882 0.0184563146643975 1.18101710023885
0.720834676669221 -0.174605316457682 -0.0252722787608165 0.420187696029664 -0.113841661394612
-0.0164369717510073 -0.608733432255892 1.12893771066309 0.763992882428875 -1.41132231483772
-0.820535164917679 -1.23268049784469 -1.81818078507959 1.03423125463279 0.598522228063404
-0.716470534645086 0.258543643081625 -0.0041269058369294 1.13895233854945 0.389574937988495
-1.00319905320154 -0.960899908434118 -1.19916603224195 -2.69318640206375 -1.52467323125044
-0.0434202193121821 -2.24670814136043 -0.112206436912682 0.642811272855758 0.0727028631262147
0.0739448298559915 1.04399549470097 0.0992390181476683 1.58336509054892 1.18098097486496
0.109150486864812 0.20878517645737 0.108629932223123 1.07255176546169 -0.573666957453522
-0.138263168198819 -1.42390217796453 0.0630632999843168 -0.647311846353725 -0.239718259485693
1.83731776232043 1.34226803383139 1.297125138747 0.15316672947859 2.15431820640739
0.383313098142748 -1.2011627285698 0.947410105190657 -0.486159038127643 0.489717637641391
0.343321778384115 -0.43357458141268 -0.0396640118964686 0.199603701395847 0.00924494660064981
0.270433290327541 0.28464552161846 -0.904599516000026 -1.12701220972822 -1.33004399153109
1.08530431278177 -0.954526485156359 1.32627263718247 0.902605684649794 -0.135877432111834
0.122255478179099 0.0996761285733403 -0.932154006827634 0.909515325424356 -0.168010355930176
-0.90168409643006 -1.6250125688572 -0.530136626068351 -0.856823694246227 -0.0480821743382095
0.408695048496469 -0.332835874092114 0.859660403992041 0.0348851466354497 -1.55165638688271
-1.65316321166826 -1.12837052917923 -0.218836041994788 -0.977216153268208 1.66445064523477
1.54141281946307 0.981966496267972 -1.04647980950299 0.0144384152927281 0.587459963255012
-0.482808989736567 0.0756894137375617 0.848433597818173 0.61454389840221 1.05960262685899
-1.07133114094246 0.553666324176206 1.15610016645987 -0.0571815190957294 -0.620860205771513
0.323303617248731 -1.04277878531213 -1.43394584154082 -1.34511123758694 0.53486345349967
-2.27024457631932 -2.11882593326522 -1.77118648063621 -0.496202024921465 -0.0311994569754924
-1.02388089950364 1.17630951700844 -0.288810301972045 1.75102650999128 0.60771743431819
0.657132340292191 0.225332586023084 0.114514527905941 1.20266999033813 -0.0222142163321912
-0.923717606407837 0.966717136233367 -0.26676631682959 0.00739415255571235 -0.83590375511964
0.500293690763114 0.980189949210418 -0.332668650378966 1.15617249338375 1.92581962936799
0.00959715516266565 -0.871194302872988 0.00576256328922567 1.35836593781026 -1.00112591315219
-1.5955453573359 -0.224652369843864 -0.675699700481193 0.146835366764995 0.266379590279553
1.41545962621069 -0.600337580860057 -0.873627696036287 -0.167186672578042 -0.802838242278462
1.63322309851203 0.974600871831797 -0.0141159498017431 0.773335482735788 0.650096073160584
-0.0102623434068335 -1.36403595883261 0.177961277343229 -0.0895221793008312 -1.53543527740575
-0.957517045375267 -0.211521555369634 0.217517389805428 0.0440237001552332 -0.72295526805131
-0.0784240216195721 0.934190221184561 0.787206003744695 -0.633184642920331 1.43916220776825
0.192074450843892 0.530135855803108 -1.08023892845055 -0.406882353677647 0.302056521867543
0.947570400922694 1.19179848301876 -0.518995163926967 -0.568893608397248 1.1971965610971
1.2417480541339 -0.0328575978823555 0.934969276591336 0.122609464164248 1.78030576755692
-1.14433902690406 -0.378902136714754 -1.75603710702433 -0.0678852554093139 -1.13924377612646
-1.46118591420343 -0.909659463562093 -2.06986016245135 -1.37022651241833 -2.83632783177244
-0.0500220706871403 -1.76526745925386 0.744595728272535 1.6003661587159 -0.828527723064331
-0.675982439041297 -0.444786879904277 0.442830248121244 -0.630672892671994 -1.75569422187032
-0.125966976565351 -0.589260464041274 -0.689338875007251 -0.913743471028318 -0.176698686074802
0.300243811278029 -0.0117214690358092 -0.765536026414684 0.407835586409502 -0.523997022763078
-0.370466229299997 -0.773347746836458 -0.474959940453546 0.190917264924892 0.505060714592752
-0.144238958875576 1.31607367542939 1.62166987467743 0.165466658241249 -0.098517236429722
0.536870557415131 -0.00887855366802136 1.22297087983481 0.682562820976818 0.0124089796979734
-0.744073686151023 -1.15216228281794 -1.02381010945363 -1.9895997134986 -1.7426811612767
0.106386724525308 0.866408350500644 -1.09591239798768 -1.06095733073477 1.33011231524175
-1.84347358144926 -0.134803493298872 0.125260369301361 -0.408661859112508 -0.119709919063011
0.240358078841972 -0.102371532390248 0.636083537418979 -0.489062280116482 1.04534130869844
1.30131023750781 -0.388859986444701 1.17806027144624 -0.452384602962061 -0.557989045436203
0.540586623636051 0.842000423754646 -0.214385446646371 -1.24611017877663 -0.579629811867827
2.2910645684557 0.920904253782769 -0.627263968791662 0.451661490299824 0.433823393922928
-0.565110002848647 -1.37370305875714 -1.63988315942483 -1.52922965386591 -1.56345363591684
1.11192385800793 1.19372372948288 1.01314123189193 0.404192528130347 0.997393547332343
-0.570181976078705 -0.965763121045175 -0.47341436529659 -1.31486635351198 -1.75995021739329
-0.885375550664847 -1.71006202533111 -0.440728282426833 -0.912058548736446 0.336219943495773
0.96462220019627 0.882796876423403 -0.380223179912883 0.0258728929963405 -0.1329020433598
-0.121397099080583 1.38172605509924 0.449353790808424 -0.399498911243196 1.15649551203729
-1.30720405499474 -0.646876429373421 -1.41232856481234 -0.191722980761116 -0.167130609759354
0.241188901028278 -1.04273899413638 0.0774932899455161 -1.03594072234088 0.0109575330005997
-0.0137440385338517 -0.773390242134665 -0.036356701172278 -1.13183555044543 -1.19251052746585
1.06909025422345 1.32988345653494 0.89571153401276 0.547745284505904 -0.403882360195101
-0.0959453921131498 -1.64193300066158 0.67680883535555 0.31376387422334 -0.765772911350625
-1.94257796399048 -0.922232267014175 -2.21283385633358 -1.32285301281619 -1.99822357801277
-0.158322509869302 0.954841883218496 0.692650779726256 1.3104989693637 -0.98846839960535
0.516028632882005 0.0720099240804049 1.12150650648841 1.38574261446359 0.25267261338823
-0.332309130300416 -0.460415735968205 -0.735774059553775 -0.647765036430985 -0.307610699517281
0.985594693229357 -0.0500902879196578 -0.205960105361448 -0.746304015745827 0.724846364038804
0.561165979867957 -0.49610071892579 0.251185891848256 -1.24672772514903 0.557059682527207
-0.313267213255857 -1.70061653036188 -0.84411009277891 -0.425181872442871 -2.20893874296085
-1.21360044070998 -0.0271928393260701 -0.872918003614756 -0.34567772647157 -0.647768165711752
-0.852913218191484 0.222212431197592 -1.35981304192864 -0.395910732154078 0.846292730432647
-1.42456298747337 0.206841890449271 -0.456641956793337 -0.481951543924762 -0.263178112804365
-0.491555634148631 0.0892894619208843 0.346960389619416 0.182356486642307 0.891802408920336
0.414470006650263 0.867643220878175 1.06128018852594 1.03805200458655 1.62362951918432
1.11921139913102 0.318992543740505 -0.973040504467383 -0.156264735804722 -0.246973961645435
1.09260737444379 2.26254480415343 2.56109225927013 1.77799655484231 1.76385146079081
-1.71952549139768 0.0849990260090085 1.64547859869438 -0.952332555936 0.813280176077109
0.233342507139251 -1.98446637735237 -0.526896272850524 -0.392781697328363 -0.755619697134959
0.362061634387138 2.07864117090238 -0.0105316400513205 1.00159797909468 0.999459227061253
1.5641452046746 0.152778871233031 -0.88413949941792 1.03052477571079 1.20279502790727
0.16336935252923 0.89304806231024 1.05917891271133 0.0696450871180785 0.915325113743221
-0.855330472639415 -1.10839756308199 -0.860704152929524 -1.67015487015716 0.0769677836069247
-0.341288504966981 -0.57619801886623 -0.38902502104114 0.107002178149712 -0.030889571299786
-0.0354433742296924 0.388836625768406 -0.745627241287992 -0.871810058154639 0.172883137643079
0.135780118325446 -0.315703835541456 0.707430451850044 0.250831732326173 0.299159481560845
-0.778246502315617 -1.13298414441536 1.05958801021982 0.876043486862182 -0.0252527701384695
-1.41356333926442 -1.53268233950946 0.0523097562021287 -1.50535721661613 -1.15333410257915
0.156380349486465 0.956837989165256 0.51522835751001 -1.85200578150994 -0.0253232489532354
0.489298168561118 -1.69383659742539 -1.39228758648534 0.251437297459395 -0.381684197829674
0.700577649033777 1.19251604426328 2.62680054175411 1.000719709153 1.61177789196572
-0.642248602372683 0.0843168477161603 -0.229413504840879 -0.238085951118258 0.748041050144003
0.933991201122228 0.978040911465493 2.18547854843686 0.276802255263788 1.36337732396804
0.0897563726318066 0.161606576672681 -0.456190415112314 -0.305596872178909 0.739000879898229
1.09616453699996 1.20151218149341 0.542960755980418 -1.09726240065033 0.717343520721605
2.32652637788982 0.0368994040247001 2.3740655891731 0.481109644431204 -0.464100530906515
1.14282067283437 0.215397418678147 0.192594856903574 -0.0627340062279724 0.833624724863149
1.13688584420538 -0.47451404465827 0.676592168490768 0.127676382641269 0.0879129801773895
1.25959555361044 0.109387014938453 1.31712794693866 -0.277772339941835 0.55659576553813
-1.26581952105077 -0.457911328664853 -0.416231189015142 0.39925224774236 0.651619679514736
-0.695410609159735 -1.35475307288229 -1.78220085613733 -0.831148141425668 -1.14633893245734
-0.0226114060065135 -0.680627854993989 0.296987790967442 -0.459941221481321 -1.00154654999154
0.626581981264408 1.23871034652833 0.983064721798176 1.47783295128052 2.06198015466052
-0.360635896828725 0.515690945724596 1.04203629678346 1.71646872154827 -0.512222357121235
1.02725418389708 2.59510054569641 1.13908758537656 0.567691273310615 1.67778909103812
0.358779963440344 0.160735139105394 1.02717276269365 0.882559562007311 0.0390346588206835
-1.87030315936246 -0.411361694692639 -1.83428464632146 -2.69835725641526 -1.55553208852498
-0.434185215075691 -1.71750815796581 -0.637408935150489 -0.437650199406959 0.477176172985309
-0.632341330102442 -0.926370233391908 -1.20912689610002 -0.829219486985877 -1.30118731386804
0.371291657192063 -0.117922012292313 1.34709068022217 0.105811107001936 -0.866478571919628
-0.366637081864347 -0.504658336452108 0.800063816182208 -0.466208908649238 -0.0719110814382228
-0.58773912100046 -0.782661471507568 -0.477244857415786 -0.325761849482454 0.577335742679178
-0.777570473377343 0.447751547464985 -0.312370598636622 -1.34550548111421 -0.760230209438121
-0.904417347803832 -0.125786572535683 -0.394258416147029 -1.44245682728874 -0.975164597579027
-1.70642914961163 -1.02963020562781 0.799759808150681 0.794645493143266 -0.0563309990208193
2.05682569829496 0.85541138063989 2.25530928637329 0.485070032793516 1.86023301875595
0.550285002454888 -0.450805035352265 -0.686457141118041 0.910352482135156 -0.267788007957619
-0.019427260319538 -0.739453590959232 -0.547957436127875 0.507930685463622 1.0375966249159
1.1440633381867 -1.14690770521247 0.419312122502669 -0.0383486161594479 1.22464609995625
-2.1650071178501 -1.7492574311273 -1.64389184490517 -0.973148826539991 -1.16342797583783
0.417376659963924 -0.0530397057547045 -1.72739634737536 -0.144881743262383 0.0503887008256329
-0.411537859415885 -0.639262356515923 -0.449167767021241 -0.130505676522953 -0.712699105324097
0.54020911519168 0.750856736215958 -0.309737695144788 -0.285191429562567 -0.0431693850786621
0.395976395276597 0.0641191665230798 0.124729806102307 -0.142148953449637 0.166914357888551
0.1472949270534 1.97535197511683 0.889305502679107 -0.179632996061681 -0.0302851051801113
-0.191932958490025 2.02470372783034 -1.71359065492086 -0.0891613251300906 -0.758607612844753
-0.378769079695396 0.0201168184543051 -1.60292984898044 -0.914391980171635 -0.0200924369822511
1.01848276474099 -0.241666065121856 1.72060202859459 -0.0334433508977908 -0.0817383742338748
-0.152418989879255 -1.67563460192133 1.48206831364331 -0.0509746820657141 0.988383613576598
0.00478713365293476 -0.14323175683087 -0.852124286067198 0.749384874128303 -0.432545354387581
0.176397988107283 0.116729749733301 0.0254763201625053 0.327819126240713 0.512890344420066
0.728274354583237 1.27502083561875 2.3387177809519 -0.292698044804446 0.308041028103162
-0.438643060384545 -0.866280198965168 -0.0625971408389209 0.125856556420207 -1.19804998630455
-0.7678793270101 -1.32221785615958 1.50082137851028 -1.63438884472147 -0.40119496073868
-2.1153957849167 -1.91742143695398 -2.36228379363776 -1.43494835459046 -2.46165942137859
0.944170198599269 0.449678908374328 0.308022809114845 0.19943793209242 1.01539772467063
0.453331034808067 0.214336262788142 0.0455729616362912 -0.390356048797673 -0.128831570585034
0.0765596882408449 0.879228803350881 -0.288152442492479 -0.174920346002079 0.0685729002783742
-0.17570581549167 1.22703751360468 0.598018085043247 0.0287830372026815 -0.241829752769516
1.7142111699246 -0.928522842806692 0.228847922195227 0.0561848170488948 0.700501827950832
-1.04356234028308 -1.25340121643269 0.0446834328804768 -2.06670066284549 -0.185073862818501
1.21812734145529 0.652721747280519 1.95492320315762 -0.199948967559791 0.126351549341887
-0.972046839998957 -1.78287487188961 -0.812007047323804 -1.44566229385818 -0.354843560965016
0.783954517995432 0.765346153924293 1.22322780748781 -0.731134154682056 -1.41659119360813
1.1022016470754 0.522213141537179 0.409586021600032 0.468587418311751 -0.595672426805248
0.11523299770936 1.94856540668814 1.5229435400921 1.53480317778005 1.32871605648866
-0.567235576438695 0.550576212835354 0.4814564829531 -0.950783264130864 0.23863376736654
-0.773621906432529 -0.274266294041309 0.411679778953784 -1.69897701742825 0.0742077306937412
0.697333198663083 0.11713220211354 0.0127249002871942 -1.7866115529131 0.267203652958541
0.08844528011503 -0.64459747701701 -0.946421419934638 0.28793406082673 -0.00554065468313908
0.573242233257407 0.370159080952572 0.405531224246604 0.829070029674411 0.143109360251119
1.45255180378968 -0.620058676809458 0.528621432250592 -1.04740996737727 0.101169085081444
-0.644138434365844 -2.62255125765164 -1.57691778218764 -1.3821725942492 -1.42877041131962
-0.187976992974138 0.180468832361529 0.718301911542002 0.871409756340833 0.906394127682167
0.725968399071732 -0.384510839984901 -0.241920612008557 0.447322856101206 1.01084105431741
0.746920771790226 0.787295909165421 -0.192091480242773 0.926567368792873 0.0596810468857963
0.412103218553791 -0.562020626581187 0.768490199666493 0.643006616848224 -0.465236491502574
-1.58009432414921 -0.379460923722903 -1.42856436577114 -0.771898610378165 -0.501682967576283
0.204222058542358 -0.514565332909037 -1.58422097286663 -0.300816721989368 1.15242238010561
-1.5238675155092 0.213482346951361 -0.168717492081389 0.874482980568765 0.373733195310554
-0.38912326180052 -0.356181537288376 1.10753861395518 -0.609975083574865 0.507719146454102
0.887461552677416 -0.601270680601401 -0.322058060248041 0.716900211297466 -0.631765881179347
-3.54709773202048 -2.40873447284658 -2.20232750376335 -3.82005589884691 -1.144783845754
-0.406794130789154 -0.00783535541346578 -0.973542110422434 -1.44626299861727 -0.322471328033664
-0.898596647510357 -1.62605167536172 -0.249350756376145 -0.236060636950273 -0.593206061623549
0.310617437039124 -0.0579402023810161 -0.751324980600677 -0.361010428386947 -1.71610275465126
0.267789426792783 -0.750202905826112 0.254289058220484 0.858481473332858 -1.10918793781997
-0.290925484005503 0.643472063822158 -0.0517013834497262 0.015205282165192 -1.06684236438667
1.09859430044189 0.612194331882473 0.269693986059254 0.101981228052197 -0.832092086286381
-1.25599870951769 -1.15420241008227 -1.30488681134844 0.305065003452919 -0.685354792624133
0.440249392306333 1.26191336190177 1.59512078648335 0.406938806488534 0.481656033658181
-0.12791578468212 1.16826285354926 0.473065908940801 -1.76257241986369 0.365562125686589
-1.15426477938031 -0.24784267615088 -1.44167635709834 -1.25691128850969 -0.461208725287743
-0.0933293617912597 -1.00216379700607 0.0948928385668259 -2.43765329792241 -1.25755647753341
-0.315835058896301 -0.792743139713731 0.387176107576133 0.0520813741690621 -2.21421936953839
1.74447356100863 1.00826911173875 0.473251515169918 0.0247593957801909 1.0324316207223
-0.420261184663866 0.0851685654881623 1.60173530051944 0.87132322803342 -0.0568213615905311
0.10173801724567 0.623862337520058 1.38310163496207 1.35321760014874 0.72658944844935
0.498976013714764 0.0105290485340814 -1.18026795048983 -1.34369525036392 0.399585516043607
-0.368095139735409 -0.62601559763774 -0.787700365440167 -0.87580700986321 -1.47672315983349
-0.748987719328999 0.0529379282308036 -0.514226443735078 -2.56538987069658 -2.68044487576612
0.845173040842499 1.32718552853573 0.945820456334466 0.521325774713405 0.547014351047451
0.0547772277866354 -0.422682162592108 0.118886023554587 0.586345918547713 0.759804467171083
-0.816419866589071 0.528904948317875 -0.162720613635977 1.18762281405392 -0.658976530203047
-0.494961506704878 -1.08685358665725 -0.34810560089276 -1.20205180099896 -2.38315379024503
-0.196911496347551 0.521684519214736 1.38495332136609 1.07062273159396 0.231046331622282
0.841351683705416 -0.100736968778307 1.63923951581682 0.989318029671969 0.662847687498096
-0.373467752396699 -0.740862668406356 -0.321296414519702 -0.675973486151498 -0.787970359896257
-0.315887796327089 0.18009151565116 -0.216208687010493 -0.592049755683355 0.833142685822821
0.611382665584762 -1.33351195877589 1.24234489682019 0.298877829590376 0.862307138541035
-0.81124593238217 -0.303555660935817 -1.77700257719063 -2.08120652354086 -0.482042965467715
-0.290174590567215 -0.178381202084156 -0.0853658800748719 0.14692179059018 0.488921224546661
-0.0105750623750321 -0.747023435883422 0.0558668978421619 -0.379744521752441 -0.6965266024413
-0.144480660809335 0.208268249506618 -0.331365057516653 0.855221234670694 0.653251499321435
-0.733904210194876 -0.498039497876695 -0.776504460100243 0.212063955245019 -1.15059029913762
-0.00297701590588582 0.279198728984384 0.0713506864758806 0.0998781253744579 -0.241888587482898
-1.40969901821606 -0.58627125060581 -0.0951316871480145 0.905786282951947 -0.681599788702522
-0.718691441189109 -0.644222259043719 -1.50932936150118 -0.998418347595604 -0.602625683834007
-0.686865997851262 -0.359302657834099 -1.21827839908175 0.452598797298002 0.105490413100992
-0.503725220016518 -0.46068155479506 -0.565545039863482 0.357263461839382 -0.742462708435599
0.559000570385726 0.837111504167514 2.02776048118436 0.649242480771793 1.17257091909107
0.553028030408003 0.34042149089513 -1.13267666894718 0.0818446841315467 -1.36823063152519
2.14618487585165 -0.366401153795385 0.831442526998523 -0.240689952081305 1.48057331718591
-1.42647719204532 -0.562565141408762 0.840641042230565 -1.22379633771736 -2.2237187498821
-0.775306872035909 -1.01722604184592 -0.946578282206291 -1.80328260072976 0.052454956067057
0.0376841906352789 -0.933125065808602 1.0099988237612 -1.17479283717689 1.27799533579178
0.601218434945132 -0.0688681003169122 1.61817207540499 -0.363628822412289 -0.241974497651543
1.281327652417 -0.901812996215572 0.78464780571935 -0.113452777614401 0.954477974333161
-1.43381265479226 0.845089183724865 -1.58439539059912 0.945855305606827 1.21002124502006
0.159733105094184 -1.46416659190683 -0.611588430413884 -1.10519157080845 -0.862576948193688
0.705111941632144 0.17720755755918 0.455409691487479 1.6061643147242 1.74494030372148
-0.535859714035336 -1.10450020591112 -1.3274061579174 0.854763812767971 -0.569166108257258
0.117347355758985 -0.703312445181082 -0.348277770682144 0.285507159030517 -0.209796278344463
0.894638834159276 -0.917763535559137 -0.420025736703932 -0.849701407851556 -0.194665941844684
-0.270502110857416 0.323576550856086 -0.792301495405559 0.440328629367864 -0.0823470489955309
0.4965822767599 -1.20568284764559 -0.45313953829441 0.405776805827888 -1.88395233829468
-1.51993283409003 1.46144946703334 -0.439619139447903 -0.00912097301484457 -0.423965897154039
-0.00922414218320769 -0.667114586630541 -0.666102959151805 -1.10720183697576 -0.0491665084295009
0.817123043976566 0.0334703387390055 -1.37426301246377 -1.21088758235412 0.703786660055456
1.3156700082759 -0.210700478803837 1.339133846206 1.23360948267284 -1.18900300875076
-0.0724437210226826 0.935210125890641 1.02041120302549 -0.818230956657826 1.06325304156574
0.135234707756917 -0.0619163164825169 1.27565129649582 -1.62026456501147 1.05524808935112
0.678661775217908 0.33609423668714 -1.14033725447379 0.49075140346506 0.34072162142979
1.24990602435421 -0.295489712703005 -0.0887866669097064 -0.163265247366023 0.440301786538769
0.441823383585437 0.219235424057932 0.445255799270572 -1.77656233653657 0.988795214779929
0.593925754620781 0.294015920122503 0.480415043418091 -0.250259611392877 -0.536478110717597
1.19594722341496 -0.325108815228968 0.856003986586316 0.605746540281348 1.32774579814459
0.436453730719351 1.3131031235673 -0.559800679063931 -0.313068720694127 0.289212959214439
1.27506264252648 -0.157224891512359 1.43635275739156 -0.263372617697717 1.17415895877427
-0.0354660789464444 1.15016131722869 -0.0412615998289295 -0.756717741454397 -0.517180757202495
1.31191347451801 0.76285874614517 0.664568232195027 2.12699602762388 0.488529863205821
0.514588535258608 -0.154766101580863 1.04903576119947 2.31503770051375 0.626098025317286
0.3470359068474 -1.88658608177261 -0.86052525608549 -1.45721356990273 -1.3580328399139
2.01249178671937 0.632537207280836 0.396383851175833 2.38896300020189 1.05106037401764
-0.765768015399753 -0.0914963910462901 -0.7634960113546 0.686774477589019 -0.70551197073451
0.202682325929885 -0.999372955845594 -0.40044624472412 0.4058950888106 0.98255127313232
-1.22451880666108 -1.71738299049241 -1.16695356629008 -0.5043716264835 -2.02333703071438
0.315443506143357 1.12856660268645 -0.111098285978666 1.13371939611325 0.0908557155967289
-2.29079890322941 -1.50730317664476 0.000450684591638051 -2.01483751415428 -0.753779574916688
0.567108240176188 -1.30619519044322 0.115742992798431 -0.568128662582071 0.371267745006535
0.190383776377586 0.115433115207109 1.02875327772602 -0.152713622196614 -0.631591065573534
-1.19734851871151 -1.44363872656076 -0.00614677106104367 0.128412495999325 0.743475651337888
-2.06984916484455 -0.51133250921315 -0.811593784272617 -0.570929238145139 -0.752638329224621
-0.698593374960581 -0.273665951414311 2.05967480138027 1.54545906801791 0.599981620659434
0.57459782793904 0.509323156151399 0.256877812750498 -1.4683533743876 -0.831787489780839
-1.21329627571603 0.069200902471708 -2.70962417924385 -0.988250578029219 -0.396938890128372
-1.33373262776862 -0.342095982330554 -1.66792483866941 -1.49184976478525 -0.91820445484157
1.00560990708755 1.26441003956723 0.947604140976621 0.907852026237096 3.18063706190305
0.0304778464504021 0.534906418700492 1.07870652540108 0.635406314161372 0.00472749365953013
0.18294475444762 1.42641995200509 -0.58695186587897 -0.0134697093603912 0.00585047921922724
-0.131520362620855 -0.444890010888774 0.902198095861942 -1.46810970792097 0.206382311460108
0.960952479584685 0.631388784516394 0.433761175576504 0.940625411251292 2.17257502786091
-0.207316891456889 1.05709989711578 1.26364059825043 0.276833982260909 0.49277934129984
0.724867965657364 0.40196519067452 0.191300405227052 2.26818906255717 1.18138336866245
-0.0772025010972364 -1.69587786265897 -0.522176151115899 -0.670489660720898 0.157383115786251
-0.152028717144465 -1.4551755642345 -2.05926446367179 -1.9560692275468 -1.10763405157116
-0.160296982099584 0.823127476203499 0.22026036333813 0.736461569747842 1.40774859008845
-0.46562008925973 0.0621066372095649 2.24446353816824 1.2884621598113 0.991549362023011
0.657440915301347 -0.0524467912135954 1.67193784821851 1.05270873768321 -1.54028179324214
0.776224332924013 -0.420719271697804 -0.565956385733242 0.266767552341054 0.261026315073435
-2.52415572389136 -0.423960001245291 -2.07281757143801 -2.88171100122249 -0.472007478934225
0.375159189004274 0.480140025545438 -0.198461548230519 0.582568735615115 0.84579725221468
0.924462748830239 0.703914153666206 1.2036553785955 0.591476258127813 0.834137699528598
0.265863980987528 1.00938234332491 1.10660744374615 -0.104091770284581 1.47751558071957
-0.3196484982876 0.256514126440118 0.866202128290065 0.461104677731219 1.38529153876101
-0.258464678943612 -0.761856753125978 -0.96067416439176 -1.39380856703675 -0.963555831882075
0.440340261338872 0.766722908367624 0.0977767514551528 0.931365140441241 -0.95932547547334
-0.490268780430072 1.67384122811609 0.594122511274489 1.39443271611036 0.381955455403365
1.12995736288192 -0.0117986304490732 -1.02081732673676 1.50675635162198 -0.0538723757374558
0.4749950156426 0.408786901466639 1.93162203231643 0.904271420738245 0.718551902177568
0.885290110060471 -0.0465891076999948 1.58733563748842 0.969345735847071 0.289779408623305
1.0695585037499 -0.94207009244171 -1.51398768799075 -0.0818460928766343 0.918473736384742
-1.35627432636408 -1.27150491654186 -0.825779672824081 0.15916479092438 -0.321575821132982
0.398702522517492 1.19825817085603 1.20575204325131 0.0105422948766273 0.475012673595063
-0.547281395759772 -0.16661069218193 0.62334851047574 0.891225139180985 0.0810572135526575
0.498112460708569 1.01976846071593 -1.18668648976321 1.13267940013956 1.06726887642443
-0.555808502712637 -2.27878124503411 -1.40048607684978 -1.07835448594927 -0.978286767596731
1.3073100331572 1.24438416559693 -0.217121526036962 -1.44879053890954 -0.867153039659342
-1.38965873564738 -0.762970457231314 0.505494845000361 0.835777413358424 -0.471949643060938
-1.45387159200758 -1.28178939969755 -0.695179774363861 -2.48695327223443 -1.55675847342913
0.621067075386896 -0.756367610045096 0.297195958707286 0.652342317829413 0.679556027304978
-0.283810026702831 -1.2765683773588 1.23873212790264 -1.20942169426484 -0.179981929812255
-1.0786213027628 1.06230271276767 -0.392958858724645 0.980902663650297 -0.27274285265137
0.427338144747482 0.953452725741557 -1.16770741833428 1.24902096511968 -0.819583800305862
1.15295194760939 0.380644851584696 -0.933108307568071 -0.104651539605393 -0.382259933784086
-1.28749664489696 0.703598434363011 0.489420343022124 1.0162498599399 -1.16558813147485
0.310830971737298 -0.0819922724326179 -0.633329570446613 -0.892398648517644 0.158200062789078
2.59190593857294 1.07586682002133 2.03103982878691 0.942251602720216 -0.0817532690243282
-0.320237165182027 -0.264100257853678 -0.188219560532029 0.568031557967886 -1.41376277489419
0.305533219475989 0.594099127182197 -1.65021967081531 -1.01253957192265 -0.959163783085016
-0.0457206726751099 -1.29886632399428 0.894911427232288 -0.499622009488605 1.39680321454562
-0.829790412614198 -1.51925531378146 -1.2816520492855 1.15310368118616 -0.891849001166789
0.295849171651998 1.98641046702416 -0.371051368895868 0.659182201289299 0.871092536116134
-1.59222141663161 -0.445072119117335 -0.454793162648242 -0.0228758912075719 -0.58091448943571
0.0268012786217994 -0.328833658932134 1.17857402396974 -0.501359063696011 0.898049568874658
-1.56751112958855 -1.03464319484952 -1.72400140277328 -0.0756207782994348 -1.20704368076494
0.098594170310153 -0.0928343139292574 -0.748306155382898 -1.15757814783293 -0.576072197927158
-2.81978484072759 -0.811899456276914 -1.82656618789739 0.389767982280834 -1.97620297532725
-0.0418065437598864 -0.937345185092479 -0.960499263678673 -0.0789486774227787 -0.0788449089612565
0.60053282778193 0.425132900346929 0.287000165021259 0.400918966831505 1.13598702432915
1.18616073338103 -0.124486177139762 0.271012992055037 -0.53884207501394 -0.18243540919443
-2.12666377021357 -1.48473716029953 -0.328808120320055 -2.46174345184781 -0.554575555077822
-3.12869358526679 -1.45417462069353 -0.28458854458615 -1.6909084272906 0.705872263829404
-1.43899079529783 -0.968845446393768 -1.97528848641279 -1.15924088812739 0.138089109605415
1.52278714352738 1.4341910000279 1.46454761199169 2.33167577570907 2.37543721112722
0.847036725704616 0.783029184703996 0.97833138897341 0.406987438615821 0.239381680992696
0.425709933599101 -0.184954707987797 -0.249784564275668 0.227772196063704 -0.379736054622492
-0.143328570181909 -0.115941187930928 0.19564141814818 -0.87595892289984 1.19506323831788
-0.00988567473076289 -1.25689907881691 -0.572223468321078 0.36931153807924 0.155486631177498
0.241262926177702 -2.42139756894088 -1.69071627994451 -2.35969820148944 -2.06240616388691
-0.878274160999688 -0.120272525532793 -0.0811696166825949 -0.328823947639034 0.344862967193746
-0.534013894147659 -0.702664068835666 1.09733337755802 -0.722542167698243 -0.564886947468037
0.610303857437982 -0.437108221570386 -0.155100898087805 0.0802679225640955 -0.994066627433138
-2.1191180386562 -1.20693422694714 -1.25303034357435 -1.88332197300111 -2.3924522563032
0.845686540946371 -0.514720450285703 0.100276219552842 -0.183569704664631 -1.14408213808912
-0.0901636081030187 -0.848985060220212 -0.75846261412715 -1.50003186183533 -1.4922996094737
-0.33830832286205 0.771020920239352 -0.302055199525642 0.530963176245484 -0.262793103759208
1.76903937315241 -0.667186145626176 0.95935919931075 1.64324339235219 -0.4432229681373
0.277112593746792 -0.686024397473418 -0.856128845700561 -1.12590840409634 -1.13737039783805
1.36316260817675 1.83543935684272 0.163005100919071 -0.392431110897652 -0.484172111142459
-0.562046965297006 -0.887912815878499 -0.151789174111922 -1.80469982342806 -1.24904159706807
1.00664900380361 -0.986049315147139 -0.885756351912205 -0.462571532432599 -0.424611075455214
-1.67091270207938 0.284265760050989 1.78360734577415 0.257364120654299 0.430063496122996
-0.161571208581783 0.358526593993024 0.548828109418843 -0.0811480598759736 0.00606743595891356
-0.883946451147843 -1.26184145345988 -1.46178196815806 0.152261564268692 -0.186170394024352
0.946818101145866 0.405362813640676 1.03254202673331 0.668610418704695 -0.186189303710092
0.604376702273534 0.572908922285493 0.75825905200377 0.295476079401609 0.925832860297146
-0.0529563079545117 0.0720443431239052 -0.328287704463452 1.98870214019889 1.89601439839566
0.637557286339257 1.39167524901951 0.882589473988988 0.981190121306263 1.18843701163742
-0.894173086462347 0.0461254181977356 -0.0396965938211714 0.376250215868393 -0.758457321289104
-1.13305650595425 -1.28204895189269 -0.797810324509066 -0.126208450070693 0.55188327270895
1.8290354382335 1.92067994392067 1.31649700192281 0.838678279081806 0.809968430039049
-0.284346745082901 -0.378760143368033 -1.39914186277524 -0.655275015782554 -1.77795927099067
-1.06453634070921 0.758108475208239 -0.503178965741409 0.0819794847967987 -0.226043586941366
-0.868232045316258 -0.462886621407386 0.00474322038125671 -0.745732980647777 0.0302644184262874
0.679391978253686 0.572352037554633 0.959376170120723 0.426875242412582 0.288645402577533
1.00809375562584 -0.468552436534192 -0.761372995740964 0.106708269557339 -0.469181667190995
-0.313389081952413 0.525581088455246 -0.424203424271026 0.0827805485058387 0.657195411651323
-0.748901520297092 -0.438278032891642 -0.470741160258249 0.0565580888482761 -0.860487805799602
1.15660847808366 1.89964274619639 1.15346935752712 -2.08929494916615 -0.343802513429561
1.15732237355752 0.940669908665068 1.30246614916262 0.45543013021543 0.431098667198107
-0.0475740483343572 -0.115681375310417 0.427607851204624 0.884063100869757 -0.249760480926008
1.35536105916449 0.320115614545802 -0.367680796105808 -0.321085778023437 -0.405038655660206
1.33595785028761 0.580630994196422 0.981997948846205 1.83727657515735 0.694358718023836
1.39183311232027 -0.697054838650879 -0.264437900427835 -0.480734842479669 -0.0450982090802078
-1.66691983213724 -0.274372892291368 -0.397664324042521 -1.83380934602937 -1.83030338286767
-0.329667978071863 -1.39429308117957 0.834953752014705 0.00860466462877418 -0.542456907692245
-0.271741717630056 -0.658733326668429 -0.432442280078152 0.0397883071067102 1.14310823100895
-0.626612938133989 -2.87405429393317 0.0345839594077151 -2.3110880921541 -1.69690514299704
1.9475924367718 -0.636803759476993 0.513009972275695 1.50978395497431 0.324166815284056
0.231755330452412 0.0622066725063 0.176771989076517 -0.804815222608333 0.285584155728427
-0.103961477591831 1.79013227804275 0.847218822557232 0.266171610360879 -0.135245017416359
-0.169046235161588 0.475548396241563 1.11457534020748 1.8752676331729 -1.18926793653761
-0.656266036057625 -1.50936856312659 0.127504858515331 -0.39695872213237 0.263838992451947
1.47676392982595 1.71187841049274 1.35629353124304 1.29225402430705 1.26830341331757
