-1.87910378840927 -1.9259856592952 -1.45271285726132 -1.28163149624523 -1.75652102213139
-1.83283107753538 -0.0712274110109196 -0.591199366566232 -0.448814152222292 -0.594708527519625
-1.51973132613197 -0.940271503243426 -0.859128017748558 -0.179761741029765 -0.727829866608923
-0.818130153719067 1.09291303657985 -0.253976051375029 -0.0255163784307074 -0.476647182752495
-0.277638128265412 1.04102902074051 -1.51801012195492 -1.01333061599808 -0.0807774784448304
-0.313045314187507 -1.19937671525556 -1.55925807075514 -0.635181033481756 -0.303553258038168
0.521353116010389 -0.121974724985332 0.441896679164907 -0.0383898157174389 1.46365771894653
-0.702568154489231 0.198666292974847 -1.98932567978221 -1.28037982147688 -1.54545119797631
-1.42953875155222 0.62033829840755 0.765645005155416 -1.81650802694095 -0.509668649071851
0.607481507203599 0.162268220020228 -0.0617238299047196 0.0551005548683199 0.694696092632405
1.15928968234193 -0.269840125206656 0.552230090604699 0.100037964809036 0.247901591782511
-0.535411615694078 0.29549334946648 -0.385770012371056 0.471143291584069 -0.45902686835771
0.430716395829456 -0.213702320175936 -0.361547321530069 -0.347474674391673 1.05696833840658
0.997915021888692 1.51544808462696 0.28257843924247 0.189934443580818 0.777389198290086
-0.207698501187258 0.543184693801544 -0.240273072041944 0.526601434473839 0.552020209266432
0.155739192048288 -0.0136346936491483 -0.227877417950346 0.997719376394244 0.292724236069961
-0.796009583354773 -0.37893384235867 -1.57621635543844 -1.82138807384976 -0.737557597006059
0.15191829830565 -0.175540176502016 1.16885077328074 -0.212855775345899 -1.44832050147174
1.25494815756963 0.435925146670585 0.323295713845643 -1.35806419787987 0.575791784227554
-0.981060539951188 -2.25100628795656 -0.883538732293749 -0.516094727744936 -0.0606413096003907
0.0878411463721056 -0.868187680690824 1.66069908125891 1.50986481388704 0.427121144647696
0.79115863829189 -0.0836268586317416 -0.200570821525583 -0.13108288101256 0.463808428697839
-0.0961398793632662 0.573653854807165 0.0652771591464608 -1.01235832061582 1.91893911239903
-0.308605782385163 0.768368006164347 1.45204525208257 0.979476683284343 1.25910746254235
0.892065474188487 0.428175755295943 0.425061987676631 0.105684867902345 0.841796486951587
0.186234815298135 -0.00735126272062085 1.2192354523785 1.27782452886058 0.948094107476732
1.11422623647665 -0.524287893233702 -1.38675983909446 0.544342130250764 -0.110754718711586
1.19665223409841 -0.402096820168367 -0.318056650354077 -0.0328783396628561 1.16811924278701
-1.03884758875864 0.841157703270094 0.645972267085395 0.365871612127702 -0.0801366921105962
-0.8836886508207 0.648583546055471 0.344761386443714 -1.26866151430311 -1.18515878253214
-0.411838809492235 -1.49918732238538 -0.282230048312043 -1.56377529358328 -0.705840883420348
-1.72448236088652 -0.25143015348352 -0.786193699668937 -1.28911182267861 -0.689631994528596
-0.619744862321319 0.0969702447616493 -0.318949896809801 0.354376118647346 0.019000506559617
0.576070840141653 1.42990599303741 -0.211700187797775 1.74704469277827 0.868524627230578
1.29813987200638 2.73714820636737 1.40091210386163 1.36287967252428 0.37094186674231
-1.32908841695548 -0.719487759310391 -1.51596382450568 0.204454621686535 -0.789477286902334
0.667403292965918 -0.712098137316805 1.20502416884907 0.423431058034004 1.20497856955185
-1.18587526668637 -0.645058950236307 -1.58721752574814 0.354489094616781 -0.722744586254306
0.784997170345849 -0.0608285258119996 1.71284859188087 -0.153723434950247 0.223476821420468
-0.762775286887303 0.151598442251124 -0.995992547891611 -0.389954844207795 0.692666205147106
-1.11479603092555 0.664889175184083 0.39914079272464 0.344383431744633 -0.241513851577606
0.420281302917177 1.17345111121993 -0.59163893356597 0.340005517362523 1.46785178872213
-0.470901808650592 -1.76861912881369 1.60525582593071 0.401810371478668 0.246704055266541
-0.592337800422714 -1.73412245589171 -0.51976615067823 -0.746316447018421 0.641914997141649
1.11972380594888 0.389246086002407 -0.212959141521961 0.4259972986305 1.16922585220028
-0.0630405765929406 1.08408943587555 -1.00753183420114 0.0652507881984711 0.496361872318826
1.68738547166105 0.00693730525950225 1.48205299542928 1.29013358742651 1.10592393561022
-0.0544923757654888 0.310440791309254 0.727672095439062 0.112522056421677 0.986820113784199
0.0893821863909798 0.753048132781885 1.49855516769157 1.23279332054679 0.351008467597672
-2.68958729029369 -0.42920557358528 -1.30032329255545 0.829040887215405 0.187776948832618
-1.04172347616012 -0.0494960485032066 -1.28099602447777 0.185952747729467 0.209070415943372
0.957234708569102 0.851119201229125 0.162787465066517 0.329223127612573 1.71225830105857
-0.261095895353142 -0.257089014082138 0.605495146626621 0.426436660775373 0.933690282246913
0.471073880031641 0.213535795640397 0.186336389825639 1.29259237544962 -0.528013649224069
0.130581582639001 -0.733982915992368 1.01117383861346 0.605829898031748 0.103071628313888
2.04547575136331 0.9886278898548 -0.566870491095486 1.3248125455124 -0.770721156998677
-0.0271869246274289 0.404294184725697 1.2428224916993 1.22532000991011 0.218487917008406
0.55413538209956 0.694659469487346 -0.307520684302462 -1.41843416940457 -0.680840002304916
1.52222092968138 -0.407551749792373 0.869909635259293 0.934654739350748 0.417664876502914
-0.974394995247326 1.67514105068447 -0.976339850755577 -0.272019509191036 1.28105709111965
0.520971284372201 -0.462501496098612 -0.228110648399354 0.492548332865425 0.69947697412753
0.682528162316218 0.0574568484258943 0.472726822760187 -1.04256706580612 -0.0133819323659933
0.614020876715729 1.0274729716494 0.801997561155857 1.87783313920923 0.170905440439373
-1.80303339000361 -0.316207641506571 -2.31352222022305 -2.1294012763001 0.184129877322526
-1.44246219688544 0.189868934792425 -2.71662613532299 -1.86867247168154 -1.69442104034024
0.146274986463171 0.657501713642619 -0.140320805098685 -1.14978396755101 0.7639617183146
-1.21252292634156 -0.634434001409278 -0.774594755203675 -1.87795438165477 -1.07971980207235
-0.992745382590586 0.0139100404816931 -0.199592545783341 0.0380045746858609 -1.42302100704632
1.69727860506237 -0.0156130032616572 0.273890695260156 0.427911279886389 0.684511615697032
-0.952965746996268 -1.20179961523976 -0.690872471017001 0.248648795491049 0.265117785227014
1.0475605365234 1.98697376722117 1.56146764406455 0.990894090547951 2.78078803646272
-1.02474273629864 -2.16276839013093 -0.589917165461671 -1.16988248133537 -1.03046081765581
0.229704807680126 -0.277672916661692 -1.13664733256684 0.415768079049917 0.659299648690754
0.620087005032547 1.13657255747425 -0.286719728294702 -0.416165845215538 0.488298330896191
1.58158326999022 -0.256415474806569 0.0313496569170153 -0.163513899433637 1.07836922448683
1.27762636225555 -0.170851257654343 -0.229999979772753 -0.322627772026101 0.446182292958708
-0.110781447104157 -0.744261482163577 -0.488517347844004 -0.388115852641277 0.133990261983172
2.25492965461527 0.493295870168875 0.556231692589629 1.32175014625257 0.295351459317932
0.0771816077075964 1.35777619957764 -0.714065785571141 -1.50058050258796 0.5066468377936
0.472363827370092 -0.00473284456352057 0.328297645823873 0.0473549820341798 -0.394396734937943
-0.21008865875151 -0.695301130204365 -0.458926366837367 -0.281459758301534 0.478776079409198
1.9783396964948 0.923401895461005 0.737572174122727 2.04246235001615 0.59390201295672
-0.580248362236333 -0.572641975056623 -2.11218105556732 -2.105239748737 0.212027536021534
0.0967012976855614 -0.0140098240012466 1.12395444712779 0.648878894326358 0.750126329775327
0.962133741318588 0.634193205001355 1.25762794778483 1.60840963987173 0.376709398892554
0.0970479297496696 -0.579398428967153 -1.44426250844388 0.723143297816766 -0.516744002621426
-1.13041452689031 -0.259721349139137 -0.0331830205192892 0.571523369601162 0.614337194653472
1.99361737211008 -0.259754001529105 0.806550905179445 -1.40184560698309 -0.406550748526632
-0.615730943268326 -0.45392579261131 0.218895311777771 1.72172951728199 -0.67827105057005
1.04793937998206 0.922093168561463 1.98448324231632 2.09157836481543 2.03583052029613
0.704799368802026 1.75205752029189 0.905153834009289 1.28335017708206 -1.01929599243046
0.386527252491538 0.804068300432363 0.381096790426415 0.236214451442573 -0.0887465252612337
0.574752612950933 1.93204098610561 0.316186972971012 0.759078072795742 -0.566310335125562
1.36604425059423 1.69095027474448 2.56044154233088 0.787477216983981 1.60595513568915
-0.0405887640635416 1.9283459571114 0.488139925283823 1.74143936544786 0.593432239217489
0.442260744865315 -1.95387515506457 -0.0119339318087919 -0.131953136402845 -0.21966340820001
0.351005937327433 -2.03141281330813 0.872589700110416 -1.63819625024368 -1.14103897487907
1.7178999624797 1.20280761349001 1.93057691347524 -0.805935715998512 1.76880429392838
0.236683981481248 1.64645262231504 0.856055111672632 1.58248133387018 0.202736436403994
-0.894899229926093 -1.29664247826703 -1.27219007674776 -1.32764899792601 -0.336419611952221
-1.72837843785119 -0.757001437873353 -1.80851121591742 -0.0437990672547547 -1.8863082518116
-0.401098751908853 1.48312204132655 1.84417062383579 2.1105194758042 -0.297585381659245
-0.60095363487649 -1.00653341548416 -1.31282319992531 -0.0174460725521387 -0.72370677909435
1.12092680158253 1.65115064153131 -0.142796579368288 -0.456449730701781 0.273324952924748
1.155589739647 0.408625524212402 1.65610865859832 -1.07728655840001 1.26814505544298
-2.56565332759029 -1.88394559299241 -0.240228976588401 -0.983387401178381 -0.352332570411907
-0.41210802135093 0.608921088748174 1.28708787288924 1.41335264415484 -0.013697741915049
-1.48027047834621 -0.997167978940883 1.51681025149153 -1.14165530522058 -0.237543253579714
-0.931439062768438 -0.727114775722825 -0.609742993894088 -1.03121718896701 -0.0420923727360343
0.120733713932566 0.79072664458664 0.742879156060286 -0.10336730376248 0.0972531444359843
0.158780633159748 0.966491905872074 0.801786877887385 1.25614728354943 0.766026333060691
-1.43142535995211 -0.644420154218504 -2.78766372487415 -0.423827617963177 -0.151211620536671
1.38932197678905 0.648755900671737 1.33940132964575 1.05226916950857 -0.0445595903910762
-1.56783116013497 0.0570528110930508 -0.322209042214108 -1.63094343338573 -1.60573088503072
0.312494161758175 -0.861969725568086 -0.20638135566379 0.045520856463449 1.13273066873441
0.375905069412723 -0.311069728174352 0.55691766427592 0.639049108439421 0.754813394296489
-0.372473341999787 0.842061502900606 0.528208688722374 0.55557357555184 0.144195071730802
-0.430011962223548 -1.02955621458685 0.668961913187212 -0.656088677868208 0.278304916356814
-2.37598681968984 -1.13280377553037 -0.86826940607169 -1.10440700426848 -1.8490953514212
-0.790285470374847 -0.20268116859746 -0.34034911224193 -1.6135914153249 1.17049797256218
-1.59999567728124 0.129970939091926 -1.03195187866605 0.976514698120854 -0.153755098215894
-1.08052888229717 0.495353124269033 -0.396009399252349 0.560491613048886 -0.564942733556497
-0.0574499820404041 0.194929347862118 -0.611693400896188 1.46215973765184 -0.728903844271852
-1.05902017501161 -0.0774991755015584 0.302964589336964 -0.470305928796212 -0.34024955516092
-0.982941938230884 -0.0900812647407035 -2.92030060800991 -1.17832967497274 -2.08729377005731
-0.718242542368925 0.896577490808425 0.569631389800254 0.0751778981913998 -1.10502668298281
0.635200335726007 1.51263328316824 -0.146429449881444 0.361832734433151 1.31938855922555
1.32858299938909 1.6968350255842 0.477166916804598 2.25969574411157 0.9285210768614
-0.157585879582881 -1.11118905130232 -1.71069054640767 -1.00509507476268 -1.95229519897491
-1.06686572407465 -0.700008182001199 -1.99257662615955 -2.15111329157748 -3.18849847069177
1.53845124766385 -0.92597967092803 -1.73848726164694 -0.884009539868303 1.54477966910063
-0.021367185270256 0.754768346440435 -0.891003912037008 -0.442993130850395 0.635496999964285
0.97221167292988 0.638270564509698 0.582942747872036 -0.0280857288449465 -0.226345989650829
-0.828510786356947 -1.60847654079684 -1.36408618857179 -1.75639235526615 -0.684635240057378
-1.36450997762152 0.127596185909506 -0.579655849928447 0.568910507740587 0.106685470591039
-1.55182411370643 0.49779953996333 1.88246568017224 -0.917696110949663 0.415675583483674
-0.440527530538419 -0.597011363611661 -0.129474316689688 -0.781122272327801 -1.03294642229722
-1.74557660231259 -1.52563987750519 -0.622317312341435 -0.65253469163364 -1.72902961781899
0.696169043770505 -0.320814737229084 -0.55074692316325 0.55792325061943 0.597932264448558
-0.437158532423801 -0.682532620630404 -1.39237547783803 -1.29067801648571 -0.928294178564626
0.200161064523054 0.642615931278187 1.58767037975039 0.192529909522395 0.539191788491742
1.00542179267074 0.909132071928811 -0.859627145817989 0.273232043305772 1.52313645866604
0.514488965888356 -0.455177571736286 -0.879619255932307 0.492015930587792 0.0286399543961841
0.167437257702741 -0.457455552165149 -0.0972637254913275 -0.775848199279291 0.0693716947488356
-0.949123164933215 -0.122730992140897 -0.464060265559623 -1.09261159667128 -1.6368481523021
-1.12774434880175 -0.580040476149467 1.32187714890325 0.215559603443632 -1.06757247262032
2.96154407496843 0.97815563600916 1.0757366776738 0.205821511119007 -0.149791021891512
-0.316712476624086 -0.464773938199408 0.223823542473559 0.236074708847924 -0.272440553989457
-1.86517027734865 -0.305799996697795 -0.956770072192595 0.280842722539221 -0.222784977351736
-2.46185524300056 -0.366162318312064 -1.04606103815666 0.402177479163921 -0.361630183135871
1.08833741124593 -0.547011856043517 -0.33668465780988 1.44846825153699 0.411011193332681
-0.226094774481019 -0.226614856939316 -1.58752025604847 -1.54319761944009 0.427515360609526
0.765024881487379 1.01492164451895 -0.677468092103222 0.904860013558954 1.21343810247924
-0.525748907355678 0.112026860681928 0.217207817820884 -0.997713989062718 -0.280807083903626
0.0863714161706393 -1.26940149151981 -0.136450717341624 0.150978189614806 -0.237922236670552
-0.556794228903974 -0.845379452755507 0.141325691255185 -0.184026611085987 -1.75058359431425
-1.78662259868584 -0.364758413633953 -0.738124643409425 -0.110293266343693 -1.26825756829465
0.759332125781768 2.2533492491421 2.52424537971402 1.64943343857806 1.54700967236114
-2.2351609054114 -1.01988758609774 -2.36526604666916 -0.443894324018399 -0.364465485451566
-0.15930699877911 1.05779190778871 0.460927442033906 -0.794100388309732 1.06560719648813
-0.492372492535674 0.500650694273042 -0.128515757028952 -0.923843346450188 -0.646551742753337
1.01089848510587 -0.132052128463108 -0.156050398554887 1.07933117526875 0.276517597415325
1.24947993684176 2.24448126577986 0.471122706650755 0.173699319992895 -0.488868423651497
-1.46639652893168 -1.88128055016939 0.575269965979374 -0.476773992843678 0.127310051659559
-0.898259860585705 1.88880419305933 -0.138453455616253 0.31063445388606 0.593006626101048
0.233437765114332 -0.427149986849346 1.39686703568883 0.438301619341151 1.6886642011925
-0.199851017468406 0.35370876375626 0.779161711505007 -0.0797613259448671 -0.113446534486354
-0.434374370671462 0.185798079111541 0.420969374565821 -0.0584913405030643 0.511987764425754
0.730818847818777 -0.640339880236299 -0.606475113767947 -0.791924374099003 0.484492083874042
-0.528697056033896 -0.50484126053801 0.101075105250045 -1.68547311218141 -1.53732357835623
0.821643146256202 0.0499190641369965 -0.0351716340933634 -0.881590052879537 -0.254365736191596
1.16218060615845 -1.42141623907973 -0.566958549468683 0.0572413280814261 1.18939955501227
0.358588895899654 -0.886564861993961 0.0344307536716961 -0.546390827844233 0.497975868042904
0.307159353900819 -1.05672134437554 -0.995152327575841 -1.21983024340355 -2.19537730419149
-0.597581123609175 -0.799822276322534 -1.17872431904448 -1.65499908242944 -0.53423351585039
0.756572324914171 0.271827255714947 0.00999345751285318 1.36281176684612 0.824857795446114
-0.78836566461318 0.687724197408836 -0.728347697133319 -0.890940563044321 -0.670983184056073
0.231127107237248 -0.622411174355758 -0.617175128613492 -1.29084076408634 -0.295601959409369
1.12774343324865 -0.633980286706604 0.781603945675166 0.35151636501875 1.35433841731261
-0.799857428137299 -1.31754162212626 -0.99221546700275 -1.1968273923449 -0.055351949840346
1.42056783649352 2.02698635097871 1.99671202184983 2.33566696967649 1.51339387594002
-0.35958497084166 -1.07414118937519 -1.46664985988389 -2.04025556011436 -0.0336956456678492
0.435656165425628 1.05334555824935 0.213992825538739 -0.627466575347162 1.55329576369081
0.633322555877211 -0.0736601208024042 -0.655279887776106 -0.433076249629677 -1.28823143640651
1.19496544212305 0.030771356319625 -0.644701474177425 -0.12793462064044 -1.13222247072575
-0.445673851342279 -0.664898591128813 0.133116336325854 -0.416822305634269 0.582721618179974
-0.755243980569568 0.0215482106705019 0.883630236927286 0.510182011718527 -0.0321971944375399
2.57319242737252 0.579657119575453 1.31677393645629 0.552994823135871 0.838188427886942
-0.19767530387658 -1.11102723452522 0.0543941019361958 -2.59908997746825 -0.329818403679675
-1.73479038922218 -1.14939330424081 -1.01411635426759 1.13381550466159 -0.0378442507116297
-0.948655445345714 -1.7722841148758 -1.02331036037758 -0.544451004737504 -0.117609144398835
0.248691935354422 -0.17543264040318 -0.03339409497515 -0.868619071149564 0.408453986552833
-0.0248164587131855 0.778938615292412 0.727235440683456 0.878871999691931 1.03558090646306
-2.35294955737396 -1.82871481887088 -0.648994244321433 -0.908360017195882 -0.437973185511625
-1.2932696579547 0.140229821307152 -2.39930523510073 -1.09739443064476 -3.07765552807589
-1.15158793768529 -0.127653354472307 -0.550008997083586 -0.825332648375211 -1.14273472799942
0.0222054193701522 0.555414064433095 -1.36866699077085 -1.21436466765771 0.0620784928113043
0.463517586256593 -0.447287711174192 -0.565185747186042 -0.569154491250593 -2.3077651881847
0.729104304129056 -1.26676126103186 0.644163530287562 0.679203695437573 -1.06115443975673
-1.74669063392886 0.5820158272936 -0.537116840232295 0.168122021886572 0.167965758930118
0.660607743909394 0.954584719734499 0.203018111974534 1.31560000908749 1.97362874123458
-1.87079568954372 -0.365820631788881 -1.39375804020922 -1.70007350391597 -0.903227480438423
0.627334729268559 -1.06523692643852 -0.316565364438933 1.06591708628975 0.584509866329097
-0.431951196373125 -0.948878678931431 0.48992869053817 0.724161980422021 0.404514315101671
0.489790030339743 -0.188743962363374 0.195658093154311 0.194055776186936 2.51387647605223
-0.449273543424118 0.282014265589696 -1.07419801186383 -0.613519613356992 -1.8265375835073
1.54966991001882 1.0111079202413 0.971858923892984 0.0706622703656238 0.859391109390002
-1.38499208815523 -1.9319870166599 -0.776332627379441 -0.317599171645837 -0.062612031854923
-1.01484983898967 -0.98458300006002 -1.12168472974112 -1.25228314898901 -1.2366282413044
0.00940798796955373 0.199237483141772 0.20444435023592 -0.448807435631426 -0.778639079294534
1.75342461566809 1.29591301968548 -0.0624757149545977 0.635563095419984 0.0231448698300067
-0.0636991261563919 0.636525288196885 0.983684109912209 -0.449112050114556 0.173001115510943
0.0668747090724091 1.17037035729971 -1.28171832496839 0.273485447833623 0.715674768448829
-0.554124808503195 0.276075127641625 -0.417888645526296 -1.18121885210267 -0.496315874308825
0.055424636296797 0.495864215223603 1.15617043867524 -0.0470912685175914 0.958233334620456
-0.243411734571858 1.73700864582476 0.157835210629441 1.17205428661529 0.411060045846353
-0.714292940712869 -0.582709240861034 0.0246740908831294 -0.158020413305916 0.0137209585753813
0.417445642202225 1.13204156304544 1.78223362460586 2.47994158071874 1.01361732971539
-0.286495977040674 0.953320212977136 0.376247037507839 1.76099627142508 0.974172287941275
-1.28189989569361 -0.745784403004084 -0.629216276635379 -0.466205404895357 -0.259749604033141
0.38167415051504 0.90368656821202 0.471949881798375 -0.843758115091083 -0.706048860565185
0.0527923583038367 0.105189119777097 -0.921951678720512 0.346724009554201 -1.83731092254375
-0.626998901679694 -1.71408521668114 -0.284405804567106 0.237445000297996 0.206675886136374
1.11064433148139 -0.899422382615528 0.64301738160005 -0.94017958902489 1.27139279235981
-0.814152977636867 0.789495448357758 -0.929970310546287 1.45268696194792 -0.0977647026524909
-1.0865612831963 -0.816656076981759 -1.42834590266089 -1.3530410043344 -1.33569383205674
0.883290346629754 0.049529754092113 -0.94375138620688 -1.82790628861042 -0.924999172056748
-0.374722422200778 0.459953746430067 -0.206607813171261 0.504416427087203 -0.96730900371372
1.02027584149642 1.86872235239247 0.205635761260155 1.78283103996434 1.26131199357031
-0.374341558782342 -0.284730586872344 -0.530655317600598 -0.842854072960732 1.1133745323253
-1.63956356186166 -2.96531187316704 -0.881549765338486 0.280326679362612 -0.320827348242317
-1.59305450461036 -0.149968668721108 0.727447788076441 -2.33931692924181 -1.01688495025893
-0.664094089966786 -1.53610436734043 -0.33002531090347 0.116340913418925 0.209186415693547
-1.35419363906626 -0.681712653712352 -0.984355643337552 -1.46389554054785 -2.21510742997355
2.0471146746359 0.356207255206372 2.35277758439125 2.38768423358078 0.760950324002481
0.0606380643807181 0.0166747111899358 -0.0126864566613969 0.618799594155606 -0.87476104669562
0.0136325069730688 1.00712718523055 0.380845595986991 -0.724122311991246 0.678169135718548
1.24233950112967 2.05099222399264 1.62000131891045 0.419655905919938 2.67574483090275
-0.118641588355467 0.53966016088877 0.248022117586463 1.10055826118813 0.313996486207733
0.777611988425316 0.712706693477353 -0.519638417649141 0.787767842179325 -0.168337100549362
-0.520317220282948 -0.909101475231501 0.264333940416344 1.80296434604902 0.905595707998824
-0.634887304361707 -0.298468416917709 -0.479424294090506 0.541221380016164 -0.136665718167644
0.464218354632884 -0.990060142275358 0.648896604078828 -0.17895744655542 0.0647574940623887
1.96465686800453 1.79194717339529 2.00480669246489 2.07338728580814 0.415484481619098
0.172167555046083 0.674989585034663 -0.370309496527747 0.426846137533294 0.924412350835899
1.38734956482692 0.742042461581329 -0.646777358085484 1.21077720823012 -0.0573301651214321
0.167993597593117 -1.41506603826585 -1.44850569028082 -1.58182608842922 -0.807790306507203
0.579010546464888 1.38290354914876 0.38465981608676 1.4346170240393 -1.03641170191708
0.289072205102454 0.658371811645924 0.941911784127138 0.12578642080766 0.0737958208669903
0.149975032729755 0.777177299183402 0.157738415068004 0.80956056792369 0.967961194552796
0.505814151401904 2.41245908152204 1.3620122929041 0.876036194827935 1.9449831965099
0.0261346611039801 -1.88623436795369 -0.15821080139468 -0.0594294606327947 -1.63303711981627
0.842706687317531 -0.192913434175502 -0.692653246691737 1.68998274155167 0.0182502374184886
-0.878523487086834 -0.407279974443043 0.201712681649852 0.655051466644791 0.989896845560764
-0.308297512280456 -0.822535185564347 1.07867621996354 -0.287859334862361 -0.340055110294554
-0.802218766616737 -0.208546499673244 0.934464297756828 -0.135381875694208 1.44717444875544
-0.1696603303719 -0.6212840101638 0.656120759177138 -0.295334966354418 -0.154202223898764
0.886973045368888 0.376971671663247 -1.08561664414372 0.462099081812208 -0.374194163882537
0.192274564449934 -0.964363427357507 -1.56215221716601 0.227539682506859 -2.12126708840026
1.46583483004386 2.71008845936823 -0.635709517663719 2.03445729363819 1.72810058294575
1.52691944401719 1.69319216364253 0.270668157680437 0.929608325505051 0.574231328094078
-1.39434736237215 -0.859222074946007 -1.25734691707118 -0.536257982288784 -1.33668418503439
-1.7199082149819 0.0405288717509176 -0.111499336098469 0.463084515410842 -0.115614908529735
0.377054779585698 -0.725353486833397 -0.708274856999888 -0.441942126976627 -0.357555229532071
1.27021400591902 0.308144480282228 0.176502775899827 0.101484045845408 0.866239298248413
-0.977111836001196 -0.632049295190461 0.238167521788426 -0.000376792422625477 1.29765321023872
0.0212744729948731 1.2159909705191 -0.0549725661707054 -1.92826605570804 0.324273629172467
-0.729508747581668 -0.555385350430047 -1.08747036519884 -1.51166522740868 -2.32839056082333
-0.828872035248828 -0.547106726223778 -0.051536306533652 -0.463619047570562 -0.263445327224319
-0.685289881881756 -1.14540675777437 0.163770354306454 -1.62855251311055 -1.48999788768682
-0.178890374136993 -1.34516975051037 0.358803145413029 -0.611242694827848 -1.2709335035346
-0.96542419350918 -0.651091797405103 -0.880807295440359 -1.68212661982021 -0.997261112463088
-0.994809460311796 -0.0965156866037181 -0.907925615296636 -0.761298569711233 -1.08314736874058
0.221698804621916 -1.34631618506573 -0.159638222781229 -1.55713152634593 0.50106919629771
-1.19854927275698 0.0591071022218903 -1.12548989646666 -1.45506544851479 0.00408943061235323
1.08395043096197 1.51655754954758 -0.095755528959244 0.346684640219995 0.596849975254588
0.87388210380533 1.38001420959982 0.573730961108542 0.417911296616081 0.0210093763776299
-0.573480917957651 0.446910054614139 0.235991072873498 -1.26844352298093 -0.0262593285508609
-0.659273454283583 -1.32399213066328 -1.5814620204404 -1.03667808636547 -0.344736996408445
0.382442352382471 0.823130069907698 -0.40793733659226 -0.0384916775192779 0.356733095177358
1.50696299714406 0.780052020236678 -1.24606347237813 0.337317984348178 -0.477823877513953
-1.92663672887047 0.599868175730968 -0.131538540108451 -0.232115078602681 0.382591057775999
-1.17070586304716 -0.165242239166022 -0.89016436876895 -0.803368035716683 -0.749953177432868
0.180419693850338 0.595353830407604 0.861181811167468 -0.770092399004272 -1.27142212806228
0.678788999468295 0.557036944425794 0.399485475412638 -0.110951369968787 -1.14520733408268
1.9554543123257 0.797769592676003 2.26767092593615 0.317309172291666 0.674664317884711
0.321290896003029 0.374067492695198 0.528016605998802 0.867338362826728 2.02715969236176
-1.05799047199095 -0.830917902649837 0.301285525873853 -0.232294869426435 -0.889354270343213
-0.176160091808098 -0.355245896539102 0.908025601264725 0.472006240125078 -0.163097038448402
-0.527957109519148 0.788168076887554 0.81727324201371 -1.83225591448856 1.41112959076601
1.07008247286284 0.15179116208754 -0.0713532893819585 2.07943428390264 0.121944169603945
-0.95843882224603 0.190074742807565 -1.23552599840642 0.500579337746983 -0.0415317201538871
-1.72069548195871 -2.08669980485432 -0.0969673515109524 -1.2900119046212 -2.16795796586065
1.50455005130789 0.446189501084249 -0.374344480189465 -0.226505130608725 -0.366233594072485
0.500232216337901 -0.777487156330499 0.0304342417863807 0.0478616918123707 -1.50046089526275
1.27328074395228 0.749776220414721 1.32187771231116 0.780116713783158 0.282955312569364
-1.79481262577382 0.755007411532204 -0.411017215451594 -1.19615657826417 0.772525603826504
-0.426494721094135 -0.42895622833844 -1.27428011099597 -0.427134047720359 0.375142118368274
-1.8006310909009 -0.395913331432819 -0.023011460449993 -0.908968052650411 0.281526048654355
-0.115610799946816 0.942173359457446 -1.08992167640275 0.174497052793604 -0.978060347649478
0.17998369122366 0.0397223919456958 1.24625846551096 -0.120687024325681 0.792500688076935
-0.633663687493787 0.353763484559667 0.950685584236532 -0.930597022544129 2.00638342764563
-0.769083609658689 -1.10975774937614 0.382433328263472 -0.012062216341117 0.433980074708495
0.641781353818814 -1.64393810451668 -0.22978072890508 -1.08631551476264 -0.446732584375284
-0.369370658688457 -1.12413144605047 -0.0694469779820502 1.57590253221922 0.332887921958436
0.326745922169317 1.36010916497229 0.955611117830539 0.0210150084530724 2.05587315559952
1.49839696855154 1.9255080450441 -0.551218972570103 -0.450384269475548 1.17260763497855
1.56896492912281 0.312616001399852 1.39671819051941 0.505927284410378 1.48150618456564
-0.812324721088984 -0.196352564183869 -1.08515526020476 -0.417144712882074 -0.245139450366204
0.69009457859317 -0.542873025646737 -0.273569770986415 0.20714159172422 0.668936653349449
1.044643526324 2.17311496147026 0.524818380092813 0.288876200303702 0.716621838801413
1.80202374466982 0.611700185921779 1.16590639833703 1.36493188841991 0.26519360519496
0.116288254841417 0.331130107320625 0.0670956667854079 -1.15474972675964 -1.25267427937008
0.197666577017855 -0.297410866115568 -0.201024522664056 -0.17705715890752 1.20584968969685
1.15469046261106 -0.803730274156314 0.886698052871706 -0.970382159191005 0.96529467595867
0.120522504059648 0.0602271866529416 0.934235143687875 -0.394935804892333 1.56008428630509
-0.62447862987366 0.506867803378704 1.08675295733754 1.53834859086401 0.325787610989435
0.388011835638515 0.566508134184685 0.0627408713025526 0.679631128901362 1.86860192144712
2.19622567447039 1.47335352962563 1.53965912535062 1.14346923931912 1.89035720994083
-0.172090018634566 1.25838774944104 -1.00785824674756 -0.0673182790348223 -0.935215882761118
-1.60614645307707 -2.41337005453722 -1.47568556340092 -2.13956877955166 -1.64941690547748
1.32764112217389 -0.0342009874104664 -0.122844194538998 -0.14332264271563 0.875195308425969
-1.43385869565154 -1.37339700476856 -1.13914135158188 -2.07382688732844 -1.57916375611544
0.573702053061457 0.170657418632662 -1.13925079014698 -0.168058722889155 1.19137115733087
-0.756485278258507 -0.385909313312138 -2.35066048551345 -2.12167481696014 -1.19171697048707
0.00758284444853604 -0.896795021241748 -0.27666044653669 0.0802345237720174 1.02138703330921
-1.09692977602826 -2.26623354479096 -1.3590607775273 -1.25071433993435 -1.38853728055151
-2.07212599154289 -0.892179787231946 -0.620574279572939 -2.36909565647758 -1.25101454431352
1.38930949010472 0.878058004696224 1.61932409620686 0.502251052286589 0.234458656169367
-1.64254667290759 -1.02342271481264 0.0346147519247416 -0.531522050195887 -0.513388998446073
0.678786827332018 0.799798347835719 0.997772962950384 0.539755789811658 1.50442813719595
0.667519379018193 0.286749589242664 0.304037421198698 1.19160759436737 -1.21408548901815
1.69491964622004 -0.118054154203712 0.493688412764207 -0.0104867309782793 0.159601114245812
-1.82966312234202 -2.2378471365871 -0.917544358407598 -1.01272110423603 -1.24272757940389
-0.88978932818032 -1.28075492469047 -0.821648188306845 -0.509661092543632 -0.614135994978947
-0.0427025878020404 0.979893664446731 0.162099068530889 -0.767898780784366 0.0647614761835931
-0.943559755327561 0.683742409128383 0.253932874714832 0.561159344478058 0.426365710014319
1.14922653374711 -1.40957478414015 -1.57380496241266 -0.691525663349023 -0.0617265826547895
-0.0692947267689601 -0.0357487393322041 0.75155793808368 -1.26629888848291 -0.0536386890162598
-0.589075483023082 -0.931944838999226 -0.518153984071089 -0.992571749969482 -1.19775037222286
1.16837347069392 0.966267763513314 0.94369232259825 1.1267361619738 0.282270945021268
0.692156043272585 -0.577490550008211 -1.44870659946645 0.427353472907419 0.151730605698669
-0.948932791221033 -0.781057169181608 -0.809928999407904 -0.93216192530466 -0.483856932141814
1.99451510838812 0.573153665478417 1.56007360099579 0.357208116780808 -0.612478784948993
-1.16290914865447 1.4319427133283 0.845499295602154 -0.164595510430808 1.43728660036352
1.86258615282882 0.825749500878351 1.48023444149869 0.407104758774865 -0.16287523493276
1.25732979266102 0.654758202581386 -0.134527905913702 0.984373236050472 0.884014172552215
0.539270939087759 -1.18813042888769 0.562361111453698 -0.360021109309914 -0.237404442521002
0.815839754846263 -0.764718761639882 0.275836063450159 0.533374692093668 -0.303093146511671
-1.53981279923948 0.591628196733133 -0.954407909098241 -0.0112629473860668 -0.262687302046729
-0.222069381474509 0.910813988970776 0.0197287807593438 1.86989487644168 0.467849781190099
-1.76024017702468 1.00674088842093 1.29358837279469 -1.35765999936557 -1.29696291062085
1.03673968898068 0.354847125607963 0.781193950412839 0.899910066782636 -1.67365433032432
-1.42754067480737 -2.04659604290553 -0.432631032685473 -0.115700762693507 -0.854323190230242
-0.709872231075121 -1.63078336257111 -1.84922342337957 -2.40031467022639 -1.40881915706619
1.86748509063433 0.225980022551611 1.62304915460562 -0.442895864571371 0.339069999238178
-0.278133090609718 -2.08267788766821 -0.988149015563818 -0.610771394388554 -1.34076349597089
-0.205779703845482 -0.63054919816255 -0.669601777975896 0.689675230433337 -0.764045984196415
-0.738003412357443 0.647847545789028 0.393937334937347 -1.55561282683604 -0.827661693116881
0.0695094473337968 -0.776700065210628 0.569647936147032 -1.90412181098232 0.164328500759105
-0.75976803122287 0.38738961493514 0.650308600060633 0.342874546383909 -0.0533739871533794
0.677489826518019 -1.42357479334163 0.960066087730017 -0.116695768856866 0.589493214115596
-0.816515431245531 0.13179507036712 0.0663696507921952 1.86955559245114 1.20670007855409
-0.739374606637068 0.687435845683635 -0.407846845493375 -0.0465477007193256 -0.19799663745462
1.18118932902044 0.563579722624778 1.48674943335945 1.09493140022472 1.34277023941853
-0.23838242330565 0.225203645555862 0.222993512287991 0.388416297833446 0.553288449886388
0.59281939574342 1.05391842426138 1.32102064624391 1.22729581952908 0.338755265415841
0.752631404625046 -0.792765324674801 0.00287306334276573 1.01913957880553 0.342774740295526
0.282508336078682 -0.379185657023143 -0.967939032232489 0.11132703031739 0.802903030196558
0.516889567060633 0.281646452510951 -0.689684511505045 -1.58561472827595 0.245674512064247
0.165379973717138 -0.740624870813691 -1.16890798595352 0.14401628100794 0.0324835209735308
-1.68101719287944 -0.61908855259692 -0.119416698683344 0.664934016656561 -0.296607568586481
1.10672316618456 -0.942232995239725 -0.189264335431509 -0.147318511392842 2.28243420397812
-0.924371770455522 -0.713649808704785 0.243855586413953 -0.826093967641632 0.381092438332887
-0.980903443921334 -2.27438745173825 -1.23582502527095 -0.837398004654243 -1.41415038368008
0.0295686081933609 -0.215093806009214 -1.70155619492768 -0.541359434341601 1.0780586608989
-0.955942087982925 0.298208298003411 -0.563264640202878 -0.95253033327432 -2.3742661386483
-0.14532820407881 1.1215480094625 -0.168499134092593 0.578208771386377 -0.640170814507665
-1.53128371089013 -1.6923861589497 -0.773430037020693 -0.839495896375904 0.0429192887723849
0.5794436615532 0.938456851479915 -0.374445800000415 2.07423497674864 0.456595551183704
0.0444577023572482 -0.645832782835856 0.612561417282066 -0.890432772517229 -0.739744701239793
0.552914623715866 -0.211893925516703 0.67998185288504 0.135380172201334 1.01692962429831
-0.369913582877408 -0.658892739567332 -0.0103076750807622 -0.992242592352915 1.11878489574615
-1.17668653492105 -1.58213243380949 -1.6443788413544 -1.588649401775 -0.147807059278806
-0.206674735327059 -0.215460654304398 -0.914265605505659 1.18128489700906 0.686651346262506
1.0543558603969 0.5557977581058 0.330247152634295 -0.513633750858198 -0.109520913005374
1.13580313417169 0.864495094899788 0.702635814759899 -0.36580835226681 -1.4000029305782
-0.0751643351961028 -1.54374298834126 -2.19704997825735 -1.03259625073488 -1.53311130064643
0.494968444054163 0.883665596261061 1.81532133811104 1.20540032508192 1.0481239315292
0.190174447215491 1.95656621071596 0.832239692095127 0.294508208828487 -1.39057574330187
1.62644719531465 0.812550929694127 0.496235399111283 0.776762296057298 1.20651710488857
-0.178410263424103 1.0511429469734 -1.23403638844589 0.493144083822288 -0.0202459405805887
-0.447129850622366 0.429997292277118 -0.0231824644785973 -0.425290772735957 -0.761184807976212
0.872023841536478 0.863358715974938 0.149084763728426 -0.416211850438328 -0.187940007488395
0.426160869511485 0.765625771932084 1.22516315797101 -0.99837639683964 -0.330507736216712
-0.32496641114526 -0.847966950003474 -0.850492621432085 0.476937658387363 -1.51710887109075
0.771304476826783 0.169035409472224 0.704498858958607 1.67920402890602 -0.00858944705526905
0.0286836133471607 0.621616006546453 -0.559511358957004 0.0523726262407222 -2.67795544539696
1.23587286785353 1.4951528089012 0.508318854045268 -0.124941124718513 0.706408559761499
-1.13485558200838 -0.253233715345389 -0.154166067763252 -0.453208100579004 -0.227435864860027
0.70764295668869 0.958623919044826 0.247048878619872 -0.043016922161286 1.94614307303532
0.492473310924972 -0.80484371132337 -0.166791177384609 0.0616014017176393 -0.427231458886688
-1.12622599473809 -1.47714027881036 -1.29748472049554 0.149623966482447 0.162489891585475
-0.48478579377181 -1.05916903419543 -1.34092821968012 -0.542828151153794 -0.775533909301089
-1.85671917922766 -2.44077638750075 -2.12472372577005 -0.694560180304826 -0.185287731626825
0.126161261253006 -0.495888081095815 0.746645650154931 0.0410140578516403 1.35477742691563
0.0354092099695003 -0.151335049913312 0.88429975373224 -0.718738285493066 0.904611654869706
0.712361922792545 0.0666638329149876 0.0516437822785681 0.330574952336567 1.58083362991149
-1.48703261977185 -0.943161143351662 -0.0223094844956435 -2.49345934846603 -1.93680219900082
1.06984231459877 -0.964961889884438 0.492902569490969 -0.347786244910158 1.21396993574559
-1.40891705153097 0.942539226690624 -0.358519380307906 2.41133289000043 0.173612292678289
-0.438976341403 1.01991703942555 0.351313272659937 0.737643792444062 -0.233224371031432
0.597394290273029 -0.52853914486325 -0.354585333303736 2.33715089650984 1.65312384812799
0.339373899458404 -1.19810059733662 -0.719589964449908 -0.935843889526244 -0.98399100526137
-1.01932249372802 -1.6117719940549 -0.329518672188224 -0.630087467519997 -2.40947163655616
0.0946106229376443 0.272279096322843 0.407500545296273 -0.127777354860107 0.344204508682778
2.03512611555142 1.14322381590584 2.02315716676606 0.616150642591739 0.995109526183956
0.807064051296683 0.83771639690413 0.297411663513781 -0.216268301864572 -0.980179005230818
-0.829155620273427 -0.531110035294758 0.745573673374778 -0.641475661398741 -0.179900340697912
-0.790407984248155 -0.456451966348218 -0.673040934331895 -0.0442376629327109 -1.05099291854321
-2.00729687998823 -1.81896769447556 -0.220434878189751 -0.520924962232534 -0.972543079566423
-0.320443077336188 1.89848877282528 -0.428226988308598 -0.362219857491611 1.87736356847326
0.733852042617959 0.914907679362331 0.910361161934475 0.426026744139152 1.80903781837242
0.416415863530278 0.240443882070536 -0.205100458545221 -0.479265627622732 -1.20617445170862
0.591420943326533 0.883271174973426 0.719124479091021 1.04115801346297 0.706823159127548
-0.571029976513906 -0.858341320044747 0.272585021886401 -0.671797478380904 -0.0158204801313391
0.0526767422359806 -1.84404696662384 -0.831896921767315 0.454835976276853 0.811028793224109
-1.13558825954317 0.589276962409681 -0.557646195221847 -1.32445557101838 -0.0619608268639956
0.189024179030511 -0.473183554127253 0.417679422600975 1.05210864359324 -0.482109636319408
0.117320353735894 0.058753575406208 -1.37318084330982 -1.48213901271883 -0.477548714091699
2.83764193565261 1.70999314909118 0.858146224251911 0.818707417345104 -0.070620906786499
0.0985267770654607 0.151549650251359 -0.765961852538413 -1.40085216189999 -1.52119536675292
2.15053911401108 2.55642154463828 0.173029593226169 1.18679600694818 2.64296303101823
-0.0216984346169323 -0.215301595766279 -0.30243555107423 -0.996024222291423 0.574212407758492
-0.312136311530657 -0.831424025993057 0.370257541948336 -1.22188316773106 -0.449291787896254
-0.548281836145218 -0.110005141839792 -0.481431130842898 0.222154675712655 -0.419058896093353
-0.278171224808664 0.13284230492521 0.207848576706535 0.400360913252971 -1.08163886531303
0.520139773023079 -0.366758262933379 0.412907861728263 1.39324787478419 -0.408635969875376
0.164504579991825 -0.909188846661585 -1.03444030301533 -1.85715318689609 0.0745469822129928
0.720754646306391 0.404995669788214 1.63268289221509 0.621533498637145 1.01480922030078
-0.568745682055778 -1.1763292234289 -1.0722165341624 -0.653783563359048 -0.999725273110747
0.508188176182495 -2.05698534730238 -2.14886669874916 -1.05928313515081 -1.26866899940703
-0.914151962434741 -1.65897104679017 -1.11857237088288 0.049020914512157 1.68593684969453
-1.12575209293021 -0.506575065920898 0.146410787557227 0.04583668420955 -0.730106037036085
1.71609770199068 1.40021056838819 -0.480872717796358 0.549578843648912 0.575151685229041
0.602651789273699 -1.41997673288562 -0.213753157880393 0.905979155535388 0.791299103011096
-0.0591919358712051 -0.316103786169558 -0.900001360697611 -1.10265739933859 -2.06121275384283
0.23205416042844 1.54416442951235 2.89388689312189 1.59131616848799 1.46946820670048
0.266978567758188 -0.909725127464994 -1.25532676059221 0.525305575682428 -1.8790066396129
0.903846038629093 0.532167177982353 0.238479797089502 0.187983241310734 -0.3287452931741
-0.0578028018269769 0.104245012809452 1.36584718290647 -0.332597803422917 0.569435773933457
0.642270924738681 0.491509925178555 0.056393294107247 0.0758771462807723 0.504303711074232
-0.768432261879209 -0.736558439843993 -0.209115657501714 0.76367663975136 -0.120839776497957
0.767791476408451 1.18896014641914 0.0472662892232919 -0.414155744260412 0.12024310795294
-1.1424061813313 0.585648095491952 0.0224572288406002 -0.782778681952785 -1.50174196709274
1.36860102521671 1.54123657143271 0.266599149195056 0.798125681099081 0.49714304508731
2.88935349475594 0.373674269745527 -0.292500177348271 1.76010731588386 0.475851069989758
0.388611351512189 0.552910113300802 -0.861058092192914 0.439509438883915 0.0818860462010773
1.90689395643247 2.47871379141597 -0.805951500949633 0.672785890061155 0.781238677558341
1.15004186222936 1.29493772379672 1.5748658392117 1.61708656140651 1.08619791877089
-0.378982895008388 1.09798628554502 0.128929316089029 0.154625718289072 -0.0181400775101396
0.253832876452506 -0.262373317777476 -0.0882350790911958 1.5832845224216 -0.0346123008566837
-0.121871083734393 0.910258781997656 -0.102042888434381 0.0161586131055678 -0.967309697286329
0.0178959375346256 0.893747359886893 0.979232546995649 -0.327529779237335 -0.202334167204995
0.231525195252757 -0.689889959514231 0.22150539593559 0.258595941485342 -0.568447682246791
-1.18962789360102 -1.91377294454798 0.605514932670736 -0.38761472099151 -1.39560862447838
-0.568381367888408 -0.889310599155722 -0.510061419240271 -0.692798235151468 -0.153745384674164
0.132189985876448 -0.95070688233917 -1.03667251329016 1.12925799832637 0.191742716232101
-0.894909275433039 1.02001002809894 -0.538291264091134 -0.811926562813332 -0.425399830307741
-0.630012728246506 0.661340661966205 0.379002660648708 -0.267760361587231 0.679389905150351
-0.172802877203768 0.757965318703704 0.473501060013468 -0.491209999711823 -0.399669129916356
-0.14166077981068 -0.722889063786363 -0.77095066136977 -1.62010782746501 -1.01555680503836
0.890954229963669 0.338566406207163 -0.212743698794078 -0.880107562299261 -0.894163056337596
-0.171645864826146 -0.742856919188084 0.393256073829442 0.486972820451111 1.20114783205586
-0.711708345448695 -0.341265097111029 -2.10999146488485 0.573862685808417 0.481225114262171
0.0390047468105741 0.61112059880565 -0.667074628850901 -0.0611287882444067 -0.237373966196242
-0.960958002466393 -1.20179121412376 -0.532381592205366 -0.639331455556187 -0.687366699798013
0.671821650509471 -0.385038320665343 -0.971444202057615 -0.0793069421931814 -0.686327795624951
0.521993058573719 -1.4383492710152 -0.684624629098639 -0.90846631059678 -1.13725886474729
1.48919978290575 -0.189294632695823 1.05575649081278 0.794395686504604 0.919888884524459
-0.129728447769807 -0.472967555998784 -0.460345187197842 -0.432968490921527 2.23388212815278
-0.181994800951072 1.23973561204786 -0.56064543891022 -0.957999124535198 -0.270986222982425
1.93030400220904 0.242213742872654 1.96874281471319 1.12622395459616 0.989270014200249
-0.839407013499069 -0.241974527231283 0.0665659092235112 1.12324244097662 0.224427302934658
-0.305942889402398 0.360337894957808 1.39471308341403 0.83052466167533 0.454587212792186
-0.110034363619021 -1.64082842078751 -0.758276397115882 0.342809204415195 0.186889499981609
-0.637621168308114 0.40697522372083 -1.73037356462413 -0.741873382389863 -0.589327464533117
2.3495242814069 1.46686211125522 2.43636011442297 0.482026222048779 1.61898498196711
-0.846735568913984 -1.54671370312267 1.20660807630992 -0.416399726156401 0.528142842086242
0.0105758113736427 -0.316173960417242 1.27086727083718 1.2535334041641 -0.684482478675706
-0.566249021056023 -0.576387171142189 -1.00205138701024 -0.148309345399062 0.0222746549159726
0.75802117904583 0.261514457055829 0.464825927858443 0.35816113974531 0.290612889868047
1.14411777631761 -0.0187922802568161 -1.20494339911135 -1.84491770020382 0.692750422081871
0.405724709447132 0.45962959500022 1.73120196854526 0.192361010289809 0.760743183759198
0.357573428092258 0.673029193859727 0.908072386302345 0.974032792821797 -0.149803491930644
1.01740942632331 0.468369875990821 0.808542290466454 0.0589018751291812 0.934342822641773
-0.120753481313956 0.794478397952818 -1.01282822234521 0.181295498648993 -0.0338163731719296
0.256446332155811 -0.116405828206964 1.68158091526253 0.884704259111414 0.303690868406834
-0.2454875834224 0.0877977028347247 -1.61308365383574 1.87933564824984 0.204646964096307
0.17616966344578 0.466422643042565 0.577274991794601 1.17963559667245 1.1885273296878
0.478196318551337 -0.323868708658414 0.867010276022046 -1.16221790489554 -2.06816312279617
-0.383858543198032 0.0126441345732435 0.43483510600135 0.722350020868962 -0.0569803509589183
0.685021239106473 -1.22831955694785 -1.68381940536617 -0.510909752991631 0.590162886783673
1.62787770950143 -0.970452643915254 0.48638739437135 0.144776462455561 -1.02967755796875
-0.872166428290585 0.0174498531757444 -0.710238431372101 -0.52039766607944 0.44098140165664
1.04952498976542 -0.60013438332164 0.732505504036272 -0.333248331460471 -0.327442448847883
1.1331807493484 0.310498552661492 -0.117761332428491 0.301637443370284 -0.423376746185642
0.876674963549507 0.0831729169876132 2.07586593827538 0.133932283755424 0.740150549779384
0.255723545292567 -0.0494916276274102 0.890151300695736 1.12011896859229 0.233084850876028
-0.204294826095378 -0.360264903068705 -0.495293565633755 -0.486766594964686 -0.511258093204672
0.491006534502917 -2.20853469556833 -1.23014860929362 -0.962138886852539 -1.48149620491704
0.501097966081832 -0.42742548728302 0.756876277413736 0.430040217212844 -0.519328028857761
-0.948402796016196 -0.608158949948568 0.237482483080943 0.626391225453566 -1.27997465701462
-0.743109832260671 0.382911967040568 0.497570090686346 -1.45294879126143 1.19289284743983
-0.434890476228617 -0.934767820540231 -0.383806428434031 -1.87930739355832 0.127122374365662
0.553668794137976 -0.0977647562524904 0.233505070223845 0.526567295709945 0.930060423572072
1.04467937142831 -1.02386157102465 -1.56990595119253 -0.634402129710665 -0.424687554449066
0.290382981004278 -1.71500516871785 -1.18022093931642 -0.413923012812331 -0.652290112996495
-0.414585439671815 0.122286470338793 0.766188724798634 -0.433432263488315 -0.86017211947643
-1.18640504649304 -0.40928666151719 1.23256550972409 -1.40600995283723 0.0574212915118783
0.11193978306595 0.575358131040292 0.0913148105094396 1.07779639239345 0.792697305411553
1.41704359846496 1.50417562676441 0.285725035832127 1.31304460521304 0.797921118140751
0.989974231886818 1.50160286170901 0.376649271206309 1.13904029304185 0.0843617358583055
-0.34801999119765 1.42851212855903 -1.12160746460378 -0.773326112063442 -0.973789882602117
-0.0404054117602639 -0.19173586294776 -0.368192755654842 -0.850103473033411 -0.00974947284982688
0.615289619291521 -0.553693661336196 0.0239619893408977 -0.108783526571511 0.585102522248479
-0.793186691528751 -0.0132437844322366 0.832986478889901 -1.21971387950429 -0.574395216971979
0.5982388517002 0.864668360472605 0.704258101961174 1.24044391680081 0.48352993565547
-0.321480902632994 -0.747544575843359 1.50644526865221 1.67384599993013 -0.957190176026535
-0.807394756348764 -0.260060424804073 0.322057079224526 -1.44372539204029 1.02538848697712
0.250654328008158 1.10614170192677 0.858843943515914 0.0635055561230367 0.112120398824024
1.04367509754975 0.27106247351987 1.62781739844814 0.716012053845811 -0.506954094949522
-0.528492514090796 0.108539382053885 1.07452443955878 0.715384380361542 0.35306199694191
-1.07331914957459 -0.598396742626085 1.3041747115949 0.257509789540793 0.0698665975160952
-1.19425318773105 -0.628695903005433 -1.0328696285623 -0.454832996185219 -1.71870810075471
0.0272870066624721 0.550049808426404 1.60154560188376 -0.978145612042941 -0.73144152151711
0.158795115326457 0.967236620667859 -0.144399993954494 0.439501500516535 0.0592828830116336
-1.27494752602488 -2.02823478265944 -1.04240330979139 -1.45441899066483 -1.16046540048902
0.306888580984385 0.504530163691177 -0.0971227141009177 0.494927454734038 0.484642419669169
-0.761367346359911 0.0579962883883927 0.933266419487674 0.237420616943191 1.3102878196252
0.857554849683466 0.963535391139932 0.20289945694429 1.57734945225809 0.333712853491752
0.262711778655917 -0.595555693527645 -0.268745686942408 -0.393503435094984 -0.0913688035145464
-1.56097799488755 -0.430894526188023 -0.216797233916846 0.523308317481539 0.142234323980585
0.278000757148275 0.81176615778877 2.21442347797817 0.48383011008047 0.715334343017381
1.73278754961381 1.93490144377187 0.790657665115362 1.79146123349731 1.26420922615214
0.980504232796829 -0.210708168073133 -0.362429236437551 -1.09517287105957 -0.496937031561823
-1.26962173999676 -1.49697516571651 -0.88915818741527 -2.32259519689437 -2.31354492179513
-1.39405150736301 -0.429622664239437 -0.428040267179353 -0.427184523301169 -0.176632509547303
-0.40911835112548 0.496213821446265 -1.7790252736565 0.457779702219599 -1.03457292081748
-0.209280051603619 -0.179378961588903 0.112619330112718 0.282660151865484 0.333395030152961
0.833788705731457 0.377036088389655 1.46068591938592 -0.165000029340652 0.233241165144932
0.746239248891937 0.871237119126587 0.980728464675438 1.31035520763548 2.74171366367484
0.0160866100356813 -0.0955596730777468 -0.0121050752129638 -0.938527450695806 -0.483569007877041
0.380751773877832 -0.389407147061889 0.470658214225153 0.0451990624168092 0.778958622633424
1.55388172154509 0.482825647411686 -0.23225758272143 -0.946175113373358 -0.240017401083706
1.61457078210018 -0.41787225230114 0.0771774909181509 0.921442840410406 0.237899419565586
0.307470663006888 -0.672990496132874 -1.1893071390164 -1.34017009476703 -0.588067482586872
0.94413364521743 0.558624373911712 0.0853940048012006 -0.366257829309037 0.519746887549678
0.734072030957762 -0.534524866312854 0.544316650894145 0.0481646651025208 0.455688441225806
0.77834460413463 -0.475215353295698 0.0889053594823214 -0.480144365666592 -0.167319617861242
0.854887043237133 0.957851722245569 -0.612435000149032 0.262453401780559 -0.742123111423094
0.517366491705535 -0.0780054123720023 -1.12511092099127 -0.828269847145023 -0.672850904736236
-0.677851133415524 -0.326270411707205 -0.0964971396798686 -0.274555476782327 -0.636611648793485
0.364293175420902 0.41547260351823 0.637095454517145 -0.825544647965212 -0.203044930902537
0.545058352865606 -0.00921669870563715 -0.461841221805839 -0.380063689764326 -0.323671877921088
-1.04432631531927 -1.52060801477513 -1.24150548771081 -0.291363930526136 -1.15669760952746
-1.23798132056095 2.06376609599829 0.247664274198924 -0.985342323981931 0.618410626934463
0.84212060839562 0.516375559320265 0.429182788092015 -0.887343555255129 -0.503555575113096
0.778341392280272 1.72489985350898 1.43296551150291 1.71204877113377 0.398968447439364
0.274048404854638 -0.787771172552519 0.00375401833260631 -0.5014455408196 -1.40644175357985
-0.011718963271251 -0.721198737587537 -0.656371654834257 -0.477615148474269 -0.224570904697669
1.55583031529917 -1.42151306008078 1.14329709538967 1.23001594755896 -1.18901329569138
-0.51071757462262 0.928214089183538 0.690841324613438 -0.530358729469069 0.543227912378383
1.58555217366159 -0.0390398784059064 -0.109611735832678 0.608285467378031 0.0421280763708528
0.287610435689902 1.43130338514057 -0.470472120381306 0.690975127140281 1.15293313743715
0.412386899104363 1.03132006819931 1.29869157024691 -0.34939646692465 1.07729746049604
-0.701917618792143 0.513679185531599 2.00218199166636 0.582410525150621 1.76883022575279
2.06451694148052 -0.722939112500068 1.72150098431784 -0.242896824725289 1.39861582113985
1.04908777066641 0.954479245469602 0.916115491863231 -0.317932838283691 0.366010965526245
-0.280520321521961 0.852395080138768 -0.570482146744938 -0.76301011148429 1.76080747462758
0.956940440785118 -1.03789263259329 -0.254872629577309 -0.49345939048494 1.2874373947593
1.43278473719444 1.44033560419631 0.737948069456995 0.673551489527697 0.746932575257271
-1.32368010445942 -0.648376266947865 0.397419761948281 -1.65542584600102 0.0076347507241433
-1.0305222519817 -1.3565404501443 -1.01816665917786 -0.473376027077523 0.37464922490694
1.43733395333562 1.30549440268539 0.549540794957904 -1.8412074033158 0.531126964711518
-0.646325354936284 -0.296475304810634 0.274924758604437 0.234660735998462 -0.94552908348197
-0.653277480595406 -0.502351400781497 0.511732011691149 0.0248683140688257 1.18761380979123
0.358320612597633 -0.258070408781173 -1.31150503135296 0.259792869588869 -0.351450369263117
-0.329387915732192 -1.26423282256767 -1.07010271247812 0.474261672371127 0.328980203997909
0.181543191967187 0.558481256108288 0.530258686342297 -1.21254210749616 -0.0541795442359064
0.0817387002390856 -0.0984456820380264 0.192132184404759 0.000870384479107651 -0.172790938805665
-0.0717539414489011 0.730848745562949 2.74893173712002 -0.297422480644646 -0.49956117779035
-0.645581613669511 -0.775220857678214 -1.51136678771549 -1.81073883671913 -2.75949242197463
-0.0587961712037342 0.0718663605696638 0.209864452501994 0.24903747423743 0.213186175461431
-1.64784809192182 -2.09001916509745 -1.11616640546805 -1.71731833131948 -1.51334122523683
0.459173156444188 -0.609067074306874 0.0627560119033923 2.0779973904397 0.806953699830929
0.643405074302683 -0.440401620872086 0.344130617371043 0.288560377505406 0.943210675572381
-0.317578168006912 0.43050192592985 -0.690182779260156 -0.152138679804364 0.282088863954876
0.429210436745177 0.571677617685676 -0.894395403970809 -0.564932520066991 0.473143095349111
0.68834127532505 0.205246914026356 0.908998093697358 -0.344485246562336 0.323576160442505
-0.740128422220338 -2.10729357639244 -0.349246905088521 -0.211609002587838 0.120221615219971
1.13711341364505 1.26852204586785 0.827489867057992 0.154947469424399 0.551366983736915
1.44137759053642 -0.390480288245309 0.168063134987605 0.0576453537358184 0.92893067668181
-1.33480139711175 1.05986546104078 -0.933282205471675 -0.396818878287587 -1.41956326734146
-0.0490568594065854 -0.745074070971441 -0.135124910391948 0.00503509494975629 -0.314240101235227
-0.00505828102970091 0.868921481886358 -0.299271073674476 1.36368956290623 -0.663978935906393
0.708736048317776 0.88219718310512 -0.873608381326973 -0.25568773364744 0.39570887603333
0.0766177040050351 -2.81314212445894 0.0844883081583902 -0.59716363536999 -0.885750927582438
0.0852768238043638 0.521843013988745 1.68192785538451 0.422571896503528 0.376836807282876
0.14943237789114 1.99199569185278 1.02687725366723 0.598110028340333 0.455801884011519
0.921851874679013 0.788231670206336 -0.977044107622213 1.30910314905865 1.03722528942303
0.10774546171405 0.756094933290387 -0.59880356996964 1.23296484187643 1.73764476134027
1.19899850710242 -0.95869422198933 1.45148040116379 -0.154021783246352 -0.135143882858026
-0.803820111821056 -0.671130350271875 0.685491611580896 1.13023792474583 -0.302973467199496
1.72410262980063 0.822580075881389 0.200311877200979 0.468394014494233 1.05555464050526
-2.77317364429073 -2.17887226629461 -2.20925820854286 -0.429294538484656 -2.09852427831868
0.827624986002301 0.241665896630636 2.11606536759762 2.26880632891478 1.97090567945581
0.204779789427451 -1.35597356966736 0.468360874768036 -1.09876176164481 -0.848553466878314
0.881689030922578 0.962504742997522 0.443978069748997 -0.543789060022209 1.84298559074572
0.353172848820142 -0.647289537344666 -0.641487495612064 0.254053600610615 0.790948472795513
0.943038888586742 0.948250619118728 2.51021403977679 0.884344463138615 1.23483701808583
2.3945430309579 -0.112949957172064 1.08023034682711 1.11293267150984 1.05769018874736
0.544087432799093 0.584862822566271 -0.0700661950259803 0.644765744757433 -0.0152976986960223
-0.339555097541627 0.636416368889736 -0.151567703086537 0.628584545990261 -1.61369936369304
0.113510580005553 -1.75879093550426 -2.12765920584908 -1.57610453979326 -0.993579002232701
-0.376989400262878 -2.04819772440842 -0.174291752166005 -2.00431971105843 -0.405313120141569
0.100149495555193 -0.0768144330666319 0.386949049759264 0.106004454072721 1.17093920066933
-1.61221061216138 0.605339228993086 0.233431125753808 -1.2329395302528 -0.376303140277144
-2.51612324159796 -2.38667562009301 -2.26419000198604 -1.46459013730637 -1.41561212000855
-0.395424753181348 -0.466876777955941 0.384460168255698 -1.07743398920427 0.0870035335124064
-0.727597034088676 -0.580339508290372 0.0787594575833987 0.213679857091842 1.97613808477205
0.200485913036357 0.14082354633887 -0.518701767854153 -0.249372776040816 1.13497442346204
0.025671539650322 0.187294445002053 0.353732644554588 -0.0912402907858422 -0.165563187779596
1.89562007103906 1.40473997744518 0.403324837945334 0.175374220733483 0.403031186106324
-0.0616138212031541 -0.578311562678833 -1.33544260358489 -0.872480526168184 -0.254146573032806
0.460607272644464 -0.800432659492564 -0.682615021261994 -0.098800875001666 -1.05070004070474
0.491236428297174 1.41829378077033 0.66079302679937 0.210408163851493 -0.423347698444602
-1.42445330333597 -1.94426471240891 -1.95769107182355 -0.707181801908807 -1.78927246015263
0.703765800397735 0.485184198148181 1.23914017773528 0.713536838521476 0.563770106296746
0.0383406486455231 -0.417075906565 0.323255497656965 0.715736269674752 -1.27731146145479
-1.60218122565975 -0.103561834441874 -0.696157664595274 0.189330457027463 -2.04344767273184
-0.637022483491745 -1.40867975575157 0.20161429216351 -0.0984405624605443 -1.8886944033815
-0.654192116792941 -1.60271816811286 -1.23006910977647 -1.35612310803209 -0.210264100058892
-0.0433689076827443 0.210081431710139 -1.81071842035562 0.152666939854944 -0.988037229881711
-1.29342677308386 -1.05657327576679 0.712329207377154 -0.249519187687137 -1.75045194957136
-0.756783688092959 -0.0227732743158586 -0.210175695426387 0.15308619083328 -0.38426199836333
-1.11157731125968 -0.298184356632074 -1.16379273535452 -0.938291750185186 -0.385842570167866
1.2270085105792 0.564658298788123 0.571261939246144 -0.38524878740903 -0.753263549213126
-1.8859614478954 -2.78262703259914 -0.747501474813283 -2.3694941259097 -1.56631151979106
0.798221858921587 1.68556991031593 0.182965847897961 0.521908571275135 0.0215844975983978
-0.585130045925423 0.993686166344625 -0.0288299957608998 -0.567454919793539 -0.625446666794483
0.115934727716225 -0.131951387194567 0.900537841678346 1.84072889538729 -0.105119040951978
-1.75526887995444 -0.701993155555302 -0.997963027668774 -0.550089235859777 -1.88601553079769
1.53571680421439 0.163930695137619 1.67615424532457 1.33253193206094 1.44465475628093
1.48245704751949 0.351757893055206 0.98588950103028 -0.336626810543629 -0.0620659800411335
-2.17710693172679 -1.04395334363888 -1.14083603809679 -0.679815821117692 -1.57813146412189
0.556719097092096 -1.42156253563317 -1.93803879508074 0.214257570515589 -1.71704604648102
0.594038409590323 0.0155273660904542 1.0726287587176 -0.469967048258922 1.00090169200905
0.179243610944988 0.0849989001134054 -0.21254736377713 -1.33210455051081 -0.0999248995027484
-1.43396958339622 0.0773696541324827 -0.868004351820104 0.598786796268103 0.285252892740001
-0.0134915065875489 -2.0717607019061 -0.780641948036307 0.161734273061167 -1.21966276209477
-0.0838004240333161 1.78221120041714 1.04807481677307 -0.361914008780674 0.565111633419142
0.451970983693213 0.225601070782333 -0.805909231670215 0.983400318767247 1.14960307366299
-1.38835076024766 0.553348119598143 0.25483280662097 -1.01091882411308 -0.194483307796987
-0.777576677389724 -1.84885794544274 -0.354846417713008 -0.791801359614567 -1.41106848432041
-0.792280329923462 -0.648493488942217 -0.00264627169865078 0.447440001042263 0.393764032459223
0.813801669420877 0.855288749802987 0.515614581329488 0.683256096836671 0.792412561581751
1.26531934263019 0.389461743786354 0.80275601138772 0.496159359832013 0.0350529289368627
-1.16193904888026 -0.631014034412951 -0.144552319085864 -1.83454068370643 -0.0109361045937654
-0.628774220442915 -0.723017676858813 -0.500143695386128 -0.861065629114888 -1.02990243601098
-0.190858490907801 -0.154688022668598 -0.450727075773374 0.499380222542684 0.384323380421433
-0.373949149830041 1.09451563383347 0.949457455572496 1.08836846575127 1.05386148296552
-2.09927473209784 0.965231012648268 1.28283545762236 -0.210858816857003 0.431812664278137
-0.203139696502571 0.546117418682457 -0.525107126371268 1.551785964756 1.05882677296158
-2.33632660575221 -2.06665149684782 -0.115340045127453 -1.58557739701051 -0.350231113560556
-0.162903799588746 0.749566753052751 1.05926672431685 0.391703962893143 0.337515418059533
0.515326550252538 -0.0254728756703864 -0.147006993568858 -0.242369186881556 -1.026262705976
-0.741925712887134 0.794037688144965 -2.42658247269073 -0.122365649232642 -0.700427248149119
1.44015769410816 0.330326224543982 1.56062170761944 -0.448110239033645 1.27677762853182
-0.957202222871314 0.427217420773607 1.40786440356713 -0.492187728322614 0.469682359386361
1.4388037319606 -0.0600108052009303 0.021005973497068 1.05604455885334 0.0910443681733702
1.66000486083281 1.10148385977487 1.83407040267531 1.25592847227977 1.36463048244514
0.556712346203777 0.858429318036607 -0.298537963077141 0.368731507083858 -1.75437399728995
-0.139101677769101 1.41183835985623 0.401778336457671 0.367261691683577 0.254305323984976
1.5988073169661 1.94375657794339 0.892698923018623 0.576595006452915 1.47557536358039
0.610813375429302 -1.17308834782795 -0.277954231968009 0.601717915937097 1.90420931941593
-0.636995280175968 -1.10862161399866 -1.45903020539158 -2.14649604665133 -0.0513908740041766
-2.04140709892766 -1.43633101066684 -3.10114275319185 -2.74777491071452 -1.45150165811691
-0.144326988794699 0.215455259866374 0.80421947669272 0.0841685425771908 -0.0414816905896426
0.0573877914956009 1.21294273015428 2.4817175861322 0.891737002646408 1.12639167252748
-1.72531291770996 -0.475054531507265 -0.502997248029712 0.580503709410618 -1.31510345832968
-0.943662274663 1.75221563500199 2.53727243491903 1.04384448339867 0.663281535984229
-0.71798924176065 -0.520559924475108 -0.850046408967868 -1.42795891891073 -2.15654430478237
-0.736586997587372 -1.19774712611527 -0.550264314040214 0.892152195351583 -1.20645439461944
0.289883531475647 0.828556617035752 0.155410097094492 0.570028343371931 -0.862480060094287
0.942696108810417 0.321660741559328 0.986816679208279 -0.518078285818092 0.0185178462746335
-0.252055294458337 -0.325594282212635 -0.366100780610333 0.289602529713796 -0.742401885415042
-0.0559999374205128 0.432863752242836 -0.712616352563539 1.83720454974482 -0.874101709445736
2.02543970915385 1.47979517487686 0.66165815467987 1.78997622122563 1.32544592335333
-0.111565935170772 -0.0604711952078182 1.65789720706388 0.366415078145653 -0.465318009991056
-0.602042019490859 0.0881547751133407 -0.822378909687776 -0.422991718587761 0.161679281636833
-0.0272608357075027 -0.627875728632798 -0.290972482451728 -0.172777140846483 0.365458149124989
0.190922614573956 -0.551674975552191 -2.05166273570917 -1.30956145760781 0.695516525035731
-0.125448637072279 1.12340544942949 0.908442974221179 1.8337070770578 -0.318988297545778
0.0438450040970244 -0.096220883814816 2.19296818734124 0.55275545802324 1.38721184968598
0.711304393859116 -0.208724802233896 -0.33763732572708 0.0360287538375806 0.988902580909465
0.748592965522258 0.383226424256873 0.700054203613401 0.900354903834144 0.648008123853511
0.179753485563142 1.36693549004854 0.796831154469779 0.423483016119331 1.66408569052282
1.49904897457535 0.790507117575352 1.41734459957553 1.42405839188933 -0.448501415854308
-0.253549321445261 -0.283511521977477 -1.58126554164567 -0.183804809416949 -0.844195071726079
-0.344624250839589 1.02501615075068 -0.641127133057515 0.214416140749319 0.0121334529411475
0.461554080846124 -0.12218436304555 -1.3871351356821 -0.0938209989585392 -0.26413991335244
0.593707016960892 0.704696975520625 0.670790104232748 -0.783224564569519 -0.694810362828969
0.35579185009071 -0.161508559737114 0.287445379462458 0.73814200088551 0.922655804322269
-0.586502458644079 -0.54918800399678 -0.254258679949438 1.68735660467392 0.0999992335730218
-1.13545417674366 -0.500162528521207 0.764581484332393 0.0560431469089548 0.271308702328545
-0.621222167576463 -0.948788882022367 -0.388976722718027 -0.00188931140341339 -0.277044208993924
-0.66095430099029 0.439258264062157 1.06791334477072 0.168474634699169 1.03721536052209
-0.647857461289047 -0.326617040002099 0.461170620063584 0.44963931408902 -0.0249081805233204
0.421247761369419 -0.365337020651434 0.32424547593575 -0.840095970894707 -0.0731265521272159
0.1738289936624 -0.451991466825986 1.40118223263838 0.646420292895934 1.18616615965245
-0.093397802123415 1.13410703539404 1.72785655089085 1.42859038609306 -0.694402165953783
1.63263810695733 0.823381763709424 -0.276905356734479 0.307036713084399 1.99710032086952
0.102482352596708 -2.1531577203324 -0.644639417804035 -0.797808759293623 -0.948853854931702
-0.403731822362686 0.0195626401164467 -0.774278805795941 1.81458517668689 0.0415637616414787
-0.684371248643935 1.41787058361052 -0.0887970803653377 -1.02484651311656 -0.784618361961907
-0.0630887225870835 -0.446189147097189 0.821988001170625 -0.940583808077892 0.312901683396862
-0.523249373078075 -0.426010611364623 0.946464723263438 -0.7639976255429 -1.2628171812113
0.346996234902943 0.875774999795527 0.130969325908891 1.61874228152115 1.77157817714426
0.598018923052924 -1.7888882209023 0.458968487995878 -0.773518712408243 0.766806892868407
-0.026515726293967 -0.943714866624416 0.296750216191941 -1.04616977965048 -1.78097018936249
0.505698092757322 0.0938396752769951 1.12618218698535 0.452835578504624 0.0183526376716598
0.0830455000215353 0.930995962503239 0.258522513550204 1.0496628115158 0.695972191975739
0.90274626508409 -0.673488689726626 0.910655254209868 1.7304005071813 -0.272670645857941
-1.53862888848076 0.601862255743416 0.0434731593686162 -0.657399049662332 0.416173775771662
2.14070466625001 0.980937954071013 1.24070192367959 1.62107557910423 0.00613711490946323
0.766561091026565 0.729605970174274 0.571354946466096 -0.110900147364679 -0.85411916198982
-0.558473956089938 -0.292757349183599 0.150986455991875 -0.0565598254597125 -0.111021079285519
-0.818976162161632 -0.451729220320662 0.22054574957319 -0.3444305184034 -0.756735836028051
-0.13494652371336 -0.595584721629966 -0.250327343696532 0.148506835206896 -0.722372498142646
-0.768717543406354 -0.651968937892233 0.0547347791514809 -2.01820972142762 -0.542749004366703
0.712392437339226 0.0271734451704747 0.544621456768348 0.981142870890779 0.0938724551689734
-1.29142963803568 0.61446984447637 -0.992289977536681 -0.47928054191174 0.165947419257741
-0.953629100079913 -0.372131146519894 -0.200292831215661 -0.309342799246892 0.853105851180501
-0.776498760536062 0.209147749688373 0.927132482560503 0.513124630299862 -0.83543600105788
-0.271534237118832 2.16599186293156 0.00301507036644864 0.495620081778961 -0.0599695508141791
2.36184606346557 -0.621060650832928 0.636796515894479 0.42659647642017 2.10034114863363
1.27856352546353 1.72663743976052 -0.149220659779584 0.938411611083294 1.61139018702042
-0.277441399869395 0.686952150169936 0.983784812253399 2.02828028513797 1.9842148476294
0.690190745321717 1.24333788032321 0.709006592361408 2.12498542432219 1.29903331455642
1.76709346590224 1.29291442203627 1.28952308700872 0.877254269964838 1.47983399359476
1.62431136936843 -0.729341930786027 -0.278974169832934 1.0304907966478 -0.59173901530003
-0.833954414659484 -0.511634712271688 -1.90259596370723 -0.0184808907456227 -0.708107972960759
-0.282328579694677 -0.163876710548017 0.769962128448717 1.62453298958273 0.17703774138682
1.83006795050894 0.659739092568644 1.25305549393467 1.1158082054806 -0.159075580106279
0.623965086407025 0.495694530883347 -0.88967133303513 1.46302482347215 0.327900560254385
-1.49311327825939 0.246149399356152 -0.163022051255198 -0.166228550666909 -0.0116666226862222
-0.232937708346425 0.311352237922957 0.151639380099113 0.903285816285719 -0.0166055724436249
-0.367219333992749 1.0558887072205 -1.37133247329538 -1.05802937556708 -0.0248878166387982
-0.7941799061112 0.531330341180284 0.963414687424139 0.624620783598598 -0.621975124251623
-0.944193408362671 0.766170818098913 0.0135326697763927 0.539144943010675 -0.426869274827084
-0.543369179227577 -0.100722737866128 0.175257370186542 1.77695757820982 0.538324823393729
-1.84129069036255 -0.596078279463749 -0.482234121484443 -0.974903965929226 -1.88163216767044
-0.398557513900045 1.16225322171526 0.700957870752841 1.74818314408813 2.13661534568045
0.123400147988431 1.49696431764827 0.683008375136874 -0.614527593509749 1.39121312765689
0.228406662738311 -0.602669883761556 0.38290971222373 0.623311570912553 0.250185237597541
-1.39591136621319 -0.345582435885652 -1.47433276774137 -1.14176997969384 0.124091582683971
1.68004116435931 0.678639221592482 0.232654070718483 1.03025598016221 0.000659536547484909
0.255386663988706 -0.360928736634619 -0.000634518807401192 0.944393961412042 0.488645851773693
-0.615038322729996 0.422922328192889 -1.18007993523181 -1.03616231825948 0.466711951959399
0.282677941441918 -0.11727590427567 -0.43260464000023 0.48566048994078 -0.584009499228688
-0.795632399420774 0.115423184543009 1.04583889331022 0.614540842394367 0.206969012378131
-0.938539979655197 0.0450967302663713 -1.60652204792157 -2.00916588205915 -1.05399374013761
-1.94307362125197 -0.321302860257461 -2.10665019348302 -0.560073799525253 -1.01227548934625
0.0936189028367157 -0.753827021579346 -0.000927599413889341 -1.07981497547937 -0.61080323512637
-0.746080186363349 -0.985929210322364 -1.1551928471954 -1.3096819250181 -0.30828568233023
-2.81499110248094 -1.42388708197989 -2.15597710627488 -1.3659758609814 -2.8584490986712
-1.36956418431091 -0.644873541140338 -0.417632180216697 -1.16040441814024 -0.623131438286213
-1.67935342982435 -0.800363352956427 -1.34373067725714 -0.829914906624794 -0.00705674811885876
-0.286217447194735 0.978236874638619 -0.603208376519888 0.220699255617934 -0.201746541932017
2.51449109159743 2.86559010520379 1.16025507749168 2.63937233207028 1.91904644457046
-0.657554812710256 1.21170046958659 0.202637145571888 1.13193700666261 0.0832902869170347
-1.16126846252858 -0.672366219738229 -1.32209924730193 -1.62277023433125 -1.02505823638289
-0.76171933963442 0.912783469897527 0.323787815130563 -0.350776040085197 1.19289815307102
0.798849825819732 -0.0551378218918511 0.294009132179699 -1.00335685785423 1.34178579177555
0.484089509296621 -0.19921114654721 0.683088286037283 0.48683324493988 0.815206911474591
-0.683006876181209 -1.8956151517355 -1.85479726119253 0.531915401114163 -1.16723167207951
-0.186690524748539 -0.778195926367814 -0.924286475745237 -0.658654684366237 -0.359931980624031
0.624077110546463 -0.738019657487086 1.03932921820372 -0.539942223543996 0.174940377199672
-0.379915960728739 -1.96300432117185 0.642123326892545 -1.11592137057246 -0.764119570212956
1.69076461011296 2.10146282526487 -0.402748822572448 0.318135323334888 0.824046021389064
-0.51425707447899 -0.223975601470305 1.30105164719386 0.0763952814387086 -1.64526413258474
0.379576475752425 1.65041441628837 -1.48392342030267 0.589443645673122 0.196647539004517
1.61239679985298 -0.38116818755408 0.211360149560549 0.752094291507386 0.459624514180879
-0.456616749926711 0.0911050790612657 0.66069434398796 -0.676418917530176 1.01942738335692
-1.4099015442316 -1.51754851937878 0.157855219150931 0.187417602652985 -1.47018076547244
1.38478007591666 0.458463909883857 -1.4966344781351 -0.806622829579195 1.01674463863394
-0.760913433665218 -0.339851502034318 0.933480201842217 -1.52611835617957 -0.652361101830457
0.010084276738193 -0.245846478658389 0.81656067761541 0.54063889067102 1.64890585924462
0.181870763207967 1.98085337423372 0.531643378959946 0.346749404793935 -1.33844460446731
-0.493771681449343 -0.341849081817314 0.165463461261712 2.01301031333557 1.83474315964668
-0.662675228593421 0.811839776315546 1.47836147316678 1.90528136033925 -0.0545307114982032
-0.105814575091186 0.816568908915868 0.564393438461496 -0.668903838728648 -0.981436653008894
0.900615254831219 0.532320659558938 1.60348521890269 2.72177415655195 -0.270356918547142
0.955242078470971 -0.211778197437121 -1.31274929084133 1.32655515612926 1.34443970142316
2.93117129784469 1.24334822846645 1.59752031222766 1.4355537861123 0.232846155436451
-1.19512662195555 -1.25283421435233 -1.10120137575914 -1.18148558403777 -0.734590215251436
-0.224258185462689 -1.5045189653148 -1.32827299420888 -0.848037685341931 -1.03212644342997
0.582348179711896 -0.0332161056985068 0.510834641792674 0.663684251151248 -0.499785229639561
1.91703461046318 1.44477276949011 3.31397342530259 1.32201918985187 1.13196836161279
-0.22863799138042 0.716437877387099 0.048642632253794 1.26623203419959 1.57053817457935
-0.0704139979349661 -0.315323480332463 1.18096868769764 3.18152298940083 0.550811847376375
0.104498755840992 -0.0199844539962571 -0.0938076923809513 0.889196389394175 0.841090273923046
0.0691456168201065 -0.337797941743685 -1.33885886957023 0.0510675390101746 -0.58411592474665
-0.285659260705561 -0.487634149939227 -0.481305181161429 -0.201709422820427 -0.849791325039608
-0.0755581452831142 -0.544458826780592 0.45627150601232 0.132275027803091 -0.536866413497744
0.407424038744528 -0.217658866511679 1.29798987819363 0.122042074620744 0.852035295532071
-0.521870754644223 1.18728015374423 -0.772811686504047 0.387880451761869 -0.24420131366451
-0.158881811225615 -1.16306296990761 -0.961561954433256 -2.36501069482678 -2.05157543548486
1.07357936764971 -0.284497246690557 -0.910127685100021 -0.137543693753161 1.69089603934796
-0.00234126598383681 -1.45319790236387 -1.25508032872722 0.489291257834176 -0.336997388429823
-0.977319699884703 -0.542322282252323 -0.0112719184416255 0.918849252334101 -0.160096680051854
-1.28009972059821 -1.5022223424925 -1.39250168270363 -1.33134753244051 -1.61851887370634
-0.176603590885214 1.02790714259466 0.0176733373165156 -0.196130527337692 0.152900726976545
-0.0896218720243422 -0.960718048156598 -0.333937007547369 0.375581353680788 0.584474840227009
1.31952208089657 -0.510225985446715 0.0150782265231096 -1.24750027386765 -2.3009965176623
0.234187106465516 1.42902660658193 0.699670809534101 -0.321748543430086 0.263796286606626
-1.02745795511427 -2.31348751290149 -1.08564365868501 -0.614979924764491 -0.285360511486987
-0.389914231117439 -0.203496001101416 -0.233043569126024 0.124437984087532 -0.0629884804809712
2.44606037290177 0.909142636526103 0.171160519180848 1.20686862623751 0.883137471644376
-0.85404782520368 0.85956395408558 -0.444086179779339 -0.878410940504459 0.157962036959625
-1.96638788844912 -0.625245017290734 0.29274783489724 0.00757267739037081 -1.12714155546707
0.548395966719807 0.473189446550362 0.782727033905585 1.51021556839647 3.43734364462621
-0.409210944839177 0.657703213867425 0.795828515818987 0.702119179698873 -0.738960400872308
0.511206742994895 -0.162020506908266 -1.08642111570707 -0.639756168653649 0.41698195607815
-0.800522367112488 -0.705261556805345 -0.371759146215014 -1.06393395009041 1.15426261053764
0.731724045734152 -1.43697736008864 0.684627378268375 1.00249106032221 0.53337375167026
-2.07967504430366 -2.62940778545421 -0.606540867163912 -1.36270090230436 -1.50302022872346
1.24542011256314 0.0340600839046631 1.35588205618467 1.09364560450441 -0.199424873544007
0.0550170165401864 -0.49128818821691 0.501853204826128 1.37541309653632 0.226787402505207
-0.563484325733981 1.39569729376678 -0.233382389985715 0.967268447356144 0.166837056539134
-1.12104553479544 0.574871660943366 -1.03668018764006 -1.22202085125593 0.205495031368458
-0.502668359588442 1.47535446876272 -0.136603050141629 -0.471159344047015 -0.449474162558812
-0.386206215079086 0.699316076808841 -0.186462095841195 -1.13412457461337 -0.672264429303866
-0.0693881258884663 0.23898646226482 0.521756444598404 -0.394355994945271 -0.368765692147626
0.0238278818430486 0.286717360074836 -0.286022586158752 -0.019353887846839 -1.19382330918234
1.01307044907347 -0.0316069066814948 -1.70303873346486 0.191042395204511 -0.0172091021214244
-0.0220781826766467 -0.696860622177734 -0.273423641282441 -0.333680568998243 -0.805443662126068
-1.43139821653081 -1.69956579365658 0.344431163469853 -1.16443724407622 0.802389381555224
1.04089587780632 0.779318192137967 -0.19740177032621 0.725697842752863 0.0274496487476073
0.543053736885558 -2.20289596049654 -1.29757181082635 0.0748376629549075 -1.07159286830424
0.262403166648898 1.6149519822216 -0.125197768149083 1.23274009202037 1.60657383786429
-0.922349621704671 -1.95535291674902 0.274971945911052 0.426538453141045 -0.494319874283273
1.11846476678675 0.362469904344446 0.0504061245758 0.829498490884307 0.466781693916993
0.381340654132847 0.397658947633081 0.6394421534735 0.68517625510568 -1.27486774069157
-1.6908469748938 -1.12848207859781 -0.121152205532577 -1.89313948791927 -1.02201963235846
0.55516745227279 -1.11754525293279 0.011900778259804 -0.417987025957947 0.520732038591282
0.715506866435988 0.157604352629158 1.08826719260219 1.19242124433919 1.8395140708124
0.904598248700922 0.584930595405419 0.310921922628729 1.7987649830391 0.224638325624321
0.42487778847453 0.298402327262537 -0.113848107117541 -0.375111806474582 -1.00075141225246
-0.335955233033597 -1.29562140337055 0.256608290682088 0.176624685698414 -0.549931364973414
0.772115773054983 0.681657572354604 0.177191695632245 -0.129390881398752 -0.757048678958808
1.66629443210994 2.04539577462966 0.783889499056842 -0.330993257070028 1.52409845155815
1.0388834574843 0.872015268152712 0.881424578835244 0.156529891661153 0.452942152174428
2.00073961673854 -0.66052098108079 3.03942348642533 1.30221358051867 1.35608766280044
-0.483727569675236 0.78114708785547 -0.449638512111272 1.64442457479868 0.542617406430966
-1.13898089383625 -0.616111510333652 -2.9690755762267 1.15281811023898 -0.954388569158001
-1.22299901008769 0.304381121890048 0.145444391407337 -1.01733733767725 0.323424152705705
0.496063503798754 -0.434574166423407 -0.550973848858167 -0.929974337088558 0.202508569984934
0.753197270221121 -0.371220805485508 -0.512290912569032 0.993133092399633 -0.318044988988776
1.6516369739808 0.678561945281096 1.91571453674018 0.842370959958784 1.80747288592239
2.8826826600622 1.04307875803571 1.5261171740178 0.520720261203021 0.687763438970163
-1.25827165553379 0.410333159519377 0.110679270553466 -0.71396719476363 -1.70316308048972
-0.0604916461417867 0.206276909729089 -0.953527326659394 0.918012776740471 0.534522545365963
-0.384652620783994 0.330643800516376 -0.115985265351989 -0.275521134522436 -0.253486720067406
-0.921187597084356 -0.527563458412245 2.08700639724237 0.973513082851362 -1.02892003713546
0.987684166524528 2.27578408078863 2.22743062791842 1.18062477876445 0.486787105081657
-0.107800368469857 0.164522010582568 0.836226772028119 0.57992051944866 1.0063255939417
-0.145075589884331 0.0873479557706328 -0.843416210312199 0.934238318592387 -1.16063939306898
-1.66753235457956 -0.0937500281944973 -1.44490025543876 -1.96529442842929 -0.968857196862655
-0.65875588040169 -1.81585967558934 -0.426958225186959 -1.47493968665459 -2.71470698334565
0.946638855137331 0.770141291070173 1.90934418274891 0.773224778821265 0.0884835391188091
1.23449085679968 0.557180203252934 1.42736051847483 0.560645791167491 1.07618811891047
1.5206125397799 0.171045668278652 0.305040773916471 1.21109662025309 -0.252805848734774
0.672456049841395 -1.67190081987022 -0.221671737756982 -0.55818567216338 -2.54745348004135
0.432788108204598 1.69017208463349 0.541285900379594 0.547050933544297 0.119634676700328
-0.289940015419616 -2.2610199995171 0.0418856589644275 -0.924999246535053 0.521703269269472
-0.144672195106424 -0.62460133206705 -1.12722154602524 0.62930191776122 -0.0314641769336957
0.172256917327114 -0.0968987738176967 -1.61649978843388 -0.817517222746047 0.318423197084773
-1.41200934249569 -1.54083725856904 -0.771892576928633 -1.26496407103969 -0.144819755871096
0.144279361268075 0.870335624176085 1.32746060693033 -1.45699383533064 0.929358055898512
-1.02196302326364 1.6670307256627 -0.370534750617771 -0.190408816890975 0.520245803762041
-0.199668992350574 0.822775356017037 -0.0327575771429431 0.196993846124319 0.55112563434612
0.554283520454948 0.503994830596404 0.0788029741786605 1.11833805507923 -0.815760693872768
-0.885323935754162 0.0322833827714427 0.569645999870434 0.92644630317766 -0.904805761408708
0.602289663901418 -1.43418552171688 -2.1458077578868 -0.821179172208178 -0.561147669352582
0.1211517336776 -0.500331888222504 0.846398624197175 -0.908180705630545 0.248622381146453
-0.375918336656415 0.348891921082214 -0.63372653927706 0.797722488822147 -0.222141946368278
0.506974091927618 1.64066358473805 0.857019278090614 0.122315528579259 -0.648884054213049
-0.425684692117371 0.125081714337548 -0.66210268934645 0.0652362567978532 -1.08054815261684
-0.0363524457589441 -0.744313650110729 1.37196425834182 -0.892229542806825 0.151965566228167
-2.22647555880159 1.63141368270151 0.921685020260372 0.592449768535972 2.07602242216379
-1.5607614898412 -0.178687019788084 0.838699554059194 -0.880491112287818 -0.932735415108267
-0.628078710945903 0.792413013411316 -0.995209318000193 0.382294660399581 -0.322055910539388
0.360180453343979 -0.310636402514692 1.74562017082811 -0.0494180002739371 0.00148057066215512
-0.76085951362308 -0.632602887030673 0.695088932691106 -0.590138829836789 -0.93939700624178
0.850541331340267 2.12044398016287 1.65596528997858 0.240476778205831 1.22467032278913
-1.46634955818963 -1.54543612142917 -1.55178823847844 -0.309169324698318 -1.22704822585986
-1.09175535171437 -0.560963867088272 -1.41943682484318 -1.11385406605744 -0.200773391955922
-0.320731184421948 -1.23161071484462 -0.082448664877382 -0.757976880032993 0.520011075659718
-0.95814435638223 -1.77805219577953 -1.3579929173078 -1.76168014871537 -0.898794498541046
-0.889005945187344 -1.09730107974531 -1.37993962607713 -0.411168852536019 -1.54476138320793
1.1001018842831 0.183333985354191 1.38046735325926 0.0970680576457967 0.313332334701253
0.357511985926972 1.75323045210317 1.4748715476186 0.341138818723819 0.274941415132845
-1.07854806912586 -0.582312095888092 0.328802020878761 2.25670397932971 0.91280789338065
0.877054985881709 0.897286305968191 0.284600650004715 0.296374212464675 0.733054333663416
-1.73891753479145 1.84144456350573 -0.351643515664397 0.473597825690398 -0.226222730443124
0.312714722380254 0.222765774683482 -0.0904125844310932 1.88810872864528 0.550653092564276
0.978308997716666 -0.328976695449567 1.00125779820756 0.469695166514225 -1.70424824096566
-0.0534368252277302 -0.616306821788569 -0.342529739099803 -0.0216519861840445 -1.07202102299091
1.05795813708143 0.557208646954532 0.225348252576386 0.845950888051857 0.162042132548891
0.294790450860349 -0.989117285471231 -2.03595937889736 0.405372360916768 -1.02137021548136
-1.92036822143781 0.13129398922222 0.962190684363128 0.361954407916184 -0.0229833881076325
-0.88393169160052 0.428227444684266 -0.607112028074629 -0.792797865872169 -0.261145610056804
0.44813255267279 3.13794611865457 1.7316002662206 0.388954003456096 3.04408991245002
-0.200010961708394 1.37449997314619 -0.541701670958547 0.308950508207413 0.600219552498228
-1.26351665650392 -1.40068171495609 -1.12334925011095 -0.406698627679089 -2.61973013793939
-0.631207275876423 -0.603391493935037 -1.12962906285953 -1.57934313503015 -0.68610033527399
0.298179832711334 0.349760587330501 -0.0972760378471652 0.0646519444480451 0.686406214502585
0.535852135333505 -0.930437266906178 -0.766032813214546 -1.59507021401344 -1.0277962999948
-0.0275506117925149 0.228682142602744 1.16212767796343 0.42754642651682 -0.0632387362894661
0.235714796430279 0.212367334265951 -0.553803382921176 -0.717357167932908 -0.505604878001565
0.260372157007978 0.205609513488726 0.961829161858495 0.0103215664366501 1.0382602562768
1.09004198781732 0.356269757032263 -0.316281121107678 0.91239743008105 -0.365579684216624
0.427676735121068 0.591472405368895 -0.848651076053707 0.552481026023137 0.170539035190963
-0.442829728728923 -1.50993342405843 -1.42038396271899 -0.0133985632501802 0.349537490983287
-1.04898093754417 -0.415791476818308 -0.232317432363956 1.42411090902283 -0.410489438182321
0.157045845417253 -0.0781553948288434 -0.961657708713568 0.57034911591301 0.265793682940556
0.951378460068541 1.26705168847772 0.567021131091473 -0.789454949192264 0.910538865041022
-0.428551337548546 -0.691116403783472 -0.904502836334742 0.812745123140722 0.382902866079407
-0.599043391840866 0.30204971006463 1.72170213611659 1.6801198007668 1.59259260421004
0.221120977992499 0.0529157592080869 1.30440791703394 0.482023002813461 0.402420321295324
0.353707300737661 -0.336953540423108 -0.723612420876255 0.660078142002245 -1.52443862224743
-1.37150400312475 -0.0979880023406753 0.0355102289797146 -0.630480808636779 -0.871375943895458
1.22664438658362 0.513320990817308 -1.195728424728 -0.919864402938964 -0.082154129945222
0.338244566348696 -0.394371708505771 0.637458354903747 0.869519269991343 0.183335971467153
0.0940158385024134 0.28390498442599 -0.651849103628723 -1.24635063416215 0.109531801180716
-2.85383666624736 -1.49087360417768 0.913864404896654 -1.72027767916613 -1.86189415966772
-0.741049384584341 -0.165254689483877 0.537497834227488 -0.0226143963095333 -1.05740584238315
1.59366853250232 1.49299467830198 2.29208327037493 2.52897866127446 1.64160093536314
-0.55028765390174 0.553708604690655 0.199658185857138 -0.00768122010225364 -0.317375587048711
0.530888196927036 1.11624963036702 0.377642920119617 -0.187461442545135 -2.15406144106132
-0.487973480253555 -0.696339049692541 -1.40970818250181 0.0890464092125443 -0.648407365014499
-1.79178927479165 -1.88390268063394 -1.29700064042022 -3.19553232935612 -0.31145774407672
1.14714368081249 3.14560042009029 1.53762364258236 1.52896213286391 1.14552375972754
-0.59784083109417 0.295753767481272 0.370832800768939 -1.21493398697888 -0.701589459636914
1.71762273856326 1.17039842298722 0.611305750301754 -1.19153558698688 0.81143375432875
0.130170661134748 -0.243591273594538 -0.214855252775649 -0.252822975515875 -0.549570957946469
-0.277522689057303 -1.11892060530064 -0.65076051093452 -1.48640961094132 -1.07335733807846
0.0238880506946255 -0.100867893903024 -0.0709275716773391 -0.76737860296293 -0.0974686177008308
0.0973562632181815 1.11897454077422 0.0591082326701124 0.642130567794258 0.085649607956338
-2.06477552258302 -1.68826173853941 -1.73811559944059 -0.197813873216549 0.350997548866489
-1.29252700301765 -0.816634820716935 -1.84316979122354 -3.26483487492509 -2.80688288895867
0.0479347854880994 -1.44957626490696 -0.105535229475018 0.169142098853583 -0.955905887975055
-0.200323358889856 -0.356684314799866 -0.246335705474553 -0.499276405318004 -0.40517869005211
0.241454809643987 -0.759848916379161 -1.05181360320151 0.168449076775388 -0.706152862242734
-0.58569857678457 -0.117398457843485 -0.37333211329591 -0.416748760254486 -0.368224853546269
-1.25323761370809 -0.395281132355034 -0.0278215284887323 -0.145848942942539 1.33569384697639
0.751848780329798 -0.965676038043669 0.597603805090213 -0.464650964663821 1.46177879806663
2.02978040763637 0.284069747499876 0.215756092852382 1.01972609515584 -0.250592566521243
0.470912933905563 0.414422616759506 0.893497162504163 2.0208259914261 0.360408053073754
-1.18401155008323 -0.638046743045059 -2.45288941067514 0.349543731102439 0.340653304211469
-0.600282413755191 0.400465652667491 -0.202835039347256 -0.0627344650915423 0.00151619869128991
-0.209852332795024 1.16170461856214 -0.249887290754397 -0.53657379211315 -0.725802199990603
1.47580000250828 1.08116449114196 2.25531846715327 0.289232402290404 -0.0677801626793691
0.85221348516802 0.198243068374769 -0.646331081203087 0.546186250848937 1.4845313857011
-0.266448222373533 0.432259276427657 -0.493607362210592 0.34444584575633 0.015351085313652
0.502918604706197 0.0626610600342044 -1.25582848438656 0.184971174985122 0.284930913191359
0.996695397074597 2.2059768174774 1.10389614528292 2.00660875703437 2.1550050748877
0.823382269715435 0.641240028384996 1.70322924095638 0.631155393092216 0.784298668355354
0.1767118301069 0.384764838907229 0.330968651340268 1.20088669428339 1.19457890859105
0.619813793584376 -0.32599739909936 -0.657469196890507 -1.47637508846765 0.84210258265272
-0.217278611248149 -0.500642758875551 -0.16800746351164 1.05123589192364 -1.2211610383379
-0.979895867227934 -0.0300672051169845 0.767148980544331 0.0665042879319453 0.870401942756767
1.54141862034817 0.458324642500439 0.249117954686522 -0.226056656395998 1.3394437176327
1.03046378447517 0.866885652337336 0.270873653287588 0.722373927346531 0.589841033171934
-1.68488860994921 0.0703885220062709 -2.62722164744723 -2.10159247527799 -1.11826115984391
-0.795121054480159 0.774450510074141 -0.433733849174003 -0.87072034884359 0.242072255679443
1.47223426561285 0.286470718927581 -0.796221243101088 0.0237164355479123 0.775519274461644
1.07427282562966 -0.418260128418022 1.94382719318796 -0.150621512031166 -0.137661378975784
0.430964697453703 -1.60915820148354 0.293028628567322 -0.317563025268877 0.0701982859113927
0.983786571683725 0.309317318853441 0.693446537089938 1.95207386471582 0.499248793033531
1.93292548400323 1.25843534299544 0.807220974582163 1.44506130491977 2.2884421029993
0.321051419756073 0.865360476735336 0.57452620141171 1.04037121054966 -0.168469192485179
-0.706438221119466 0.981598959917094 -0.228318701263683 0.00920031554988722 -1.24442261959431
0.696291595409989 -0.96361764166072 -0.840265468188854 -0.227621057123896 -2.0874902482955
1.49016345622063 0.385916709418687 -0.388176191210526 0.831272967594617 -0.869983520515049
-1.99463214501 0.517495597822533 -0.694775151840261 -0.433877663896504 -1.36365387242095
-0.370988535172739 0.0905426603528617 0.759948085073861 -0.504207053925466 0.618665280300186
-0.664940909619741 0.616760964652653 -0.279156188205007 -0.292677430662186 1.06934282078186
