1 1.45 -2 -1.4
1 1.81 -1.9 -1.37
1 0.95 -1.79 -1.35
1 1.9 -1.69 -1.32
1 0.78 -1.59 -1.3
1 1.75 -1.49 -1.27
1 0.98 -1.38 -1.25
1 2 -1.28 -1.22
1 1.58 -1.18 -1.19
1 2.09 -1.08 -1.17
1 1.32 -0.97 -1.14
1 1.62 -0.87 -1.12
1 1.48 -0.77 -1.09
1 1.15 -0.67 -1.07
1 1.05 -0.56 -1.04
1 1.52 -0.46 -1.02
1 2.06 -0.36 -0.99
1 1.35 -0.26 -0.96
1 1.42 -0.15 -0.94
1 1.25 -0.05 -0.91
1 1.97 0.05 -0.89
1 1.08 0.15 -0.86
1 1.28 0.26 -0.84
1 1.65 0.36 -0.81
1 1.12 0.46 -0.78
1 2.15 0.56 -0.76
1 0.75 0.67 -0.73
1 2.12 0.77 -0.71
1 1.87 0.87 -0.68
1 0.92 0.97 -0.66
1 1.02 1.08 -0.63
1 0.85 1.18 -0.61
1 0.88 1.28 -0.58
1 1.93 1.38 -0.55
1 1.84 1.49 -0.53
1 2.03 1.59 -0.5
1 1.38 1.69 -0.48
1 1.55 1.79 -0.45
1 0.82 1.9 -0.43
1 1.78 2 -0.4
2 1.45 -2 -1.4
2 1.81 -1.9 -1.37
2 0.95 -1.79 -1.35
2 1.9 -1.69 -1.32
2 0.78 -1.59 -1.3
2 1.75 -1.49 -1.27
2 0.98 -1.38 -1.25
2 2 -1.28 -1.22
2 1.58 -1.18 -1.19
2 2.09 -1.08 -1.17
2 1.32 -0.97 -1.14
2 1.62 -0.87 -1.12
2 1.48 -0.77 -1.09
2 1.15 -0.67 -1.07
2 1.05 -0.56 -1.04
2 1.52 -0.46 -1.02
2 2.06 -0.36 -0.99
2 1.35 -0.26 -0.96
2 1.42 -0.15 -0.94
2 1.25 -0.05 -0.91
2 1.97 0.05 -0.89
2 1.08 0.15 -0.86
2 1.28 0.26 -0.84
2 1.65 0.36 -0.81
2 1.12 0.46 -0.78
2 2.15 0.56 -0.76
2 0.75 0.67 -0.73
2 2.12 0.77 -0.71
2 1.87 0.87 -0.68
2 0.92 0.97 -0.66
2 1.02 1.08 -0.63
2 0.85 1.18 -0.61
2 0.88 1.28 -0.58
2 1.93 1.38 -0.55
2 1.84 1.49 -0.53
2 2.03 1.59 -0.5
2 1.38 1.69 -0.48
2 1.55 1.79 -0.45
2 0.82 1.9 -0.43
2 1.78 2 -0.4
3 1.45 -2 -1.4
3 1.81 -1.9 -1.37
3 0.95 -1.79 -1.35
3 1.9 -1.69 -1.32
3 0.78 -1.59 -1.3
3 1.75 -1.49 -1.27
3 0.98 -1.38 -1.25
3 2 -1.28 -1.22
3 1.58 -1.18 -1.19
3 2.09 -1.08 -1.17
3 1.32 -0.97 -1.14
3 1.62 -0.87 -1.12
3 1.48 -0.77 -1.09
3 1.15 -0.67 -1.07
3 1.05 -0.56 -1.04
3 1.52 -0.46 -1.02
3 2.06 -0.36 -0.99
3 1.35 -0.26 -0.96
3 1.42 -0.15 -0.94
3 1.25 -0.05 -0.91
3 1.97 0.05 -0.89
3 1.08 0.15 -0.86
3 1.28 0.26 -0.84
3 1.65 0.36 -0.81
3 1.12 0.46 -0.78
3 2.15 0.56 -0.76
3 0.75 0.67 -0.73
3 2.12 0.77 -0.71
3 1.87 0.87 -0.68
3 0.92 0.97 -0.66
3 1.02 1.08 -0.63
3 0.85 1.18 -0.61
3 0.88 1.28 -0.58
3 1.93 1.38 -0.55
3 1.84 1.49 -0.53
3 2.03 1.59 -0.5
3 1.38 1.69 -0.48
3 1.55 1.79 -0.45
3 0.82 1.9 -0.43
3 1.78 2 -0.4
4 1.45 -2 -1.4
4 1.81 -1.9 -1.37
4 0.95 -1.79 -1.35
4 1.9 -1.69 -1.32
4 0.78 -1.59 -1.3
4 1.75 -1.49 -1.27
4 0.98 -1.38 -1.25
4 2 -1.28 -1.22
4 1.58 -1.18 -1.19
4 2.09 -1.08 -1.17
4 1.32 -0.97 -1.14
4 1.62 -0.87 -1.12
4 1.48 -0.77 -1.09
4 1.15 -0.67 -1.07
4 1.05 -0.56 -1.04
4 1.52 -0.46 -1.02
4 2.06 -0.36 -0.99
4 1.35 -0.26 -0.96
4 1.42 -0.15 -0.94
4 1.25 -0.05 -0.91
4 1.97 0.05 -0.89
4 1.08 0.15 -0.86
4 1.28 0.26 -0.84
4 1.65 0.36 -0.81
4 1.12 0.46 -0.78
4 2.15 0.56 -0.76
4 0.75 0.67 -0.73
4 2.12 0.77 -0.71
4 1.87 0.87 -0.68
4 0.92 0.97 -0.66
4 1.02 1.08 -0.63
4 0.85 1.18 -0.61
4 0.88 1.28 -0.58
4 1.93 1.38 -0.55
4 1.84 1.49 -0.53
4 2.03 1.59 -0.5
4 1.38 1.69 -0.48
4 1.55 1.79 -0.45
4 0.82 1.9 -0.43
4 1.78 2 -0.4
5 1.45 -2 -1.4
5 1.81 -1.9 -1.37
5 0.95 -1.79 -1.35
5 1.9 -1.69 -1.32
5 0.78 -1.59 -1.3
5 1.75 -1.49 -1.27
5 0.98 -1.38 -1.25
5 2 -1.28 -1.22
5 1.58 -1.18 -1.19
5 2.09 -1.08 -1.17
5 1.32 -0.97 -1.14
5 1.62 -0.87 -1.12
5 1.48 -0.77 -1.09
5 1.15 -0.67 -1.07
5 1.05 -0.56 -1.04
5 1.52 -0.46 -1.02
5 2.06 -0.36 -0.99
5 1.35 -0.26 -0.96
5 1.42 -0.15 -0.94
5 1.25 -0.05 -0.91
5 1.97 0.05 -0.89
5 1.08 0.15 -0.86
5 1.28 0.26 -0.84
5 1.65 0.36 -0.81
5 1.12 0.46 -0.78
5 2.15 0.56 -0.76
5 0.75 0.67 -0.73
5 2.12 0.77 -0.71
5 1.87 0.87 -0.68
5 0.92 0.97 -0.66
5 1.02 1.08 -0.63
5 0.85 1.18 -0.61
5 0.88 1.28 -0.58
5 1.93 1.38 -0.55
5 1.84 1.49 -0.53
5 2.03 1.59 -0.5
5 1.38 1.69 -0.48
5 1.55 1.79 -0.45
5 0.82 1.9 -0.43
5 1.78 2 -0.4
